12.4
24.74
32.68
34.13
48.77
50.32
39.89
42.91
35.03
30.76
34.22
26.69
22.12
17.41
28.7
25.25
30.67
37.21
24.63
30.89
21.22
21.0
19.11
11.68
14.66
10.5
10.15
11.92
9.15
6.71
13.18
14.8
17.56
20.8
17.65
16.56
17.24
13.83
12.06
11.3
7.96
11.52
12.41
15.17
18.38
19.23
22.78
21.77
21.37
17.04
10.94
9.51
9.36
11.24
12.39
11.52
8.35
9.31
8.1
12.12
19.4
19.06
21.03
26.0
22.97
30.93
28.54
23.12
23.59
16.48
17.21
14.46
16.17
14.25
18.31
18.96
20.17
18.04
15.04
14.2
7.53
10.03
10.11
14.08
14.93
15.26
13.65
11.32
17.17
15.98
18.62
15.47
10.9
11.11
10.33
12.27
10.46
9.51
7.92
6.75
6.71
8.34
7.77
8.91
8.6
10.03
11.38
9.67
9.79
10.14
14.66
17.14
22.63
20.22
18.09
19.3
12.94
17.5
19.89
18.28
18.48
25.17
20.22
35.41
36.41
30.16
31.63
23.37
26.17
19.8
23.22
19.09
17.44
22.48
19.99
17.85
22.47
18.52
18.16
22.62
17.71
18.75
17.73
15.51
14.96
12.84
12.99
10.22
14.46
17.53
16.64
21.18
16.1
21.13
23.42
19.1
28.37
20.47
17.28
22.73
17.39
15.88
16.68
10.5
8.63
10.11
11.1
10.0
7.44
9.36
10.8
12.62
14.44
12.97
8.55
8.48
11.95
11.55
14.41
13.78
11.77
10.39
11.17
10.52
8.95
10.69
7.54
9.45
6.54
8.31
8.66
5.9
9.04
6.24
10.02
12.15
12.52
13.45
11.74
9.59
6.74
7.62
5.31
6.51
10.03
8.52
16.08
18.17
17.05
17.17
11.32
10.44
8.12
8.38
6.67
8.33
10.73
13.67
16.06
13.65
11.9
10.09
10.02
7.83
8.19
15.73
16.72
20.96
22.82
17.51
14.27
11.6
8.79
7.69
9.04
15.11
16.09
15.92
18.89
17.68
18.9
17.14
13.79
10.25
7.25
9.01
9.87
11.0
14.76
11.9
10.78
7.97
5.47
8.93
10.66
9.52
10.39
8.78
11.54
18.8
22.43
23.81
25.54
29.42
25.87
26.1
18.94
11.21
15.41
19.88
27.17
29.84
28.27
25.42
21.31
16.47
15.35
12.35
10.91
12.85
10.42
8.1
9.28
18.85
28.7
28.61
31.95
25.57
17.67
27.65
23.94
20.76
19.18
12.89
11.36
11.87
13.88
12.28
14.12
11.02
12.38
11.54
8.86
11.16
10.53
16.19
20.45
19.29
16.67
17.53
18.7
30.03
31.39
27.9
22.6
12.48
17.81
15.03
15.3
14.82
12.02
13.23
14.91
14.37
12.67
12.83
10.98
11.9
19.75
18.4
21.11
19.92
10.49
20.51
30.1
32.31
30.61
24.54
13.14
12.69
14.56
12.78
16.14
13.88
12.26
11.27
13.07
13.16
17.8
16.7
20.05
18.46
13.82
16.39
8.09
15.66
16.89
17.35
17.71
11.93
12.51
17.4
18.22
19.26
20.25
14.96
20.67
19.09
26.99
24.0
16.14
16.97
6.74
6.98
5.85
5.66
5.93
8.77
8.53
8.24
7.44
3.94
6.43
13.26
17.28
24.1
29.1
22.83
19.12
11.5
4.9
3.47
2.78
6.3
10.14
10.62
12.03
11.35
16.43
16.58
17.57
17.45
17.21
20.25
18.57
15.86
10.19
7.18
7.94
11.75
8.42
8.78
11.01
9.36
10.81
12.66
13.95
11.71
13.67
12.46
10.39
11.42
10.66
17.95
18.28
26.2
25.88
19.16
16.68
8.06
7.87
5.72
6.63
6.48
4.59
4.39
6.31
10.6
11.06
13.91
11.92
8.52
8.05
6.3
5.83
10.81
11.33
19.19
25.32
19.25
23.17
18.9
12.95
14.65
12.53
7.83
6.62
10.54
8.15
11.02
18.86
14.71
15.85
14.29
6.49
7.7
7.75
12.89
13.25
11.77
11.66
5.49
6.23
6.94
7.35
9.21
10.27
9.01
9.95
8.54
7.4
7.37
6.97
13.84
17.37
18.4
21.33
16.54
13.52
13.42
11.24
11.02
9.29
9.76
7.91
16.14
34.4
40.36
43.51
36.05
20.85
17.34
15.31
15.4
13.82
13.23
11.12
10.1
15.37
21.87
28.35
26.0
20.61
20.6
14.82
16.15
16.44
10.9
11.16
13.77
15.56
16.9
20.61
17.07
19.84
15.6
13.89
15.88
13.79
17.19
16.5
16.0
12.72
10.41
9.18
16.34
19.49
17.77
27.0
19.53
17.88
30.06
24.03
22.65
20.58
7.8
5.61
8.3
13.8
14.34
14.36
16.4
14.84
17.72
21.95
18.0
16.6
13.1
9.06
14.32
12.95
14.79
15.98
14.54
14.39
13.32
13.69
14.2
16.16
17.01
13.77
9.88
9.32
16.27
16.42
18.59
19.22
14.94
14.89
13.05
12.02
10.81
10.26
10.5
9.42
6.83
8.7
9.01
16.07
23.21
23.04
20.93
14.79
12.93
12.82
13.26
18.64
19.71
36.71
37.72
