2.44
23.76
25.466666666666665
29.66
35.46
31.64
51.71
50.97
54.14
53.72
53.27
49.59
54.39
51.31
31.45
32.39
23.25
27.0
24.27
29.38
29.27
28.99
30.47
23.16
24.02
20.77
16.99
23.76
22.36
24.55
30.11
22.46
24.51
21.91
18.54
24.02
22.65
21.58
21.33
14.81
13.15
13.95
13.15
12.35
10.55
9.66
9.29
8.68
9.43
9.01
7.15
10.55
11.56
15.29
23.66
21.49
30.74
27.25
18.47
20.33
12.35
11.66
19.02
17.81
22.83
24.21
22.43
20.69
14.08
16.81
12.45
14.95
14.29
10.79
11.07
10.71
9.77
14.65
13.48
11.38
13.55
13.44
13.72
16.64
13.67
7.62
7.57
3.98
6.74
8.89
11.87
15.27
16.98
18.38
15.54
14.05
10.48
9.84
9.87
7.95
10.06
9.68
8.82
10.71
7.25
10.07
19.0
16.91
17.64
13.31
5.98
9.56
12.12
10.56
8.77
7.92
6.61
7.78
10.71
10.02
9.82
9.65
7.84
6.49
7.17
8.18
8.67
7.76
10.53
11.5
16.86
16.91
13.26
11.25
7.31
8.28
9.22
13.17
12.25
12.06
9.77
8.2
8.3
9.63
9.97
7.36
8.49
12.71
13.2
12.65
13.58
9.31
10.01
17.29
16.64
15.64
16.01
10.11
8.21
8.08
11.28
11.7
10.54
13.36
9.49
14.41
16.95
15.31
15.04
12.11
14.84
15.39
20.66
18.9
15.38
13.58
11.57
9.75
11.81
13.88
13.1
16.89
18.37
21.65
21.26
21.59
19.83
13.32
12.69
16.9
15.76
19.17
25.75
28.96
31.39
28.76
26.12
18.94
16.29
24.65
23.47
21.68
22.05
15.49
13.99
13.07
12.63
11.52
16.14
15.61
14.99
16.27
13.42
15.52
18.08
18.62
15.78
16.61
14.89
19.18
24.19
24.67
25.65
23.61
19.19
18.6
20.18
21.75
22.67
20.41
16.58
12.95
9.93
10.83
11.67
13.73
18.57
19.05
23.17
19.35
17.36
17.87
21.17
22.46
19.78
20.48
13.29
15.78
18.22
19.17
24.51
22.96
21.9
20.98
18.87
22.5
22.91
24.59
23.86
24.25
28.22
27.07
28.88
24.88
22.17
19.01
15.62
17.53
15.9
25.78
23.5
22.2
22.14
17.59
18.66
18.93
20.23
13.54
15.52
14.02
13.67
14.93
15.3
15.11
17.66
22.34
21.83
23.56
20.03
17.56
16.79
15.36
16.4
15.37
18.47
20.5
27.45
32.16
32.08
33.56
28.75
27.2
25.33
20.3
17.58
16.01
14.63
16.77
15.67
13.75
17.72
15.61
18.11
16.54
14.38
13.11
12.09
13.9
9.55
13.94
15.18
14.21
14.71
13.48
10.36
8.25
10.55
10.11
10.74
11.24
8.71
7.06
6.17
10.84
12.03
11.47
14.19
10.7
15.1
16.12
13.61
14.79
13.32
15.77
15.43
12.19
9.47
6.87
8.57
8.57
8.19
7.85
10.88
12.5
14.81
17.17
14.24
23.2
21.79
23.5
22.25
14.0
12.91
8.75
7.44
4.99
7.55
6.85
6.36
8.86
4.83
8.7
15.96
14.15
17.96
18.15
14.62
17.26
13.39
16.28
14.92
14.39
15.9
8.48
6.63
4.29
10.47
15.99
16.33
18.61
11.36
6.91
11.63
10.6
15.52
20.13
15.87
17.34
13.0
9.69
9.65
8.78
8.28
8.83
7.94
5.92
5.86
3.71
8.04
8.49
9.02
9.43
5.42
5.56
6.77
12.26
15.0
16.89
22.09
15.98
12.86
11.29
5.35
6.61
6.21
12.24
12.98
11.16
13.67
10.32
10.51
10.25
8.91
6.54
10.09
11.27
11.83
13.35
9.77
11.9
12.38
12.08
10.97
7.37
9.29
13.1
13.02
15.37
13.26
10.13
14.61
15.5
13.99
13.86
12.59
12.33
14.72
13.84
11.8
11.44
8.5
7.22
7.17
6.69
7.89
11.06
13.43
13.41
17.24
13.14
10.72
16.36
15.52
26.74
25.1
17.03
17.01
8.01
7.36
10.13
13.82
13.62
18.48
22.32
15.4
18.71
18.6
15.74
17.75
19.31
15.65
13.56
16.31
14.48
18.62
20.77
18.18
15.35
12.86
14.76
17.2
19.72
18.49
18.87
19.8
21.13
21.12
20.91
14.94
13.0
14.39
12.82
13.84
13.82
14.08
13.83
14.16
11.76
11.53
12.13
11.93
12.68
15.73
20.09
21.29
21.49
15.85
9.66
10.94
13.16
18.72
19.57
22.82
18.83
22.22
20.22
20.14
23.8
17.59
20.13
19.3
16.2
14.08
16.47
12.22
12.24
14.71
10.65
9.31
12.16
18.14
18.11
22.98
20.24
13.83
14.26
12.59
13.89
18.46
22.02
23.16
22.8
18.65
16.89
13.24
18.24
19.45
17.13
21.97
20.87
18.1
18.9
15.31
16.98
21.84
22.49
23.56
23.51
18.78
19.07
14.73
8.14
14.77
13.93
16.8
17.85
13.11
10.73
10.47
10.56
8.42
9.34
7.6
8.42
10.89
11.97
12.08
13.35
12.62
15.26
