27.04
32.3
28.88
22.75
39.45
45.05
60.87
65.79
60.24
55.67
45.66
47.37
33.02
29.3
24.68
18.89
21.49
20.85
18.89
23.42
27.78
25.93
26.06
25.33
22.39
26.36
24.52
22.97
21.4
14.55
25.55
26.8
25.98
29.37
18.5
18.96
22.93
22.42
28.55
26.4
23.62
20.99
13.07
11.04
6.25
6.18
12.37
11.95
19.27
23.59
21.05
26.37
18.02
15.54
17.74
12.67
15.74
14.82
9.86
10.45
11.05
9.18
11.71
13.84
14.05
14.85
13.46
13.36
12.41
17.89
19.5
20.05
18.16
14.11
10.94
8.51
13.42
13.9
19.23
19.38
17.33
15.36
10.35
11.34
11.49
19.09
21.25
23.76
21.97
14.87
12.56
9.75
12.94
13.25
20.64
21.15
19.24
22.38
15.32
15.1
13.93
14.84
14.78
13.82
14.73
11.85
14.34
14.47
17.23
18.88
16.68
18.2
13.27
12.5
14.01
16.6
20.94
24.28
30.81
28.95
24.01
17.41
10.37
11.57
14.17
17.21
20.77
17.29
16.02
13.06
9.9
9.58
8.91
8.81
9.14
10.0
10.69
12.48
8.6
5.51
6.74
9.23
15.49
18.88
15.66
11.82
10.26
10.9
13.38
13.42
12.24
12.66
13.41
15.75
13.98
10.67
9.32
9.99
9.2
13.43
12.29
8.41
14.98
13.66
14.57
15.99
11.97
13.59
15.97
15.11
15.91
16.91
12.57
13.96
15.59
11.08
12.34
13.82
8.73
8.13
8.01
4.09
8.9
12.91
13.17
17.58
22.2
19.55
22.06
18.86
9.09
18.55
15.12
17.72
19.09
10.12
16.1
21.6
27.32
29.26
26.87
27.92
29.73
25.27
25.63
19.63
14.42
16.12
15.03
12.25
12.0
13.14
13.11
15.67
12.22
12.97
16.54
18.97
20.53
18.59
16.06
17.46
19.13
19.39
18.3
10.78
11.54
16.78
15.32
17.21
16.3
10.39
11.98
15.78
15.02
16.64
17.15
15.13
15.43
14.54
15.01
15.79
15.89
14.3
12.03
8.85
6.99
10.8
12.25
13.32
12.89
11.54
9.72
6.93
6.08
5.17
4.41
7.0
7.15
7.8
9.37
15.05
15.84
13.11
21.12
13.8
14.94
17.16
11.94
11.59
11.19
10.91
7.48
14.36
14.01
14.55
12.54
8.95
11.64
10.17
11.17
11.12
10.12
10.04
12.34
12.11
13.95
20.08
18.75
18.53
17.12
13.27
13.41
14.01
14.02
13.31
12.63
13.73
13.2
16.45
22.7
22.97
21.66
17.27
14.14
11.42
11.62
17.36
16.07
17.27
15.99
13.84
23.63
21.47
26.67
27.27
19.92
30.58
27.52
25.07
29.23
23.24
23.18
22.56
15.45
13.09
11.86
10.94
13.13
12.19
14.87
14.75
12.12
11.5
8.47
8.13
9.98
11.35
17.72
27.38
25.59
22.71
17.42
9.45
23.28
25.2
28.43
31.71
18.16
19.61
20.74
16.95
19.72
19.07
17.06
15.92
13.03
18.67
17.32
19.37
21.68
15.45
18.25
17.87
19.2
20.11
15.35
20.97
16.4
17.38
20.27
14.42
14.9
15.37
14.25
15.9
14.92
12.43
16.56
19.23
21.64
22.58
16.04
13.94
16.38
14.87
23.96
23.8
21.16
22.52
19.24
14.64
18.54
17.84
13.93
18.89
14.39
12.26
21.31
19.99
19.11
22.47
12.14
9.77
13.87
17.8
22.81
23.46
19.8
14.92
15.95
21.42
23.69
22.75
17.63
10.12
9.96
9.29
8.89
8.23
6.65
7.09
6.15
12.0
10.17
12.45
13.79
11.47
15.01
11.53
11.73
13.72
10.81
13.79
13.64
9.75
10.68
11.93
12.14
18.89
17.31
17.22
20.01
17.66
20.77
18.53
16.93
12.49
11.05
10.9
7.87
9.48
8.57
7.07
12.95
11.7
14.38
16.03
11.33
10.3
9.72
7.75
8.78
17.05
13.98
13.81
12.07
5.41
6.73
6.05
6.22
6.56
8.0
8.0
7.61
5.67
4.97
5.3
9.24
8.88
8.02
10.08
15.76
17.87
20.74
22.09
19.5
17.7
13.09
9.73
2.54
3.4
5.77
5.74
7.75
7.38
12.65
13.66
13.29
12.82
7.65
7.36
5.95
5.26
3.43
4.27
2.97
8.65
10.07
11.11
12.53
10.5
9.04
8.3
8.44
5.68
8.22
7.32
11.99
15.14
14.93
17.98
12.47
12.87
17.8
16.45
20.52
18.82
13.37
13.83
14.34
13.15
12.95
11.34
9.45
12.63
18.37
18.64
22.07
19.56
13.72
14.44
10.26
8.83
12.13
10.48
16.29
19.19
17.04
24.19
16.57
17.56
18.18
19.67
25.03
26.27
25.26
17.46
12.42
10.98
9.07
12.0
15.11
11.24
22.29
30.37
31.9
36.64
27.37
18.11
25.3
25.53
23.31
23.04
11.12
10.75
12.92
14.64
24.82
26.9
27.99
28.84
19.22
13.97
12.17
13.29
16.06
14.06
12.46
8.31
7.31
12.33
22.38
20.09
17.74
19.26
15.57
17.32
19.41
18.39
