8.68
22.68
30.293333333333333
40.64
52.68
63.45
60.58
55.38
57.98
49.93
62.49
57.92
46.0
40.03
27.18
25.45
26.55
23.61
24.7
23.22
19.03
21.22
15.07
16.36
22.02
22.07
19.64
17.63
15.56
16.89
17.67
16.68
13.16
9.17
9.68
11.4
15.06
18.4
17.71
22.4
25.12
20.88
21.69
14.48
10.61
14.52
14.56
19.59
22.36
18.92
20.89
16.36
11.61
10.33
6.9
10.92
12.01
16.49
18.62
14.37
12.84
8.77
9.46
9.31
13.15
16.12
12.58
15.67
15.35
12.86
22.0
20.95
16.64
19.35
15.17
12.85
16.23
21.62
16.98
17.37
16.99
9.94
11.65
14.7
14.67
12.5
13.24
9.05
13.08
16.39
16.61
17.72
9.84
10.89
12.05
11.79
15.16
13.65
10.95
10.74
8.84
10.65
10.48
9.16
11.7
10.98
10.82
11.19
10.91
16.11
16.84
16.05
12.26
5.32
8.55
10.78
15.72
13.64
8.66
6.32
1.83
5.89
7.89
9.62
12.85
10.82
12.56
12.76
11.21
11.91
16.03
20.65
22.56
21.12
17.44
14.29
14.04
21.71
25.91
25.17
24.03
15.33
12.24
11.59
10.99
10.69
7.72
9.57
9.51
11.36
17.4
15.56
19.18
18.86
15.17
15.43
12.56
14.69
11.68
12.02
11.03
8.23
7.12
5.35
7.79
10.7
15.76
20.51
24.5
21.59
19.83
19.99
14.96
15.73
12.87
7.57
10.1
10.83
16.92
26.78
26.32
27.42
22.92
15.6
14.15
14.48
21.81
25.61
24.73
23.64
20.29
15.69
14.21
16.19
16.7
18.1
20.82
18.85
20.13
23.45
23.39
24.1
21.83
19.43
24.69
30.2
25.88
24.15
21.9
17.88
29.18
32.71
28.85
27.43
17.83
13.59
14.77
15.02
14.95
16.39
17.34
17.61
21.96
25.19
28.63
31.42
26.95
23.16
14.14
8.78
7.99
6.37
12.49
11.23
10.59
13.46
8.11
12.57
12.9
14.08
15.0
9.66
8.25
5.97
7.06
9.72
12.34
9.5
9.36
6.7
4.64
6.67
6.97
8.17
7.27
7.07
6.81
11.39
12.53
12.17
10.62
6.43
8.48
7.55
7.69
6.54
5.71
4.96
5.86
8.45
12.44
14.18
12.25
9.94
4.35
2.89
3.27
3.26
5.83
5.6
6.01
8.83
6.34
7.2
7.25
5.65
8.59
8.12
10.92
15.13
15.78
15.51
14.24
9.36
4.73
7.41
6.13
9.34
16.94
20.52
19.53
18.14
14.38
7.79
13.24
11.8
8.83
8.96
5.43
3.92
3.12
3.03
2.73
3.75
7.16
14.15
14.83
18.91
16.26
15.1
17.4
12.41
12.74
11.48
13.64
17.35
16.78
15.89
14.84
19.07
22.17
22.41
26.46
24.47
27.44
29.79
23.19
21.34
18.25
16.18
24.62
23.68
24.97
23.4
22.87
30.37
29.26
40.56
31.76
28.67
29.24
20.16
28.19
27.8
31.64
35.56
30.63
31.11
28.31
28.03
29.7
32.04
31.37
29.47
29.53
27.18
29.11
30.08
27.95
28.26
31.24
30.17
32.74
34.13
35.7
34.08
32.47
28.5
19.66
23.14
19.29
19.07
20.62
21.76
22.89
32.89
36.22
32.45
38.96
30.4
30.09
33.68
32.96
33.5
30.79
27.6
24.18
20.48
17.75
17.14
16.41
17.07
18.45
16.32
19.53
20.18
27.58
24.6
17.17
12.97
3.02
3.25
5.94
6.81
6.67
8.51
6.14
6.32
6.53
4.42
3.85
3.49
4.32
4.97
5.93
6.86
6.52
7.26
7.5
6.87
8.47
10.3
9.97
8.62
7.83
4.0
2.67
3.65
3.72
8.11
9.39
10.14
11.02
6.63
5.3
3.68
5.16
5.68
5.47
7.82
5.33
8.4
11.49
9.89
7.97
8.89
9.88
9.22
9.78
6.75
3.98
3.35
6.1
10.61
10.43
11.48
8.23
7.07
7.18
6.83
7.84
5.23
7.52
6.82
8.75
7.6
4.94
7.08
6.8
6.21
8.05
7.61
6.82
9.71
8.26
11.24
9.61
10.55
11.92
8.97
9.81
6.74
7.47
9.89
12.66
12.49
12.23
11.7
10.55
10.26
9.74
7.7
7.4
8.63
6.97
9.27
8.17
6.99
8.51
12.23
13.07
14.1
13.36
7.67
7.35
7.66
10.8
11.13
12.44
13.64
10.15
9.47
9.49
13.31
13.48
16.42
15.45
9.3
11.01
10.01
8.86
9.47
8.75
14.24
13.51
19.74
20.2
14.33
19.65
13.72
15.26
17.0
16.57
17.64
16.79
14.82
12.49
20.43
18.66
21.88
19.91
10.01
9.01
4.36
10.2
14.45
17.55
17.74
15.2
17.3
19.46
24.28
21.92
15.84
11.45
14.5
16.6
23.24
23.62
18.74
19.65
13.88
14.36
12.38
12.83
15.11
14.55
12.6
7.38
5.33
6.39
6.99
10.85
16.92
17.19
16.67
15.83
8.63
16.9
19.14
23.49
28.22
20.92
22.41
22.68
20.21
18.52
19.49
13.66
12.12
