-0.250081921724742
-0.1771821442542714
-0.0049537098354237
0.0877979406914382
0.290881612623965
0.4257530484860043
0.3549791606199839
0.349419802307634
0.3056144356947956
0.3392057929078059
0.4314196986080617
0.4038347501000682
0.397778851639475
0.3014760588367488
0.3388585923399012
0.3884808543248935
0.2969252801515658
0.2902394373295714
0.1364046592403741
0.2099232170965767
0.3768576822522651
0.5437565638744911
0.755631685809383
0.7309561237399165
0.7044605195363317
0.6281213530468344
0.5381663531585023
0.6631470281892163
0.6767436830590967
0.7647201443275814
0.8157261799222358
0.6634642801185591
0.6245005384250575
0.3933381499343046
0.2404709662984496
0.1263349298511292
0.0571447509018068
0.0794412975359212
0.0806417756992035
0.0734433400452913
-0.031400828773252
0.1151057652145976
0.1911211225026431
0.2866421693603172
0.5050852784085649
0.4846784360310863
0.4483840161746147
0.430022239844884
0.3531207664861815
0.37970539180625
0.4322809365551026
0.4106609452339868
0.420206883896925
0.3732022816227652
0.4027932292070126
0.4481382003795878
0.5154145334677793
0.524828847162189
0.4915849250403847
0.4727944380114616
0.3734059956188394
0.3979266843051877
0.415706540008302
0.3571121860561302
0.4477975789367645
0.3813483395248099
0.4101156365733571
0.5731517134369896
0.4884483673584789
0.4442240740460931
0.4371266135296611
0.3169749919218139
0.3291219221805631
0.3674705071709986
0.3730221630733743
0.4695478034101027
0.5525802749314513
0.7054178707346526
0.6366225889041337
0.6389000551941798
0.5915494983635223
0.4656508833720736
0.420464875825224
0.2179199102973218
0.1872012235704525
0.3209813970299157
0.3844522115858481
0.5633586346961031
0.5622025087469199
0.507304263466497
0.4906409202185054
0.46415826330887
0.5852448125969144
0.5260415931808468
0.6672571755707202
0.6518846372016094
0.492282908591741
0.4133111013941288
0.3449460405971061
0.2875483395733249
0.2825482352385861
0.2876818552707975
0.2797467114867368
0.2965277456321744
0.3681843365932679
0.3319181567150654
0.257375733314323
0.2874008270667912
0.2977152976481674
0.3839466358659616
0.3595606628113376
0.3460219522307728
0.329651685153302
0.328174210423756
0.3983166421395631
0.4491284998422996
0.4497032280559037
0.4227301049046715
0.3708430547027743
0.4235107573044774
0.3061683038942848
0.3433167511892196
0.3881482478446248
0.2647607309172204
0.3291384945801448
0.2957914701884492
0.2932934985629605
0.3162453354250567
0.371400645924113
0.3731503242164666
0.3671983820060525
0.3640113988152205
0.3976326942707602
0.3702755648796754
0.3371815026803925
0.2518321858522415
0.1228917275364352
0.0998226946732904
0.1144039848578053
0.1362000866160668
0.1891138686300716
0.2480979911453581
0.2701928688410258
0.3532380546422349
0.4883562032898793
0.4564860303577582
0.4559492295085103
0.4468879341916221
0.2379587810681312
0.1620501257908463
0.0960409809630469
0.0371212590354257
0.1101392528524259
0.2613720576152579
0.290277512246306
0.1966381398793585
0.1003488902834773
0.0095098769108562
0.2195421944618981
0.3300574385528228
0.4661188190880568
0.4217264204139471
0.1130833554258149
0.1061635286687638
0.0515702768854456
0.1156772282271616
0.2805695746814208
0.3035398346152469
0.2565181136062702
0.168483741161333
0.137241300839168
0.2187281657791126
0.2211010910033452
0.424017751274702
0.4849402406466418
0.4109323707664361
0.5246245095471014
0.4847662123748565
0.4857147718439968
0.4996201263440539
0.4754651960453361
0.3624483037842133
0.2928745149883666
0.4643229389566017
0.4888102566352134
0.6263473721501339
0.6412299659884301
0.3972631464960744
0.391750682725101
0.328730604099333
0.3071502430155017
0.3214255347549993
0.2716991703544469
0.3143436476278911
0.3052114964421489
0.3204994059086878
0.3345116097194648
0.1941775499350491
0.1901185887589972
0.2215369204985457
0.3155202853917601
0.4204426191723107
0.4981314704880907
0.4475642179513316
0.4194528540526858
0.4139286025240527
0.3881335637201769
0.3350293455471052
0.4154474781421589
0.3835507803734074
0.5541380527464479
0.6855109251830218
0.572571346366106
0.5899815574378822
0.4586268629293987
0.474643411951468
0.4793602573265292
0.5438872684984861
0.4388553893854335
0.4388487521474207
0.4297926880954801
0.2643164310725742
0.3132175084641837
0.3885088668241234
0.3746517291178428
0.4311573040199462
0.3515922938376809
0.2436069559191965
0.2492025011740718
0.3273247477578968
0.4218810573825317
0.3546974341178226
0.3781065331832323
0.3161885353865187
0.2562083934892391
0.4405885129979367
0.5227099823926625
0.5296585245916307
0.6272050573132534
0.582242748656175
0.4382312761664301
0.5927007374677007
0.5834900794245788
0.5558716932786052
0.5708078155225738
0.5054102961047886
0.3325194850116284
0.2980515227753177
0.2883791894491075
0.2483108356209757
0.394612130305157
0.3789264161286458
0.4183491244678693
0.5878494701845698
0.5564628409655654
0.5951746357455159
0.682333627165823
0.4245094644451343
0.4162870263611088
0.4785472327502069
0.4528699972880715
0.465542828334397
0.5608114459095376
0.460856843242696
0.3750881899818536
0.4051924597109418
0.4097749204832588
0.3812866248872046
0.4069669048850072
0.4559971271886188
0.3859850928367221
0.419509602482406
0.4182802801156733
0.3527653271539719
0.2347190861913507
0.2039305474540421
0.088185960331876
0.0760044633315678
0.0998573697676616
0.1993479693857968
0.2650056906709042
0.2472785480179051
0.2852530371748144
0.1852789802637159
0.3997577775113003
0.4777488226669909
0.3556300358590796
0.3155339749836903
0.0835920321597096
0.0868007686794889
0.2143835436199644
0.2920504188357365
0.2670396081409488
0.204959951573987
0.1937368869145672
0.1633050864058859
0.1828031482073456
0.2178054592574847
0.3588466143157458
0.3542119629802356
0.5069943530576057
0.5172378738967545
0.4043017604885366
0.3986782339859486
0.2974449764329677
0.2517198298733965
0.2897179598822584
0.284895279690305
0.3246885816687549
0.3988426413868688
0.3833445094773782
0.5382935448909592
0.4644743056011886
0.4437454383804075
0.4279516110207575
0.3391158366476115
0.4094620151547483
0.476702603186255
0.5710365761909845
0.542137141551899
0.4531790172588279
0.4656652698707559
0.3634856918083459
0.2546095138671115
0.3056258709671967
0.21859619767506
0.1917212604327309
0.2935040330098857
0.2925930887373612
0.3286285942496388
0.361559144847055
0.4237724903743773
0.5071827385666768
0.5164746557076784
0.513810086854465
0.4931706577459445
0.4587630011079314
0.409456786126896
0.4925538060793097
0.528853438091034
0.531962164642707
0.6755281214081666
0.5206258990752299
0.3522544182792483
0.2725108798527306
0.1933004965913815
0.2785011815471578
0.4671962626242933
0.4049952667643655
0.2730421344624292
0.3818836052998337
0.2774553214450265
0.4099349700214021
0.612366979895639
0.513664808820724
0.4745940705971105
0.5013204255600308
0.3741001313982756
0.3986356884029704
0.3952302417488982
0.3543848885997329
0.4388869511541543
0.4296794421046387
0.4859728768961023
0.4745436605403575
0.3500897774652257
0.3291249559631201
0.2648600245757836
0.1578126226810502
0.1460233970052891
0.2083653714719372
0.2527897897875077
0.2606092768608209
0.3007562779951399
0.1895721619553879
0.1089695554211217
0.1904373339784099
0.2183300473850361
0.1756267806702969
0.5114502597291904
0.5222021792900208
0.4824351358311418
0.5533990049169122
0.2637440624386491
0.2006392798380232
0.1233116661298896
0.3140452917893339
0.39601958976876
0.4621750093064716
0.6121794003802945
0.4576319501519388
0.3286335456931158
0.3223048933797177
-0.0356664609863559
0.0389462488113756
-0.051654878916378
0.0394083325304781
0.3559834235299262
0.2398550110365702
0.4727710780673689
0.420089872827328
0.3583440846407692
0.3690321945319842
0.3044829975894864
0.3015319606413207
0.3463199736848692
0.3238198045611594
0.2899721791095693
0.2396056611962674
0.2901661552510953
0.2889375433412124
0.3027557965407069
0.4051063439273045
0.3404862593999652
0.3855077230960881
0.4027645246754343
0.3431694047074438
0.3958978612547889
0.3711908055018111
0.4092915858437227
0.3286571458851191
0.2820292968069537
0.3764318695931682
0.376047310073486
0.4068606196747384
0.4142783494694378
0.3151366947510594
0.2402374895307082
0.2927505722301871
0.2928604881654038
0.209039794520836
0.2572591312955216
0.1655884954384755
0.2422853076577017
0.2681861051900883
0.4720519193655129
0.5050067853740464
0.5098432996665967
0.4787503163420066
0.2060643170227733
0.2275370435760544
0.2458644075513114
0.396702075149785
0.5507467056833064
0.4853940469662194
0.3362500574202433
0.3014628792130561
0.1954907507849597
0.2650773031936066
0.3448220275145354
0.2277430639433625
0.261031781735965
0.3975994714688094
0.3191036022622334
0.4538146791966704
0.6159224018084344
0.3291744422613361
0.3772692962464578
0.3716477332153879
0.1567315921245944
0.3180615810477492
0.3223833682553117
0.3731157486152598
0.279578594397457
0.2816990073909058
0.3061449518591556
0.2685147953195831
0.393704255413303
0.5250417422185962
0.3658384818053362
0.3938131781974177
0.5556911737677419
0.399889222945257
0.5421981448347895
0.3302855738482398
0.0890842949344028
0.1891475373830947
0.1987958517265374
0.4183802909213557
0.4617620852901128
0.4211921896130143
0.3803293055448618
0.3757484387924693
0.4045633833425495
0.3485995746387158
0.4531459969795792
0.3710810687909142
0.441262084060303
0.5266399469446196
0.504284093267783
0.4795194595861013
0.4739705695666029
0.3556677809877668
0.2562771905178699
0.2344264834031882
0.1295963015505374
0.1722374088110145
0.1772749574463661
0.1611853860790184
0.1989109447012561
0.2503100253390071
0.409703438926306
0.5084948698785751
0.5973762775700177
0.563006601854397
0.3585411212101093
0.4451991546055731
0.3361271636844058
0.3271917278918287
0.3836818470957425
0.2910638050034809
0.3068366430587105
0.2529216860528883
0.239666100236655
0.2869659734245424
0.3120393227864964
0.4048510481114331
0.4718655025108663
0.4636901740386541
0.4222952604845936
0.2883532531573758
0.2134556414318502
0.165428739981942
0.2543171931846615
0.2971328275894204
0.339342942356807
0.2155329483319059
0.2060088124374421
0.0624727730451428
0.0553990426030333
0.159886801454385
0.1437341348862718
0.2866113995905736
0.2667787130251516
0.1877023627207098
0.2659676964042632
0.3399277821228363
0.4141465275249931
0.4616564686282225
0.3160531596648016
0.3051004614719688
0.3536153569824048
0.3499919353336038
0.3428882192056905
0.2535134836831753
0.1383191820899316
0.2001582487813321
0.3402063195894406
0.2270750155641846
0.3112572929654277
0.2701055900150051
0.2185934538838628
0.452854539208902
0.4377262404495077
0.3428605296393904
0.2207318503593755
0.1851773251318434
0.1715816586381943
0.3158570385618812
0.3301875669292935
0.2685264487842126
0.1433181991649158
0.0794378761987206
0.2106922629361046
0.281176354870773
0.479957804280406
0.5078960174723435
0.3743676769246266
0.2508613394667914
0.1763446152677608
0.1756899060111657
0.3039947759663802
0.3305913715677498
0.3871235519448844
0.3478175045722511
0.3030310848549908
0.3546248526857367
0.2893182140311608
0.3769938777744129
0.4340189131357469
0.4115753328587338
0.321044640392979
0.0927023648947443
0.064162168424162
0.0901080233633044
0.1014343659766872
0.3796242045303433
0.4106638130726547
0.4726564332650113
0.5412045125030527
0.5569040284515715
0.5165104000773978
0.3945360940663138
0.4432691586493413
0.5088681335976137
0.4681825080111541
0.4710606930946383
0.357777163024828
0.1303454695035228
0.1866841285545149
