-0.2517413240920632
-0.068100994976738
-0.1604215132927321
-0.1870659677721091
-0.087977112836687
0.1050468060439911
-0.7376573844044629
-0.9406296505946722
-0.9821683570895284
-1.0039667199823972
-0.1222341145957383
0.3758515203469547
0.6048491983451082
0.6838381174941566
1.0151703120448436
1.0755092747029755
0.8204383016775552
0.3769603264878624
-0.0029809788389088
-0.2408377075258273
-0.3683796410827793
-0.3166141792401932
-0.2997674002690779
-0.3250301214345367
-0.2836678745619085
-0.339968390579574
-0.2874587707225381
-0.2949882002224818
0.0374671572612628
0.2543739606972597
0.3553728674216037
0.4911960878503136
0.3348613390059576
-0.028749826813106
-0.1918269306298415
-0.3540320565351355
-0.2176301317844782
0.3271969205848368
0.4831929232103992
0.5798178285201271
0.5259438061675058
0.5865242887825035
0.7293374196015094
0.8227142679765417
0.6943130135258864
0.5494113617008015
0.2916503605356861
0.2012076797568754
0.292901117226547
0.1960754572090104
-0.1187522276076607
-0.5719953798468849
-1.0916053782710238
-1.1967038999301831
-0.99242459821392
-0.7991930206818565
-0.3620821789303594
-0.1167525458772026
0.1521792259141734
0.3928877552219959
0.5608601038391945
0.4336356654329933
0.4354385728586035
0.531552780575564
0.4862338279254128
0.6493646761007529
0.6146191037509969
0.563606729299941
0.5098502503666319
0.4027848896265115
0.5021851833386708
0.6501358846892406
0.7775478375828411
0.7722344025518305
0.7045652641481814
0.552589339028535
0.4562121187200897
0.6242172186233939
0.6541132610367211
0.5355602362927621
0.4628744640426873
0.4006468859082547
0.4930444623057328
0.744647490941428
1.0316077023196917
0.9285843287351592
0.8229640227700854
0.6532539904489214
0.4837387119341341
0.6711023440122702
0.6943337267565218
0.7336455655477274
0.6922340469307616
0.4873289029327743
0.5167446114203976
0.4881064046377718
0.4596300383948422
0.5351920136480769
0.4434328502485919
0.5636044843596878
0.5499086817096118
0.5718511191167723
0.5713344136159266
0.5925246375845505
0.5790371599441757
0.658202304382979
0.6814771502187318
0.6563334073440079
0.665782997335752
0.551181916693812
0.4481989683058904
0.43707919409431
0.5275532046295601
0.5039165198006152
0.5418200616547882
0.4020579625310827
0.443044526500617
0.4310327203308902
0.4989036617038706
0.5280137254402905
0.4368874597715698
0.5664991675408174
0.5731133010979201
0.6024096679805248
0.521313380830302
0.0299654593167426
0.0831405410921039
0.0709159190296836
0.1792716836509252
0.5993047920036392
0.7066067540925868
0.8026814806219967
0.8004342361194413
0.7449606225376455
0.5655049129694723
0.4407432070265127
0.4045909321191688
0.4024929985609858
0.3369918052018678
0.3871498520279282
0.4842694265183072
0.4902760179847237
0.5401285269178779
0.6976098896147278
0.6006367395287175
0.5560649771569619
0.607747995182655
0.5006369718925088
0.7001801779794384
0.8045892120925657
0.6687575997004575
0.724434502635501
0.583314504363113
0.583016596424717
0.5409293071940291
0.4793561757725585
0.4496574402575651
0.3790695135513137
0.4829159373147636
0.382897645914503
0.2133037149402879
0.0397942668726271
0.1707923030772932
0.1496663213273798
0.3352666076391182
0.5607281012294032
0.5150431003712849
0.4116899923235724
0.2591093196330425
0.3712184920028135
0.4074478270142432
0.6094705875333903
0.7904471733110011
0.6657589849771228
0.422040629221527
0.5045704359560134
0.5233312228894731
0.4919010300215813
0.46386475404171
0.4105736137740378
0.4044267672617343
0.5166446594565905
0.7886353729333551
0.9018621231887688
0.8115413239268026
0.717085262340768
0.7570718616936305
0.6513443383850303
0.4714133972113173
0.421535032793555
0.4098166740425886
0.4058322807175101
0.7299901530395995
0.9183475769087768
0.8357504219975533
0.9716275612809698
0.9092838572694651
0.8109796153749826
0.8673814253849372
0.7595319728973127
0.6556470993109099
0.5682755247610384
0.7233961597049182
0.7899558252049721
0.8865121754716969
0.9498037005244128
0.7868059001589365
0.6679298104271024
0.5269725669066414
0.6098796857255259
0.5678040560028954
0.5351162064944134
0.5373947936031572
0.5674974744824375
0.6818145490319527
0.6692163993597999
0.7669428769344555
0.792227740048025
0.6991566447070175
0.8135893761692807
0.7106664140046989
0.6319801163614267
0.6028321619693601
0.4174960449771104
0.4132038281561042
0.3841805444922517
0.3771137771447078
0.5233973717103356
0.6233825416000346
0.4490825559585408
0.3911668752652276
0.2419343013559245
0.3176828613978665
0.4966377709965415
0.4634246335180559
0.614595798174418
0.4923485733483967
0.3659711877490493
0.429087594628755
0.2412074157292981
0.198864691330538
0.2730412291348431
0.1511164772580499
0.3676669502266811
0.4239272815448757
0.3661488506898379
0.5565997326122302
0.4189717495704581
0.3281174493829299
0.4295503724953507
0.1981702691231291
0.2330499265683947
0.2808204227367521
0.062610152634887
0.1681944115438708
0.1085152326245965
0.1079432134169001
0.2626890112624081
0.2616366162042583
0.2491600682466122
0.295716864484693
0.1209545747801585
0.080099712996438
0.1587545755909428
0.1375781419700652
0.2169634088167887
0.4226196052048705
0.3019645727343264
0.3653039184041691
0.4975613966591831
0.3992002252003179
0.5085566605861861
0.3579831243900612
0.4456963122822527
0.2592791429773934
0.4132977756606394
0.8476761658292906
0.893614791543929
1.1960007278142524
1.1709510578748858
0.8416492103547959
0.7945851465707594
0.7883594157610807
0.7926095036468342
0.9214019990882446
0.7632318698242381
0.5244836481819872
0.2942818474930513
0.1405008525914022
0.1187317726384252
0.1743530976064766
0.1710799287089748
0.112494308958342
0.0616595548345654
0.0975454078806495
0.0986345157545552
0.1564175614295867
0.2564484779184809
0.2298059569481779
0.160873364325753
0.1955290309067835
0.1659760480741049
0.0308528992124245
0.1859750158475971
0.3091791764591005
0.3038315711626086
0.6052275514858687
0.8366361378587949
0.7344737763552024
0.7574077204911106
0.9211555550336004
0.8849494837069618
0.8545134703740845
0.8538696665662792
0.6143887078457054
0.4860053350536211
0.4601709234400101
0.3927464467823869
0.4177156097436679
0.2551123846247243
0.4082796974289083
0.7063538539444281
0.521676330572026
0.5408363610924475
0.3075713405277067
0.1156230397350596
0.0249279698570645
0.0037001911945415
0.0244527047315357
-0.1720484699719281
-0.0611169447799456
0.0147193345134112
0.0657144788237748
0.2021545052192796
0.2739859846532392
0.3262093682335388
0.2414557444135881
0.1742230193772647
0.1058273970770617
0.0822298031657896
0.3026361516338856
0.2346545322771456
0.2906271887558109
0.2150002020649182
-0.0018039253131922
0.1465296032963109
0.2619568820943631
0.2796028145908859
0.3249380857257035
0.2898348525461838
0.1152999162989832
0.2392486323649428
0.2498359055782738
0.2499299647622243
0.4537130454989807
0.4538625192861335
0.6830356146894254
0.8613194804417804
0.9331820085593816
1.1088827775558312
0.8527003954035272
0.7882148629796698
0.6569290369105196
0.3533429271000304
0.4822048068223891
0.3980825700212342
0.4696378937482323
0.4885786582388734
0.3612759315857778
0.3405126196333204
0.1405035510761007
0.2123233424703068
0.3963359494064491
0.4203360447720035
0.3685310788065179
0.4268866332867076
0.3158376311663737
0.3512512437939588
0.4100910503784392
0.2536817576383032
0.3933708415696138
0.3527556765328869
0.6261955238405627
0.650801233285532
0.604758258101909
0.9234887271186176
0.8209031479096416
0.957138024490577
0.8759132073363355
0.6101731084826518
0.7227874270102791
0.7231355242697939
0.9599249632298694
0.9692005023858458
0.7472194400133622
0.6793840907821068
0.379486438106895
0.3331063539890853
0.2987875167752536
0.2206386931193885
0.457937893030973
0.6308897784026817
0.8102358593464913
0.8979633242561316
0.8079297774782428
0.7441532818698638
0.7801039889385408
0.735347731841541
0.6057245458850573
0.2704791501407206
0.0528016775481052
-0.5363461599759175
-0.7937403136572455
-0.6096179259901716
-0.5560000400806696
0.0050958989758996
0.2164105441176606
0.2712619473775969
0.3120167743523312
0.1616455766266072
0.2016887749897474
0.0623368190973163
0.0266409996295709
0.2030438927718736
0.3206726358815705
0.6038088218982484
0.5228317548990611
0.662542396333331
0.6868071408878298
0.6355004262310519
0.7595331758745041
0.7485904150307425
0.7121358744794418
0.5745716851643864
0.558754890210242
0.564835614438613
0.685112241667271
0.6725184667910523
0.7029522870041354
0.4995629642565128
0.5317545484048202
0.6907618595582289
0.9634725110930168
1.6192883259559785
1.6692688616839764
1.685432626924653
1.413812485334193
0.877271143601546
0.7392627744698862
0.7374545371694009
1.089472694103276
1.358576489751696
1.370401213606079
1.5000372734695633
1.1386999574716867
1.006249346902259
0.9226276648645628
0.7178324296246302
0.6732485297084039
0.5017324358198735
0.6826237371366005
0.7668936879379905
0.849517756861834
1.2435029216226896
1.00229935484971
0.862302036015461
0.8328609082246612
0.442089064994548
0.6760375410824426
0.7964128474392659
0.8499135820873068
0.8767130771646922
0.8763274304257268
0.8969444376171977
1.093918357138668
1.1031562972957585
0.8937728019703318
0.8291609470393803
0.891151414048688
0.8867239988102509
1.0295428874141392
0.9131842405323022
0.6145372273482689
0.6024854598969458
0.5034191869104011
0.6509656668540079
0.6038212677279432
1.0863018629072356
1.257206594637253
1.2888947722179704
1.424901571856623
0.8888738193970259
0.6595401130143469
0.5676811632864057
0.6204651009968695
0.7590403840707433
1.070033128232989
1.115138622700472
1.0742789451466366
0.8962301262835461
0.5614103777629496
0.4891239366418473
0.477806286503557
0.7713605108125714
1.1017175851415957
1.0268355079982288
0.902390818954887
0.5809986380306831
0.4765749503285392
0.6453899603919873
0.7610067582077984
0.96297407413861
0.8890164658522347
0.9399844654224908
0.8454570129530566
1.0804322152487291
1.335377195247772
1.3337900513798118
1.534617213002615
1.526183357545266
1.2567567108030733
1.360186908763545
1.402488895504784
1.1462001766148195
0.9424810711551888
0.7101649600533497
0.4920447895567543
0.3837148633397372
0.4925368305792605
0.6509852896485769
0.7308679755905197
0.8015641471349607
0.8634460951938223
0.6775442035702796
0.6193345790584003
0.5957665737461779
0.7143689598172246
0.7668235574701715
0.8093459555929422
1.062663474193499
0.943536809177446
0.9593373473096908
0.9284719129741774
0.650986937633533
0.676449396552348
0.7648985454903274
0.869236285973782
1.0543848317346975
1.5473767339398616
1.4107713728446547
1.5087851415712226
1.544024706514654
1.0246272045285183
1.0877179315760526
0.9873120363884872
0.7854843299816973
0.9787047522076872
0.9370211267874536
1.2199142786594124
1.46277137712436
1.461491738570489
1.67010040658657
1.288825797707188
1.0977898517961184
0.8400463297036338
0.4933650995547572
0.370275069726927
0.3319769291438971
0.3666782930623105
0.5954536993862728
0.5741133031650478
0.6738928997452283
0.8214321894370852
0.9153313983402558
1.0636592000139808
1.38557781839999
1.164749206163218
1.1802623592560806
1.3740778348131326
1.2604657437646585
1.90123125432386
1.8657413930104725
1.657520811953586
1.6616156764118877
1.334113923387354
1.299915533691628
1.88741124758292
1.923519164119676
1.6323753602665527
1.7532041574523607
1.389424374861836
1.09263360972705
1.4347102004567052
1.5627092410884946
1.60895078529354
1.354706334049442
1.3702521413185922
1.0161219599931766
0.8317443519301517
1.3326436106978203
