22.95
5.44
16.14
26.56
33.84
27.61
23.12
14.77
16.75
21.59
25.19
29.4
17.23
9.7
23.6
17.21
8.44
7.84
10.2
23.73
17.67
19.08
9.47
22.46
13.08
20.01
21.53
8.93
19.97
19.93
15.4
15.86
21.32
23.28
23.15
26.08
17.57
20.78
25.05
19.21
26.32
15.19
22.3
20.43
28.82
16.59
23.44
20.04
23.86
17.4
25.04
23.51
13.99
14.69
16.91
19.78
11.63
16.81
20.96
17.4
14.65
14.29
15.58
11.87
16.08
12.68
13.22
16.25
15.6
14.94
11.87
15.29
10.51
16.17
12.38
13.6
11.75
8.6
13.72
15.41
9.28
13.58
16.06
9.06
10.6
10.7
10.2
10.1
14.32
10.99
11.21
15.48
11.06
10.46
11.14
12.85
12.33
8.62
10.54
12.72
11.38
7.84
6.86
8.91
13.95
8.15
7.28
12.71
12.3
11.53
12.43
15.2
9.34
10.06
12.48
10.36
10.59
11.36
11.85
7.22
8.66
9.28
8.22
7.72
11.35
9.81
11.02
9.54
12.15
12.24
9.12
12.51
9.08
9.1
12.29
14.48
9.99
9.45
15.76
11.61
12.57
13.17
9.2
15.43
15.25
13.01
17.23
11.88
10.19
12.78
10.65
8.9
5.75
9.44
10.0
9.9
10.66
10.02
11.7
8.65
11.94
6.68
11.01
8.45
11.01
14.61
12.44
11.96
11.03
13.39
13.03
12.09
13.3
15.29
13.57
12.43
17.41
9.16
11.04
9.02
9.88
15.16
10.31
13.88
13.51
12.02
14.64
14.38
18.34
10.5
13.82
9.6
14.49
9.68
18.11
13.92
13.35
12.08
13.04
15.59
11.91
18.72
13.13
12.73
9.31
15.93
14.16
15.14
13.76
11.34
13.33
11.68
16.72
20.39
22.51
15.81
18.35
16.63
14.91
15.32
17.55
16.19
16.3
13.07
18.63
17.53
18.78
20.9
21.21
14.21
19.89
11.3
19.93
19.9
16.89
25.12
14.99
19.68
17.51
19.69
19.48
19.18
17.98
17.6
15.67
14.78
16.67
19.04
17.2
18.58
19.53
18.22
14.55
17.4
15.09
14.79
19.67
12.61
12.74
15.21
18.13
15.83
23.11
22.79
21.09
16.84
20.07
18.68
16.72
17.89
18.57
17.58
19.42
19.96
14.31
23.19
15.34
20.3
21.98
17.68
23.62
18.35
24.19
23.65
17.14
20.39
19.17
23.04
16.39
16.03
14.98
18.07
20.28
14.08
17.12
13.06
18.16
16.73
21.46
16.51
19.89
23.58
24.46
20.58
19.53
19.59
19.92
16.29
15.9
17.71
20.74
18.3
15.95
19.45
19.69
14.71
20.88
19.05
20.42
20.35
23.27
16.6
21.73
20.7
18.95
22.35
19.46
12.92
15.16
18.47
18.34
15.84
15.92
13.72
12.72
18.67
11.69
20.59
16.46
18.15
21.1
14.81
15.41
16.24
14.8
15.3
17.04
14.89
15.78
13.72
15.96
14.58
16.17
11.1
10.75
17.45
13.82
17.39
15.73
14.99
14.06
14.22
14.47
14.79
18.29
14.61
15.52
15.36
13.49
12.19
17.84
14.46
11.63
15.86
17.57
17.67
16.79
10.99
16.71
23.22
15.77
15.69
18.49
15.77
18.83
12.82
15.63
16.97
13.43
13.78
14.92
13.5
18.58
18.84
13.47
16.58
9.91
17.48
14.32
13.21
13.64
15.14
15.88
11.39
16.81
15.26
18.56
13.1
15.27
20.27
14.68
15.63
15.77
17.43
20.96
17.84
15.71
13.88
13.16
13.51
15.04
16.75
13.06
14.39
14.05
12.42
16.81
12.01
16.74
14.82
14.4
20.52
16.02
13.62
13.93
15.84
16.41
14.62
14.27
18.43
19.33
17.58
19.72
18.89
13.65
17.46
13.99
20.77
15.57
15.51
13.68
13.83
15.83
13.34
13.1
18.66
14.55
16.1
13.77
13.94
17.41
12.72
15.33
16.32
18.85
19.36
10.13
12.92
15.97
14.12
15.69
13.88
13.84
14.32
16.01
14.3
16.05
13.97
15.9
15.42
11.39
11.3
14.6
14.69
14.9
14.75
11.81
13.87
12.75
14.76
13.56
12.92
14.98
19.21
12.75
14.53
14.69
16.21
13.67
20.29
17.44
15.77
14.35
12.29
11.83
17.62
13.95
11.8
16.36
18.43
13.59
19.46
18.86
16.2
13.45
15.29
17.71
18.16
13.78
16.78
19.14
15.77
17.66
13.59
17.32
9.14
17.09
17.67
21.24
12.16
16.62
17.2
12.31
16.0
11.77
11.48
17.15
21.98
13.8
14.84
15.06
16.0
16.42
16.98
11.68
13.1
20.39
14.94
16.53
15.01
20.57
16.38
18.79
18.4
11.53
12.0
15.61
11.11
14.88
12.62
12.51
17.46
13.6
16.7
18.79
14.35
15.68
13.74
16.01
12.32
15.38
18.52
12.7
10.66
11.96
16.81
15.34
14.74
16.27
13.77
15.53
13.09
15.99
15.45
15.49
16.05
14.81
13.06
12.66
13.42
15.43
13.3
11.38
13.92
16.34
14.08
15.33
13.66
22.09
15.11
