14.82
14.64
20.88
23.71
19.85
21.1
32.94
31.27
22.03
21.91
21.99
22.13
17.1
16.87
17.14
13.97
11.27
8.82
9.57
9.12
17.42
29.62
18.79
7.46
9.12
9.48
11.28
10.34
7.67
13.78
21.55
17.19
9.31
13.57
18.37
14.18
15.62
17.13
15.29
14.92
12.97
12.81
12.28
15.97
23.99
19.56
21.93
24.41
13.08
13.38
13.48
10.34
15.55
19.6
19.85
14.59
7.13
8.33
9.92
10.0
10.62
9.93
9.44
16.72
23.05
19.09
14.05
11.61
25.34
24.73
11.74
15.84
18.33
22.41
21.59
16.93
14.44
15.33
15.82
13.14
15.39
15.06
14.1
15.98
10.4
6.95
13.55
12.95
13.28
15.02
27.26
37.18
20.65
10.05
12.72
17.92
18.42
18.56
16.95
12.84
15.55
16.7
17.91
18.14
18.53
19.66
19.54
13.54
17.05
23.89
18.71
23.86
27.18
22.7
17.0
18.52
23.36
19.12
14.73
19.87
25.84
24.11
27.79
28.59
30.3
31.73
21.96
18.21
25.47
28.36
17.18
11.32
12.58
11.32
10.81
15.23
21.06
27.58
26.92
25.42
22.24
17.44
15.56
13.73
17.39
26.7
27.63
27.94
27.94
21.08
20.22
26.97
27.38
24.28
22.43
16.62
14.63
14.86
17.64
17.09
15.36
11.64
12.63
17.08
14.83
15.4
15.68
10.9
15.01
16.2
11.4
16.98
16.93
10.31
12.06
21.15
20.32
11.57
16.61
16.96
17.8
18.09
18.7
18.85
17.34
22.07
23.19
20.25
17.63
18.1
13.79
12.88
15.88
20.38
21.16
18.52
18.62
17.34
18.91
20.07
17.9
22.03
22.36
17.17
13.82
9.38
14.67
16.49
15.48
23.1
22.57
15.65
13.02
25.61
29.45
22.9
26.92
27.72
24.56
18.14
29.99
34.57
24.48
21.93
15.12
13.76
18.71
13.36
12.38
13.92
9.73
9.29
19.84
21.05
8.81
17.22
18.07
10.54
12.73
12.42
12.27
14.14
13.33
13.04
10.5
11.85
14.11
10.82
9.25
10.62
12.73
15.49
17.29
15.8
19.28
20.48
15.29
15.96
13.32
16.43
18.62
12.85
14.15
19.61
19.33
12.61
17.36
20.78
15.7
11.48
16.62
21.9
18.85
19.22
18.72
17.28
16.96
18.9
27.26
21.44
12.51
10.67
16.95
23.36
15.1
13.14
14.04
18.23
18.66
19.39
22.31
14.2
11.22
15.17
11.5
11.97
18.39
17.14
11.58
10.2
8.61
17.95
20.54
9.92
14.15
20.05
17.37
11.57
20.56
21.03
9.03
14.08
16.41
17.71
22.65
14.22
20.08
22.01
9.68
10.83
10.35
10.93
16.74
21.85
16.83
10.5
16.61
16.42
9.92
16.96
18.57
18.26
17.35
9.05
10.45
13.71
16.12
12.9
10.7
11.12
14.76
16.87
12.22
12.48
15.13
15.39
12.33
12.51
13.09
15.89
16.0
10.67
10.85
19.37
19.66
11.46
18.87
19.1
9.13
7.62
15.51
16.95
14.8
16.33
15.49
13.99
12.35
15.23
18.47
17.21
13.34
11.8
11.84
11.97
14.26
23.4
22.57
20.71
22.05
16.36
16.84
18.95
16.97
18.07
17.45
15.67
16.48
22.82
28.74
24.44
22.31
24.33
18.27
13.44
17.88
19.92
16.64
20.45
26.54
24.97
18.6
15.27
17.43
15.38
14.53
16.07
16.6
26.01
26.71
24.35
30.09
28.49
20.12
18.08
24.56
26.88
23.92
19.15
14.92
13.15
18.34
22.65
23.74
21.43
19.79
21.25
28.48
26.01
15.0
18.05
21.36
21.77
20.72
21.16
21.53
19.14
16.17
18.36
15.89
12.75
13.66
13.97
15.17
13.97
16.87
17.63
15.74
12.6
9.99
10.41
12.65
17.61
16.85
12.74
15.28
15.53
13.21
17.37
18.31
12.49
17.38
20.53
18.13
19.48
21.99
20.12
17.18
20.13
18.79
16.95
18.87
21.13
27.41
26.67
18.67
19.86
22.13
17.91
12.89
14.92
19.24
15.96
13.6
12.81
15.92
17.37
15.51
16.89
16.8
15.22
13.64
14.38
16.39
15.18
17.12
17.24
13.29
13.33
13.62
12.89
14.72
13.2
10.67
18.3
21.88
19.08
16.6
14.48
13.63
19.42
19.78
11.86
17.28
19.73
13.93
16.84
13.22
12.32
17.32
12.22
10.62
15.47
11.68
8.61
9.72
12.76
14.45
7.8
7.54
12.78
13.28
12.22
13.82
13.91
14.82
17.5
14.52
17.22
18.64
8.98
12.88
15.94
12.27
13.9
17.8
17.89
15.93
14.46
10.0
11.67
11.86
10.09
14.99
14.27
10.47
15.31
17.0
17.21
18.87
18.32
17.43
16.97
18.51
16.37
13.34
13.88
14.63
18.47
21.67
13.65
11.64
16.78
21.49
18.14
12.8
15.1
11.71
12.01
13.31
12.89
14.69
14.65
11.41
10.42
13.78
14.47
10.32
7.05
11.81
16.07
14.19
9.36
6.44
8.42
10.87
12.05
14.29
13.18
10.87
11.65
