28.47
26.56
32.1
21.18
20.82
23.7
29.42
18.28
17.34
17.29
15.25
15.82
9.58
9.22
12.2
8.16
10.25
15.31
8.6
4.96
12.91
20.59
5.95
9.56
8.91
4.83
6.22
6.34
15.16
7.59
7.29
19.02
11.77
6.53
20.42
8.71
11.74
6.71
11.46
9.36
6.9
11.88
7.05
8.54
15.18
12.69
14.04
7.14
20.6
13.87
11.8
9.33
11.07
15.48
14.13
16.01
18.24
13.18
10.55
8.2
10.88
9.61
10.79
19.39
15.21
9.32
14.51
14.59
17.18
16.12
16.92
9.43
16.96
16.47
13.59
17.02
13.33
15.92
14.68
15.38
19.28
7.73
11.31
12.44
13.48
17.95
15.63
15.22
9.03
19.47
18.64
14.81
16.66
14.18
18.33
10.58
16.08
10.39
10.47
13.45
16.81
14.38
21.81
16.05
14.26
18.07
19.77
16.23
10.74
13.36
22.83
13.73
18.57
19.04
15.15
13.24
15.07
14.07
13.13
15.0
18.65
14.07
12.22
13.81
16.0
21.61
18.21
23.96
24.23
13.67
8.6
19.52
16.13
24.83
15.0
21.21
25.51
13.76
11.58
21.41
9.86
11.98
16.93
18.13
16.88
29.27
9.12
14.44
14.8
11.93
11.76
12.27
14.48
18.87
15.32
18.33
11.0
18.71
28.51
21.64
10.23
13.73
14.73
17.9
15.85
13.47
16.83
15.95
18.51
19.48
24.22
20.59
14.18
18.84
17.92
17.07
26.7
12.45
15.24
11.72
16.4
15.64
12.51
10.6
9.49
11.33
13.76
15.62
11.99
11.39
11.6
13.43
12.07
18.35
18.26
11.9
19.76
11.63
16.63
18.43
17.08
12.18
17.43
16.08
18.77
13.91
13.4
14.62
12.62
15.57
14.28
15.66
11.9
18.62
17.75
14.84
17.06
13.19
8.69
14.83
16.85
17.89
12.87
13.23
13.89
14.44
9.17
12.71
20.99
16.29
16.49
17.52
18.51
11.42
19.67
13.56
9.73
7.45
12.55
11.64
11.08
7.24
19.24
16.6
10.17
10.25
11.09
8.62
10.3
11.31
6.93
9.58
7.46
7.48
11.4
13.89
9.61
6.48
11.89
4.21
11.0
11.39
7.36
7.41
12.77
12.14
7.64
10.23
7.02
9.48
4.65
8.76
8.31
9.41
7.35
5.77
7.34
9.27
12.18
8.94
8.39
9.57
12.95
10.57
8.62
10.69
8.25
10.85
12.76
15.62
6.92
13.33
6.77
6.52
13.18
9.46
7.48
9.26
12.94
10.78
12.09
15.11
15.38
18.4
19.14
15.52
15.3
17.59
13.7
15.8
16.13
15.78
15.81
19.13
17.4
20.35
13.91
11.87
17.12
17.44
20.27
21.32
16.47
20.6
23.7
18.56
21.27
17.35
22.2
22.63
22.85
18.0
20.11
20.33
23.09
23.96
23.33
25.85
20.41
26.17
24.79
21.5
24.51
20.57
17.96
21.52
23.44
25.16
20.17
24.09
28.62
21.33
22.61
20.47
21.12
24.86
21.38
20.92
21.76
20.04
15.93
24.19
19.48
18.24
18.5
18.19
23.38
27.32
21.31
22.32
22.44
29.45
20.46
23.18
20.86
24.66
22.4
22.05
23.77
18.53
19.16
25.07
27.99
29.74
19.72
20.91
25.21
24.49
22.71
28.01
26.49
20.21
21.53
28.14
24.82
23.23
21.45
26.62
31.52
32.86
21.4
24.36
27.39
24.36
31.99
28.44
31.02
23.46
23.81
28.17
23.46
24.62
25.91
26.65
27.03
28.48
23.91
25.68
25.25
21.54
24.92
22.12
24.32
22.94
17.12
17.48
23.03
28.03
23.14
19.03
20.25
15.39
18.14
19.95
15.26
16.05
13.25
16.45
18.16
15.22
13.79
13.46
12.12
16.37
14.24
9.74
18.51
10.81
9.92
8.06
12.34
10.69
9.69
12.06
12.36
10.95
11.49
8.69
16.12
8.47
14.53
9.56
10.25
10.23
17.0
16.62
7.94
9.36
10.57
7.79
8.67
13.96
13.42
10.63
12.27
10.71
12.17
9.38
17.05
8.23
11.81
10.74
7.14
7.44
8.06
6.45
10.19
8.17
6.29
8.92
9.99
5.8
5.9
7.36
5.27
6.08
7.86
10.71
12.15
7.71
8.96
5.74
5.55
8.13
12.3
6.14
8.23
12.17
6.92
10.88
12.23
10.46
8.84
10.92
10.18
10.76
7.41
5.83
6.88
8.62
5.34
8.72
7.62
4.28
6.96
8.09
6.34
5.46
7.61
8.6
11.11
10.4
7.93
9.73
6.72
13.65
7.86
8.55
4.99
14.05
9.05
7.41
11.15
5.99
10.21
11.21
12.68
5.71
7.02
6.07
6.37
8.09
7.51
8.07
5.94
9.75
10.86
8.5
11.46
8.29
11.65
9.73
20.0
8.14
9.49
13.92
10.76
15.95
9.03
9.67
11.54
10.58
12.55
10.05
10.35
8.14
17.23
13.51
17.94
13.58
21.63
11.06
11.19
18.55
22.95
19.21
15.54
19.54
17.88
15.75
16.28
13.47
16.94
18.97
12.09
19.38
11.63
14.3
9.55
11.95
