22.69
6.91
40.38
30.54
25.3
41.4
36.08
15.73
34.52
38.52
25.18
28.63
34.87
32.5
33.95
25.93
21.3
35.56
8.96
17.0
20.84
27.31
25.67
20.84
7.06
21.38
4.86
11.77
14.51
16.74
15.02
10.59
8.74
6.17
7.17
7.44
15.33
14.37
16.48
8.5
10.99
9.39
11.31
12.77
11.89
10.99
8.96
13.07
5.82
9.23
7.82
5.06
3.38
10.13
5.2
8.27
6.97
12.1
10.33
8.35
19.46
8.96
13.3
17.67
22.18
8.96
9.26
11.92
21.98
17.57
17.5
14.7
14.03
14.57
14.18
21.45
17.91
17.31
16.77
17.48
14.27
15.99
22.99
15.64
17.71
22.23
15.08
16.98
16.14
17.69
12.32
18.17
21.72
17.4
12.39
17.48
26.01
19.45
19.76
17.07
18.55
14.17
25.34
16.1
12.71
15.85
9.66
19.14
22.23
18.96
7.89
15.5
21.91
21.77
13.99
16.01
14.22
17.07
14.9
11.86
11.88
17.3
11.36
9.54
15.33
11.14
11.42
15.78
25.93
11.17
9.11
10.69
9.24
17.8
9.98
17.64
15.22
14.27
9.64
11.74
17.65
15.26
14.99
13.31
13.86
11.98
18.32
13.67
14.12
16.02
12.25
12.82
12.97
9.8
14.78
14.37
13.74
17.05
20.9
17.09
19.51
19.72
18.48
18.55
15.35
16.33
12.27
16.29
20.3
11.04
25.55
18.31
17.3
17.75
16.24
18.05
24.89
19.12
18.32
21.62
28.31
20.1
20.13
12.83
13.84
26.4
14.07
17.77
16.08
16.85
22.77
18.81
18.63
23.92
16.99
17.61
19.76
14.79
17.92
14.92
22.32
17.35
11.3
18.57
15.74
16.73
16.09
13.57
18.81
14.45
16.38
18.78
16.77
19.36
15.19
25.02
14.66
9.5
13.57
14.2
16.22
9.09
19.96
12.1
10.05
7.78
8.1
13.71
12.1
10.16
14.03
11.18
12.89
8.75
19.06
12.43
9.12
11.41
11.05
8.35
7.98
8.39
16.48
15.85
14.01
9.88
13.48
15.51
11.24
16.01
17.23
15.06
13.85
18.07
16.17
15.2
13.82
14.86
19.15
9.49
13.48
14.35
16.98
22.18
16.05
15.37
18.32
11.83
14.65
15.88
19.56
18.01
12.39
11.16
19.01
13.5
14.47
16.22
14.09
14.91
12.88
14.01
17.62
12.4
18.05
12.2
12.31
15.17
18.27
13.31
14.67
18.41
13.3
8.93
12.17
14.44
15.25
16.24
11.77
14.17
24.81
18.73
20.82
16.63
16.95
17.07
23.55
20.82
21.26
14.93
13.59
23.38
24.0
13.58
15.57
17.5
18.07
15.62
17.06
17.02
22.26
13.96
15.8
20.89
12.69
15.54
20.59
17.6
19.07
15.22
21.11
14.28
18.53
13.45
14.74
13.28
25.89
18.24
17.69
12.59
16.64
14.05
14.43
15.61
12.77
11.25
10.83
11.33
14.42
16.54
15.6
14.04
13.61
9.48
14.82
16.33
13.35
12.37
14.9
10.4
12.53
9.19
9.34
14.32
11.88
11.42
14.53
13.32
16.17
10.89
15.5
8.98
13.34
15.19
11.78
14.67
17.62
14.13
19.2
15.15
11.62
14.18
15.25
16.32
14.95
13.79
14.85
17.28
16.1
18.0
17.77
17.5
11.89
15.48
15.66
17.53
15.15
16.91
14.16
13.4
12.28
16.36
18.34
14.09
17.81
19.81
16.76
14.18
19.97
18.51
13.11
12.26
19.95
17.76
19.53
20.58
14.95
18.76
13.58
18.26
20.1
20.42
16.89
15.48
27.22
14.97
21.82
17.25
18.98
18.61
17.09
17.63
18.19
20.09
24.03
21.15
17.06
19.88
22.87
22.04
17.52
23.13
20.2
20.86
15.85
19.26
18.46
20.62
18.04
21.99
18.9
21.98
19.78
17.87
19.41
18.14
16.63
15.39
18.11
16.06
16.6
18.95
14.46
16.83
17.93
14.74
18.21
17.81
17.4
17.37
17.06
16.08
14.86
13.59
14.95
15.25
15.91
15.18
16.45
16.61
16.91
15.6
11.75
16.89
17.34
21.29
16.98
15.85
11.58
13.86
13.33
15.46
12.65
12.24
10.21
13.6
15.76
15.08
17.03
16.43
11.69
11.34
16.59
16.09
12.37
10.76
15.3
18.64
21.51
15.86
12.55
14.43
10.06
15.93
13.35
13.92
14.85
11.48
14.94
12.46
8.95
12.72
15.14
18.46
11.37
9.24
11.83
14.75
11.41
13.41
9.68
17.18
15.11
13.82
19.09
16.11
10.67
13.76
16.13
18.22
12.54
17.06
17.45
12.97
15.63
17.6
17.46
14.44
17.23
19.15
19.57
16.41
11.72
14.74
15.61
11.96
16.96
16.39
19.47
13.8
12.74
14.65
14.32
14.31
11.53
15.77
14.03
15.04
12.18
15.96
17.18
14.23
14.12
17.11
13.94
21.32
19.67
16.72
16.93
14.85
20.34
15.56
19.57
16.24
16.57
18.21
19.42
12.99
15.68
15.11
18.83
16.05
16.41
14.28
16.91
14.55
13.35
16.27
17.74
14.61
