-5.1255
-3.5983000000000005
-1.3698
-0.1634999999999999
0.2676
0.5062000000000001
0.5196000000000001
0.2668999999999999
0.3618
0.3552999999999999
0.2988
0.5188
0.2236
0.5449
0.4710000000000001
0.4993999999999999
0.4156
0.4543000000000001
0.4416
0.5069
0.5268
0.5150000000000001
0.5062
0.6118
0.4316
0.3920999999999999
0.5918000000000001
0.5277000000000001
0.5195
0.5311999999999999
0.5907
0.6194999999999999
0.7061
0.8072
0.7776999999999998
0.7055999999999998
0.7035999999999997
0.8082999999999998
0.6535
0.6895
0.6855
0.665
0.5794
0.7725000000000002
0.6341
0.6947
0.8847
0.7474000000000001
0.8252000000000002
0.6731
0.8294
0.7236999999999999
0.7552
0.6450000000000001
0.8908000000000001
0.5270000000000001
0.8309000000000001
0.8468000000000001
0.9093
0.7559999999999999
0.8510000000000001
0.9009
0.8142999999999999
0.6647
0.8797
0.9427
0.8188000000000001
0.8512
0.7827000000000001
0.9059
0.8844000000000001
0.7773
0.7837000000000001
0.9299
0.8871000000000002
0.9454
0.8584
0.9533
1.0035
0.7962
0.8330999999999998
0.7034999999999999
0.9527
0.9837
0.943
0.9031
1.0757000000000003
0.8646
1.0244
0.8497
0.8724000000000001
0.8714
0.9230000000000002
0.9199
0.8306999999999999
0.8382000000000001
0.7882000000000001
0.7644000000000001
0.87
0.8177
0.9347
0.7177
0.9387
1.0345
1.0423
0.826
0.8743000000000001
0.8497000000000001
0.9571000000000002
1.0526
0.9592999999999998
0.9929
1.019
1.0622999999999998
0.9823999999999998
1.0112
0.8286999999999999
1.0136
0.9854999999999998
0.9634
0.9876
1.2595999999999998
1.017
0.9374000000000002
0.9519
0.8763000000000001
0.956
0.9425
1.029
1.0433
0.9731
0.9944
0.9583
1.0382999999999998
1.001
1.1101
1.05
1.0416999999999998
1.1225999999999998
0.9186
0.6574000000000001
0.9088
0.8327
1.0535
0.91
0.8041000000000001
0.923
0.8910999999999999
0.8489
1.1315999999999995
0.9654
0.785
0.8802000000000001
1.0837
0.8138000000000001
0.6788
0.8135000000000001
0.9112
0.9264
1.1386
0.9827
0.9943
1.2259000000000002
1.0297000000000005
0.8473999999999999
0.9928
1.2195
0.8511000000000002
1.0773
0.7874999999999999
0.9112
1.0945
1.0185
1.161
0.8405
1.0344000000000002
0.9734
1.0625
1.0392
0.9229
1.0854
0.8567
1.0936
1.2101000000000002
1.1506
0.9631
1.2119000000000002
1.2188
1.2461000000000002
1.3255
1.4984
1.4751999999999998
1.2857999999999998
1.3805999999999998
1.5816000000000003
1.3577
1.5061999999999995
1.3269000000000002
1.1946
1.3079000000000005
1.3439
1.4170000000000005
1.3314999999999997
1.3041999999999998
1.3854000000000002
1.443
1.3908999999999998
1.1327
1.3304000000000002
1.5795
1.6735999999999998
1.3747999999999998
1.3925999999999998
1.3403999999999998
1.4952
1.5548999999999995
1.208
1.471
1.3636999999999997
1.2297
1.6469
1.4528
1.3723
1.6093999999999995
1.5113
1.2844000000000002
1.3231000000000004
1.2879000000000005
1.3336999999999997
1.2022
1.272
1.229
1.2994
1.3662999999999998
1.0294
1.5412
1.4997
1.1876000000000002
1.2895
1.5278999999999998
1.3574000000000002
1.3694
1.3804999999999998
1.4013999999999998
1.4069999999999998
1.3670999999999998
1.3390999999999995
1.3056
1.4724000000000004
1.4045999999999998
1.4432
1.62
1.2026
1.3189999999999995
1.5177999999999998
1.3885000000000003
1.5294
1.3752000000000002
1.3063
1.6584
1.571
1.7211999999999998
1.3252999999999997
1.4357000000000002
1.6635999999999995
1.7081
1.4589999999999994
1.5869
1.4951
1.534
1.9646
1.7878999999999998
1.3344
1.5617000000000003
1.5603000000000002
1.9552
1.6528
1.7077000000000004
1.6332
1.545
1.8285
1.6556
1.7382000000000002
1.8945
1.8185
1.8441
1.8435999999999997
1.8032
1.8704000000000005
2.0453
1.7753
1.6653
2.1952000000000003
1.5383000000000004
1.7741
1.7282
1.49
1.3816000000000002
1.8361
1.6378
1.7924
1.6230000000000004
1.5800999999999998
1.6573
1.5932
1.7623
1.7141
1.6469999999999998
1.671
1.8282000000000005
1.7119999999999995
1.7796
1.6899000000000004
1.6369
1.5656999999999996
1.7474000000000005
2.0324000000000004
1.7899
1.966
1.7825
1.6691999999999998
1.6435000000000002
1.7338999999999998
1.9101
1.8885
2.0175
2.0059000000000005
1.9188000000000005
1.8818
1.711
1.9433000000000005
1.8063
1.7102999999999997
1.4776000000000002
1.7275999999999998
1.8847
1.8444
1.7394
1.8000999999999998
1.3365
1.4735999999999998
1.9495
1.9657
1.9052
1.7929000000000002
2.0797
2.5545
2.1322
2.1008
2.1652
2.0522
2.0284
2.5919
2.1233
2.1875
2.2177
2.3595
2.3373
2.4165999999999994
2.0207
2.3421
1.8569
2.1400999999999994
2.1522
2.4405
2.3955
2.1737
2.2185
2.4801
2.1847
2.2097999999999995
2.3821
2.3321
2.4553
2.6259
2.6659
2.9281000000000006
2.5814
2.4873000000000003
2.4047
2.35
2.5148
2.2975
2.4391
2.613000000000001
2.3522
2.3888
2.3665
2.3549
2.296
2.3628000000000005
2.7071
2.3457
2.2634000000000003
2.6272
2.537
2.088
2.56
2.3558000000000003
2.5611
2.5157000000000003
2.5444
2.5210000000000004
2.3794000000000004
2.0965000000000003
2.7341000000000006
2.6364
2.8588
2.5948
2.5511
2.5953
2.6061
2.4908
2.402
2.3853000000000004
2.7615
2.3616000000000006
2.4775000000000005
2.446
2.4735
2.5753
2.3987
2.5622
2.1367
2.5878
2.5377
2.5203999999999995
2.5696
2.2975
2.048
2.2516
1.9567
2.6745000000000005
2.5318000000000005
2.4802
2.386
2.3137
2.2081
2.4065
2.382
2.0988
2.2961
2.4821
2.5806
2.2988
2.5892
2.5174000000000003
2.4758
2.5701
2.4491
1.9623
2.5582
2.1667
2.1773000000000007
2.369
2.5014
2.4648
2.3449
2.3018
2.2167
2.5847999999999995
2.4329
2.3548
2.0845
2.5315
2.7865
2.4035
2.526
2.835699999999999
2.6831
2.643
2.81
2.861
2.4483
2.6154
2.511
2.3068
2.8018999999999994
2.9816
2.2238999999999995
2.3576
2.3261
2.3807
2.3118
2.2475000000000005
2.2535000000000003
2.3015
2.3486
2.4811
2.3909
2.4315
2.5253
2.3165
2.2773000000000003
2.6815
2.4299
2.4261
2.0213
2.2298
2.1712
2.1476
2.4162
2.3092
2.3619000000000003
2.4232
2.3445
2.3089
2.1817
2.1847
2.3949000000000003
2.2145000000000006
2.6877
2.4292
2.5988000000000007
2.4
2.692500000000001
2.6311
2.3978
2.4517999999999995
2.6843999999999992
2.6604
2.3256
2.6936999999999998
2.2173
2.1972
2.3146
2.5132000000000003
2.2857
2.7240999999999995
2.2334000000000005
2.6000000000000005
2.7872
2.947
2.6907000000000005
3.307
2.9579000000000004
2.7743
2.815900000000001
3.2552
3.0326
2.9599999999999995
2.962600000000001
2.9642
3.0212
2.7239
2.926200000000001
2.6916
2.8267000000000007
2.979099999999999
3.2578
2.9506
3.1049999999999995
2.7817000000000007
2.6584000000000003
2.9094
2.8052000000000006
2.8966000000000003
3.0537000000000005
2.8708
2.9931
3.1302000000000003
3.2015
2.928399999999999
2.9354
2.9117999999999995
2.8654999999999995
3.0515
3.1411
2.9571
3.304900000000001
3.3342
2.9762
3.7562000000000006
3.3509
3.4347
3.4188
3.3508000000000004
3.8987
3.5397
3.2254
3.7229
3.44
3.1155
3.2030000000000003
3.6920000000000006
3.5422
3.5264
3.3136
3.3238
3.386
2.8762
3.1376
3.1579
3.15
3.9069
3.9057
3.3051000000000004
2.9329999999999994
3.2026
2.9481999999999995
