-0.2877
-0.2404
0.5245000000000001
0.4798999999999999
0.4847000000000001
0.6085
0.5822999999999999
0.5533
0.5256000000000001
0.5069000000000001
0.5670000000000001
0.4548
0.3881999999999999
0.4836
0.7159
0.4639000000000001
0.4965
0.4637
0.4089999999999999
0.5189
0.4650999999999999
0.5272000000000001
0.4855
0.5273
0.4453
0.3980999999999999
0.6408
0.6407
0.7462000000000001
0.4986
0.3251
0.696
0.6628000000000001
0.6951
0.6386
0.8343
0.6920999999999999
0.6013000000000001
1.0963
0.7848
0.6588
0.7209999999999998
0.6335
0.6604999999999999
0.8181
0.7845999999999997
0.8197000000000001
0.9323999999999998
0.4866
0.9056
0.7339999999999999
0.8911999999999999
1.0964999999999998
1.0173
1.0192
0.7903
0.8321
0.5961000000000001
0.9724
1.1466999999999998
1.8438
1.3273
1.2308
1.5471
1.2977
1.6307999999999998
1.1730999999999998
1.4196999999999995
1.4604
2.1381
1.7228000000000003
1.5241000000000002
2.2852
1.9453000000000005
2.0941999999999994
2.3037
2.1242
2.1215
2.5393
2.0865
2.4735
2.4490000000000003
3.1955
2.2844
3.1221
2.5052000000000003
3.1451
3.6586
3.1117000000000004
4.137700000000001
3.7352
4.5345
3.9724
3.829100000000001
4.5399
4.234
3.771500000000001
4.5989
3.9687
4.1968
3.661000000000001
4.148500000000001
5.0814
4.9576
4.8697
4.4375
4.908
5.0065
5.842899999999999
4.4518
5.2852
5.0364
5.3761
5.5627
6.178399999999999
5.447399999999999
5.1304
5.9736
5.306099999999999
6.5526
5.4464
5.2587
6.0955
4.7037
4.6294
4.7172
5.1688
5.267900000000001
5.6495
5.5577
5.4001
5.3995
4.857499999999999
5.565799999999999
6.147900000000001
4.650500000000001
5.0484
5.1644000000000005
4.221100000000001
6.3026
5.395599999999999
5.1178
5.733799999999999
5.2929
6.265699999999999
6.415900000000001
5.776199999999999
6.1643
6.615999999999999
6.8365
6.808499999999999
7.2361
6.3953
6.426399999999998
7.674499999999999
8.888399999999999
7.2827
8.031600000000001
8.2393
9.1449
8.365599999999999
8.5572
8.1916
8.1525
9.3554
7.865500000000001
8.6317
8.1924
10.012900000000002
9.0991
8.470300000000002
8.9661
9.3001
7.973899999999999
8.5618
9.589299999999998
9.1785
9.409999999999998
9.5351
10.3532
9.8157
9.263800000000002
10.5598
9.4729
10.4257
10.533500000000002
10.4089
9.332299999999998
10.2953
9.5436
9.9726
10.774299999999998
10.3368
10.1667
10.1971
11.5925
10.334
10.0003
10.838500000000002
10.5267
11.2256
11.455999999999996
9.743500000000004
11.1742
10.565
10.18
10.7957
12.311899999999998
10.0756
12.444
11.1962
10.9151
10.6215
11.622800000000002
12.144900000000002
11.643500000000005
11.234099999999998
12.1634
11.5036
11.2897
11.1649
11.7709
12.2641
11.5809
11.6875
9.9972
11.388
11.347600000000002
10.3146
10.7779
10.5033
11.5012
10.3965
10.8043
9.7617
10.1967
11.095099999999997
11.558699999999998
10.000000000000002
11.2662
11.1016
11.6222
10.9439
11.616999999999996
11.4673
12.4128
11.7604
11.001600000000002
11.663999999999998
11.757
11.7745
13.099999999999998
12.7603
11.8828
11.722099999999998
13.264000000000005
11.9676
12.475
11.884
12.087199999999998
12.014700000000005
12.8019
11.620899999999995
12.819699999999996
13.3379
13.065
11.619600000000002
12.4274
11.5394
12.5338
13.5207
13.5003
12.459200000000004
11.5293
11.8434
11.889
12.2295
13.072200000000004
12.682200000000002
12.6479
13.0643
12.140900000000002
14.079699999999995
13.382999999999996
12.764
12.982999999999995
13.5458
13.098299999999997
12.219
13.2338
12.887299999999998
13.806599999999998
12.4229
12.6063
13.240800000000002
12.882600000000002
12.7078
13.8431
14.252600000000005
13.9194
13.554899999999998
13.389200000000002
13.169100000000004
13.708499999999995
13.2877
13.707299999999998
13.5506
13.944199999999997
13.765300000000002
14.975799999999998
13.2983
13.6501
14.6324
14.258200000000002
12.6893
14.130900000000002
13.0984
14.4848
14.5526
14.3807
14.055100000000005
13.146800000000002
14.2672
13.152899999999995
13.808699999999998
13.5248
13.961199999999996
14.2763
13.9712
14.627399999999998
13.5597
14.642199999999995
13.7422
13.5604
12.6513
13.3958
13.226599999999998
13.5294
13.5893
14.0267
14.1283
14.5325
13.794399999999998
14.296600000000002
14.0475
12.8599
12.6108
12.768
12.806499999999998
13.819499999999998
13.918699999999996
14.5725
13.829900000000002
12.8921
12.9583
13.859600000000002
14.034799999999995
13.455100000000003
12.4145
13.447800000000004
13.407099999999998
13.823299999999996
13.9066
13.4696
13.4937
13.5791
12.249699999999995
11.436999999999998
14.474000000000004
13.907400000000004
13.0207
13.733099999999997
13.6789
13.872400000000004
14.5154
13.249900000000002
14.0769
13.7534
13.966399999999998
15.035000000000002
12.7361
13.238
14.0022
13.26
13.315199999999995
14.3455
14.0849
13.6769
14.025099999999998
14.8464
14.0908
14.098899999999997
15.0009
13.2544
13.5339
14.774
13.004599999999998
12.7262
13.684
14.5281
14.6088
13.1182
13.304299999999998
14.360500000000002
14.2457
14.1358
13.356699999999998
14.4363
14.587
14.7054
14.5204
14.7137
14.5105
14.9776
14.563100000000004
15.437600000000002
14.5935
14.9025
15.770399999999997
14.087099999999998
14.889399999999998
15.640900000000002
14.638599999999997
14.2232
14.877500000000005
14.878800000000002
14.3791
15.084700000000003
15.122
14.9357
14.052500000000002
14.3266
15.320900000000002
14.3053
15.222600000000002
15.1643
14.7778
14.962400000000002
16.121100000000002
14.343800000000002
15.174900000000004
14.9683
15.0484
15.37
14.7654
15.515
15.200900000000004
15.486800000000002
15.0699
14.303999999999998
15.8027
14.563999999999998
14.647
14.6324
14.9386
14.6445
14.844900000000004
14.860899999999996
15.262799999999997
14.969800000000005
15.2061
15.1558
14.716399999999997
15.2321
14.2983
15.0232
14.5864
15.9209
15.369400000000002
14.9969
15.280100000000004
15.124700000000002
14.826199999999998
14.560699999999995
15.5764
14.6285
14.742
14.3661
13.446699999999998
14.651599999999998
14.263799999999998
14.3499
14.2748
14.788799999999997
14.9044
13.5901
14.3959
15.1087
13.627699999999995
14.403
13.937500000000004
14.505599999999998
14.545599999999997
13.804499999999996
14.369799999999998
14.5923
13.7304
14.5715
14.228700000000002
14.429799999999998
14.131200000000002
15.6337
14.207200000000002
14.7062
13.7578
13.628800000000002
14.597099999999998
13.613200000000004
13.6482
13.316799999999995
14.4791
15.0423
14.8666
13.484699999999998
14.8925
14.2314
14.228600000000002
14.472299999999995
14.3061
14.6693
13.9307
14.612700000000002
15.138
15.0363
14.349300000000005
15.0699
14.547600000000005
14.454099999999997
14.482800000000005
14.4121
15.612600000000002
13.834300000000002
14.264999999999995
14.648599999999998
15.4048
14.7301
14.332200000000002
15.8982
15.2579
15.1689
14.911500000000004
14.672399999999998
14.1656
15.0723
14.7445
15.753699999999998
15.0558
14.9851
14.5417
14.348100000000002
15.015100000000002
14.638099999999998
15.2262
15.3797
15.0007
14.6493
15.044399999999998
15.229599999999996
13.646499999999998
14.425099999999995
15.431599999999998
15.2939
14.597599999999998
14.8399
15.471100000000002
14.5623
15.3268
14.185
14.5727
15.503999999999996
14.111300000000002
14.659800000000002
14.713899999999995
14.950000000000005
15.7434
14.8134
14.058199999999998
15.0244
14.5427
15.3915
14.7487
14.0217
14.7336
14.7634
14.418200000000002
15.019099999999998
15.0691
14.9655
14.3846
14.961900000000004
14.9651
15.214099999999997
13.912
15.9111
15.2132
15.7337
14.9831
15.398499999999997
14.249900000000004
15.096199999999996
