0.56
6.1
13.106666666666667
13.64
13.5
12.29
10.63
31.6
42.61
44.17
40.4
26.89
18.4
16.5
25.12
19.86
21.22
23.09
16.66
19.78
19.94
16.71
30.84
34.76
38.26
41.0
31.19
19.18
13.07
14.02
9.76
14.02
19.81
22.54
30.31
30.38
26.72
23.67
20.54
18.39
18.31
17.67
19.51
19.78
20.61
21.18
14.12
13.45
14.46
15.93
18.1
18.3
17.85
14.92
10.69
14.51
13.53
14.26
17.13
17.32
24.22
25.72
28.49
23.26
13.97
11.35
11.03
14.05
18.92
22.25
17.97
21.3
24.93
24.36
25.97
21.65
14.17
14.86
20.72
19.53
23.1
19.13
17.37
16.1
16.03
18.4
11.93
15.99
17.53
19.35
25.28
20.81
22.41
21.69
17.22
21.8
17.57
16.0
15.43
22.49
22.36
22.32
20.43
9.95
9.36
8.62
13.1
16.76
16.5
18.49
17.69
19.06
25.45
22.11
18.98
16.23
9.99
16.98
16.8
14.98
13.39
15.36
17.68
19.82
18.82
13.76
12.11
13.86
14.81
11.03
20.85
23.64
21.53
24.91
19.78
14.62
20.63
19.81
15.81
15.22
12.36
13.13
16.18
21.52
21.15
18.67
17.36
12.14
11.85
15.84
16.22
19.99
19.84
26.97
29.88
31.32
30.66
20.19
16.31
7.77
8.56
12.71
18.17
21.15
19.56
15.67
13.24
11.44
14.33
13.95
16.78
16.28
21.39
23.52
17.28
17.49
11.02
9.84
12.02
12.19
18.8
19.0
22.1
31.27
24.51
23.38
16.46
13.88
13.42
15.27
15.54
8.62
8.76
10.16
15.59
15.04
23.54
24.57
18.98
20.69
20.97
22.38
30.95
31.26
21.81
19.49
12.13
18.03
16.76
14.57
13.36
8.99
9.19
9.11
15.18
15.85
23.23
20.62
21.27
26.7
26.66
29.84
24.09
21.98
23.03
22.51
22.93
19.75
12.89
15.6
14.06
15.02
14.99
17.03
20.12
17.16
19.46
13.5
13.39
22.08
21.32
30.74
30.19
20.3
23.09
14.84
12.84
14.57
9.14
9.73
8.35
8.15
9.58
19.14
25.33
24.59
27.3
20.16
19.84
20.28
19.26
15.96
17.78
22.15
23.38
30.14
24.13
22.08
26.07
21.14
26.45
28.76
28.77
25.3
27.16
26.48
25.77
25.35
21.53
18.86
15.4
17.13
18.26
20.11
23.28
23.12
19.31
16.4
10.55
15.35
24.79
34.41
35.81
31.91
29.23
21.0
24.68
22.64
15.38
21.41
14.83
17.11
19.78
12.73
13.43
11.6
10.66
12.02
18.19
25.08
25.14
25.77
21.93
17.06
16.71
13.0
9.68
9.23
8.16
8.9
12.02
14.13
19.68
18.5
17.8
23.04
20.94
20.54
21.68
16.26
12.37
17.83
14.9
14.04
17.31
17.62
21.66
24.55
24.92
27.55
29.8
32.38
36.02
28.54
23.26
17.27
12.57
16.12
21.65
24.22
32.53
29.15
25.83
23.48
14.64
21.89
21.36
18.99
15.11
14.13
12.61
12.93
22.63
21.0
23.35
25.72
16.9
13.44
14.56
15.06
17.2
19.19
17.44
18.2
21.67
21.99
19.69
19.95
14.56
15.66
17.61
18.59
20.53
18.33
17.63
14.54
13.57
12.85
15.81
18.74
17.77
19.35
17.43
14.81
19.28
19.9
16.48
19.35
16.98
12.35
12.56
10.1
7.26
11.58
17.67
14.53
18.09
21.43
15.9
20.29
20.31
13.32
17.15
18.16
22.09
24.23
18.88
14.49
12.8
15.08
21.2
23.03
21.37
23.24
19.8
19.23
16.93
13.62
12.42
17.52
18.57
17.04
18.65
14.89
14.1
14.26
15.52
15.62
14.02
15.26
12.93
18.99
18.52
15.23
15.04
7.47
7.82
8.92
11.21
12.68
14.18
16.55
24.27
24.93
24.49
21.61
20.3
18.81
19.25
20.42
12.81
10.9
10.24
7.59
17.52
19.76
31.42
31.93
20.26
21.8
9.47
22.12
22.4
26.26
33.28
22.24
27.59
24.98
27.01
29.57
41.55
39.57
43.34
43.67
28.23
36.04
28.95
25.67
29.41
28.01
25.3
32.82
31.51
22.14
18.85
18.92
17.32
17.87
21.44
16.85
20.01
21.13
20.78
26.3
26.14
22.35
19.65
12.33
10.31
13.45
18.78
18.04
17.21
16.21
15.91
17.46
13.13
11.62
7.59
4.64
17.0
23.99
25.71
27.61
17.76
14.85
13.79
13.47
15.22
14.0
18.7
23.36
20.45
19.36
18.34
14.14
22.1
19.29
24.53
28.46
20.27
24.81
22.23
17.52
29.5
28.82
28.81
29.02
24.85
28.34
24.2
24.94
24.15
18.88
19.9
18.94
17.13
20.59
17.57
20.92
17.93
23.5
26.73
22.79
22.72
16.55
16.1
17.37
16.47
21.66
23.33
24.45
29.6
20.91
16.66
17.39
13.79
15.18
18.82
20.91
17.64
24.39
21.86
26.64
38.53
32.15
32.52
23.65
20.3
17.28
19.42
24.01
25.97
35.29
37.0
32.51
30.68
26.01
22.01
26.93
