-1.4810800477051054
-1.250814081234725
-0.7244620026092471
-0.5317204318659491
-0.6101184914419863
-0.5255983943019384
-0.3962687178250037
-0.5703528749461433
-0.5998074080898873
-0.4612720457006898
-0.2882976283686379
-0.1304835817578983
-0.2550663034431769
-0.3165852902575878
-0.1602366751423699
0.132513229546744
0.2400161069795278
0.1558977820930497
0.1554971806089299
0.2382771519553689
0.2069300677575223
0.1382547520892158
0.0005164262337404
0.0827875323278534
0.1754352645019145
0.2035057128878854
0.440251080767411
0.5463500155750026
0.532531605426985
0.3672260541138217
0.336847320197772
0.384623270406604
0.4011712915762972
0.4092475228703817
0.3430467376512765
0.1949454735137913
0.0302391730424403
0.2936780193935229
0.4359466278221559
0.2663209311978391
0.285583185611685
0.3011742878603352
0.2690640493075494
0.3629319314562662
0.323595019236071
0.3140590501718238
0.3346840959622057
0.2236477149066239
0.0381502889556138
0.197014752204392
0.2808540262733438
-0.0647861226218392
0.032854914514246
0.2201992124619602
0.2393941060214065
0.4283681168032808
0.492630059475684
0.4643673841260791
0.4914367888400466
0.3410539527400988
0.1368038063674502
0.0948124271151533
0.3074122369212005
0.4431868536880945
0.4009664906625872
0.4396721309499145
0.499198552661842
0.3976501617090322
0.3531280618665671
0.571044969686885
0.493712074136189
0.3655943214451694
0.3636494534199581
0.1912781499335566
0.1679589703147748
0.3468640023909751
0.3847334031998816
0.3155819105953019
0.3177474588569698
0.2870399823872268
0.2486346008828823
0.2108258374384856
0.2137815382207398
0.1211305511808026
0.1793281888500819
0.3406127601037843
0.3164075252643076
0.2335911534458071
0.0237919696573065
-0.000407658692345
0.1802774630386691
0.1318963270817865
0.1701352855128637
0.2409545833383338
0.1895179175017971
0.3342002696531456
0.2983630484419298
0.1778348563146233
0.1920503367146711
0.154718507308656
0.1941044561940395
0.2567298803596659
0.3201471287293262
0.3338352798551202
0.2949256898964761
0.4161354491271306
0.4113751350308582
0.3712487394650364
0.4615334507465259
0.3513773409742793
0.1037859390113762
0.0134346594011147
0.1242359820383083
0.2389746709605884
0.2370819382990837
0.2745404755894385
0.3274560543866966
0.3577647752927953
0.0270716140905947
-0.3302491959338552
-0.2463662154443607
-0.1661224659946966
-0.0998804717833215
0.0646671470455458
0.1526556005860805
0.1649597014111095
0.2364891156805385
0.1976577366718523
0.1793536706090645
0.1303297768429049
-0.0543699504539183
0.0961422342887384
0.1857598678103221
0.108932155568004
0.2593190544660481
0.3082830805747208
0.4085809896243731
0.3564375247242992
0.2635097765712202
0.3368385222040492
0.2818361640782265
0.2358173297880282
0.3748665561345289
0.3995096588733715
0.2310374318201728
0.1117473469227156
0.0984870122706866
0.1852533138055861
0.0906681235028151
0.1395782409656695
0.2327278161257205
0.2012955793554312
0.2057235943192655
0.2438261266883511
0.2246643123644944
0.0450143076542474
-0.0070153972469398
0.0844247204281951
0.1391550128717632
0.126850204077406
0.0550485557799064
0.1633220549819592
0.0677134501152577
-0.0412466064002939
0.2230231514869487
0.0956580183729227
-0.0049046308811425
0.0645546080901462
0.105459620526107
0.1778592288373208
0.159232141453785
-0.0400895394936353
-0.2143695582175672
0.1078502820495377
0.2472564344244279
-0.2056702413745191
-0.2263035817066738
-0.0015136747342701
0.0767817314620333
0.0784566592759443
0.1236654232381688
0.1673988493171575
0.2246339905545402
0.3510731300219424
0.0710760258167122
-0.053360402910838
0.0544504464776739
0.0720368896138832
0.0337819606566859
0.0224651509804104
0.0982002151104771
0.1716266137634153
0.2594142716290841
0.2763333456533584
0.2280939758548226
0.275292808762707
0.2610592429971055
0.2123538353104896
0.2477454015687704
0.2362365495806407
0.243125913975857
0.2453503753794211
0.2046473854653369
0.1568225538054906
0.1145793168314653
0.0685394444614528
-0.0895446902829354
-0.0918825167026658
0.0962201380177659
0.1417839078609866
0.1167831731114961
0.1324887702460275
0.0805628032873477
0.0574706452958307
-0.0677757765659963
-0.1411168887418832
0.1616757215710784
0.153096875770408
-0.0854104459824074
0.1693381437615612
0.221858288502214
0.1930782588457698
0.3732597693058183
0.2696506469294231
0.0945370800968701
0.0633831844489239
0.1160734688241618
0.0935224210309031
0.1951060549338591
0.3518470180604491
0.2292758113827901
-0.0090027400664951
-0.0149574021182493
0.0441650917869097
-0.0261097180072053
-0.012519265045169
0.0590515450885966
-0.0740679912445665
-0.0415009427862852
0.2043140107410148
0.3111427018300279
0.1696035745855243
0.2018209161926122
0.3420999498308938
0.1687211293545223
0.2680373838136282
0.3823952621902459
0.235436079174429
0.3280279186905946
0.3265948754699981
0.2061980910171905
0.3090502011339779
0.2949506883123888
0.2683406224664729
0.1600128621310982
0.1267095000923161
0.2601336171133463
0.3427068305843511
0.3924781592431282
0.4434173243426222
0.4672486814154707
0.4190596800552015
0.3626068950957136
0.2497681009168649
0.1780639313424505
0.1476487229462368
0.1788795313552872
0.19707107353238
0.3872875634088222
0.3898740184296214
0.1640683418892707
0.1476626165186696
0.2291917567829585
0.3016441686261785
0.1964272790082155
0.1036555141978828
0.182622063575038
0.2594080890208649
0.318602888687095
0.319356058014727
0.2354759815420837
0.257309711482383
0.1308071966720908
0.1053776027003118
0.1149255943110009
0.1196345918713211
0.351272436943057
0.3958242831780582
0.3803571801726154
0.2556058524914151
0.0858994942632912
0.1440136430064834
0.2222837490680165
0.2208813092018526
0.4029735646933817
0.3812850508169692
0.277388448222567
0.326953056194276
0.3024115962922836
0.18782944793347
0.1137031764310079
0.0771828041489093
0.011858385648033
0.2438823680084559
0.4168423268895996
0.1434560733407956
-0.0876809350323418
-0.0841745052410749
0.0746997875595001
0.1340800079678423
0.063491896376117
0.112858138397072
0.0160168913083408
-0.0447766600025326
0.0698388220704863
0.0940106408671528
0.0555430122680873
0.2248776404850592
0.3120514907883989
0.2794976864420007
0.0692305622706938
0.0322326058724422
0.3384352602518968
0.3528334625648537
0.1283214609540112
0.0429948996681913
0.1516203773672855
0.2570370529879452
0.1871271875114104
0.1792224892247235
0.298733991298124
0.2775085642867186
0.1501091599399834
0.1252757370972081
0.2221453623043497
0.190711186295393
0.32255102841933
0.2790003157054738
0.1200554152973941
0.1147540294435218
0.2198414820318314
0.2806908564520171
0.0631331440838001
0.1376875874069077
0.2489711247130577
0.3000496222567693
0.247058678723036
0.086918727059927
0.0997775017526537
0.1364058573739203
0.221516988535129
0.1790983366297172
0.1096635954721102
0.2401718997147485
0.2116899259422937
0.1794896545808846
0.1693160435931698
0.141869413471871
0.1791585761443231
0.11228756262067
0.046225603823007
-0.0115409643521689
0.0244465833030487
0.0620703252854649
0.0505307462613622
0.0345870751210764
0.0108424923868993
0.1265816602533237
0.1738899999519453
0.1309857801543448
0.2312144150663385
0.2838362797070086
0.3426137652028885
0.3249225782561516
0.1118729615324911
0.0218278618436409
0.1396158523260042
0.1077055853573836
0.0433803724241213
0.0833367579252199
-0.1135568395540096
-0.0762782305035128
0.0766282477709839
0.0208586267935013
0.025057096673829
0.0594658690295514
0.1577351743657266
0.1778538384136126
0.1123560092293601
0.2863959563377735
0.1957423916730133
-0.025423585259864
0.0918432017156613
0.0682472497378434
0.046807895383492
0.175058859537924
0.2048684928710272
0.1222460825595366
0.1194847938664184
0.1337738754246599
0.1540181810999594
0.2394750584611775
0.1681091267940572
0.1042613443376894
0.0598985070521544
0.0399337237878058
0.1328863680160853
0.2308054057658762
0.2742506048511943
0.1995435938853372
0.1065037212253991
0.1063017272362185
0.1135085099502451
0.1595822215960954
0.2118297463624739
0.254041824456497
0.2299301700051484
0.1426456917009669
0.1314854918751541
0.1175068593311789
0.2556752336596182
0.2810163035757634
0.3582822360556587
0.3014637761944588
0.0600179347748219
0.0620934696405975
0.1507304033848719
0.167401129302672
0.1415136707663075
0.2927776540223257
0.3525776284143848
0.1483538230646744
-0.1172023252585124
-0.0725598554844898
0.073127763548164
0.0651414489209567
0.1333737148798781
0.0102040299624501
-0.023067278517132
0.1625256565005462
0.2258992741986661
0.1472045782246058
0.049692213117005
0.1052063723240514
0.1163650114711816
0.1485943025880611
0.2672488315233957
0.2462399980033798
0.2742354192544363
0.3356489149117168
0.3029601331440519
0.2056869417390031
0.2373209254786035
0.2725780089481517
0.2506054562322097
0.4013171616309516
0.4455292998953201
0.2945533884077443
0.2572141871370157
0.3191646252881021
0.3581381784098091
0.3842058336209157
0.2082466415745518
0.2058651283874524
0.3733070441188786
0.3012473362205938
0.2144405110660418
0.2540485158692251
0.3054478814985621
0.4041314196841201
0.415655863700515
0.3030845228190998
0.3037422271846102
0.3344390825037219
0.2676418955927371
0.1795777072341429
0.1691109918275012
0.2572456084782119
0.072576775405622
0.0811783145368459
0.319883107385844
0.0559285047170425
0.1081199064557219
0.3221284111461079
0.4129657010866316
0.4755183804643873
0.2475309009201379
0.2127590866278687
0.4590183041656932
0.4155847432964505
0.3961492329668173
0.4963745769944547
0.3241998336099388
0.3626623670840369
0.4087181800163308
0.2042033425338705
0.1374521778407194
0.1823168695810743
0.2737617765353095
0.4310864053249947
0.3255718807080532
0.2091756072654005
0.1200838755082733
0.0495384181831465
0.1452230933739238
0.2032964420515376
0.2121273520401938
0.2170650193130514
0.11950830762402
0.1419823851652202
0.2586473021700232
0.3280643324781566
0.2683741857244329
0.2760297030788758
0.2361577943742945
0.0535912570204843
0.1966028049925913
0.1168540421606254
0.0882477733366749
0.3321481707415196
0.3127536104555123
0.1041902900138685
0.0225879905407029
0.1593327943701407
0.2221632208627618
0.1630751840769682
0.2348459761053501
0.2818875843045473
0.2477881163236803
0.1334923134852687
0.2260963890100205
0.4566043806405759
0.4226094359862222
0.3022587009189612
0.1554407618796528
0.0467214981032477
0.079281121198895
0.2072704600599816
0.2111056629623807
0.1988240558035206
0.2241525711439632
0.226078474807006
0.065755564114651
0.1207248457837336
0.2784748858261507
0.3594345503026554
0.2841496823721335
0.2259339486742612
0.3227142183781425
0.1503657608751966
0.0675259024990444
0.1218024505061491
0.1558171644400499
0.2559704227836603
0.3576306811240252
0.1856386841426088
0.0302007430862022
0.1676760392919198
0.1415975841380168
0.0340066544661587
-0.0130478399176585
-0.094916789963521
-0.015391490296983
0.0376957739692136
0.2095372390665224
0.2383526349999894
0.0368692375377062
0.1018736071771704
0.1454212373944095
-0.0255842907940658
-0.171802214433871
-0.0582306851467195
0.181630639235383
0.1230858443330443
-0.0969986174612086
-0.1093880233589526
0.0055202093891126
0.1131868704559136
0.1373903246158094
0.0840919162987065
-0.0398041734359523
-0.0674663378495314
0.0603430212986369
0.1981791012280214
0.198256251796248
0.0774624465781415
-0.0214092053866197
-0.1392772331559197
0.0688700637743466
0.0867054422495505
-0.0011855374821031
0.042492106647003
-0.022293740844077
-0.0820336388052271
0.0264419572498617
0.1699363059607768
0.174659224055869
0.174644291581603
0.0994961217926885
0.1545933219350811
