-4.734908343130574
-3.545189255937752
-2.698073947981896
-2.061325681688759
-0.8329681135445344
-0.1808513721679735
0.1247449268767066
0.1902958310114778
0.237317736206664
0.2277807529639858
0.2768905318521441
0.327573572887556
0.2920320454859462
0.3119313581343687
0.2787414027921323
0.2745171332295641
0.2825900631967989
0.2824787016939264
0.3297106652759447
0.328994080663277
0.3312799511775716
0.3668997309414716
0.3252185143423914
0.3165248495660928
0.3942008080673169
0.4121619786181628
0.4304846826068608
0.5390718421275934
0.4871488283102982
0.4828041071890673
0.4965320592731239
0.4052078876351427
0.4551846564605211
0.4056840441596466
0.4210492965639443
0.4204974144409256
0.3380179053848461
0.3191462619301372
0.3566233859232651
0.3490355021369495
0.3898710487918045
0.4110591110867886
0.3684266665764502
0.3850623567375473
0.3832495928184647
0.4956167738376589
0.5346127400521127
0.6168599940791363
0.6695777513377404
0.5940732297022386
0.5811510864480923
0.4025634283293103
0.3827777498233043
0.3872192111316586
0.2949669304928256
0.4866981371363754
0.4354521608681121
0.4470892744045001
0.5264966131513331
0.3516927833003022
0.3369162727762191
0.3735288694043185
0.3095943382514218
0.3910397194078689
0.5313880129598421
0.426130575035871
0.4936963679928405
0.4362283487338617
0.4110583424321247
0.4766721979752056
0.4812725395142323
0.5623074444071406
0.6063410119417316
0.6087665870471769
0.6203171049106253
0.7302927308839001
0.5794712716422262
0.4777732724899852
0.4146890937243511
0.2139995856369939
0.298725710544677
0.4465900305617853
0.4347150799506037
0.4751097898068838
0.4320098172851239
0.3854853224871907
0.2579648879260351
0.3859658748301542
0.5115185417716942
0.4693966327900145
0.753472732344242
0.7130313619729143
0.6359882736821294
0.7225531985260173
0.6324216594619324
0.5655345272137225
0.5583213107623607
0.4535601657398602
0.4608799180256854
0.42304485717485
0.3714994218730114
0.5613800225798277
0.6187818255296592
0.6639395994727927
0.6459759992549797
0.5070675088432869
0.4955676368947875
0.5975433691118708
0.4916536823137178
0.4848382234176036
0.3698995693047139
0.3378603963860799
0.5736611288687032
0.5477977778033235
0.6318079762967714
0.6843764167413802
0.6378786168689444
0.6898953745857653
0.6988167242732541
0.6077912203273609
0.5989218620821062
0.5130632814797348
0.5164098845032373
0.6477386601853437
0.660109990885129
0.7255025858494362
0.6825588210254336
0.6520720767328381
0.3933630032072788
0.3616936726573639
0.4025858470342582
0.2566829627995455
0.4162264272539663
0.54422796569259
0.5483458431802646
0.6502068175540768
0.74327176483296
0.7087324229895475
0.6751941435287004
0.6576795959901234
0.5804738379345231
0.3500041426940152
0.0839918452975393
0.1258100755145322
0.1922142303175105
0.2931480361203041
0.5720583390761027
0.5224979794325576
0.5555498097697416
0.5852094333460927
0.5025719438117083
0.550132678320538
0.532021270094127
0.7195514053117249
0.8444486729203675
0.7511193819020069
0.714928853767813
0.5726749690330531
0.4795416874250784
0.4480984284640807
0.4726913640539371
0.500364120058732
0.5354979777803129
0.5098405629455529
0.4252549613198853
0.4894809359037673
0.4497782600421372
0.5715639188369576
0.6891422763533253
0.5521287489579985
0.6123582246560965
0.5801027201548199
0.4085553148697338
0.42993169256813
0.3387159940056203
0.2495233973900691
0.3707256921508113
0.3111185699337026
0.3829440310125333
0.2755232410641298
0.2727100889314829
0.3556593938815671
0.3419580555885849
0.5825456710252138
0.6349192966630329
0.6226146834628219
0.5802723661711923
0.5763132778717505
0.5644500629009633
0.5912300890854776
0.6512068305456105
0.5781191456001047
0.5175587123337756
0.5756515380539936
0.4970134708802468
0.4783835819198987
0.4369550755490043
0.3661730566033342
0.4844200944727322
0.5378120351284663
0.5325849486193553
0.5226511207738693
0.3690681586219853
0.2632200182428619
0.2111334123095377
0.2027484377613857
0.2489077592525357
0.2895736374593461
0.3391753633717232
0.3309156520318433
0.3272909352647635
0.3663189638784487
0.419125366561106
0.4373444536225648
0.5244524979801055
0.4300659986513102
0.4422066976310112
0.3158860608495841
0.1987376664776773
0.2711105179701328
0.3759648440755601
0.4935415420985728
0.5531229422546923
0.5321015305590582
0.3900688418147877
0.3104187096857586
0.2231578125556157
0.2530241181620326
0.1621177738240825
0.3662297374613913
0.3908660427079015
0.3690493968772291
0.4322840065683924
0.3200892552571746
0.357978279882495
0.2286155496172696
0.2302726472053779
0.1568073020830074
0.0384005206024916
0.2724965456550492
0.2681947117955547
0.2307752839027649
0.3018766406767184
0.1060509335724834
0.1274976643784487
0.1536788633233607
0.1973706447368338
0.3031021992262852
0.3538624924958096
0.4021958273255041
0.3705207006330041
0.1445711801513065
0.1122273674893727
0.0876562416149347
0.1526076133339766
0.2153524650260515
0.1510469161077398
0.0657600039582972
-0.0096753404499793
0.091807453656643
-0.0084852351480748
0.061796806136731
0.0979246647748939
0.0843806131895803
0.0287919989001462
0.0450478227641696
-0.0117202159353121
0.0003238704029919
0.0956042775122175
0.0562413591851948
0.0743830580378013
-0.0075105560518917
0.0775406559234893
0.1256602070997981
0.2105997187054559
0.3108473081079798
0.2450958403007574
0.1008279701228005
0.0042135842515791
-0.0045337641985013
0.100584677367059
0.3015892407016338
0.2395589905543213
0.2466155757573175
0.245753635313376
0.2436049863106934
0.2654690937794235
0.3166243680398286
0.1939539631183112
0.0972645292296159
0.2045477549729482
0.3079995938214313
0.4604584165399448
0.6511042122028001
0.6995326321880598
0.5875145975344706
0.5209976400853913
0.4675275706565909
0.4656486379104366
0.4635722104542473
0.4501243291206531
0.3136191101645103
0.2636510192960237
0.1939265422054019
0.2021946080658651
0.243753399296873
0.2537589470668293
0.3341299611690338
0.2983117535030264
0.2769628739189535
0.2627886291781663
0.1369531519576529
0.1500541881030389
0.2174325420609283
0.215504888686995
0.3188974880820297
0.3070870679514877
0.1555105380855249
-0.0038288692305387
-0.0668613826379179
-0.1117559962427181
-0.0426971955272154
0.065471424146771
0.0635435612433034
0.1217838360079248
0.1913002496471077
0.1379623622893144
0.0942957326574718
-0.0043308737760749
-0.0531732477804181
0.0871970405485065
0.0784818194935524
0.0603584996068391
0.0717257677466616
0.0156420488102847
-0.0108311833620018
0.0914134920355086
0.0533499095072897
-0.0157940009048905
-0.0063754299136788
0.0542999121999584
0.0593103097694589
0.2118934935394441
0.304816496598853
0.2698701333643691
0.1849860938813805
0.1244611220795145
0.0448017813897256
-0.0687110253223503
-0.1233903097244312
-0.1978384560119296
-0.2033870619068078
-0.127787068086522
-0.0567777499248814
-0.090741505463504
-0.0561848795856592
-0.093225311065942
-0.0517609673584174
0.0676618008325278
0.1132184634193592
0.1017820406100406
0.1225340146690052
-0.0691101961651293
-0.0677084968293341
0.0400397478323218
-0.0101513922038812
0.03092130450567
0.0473689025669005
-0.0216941922236924
-0.1371634564826229
-0.1963385724883981
-0.237137708456282
-0.3427869372044685
-0.1811022806885368
-0.0568152871523265
-0.0141413678575082
0.1572655658004176
0.1559865990635254
0.0793411555447013
0.0595448656645375
-0.0916593408884503
-0.0875430109836725
0.053464077158144
-0.0006052583384908
0.1511883862409189
0.133283300743584
0.1923182545598977
0.2326255549157806
0.1169588400157164
0.2992088449723679
0.2022626739709527
0.2163383011494527
0.3608565296199779
0.1765453158851594
0.2396133087820308
0.1242558951056194
-0.0021216713409908
-0.0764849971224849
-0.1701981085202024
-0.2514880165997866
-0.209773835112553
-0.2678600489548701
-0.3308429790133077
-0.225620006229915
-0.3385696415855269
-0.2158464014547553
-0.146351067273342
0.0049041806430367
0.190283516951722
0.2329179210211127
0.2150166797101762
0.0789946967830406
0.010259040018463
0.0506404255788604
0.0941657531918821
0.0306813309561861
0.0302275201753362
-0.1086834664336422
-0.1644295248480884
-0.1257410275977026
-0.0617098370820639
-0.0344361997855556
0.0364146971939429
0.1581906908081388
0.0047083726361483
0.0458702803000586
0.0490236547387944
0.0077764582287787
0.0388189261462961
-0.0039527272438114
-0.0457110948314118
-0.0318809799750141
0.0590517073892461
0.1431425888752289
0.1551903650264494
0.1501712695115033
0.0966603157885134
-0.0012651041972342
0.0458287510824171
0.0260025572618297
0.0336288149223725
0.0647937566317311
-0.0565358140748232
-0.1236879642724916
-0.1117961485706668
-0.055924890127094
-0.0216922384251057
0.0959690463113253
-0.0345821700787828
-0.0236556658208398
-0.0532540638061346
-0.1091326720001488
-0.0053748994327236
-0.1065694784106869
-0.069454503921313
0.0095886562697984
-0.0526692990181281
-0.003913279648158
0.112192817627851
0.0428205048076142
0.1317329608725349
0.0864592476253922
0.0364218586180476
0.0366641890554346
0.1412159001524684
0.252867841319116
0.2019255958876461
0.1772358311720804
0.0439761067100308
-0.0101106964482772
-0.0325014205340482
0.0045917966286754
0.0563828688477818
-0.064928514313169
-0.0920987945776612
-0.0760464252556871
-0.1077167531659007
-0.0056534825242404
0.0015378358916103
-0.0750744335501197
-0.1509509932075391
-0.2385340019496707
-0.318473779757495
-0.1860598725929816
-0.1721547027629395
-0.0843580799275205
0.0680220459218657
-0.0798841712816643
-0.024313144646568
-0.0389032543596205
-0.270810553398692
-0.1298643154444406
-0.2389006316920408
-0.238240639559953
-0.0149143133478445
-0.1001753479043959
-0.0060235307989863
-0.0426423716318124
-0.1320690069645694
-0.0812698780113598
-0.1246216608506588
-0.1082305181322315
-0.0804173464991818
-0.2133474950531178
-0.2208753277183061
-0.1235680432985653
-0.0152659580891208
0.0677621065043924
0.1532652169663128
0.0675012664343758
0.0511306807505387
0.1059883186109037
0.0980114863836739
0.1771845688203029
0.2032213954061827
0.2299340191457093
0.2796682088100304
0.3101132529540537
0.2459865298289722
0.1768087476991111
0.1054754411436281
0.0640611202546257
0.1546110790039299
0.2750469915273401
0.2943092490653937
0.3641848777475167
0.3530705881270901
0.2274496727221591
0.2659908399458142
0.1307159862405314
-0.0352559305126766
-0.0061264581846319
-0.0458724612444492
0.0079347336898151
0.1211364354650917
0.1371655751210141
0.0621587139133674
0.0187529715715668
0.0300298562045476
-0.0352639714814063
-0.0002561365568487
-0.0765112606520572
-0.0579450604384521
0.0045751385593324
0.1108353434964366
0.2738361570765879
0.2033079880983807
0.1612891778713547
0.1197888718903782
0.1152206523094132
0.2274339529712555
0.2797441175325119
0.328224082293024
0.2935988534243933
0.2570606315058585
0.1896652107114081
0.1923087662000189
0.2061505540546751
0.298355945843393
0.3915511408751901
0.2904725161563942
0.2892854161297608
0.0851892722547157
0.0439822293780878
0.1085206720853299
0.0861676031630529
0.1767673380257307
0.2179231029317997
0.2179354454225443
0.2324440000517197
0.2093769608903127
0.1412429251839927
0.2155850002559644
0.1908811047416559
0.1388043822033896
0.1943358151741084
0.0902461289949077
0.1169527572331848
0.2127944025824258
0.2540912939464884
0.2647871734590863
0.1963335694560685
0.1399508497978019
0.0226187833438256
0.047535081826066
0.0686173312436441
0.1426575305840408
0.1838490621053594
0.1770805107100601
0.3239812162784437
0.1674836201846778
0.199481815441561
0.213222681297435
0.120766454735264
0.203732617997195
0.1364468953464371
0.1783526673209299
0.2323083323032864
0.2686939373807105
0.3949020614087217
