-0.1507807240223303
-0.14607806073084
-0.1068976328054303
-0.069304514291605
-0.0141867642377612
0.0734468945413419
0.1770398220333459
0.2982797218010968
0.3865348914855904
0.4669838908663458
0.4564637702415053
0.4666676101240451
0.462155778401054
0.4706138952166115
0.546004610484541
0.5327408327203449
0.5002475233632471
0.4293873557502206
0.429167567836012
0.4530019000858146
0.5351452477365204
0.5777997662533239
0.5686771962346348
0.5691799402581833
0.5158430617012277
0.5243901930064778
0.5912675710277027
0.5094939261326188
0.4546882668227545
0.3940709157182127
0.3065344540331538
0.3848862633012198
0.4839681255962991
0.458637739646755
0.4275374245553718
0.4355956580889814
0.340211321236287
0.392645400621551
0.3464326214098227
0.3164694047046066
0.3754668373519607
0.3527496036237185
0.5644254197251231
0.511331532615067
0.4987062707788774
0.5924555664150442
0.4379466230234337
0.3891569687874856
0.5187830924749095
0.4600588359376659
0.4592866881810292
0.5423900343785841
0.4709340184536
0.544553713584551
0.5216800233022639
0.5702469623598685
0.5706345715343843
0.5014825682127817
0.5843169064996607
0.5635034448419938
0.5397781402966233
0.5267369186083032
0.4507403017277008
0.4580025160676421
0.5000644300775176
0.6261746320641041
0.6542278469031261
0.6186171499749739
0.6295527034067301
0.5478743849087695
0.5977485514368219
0.7583357726913192
0.7649116493459038
0.7678859463117069
0.7329584948126754
0.6407041356789712
0.647849090264902
0.7219560941375843
0.7592009726442445
0.7404994839796811
0.7683245519817885
0.667482069910166
0.5667855765382586
0.4479382176991981
0.4093024582076516
0.3758882737226001
0.3825259975348046
0.4884331385635689
0.5293494289989665
0.5395486173630047
0.5502914114243492
0.4711272439719285
0.3377203251621767
0.3931176756950094
0.2708097883832862
0.2862860857501194
0.2712473155678702
0.0593204708319416
0.1437939518180236
0.2110456930118575
0.3109492044328961
0.5295681912171541
0.5838465144365648
0.3641519567790797
0.3061259205714107
0.2399296438293272
0.2486452250472944
0.4478399192430781
0.4768074313573628
0.527273438868517
0.5130134089812001
0.5619240942733916
0.5372681374152107
0.5015344403095896
0.5489951288317984
0.41745907392825
0.3743416421423298
0.4121665351282928
0.4065764422277313
0.4677780372988085
0.4672223585463745
0.4457316656623938
0.5320272980527693
0.4822658912090686
0.4799654060334669
0.3281465890665197
0.2463761855067078
0.3284992676070458
0.3231353982837791
0.5009280113172846
0.4844061508739631
0.4205555115030094
0.4434324247623811
0.4361781126217318
0.4548995963333502
0.4735218220349083
0.5489290347497929
0.5113454413832236
0.5962611208842806
0.6432811635475789
0.6814169691597516
0.6548816288599226
0.5092354229466123
0.5311159863294356
0.4819246568817876
0.49853051211416
0.3933320205802361
0.3569222265138432
0.1593740657350538
0.2666454192977744
0.3375607132749992
0.3164382897794535
0.5253714362891941
0.4319350367856474
0.5591689080728037
0.4709453885681137
0.3183293685836696
0.2523360855184302
0.0504223023224071
0.0010043380170379
0.0553949039152002
0.1414476240712814
0.1742053281803232
0.2878192067642331
0.2682679811142541
0.2640334124661031
0.2920148160707973
0.2637573076495021
0.2355637139817395
0.2937536631605511
0.4032164729258231
0.2943874137327495
0.3528375568118243
0.2479536428340399
0.2342217764162261
0.2623890419715884
0.1451428416901255
-0.0132598640160384
-0.1260198033035449
-0.002070737786752
0.0351019546489364
0.1209841813841536
0.1535175977824739
0.114998473855226
0.2728184461103264
0.316617228241121
0.282610299067175
0.2500105280885492
0.13147200678068
0.0369798337127138
0.0469829819912784
0.0851524834929771
-0.0490418959787337
0.0073441251765387
-0.0031361079554797
-0.0425667731183269
0.2370582940399922
0.3220398535276111
0.3531830840469046
0.3656848024198255
0.2212108492761329
0.1068211885926483
0.1363317068975671
0.0841381769843143
0.1037467200904218
0.1691704260981018
0.1887592460898989
0.4073253375419854
0.4768678237710287
0.5799238576091947
0.561636078217012
0.4807759725002183
0.3677096580744119
0.1984100005377091
0.1228409434053556
-0.004414149445732
0.0181361407349036
-0.0289058045782385
0.012353127450668
0.0585544735678201
0.0160793551630969
-0.031794418622908
-0.1593216613096437
-0.2989746546127499
-0.2978248629626494
-0.2445979418482699
-0.1349725450761451
-0.108231164651652
-0.0904722164357255
-0.0537883363289182
-0.0871161553716353
0.074512414124479
0.0789684530259762
-0.0201761079991946
0.0236852836596446
-0.1350210962927464
-0.1050840639465536
0.0020358595627433
0.0221957482887707
0.1161108598517518
0.0546576833746109
0.1245716378638978
0.0896739685645205
0.0555134191940507
0.121486184819623
0.1273444578933555
0.1093003436189883
0.1319067758217706
0.1765766014694113
0.3336928446391532
0.3921119275516552
0.3614709402053689
0.3450874772460167
0.2868626284636463
0.3167066845177935
0.3296957984402384
0.2869705276370247
0.340113732821579
0.2423398440008987
0.1873563168914808
0.1921051720893869
0.0474843630654832
0.1212810386394
0.1311772796203639
0.1500279502910291
0.0805945448404858
-0.0661310269983635
0.1204575620389327
0.1280418874437711
0.1636051809295085
0.264378346919612
0.191888971054412
0.2338643660408399
0.3138504814626992
0.2844031643917102
0.2866227347984346
0.2165929597352423
0.1833592617597244
0.1893700699872696
0.2031333001083376
0.2744248506398767
0.2532555447189491
0.2811550061440059
0.3517043072851137
0.2653137846247365
0.3769310693467378
0.3997087432126834
0.3788606753756675
0.4604981896503461
0.3207390674871686
0.3752887114039629
0.2456497709109238
0.2744948558224298
0.296334441191296
0.1510198634264929
0.1877148668079979
0.0374640390443197
-0.0273420304269335
0.1008552263859652
0.1950346939869474
0.2700075335891568
0.3941716090307373
0.3497604509663203
0.2664863131056051
0.3423102015153702
0.2425509361222078
0.1273606914933905
0.1298582104641087
0.1464201110557133
0.1296528523995614
0.3129637256520781
0.1628343190646472
-0.0241494189454924
-0.0642100351135072
-0.1968530211843201
-0.0041561490487597
0.0375388722312201
0.2128721812422705
0.2356820017620313
0.1745443748015992
0.1597264399835329
0.147351554369557
0.1252897887471978
0.2150831268714017
0.0802913907225506
0.0187691657673556
0.1188759711365497
-0.0205124516147521
0.2879259728172725
0.2881306509933625
0.2662424081554949
0.3016868385761803
0.1914965303167327
0.1726522984647367
0.159010475416815
0.1324554150001108
0.0806870952130049
0.0971811649258733
0.105163607399455
0.22590465045016
0.1068914697448793
0.2231190366106735
0.2590821937564202
0.1924615149095832
0.3861516991602458
0.158005987594471
0.0167146239012932
-0.0365581688512353
-0.0582628794813354
0.0155221460309473
0.0910748684220274
0.1208036415142424
0.1706686144987184
0.104567116600355
-0.0313200466355375
0.0044590883272737
-0.151539698064102
-0.2282471724144977
-0.0761735377598621
-0.1256892669234713
-0.0428829783403413
0.0708018081238478
0.1674023588855426
0.1510336100134182
0.0728375716017862
0.0701380140349018
-0.0353144957428308
0.0384556888760862
0.1034607438959292
0.0994212984334774
0.0959774746161019
0.0299324246124351
-0.0059229652379259
0.0765415640958058
-0.0515702992638707
0.0140180646739101
0.1414710969007175
0.1225890465992911
0.1339018485145916
0.0369380015246057
-0.0914742200299473
-0.1900212149701281
-0.2413608088376753
-0.3815268712015417
-0.3185750460658725
-0.2995686690711234
-0.1529468827104137
-0.0248560150083833
-0.128932262306876
-0.0634250711574325
-0.1164051684967938
-0.1810403085931428
-0.2065768815144547
-0.1818650934555932
-0.1745024506149422
0.0297469069638941
-0.0078769569530038
-0.1074072593079045
-0.0349462621785862
-0.1105543006133236
0.0571841814207902
0.0275461956275707
-0.0720588037881476
-0.0466720158205302
-0.0542887099687143
0.0812736688829612
0.2741690674582347
0.335022138225985
0.2385474169403926
0.1845025814036577
0.033456762458628
-0.032171697504546
0.0728572010518359
0.1138718058070906
0.1908814880386378
0.2213273028480209
0.1951375032392515
0.1560949971233398
0.0817250533187343
0.0290846083052691
-0.0295442972261472
-0.0235580453508612
-0.0592585013840179
-0.019374480517558
0.0585224928606618
0.1475830434357875
0.2298110978421609
0.1455059282004807
0.1620159138841665
0.1598125501546338
0.1942027710971846
0.1533808432925991
0.1321032920611015
0.0416429772408971
0.0315652697698612
0.0367413472691988
0.0449909956188365
0.0457102256891444
0.1094518808295019
0.2907043832185962
0.2991659560999037
0.3160461469059761
0.1154482058516476
-0.0671745827957359
-0.1063845489633562
-0.1306044737921766
-0.0104940764995032
0.0811086264245651
0.0735558189507559
0.0626676275449719
0.0003786159964861
-0.0056801748551373
0.0437373430600712
0.1151063658759745
0.1739157269638319
0.1425986590987722
0.0685694333961377
-0.0360250454302506
-0.0359708192907706
-0.087073774181532
-0.0376296816472759
-0.0244264218196539
-0.0424306245372163
0.0660210949227758
0.1679626736870262
0.2213869797684639
0.1791902878701272
0.0363147747956811
-0.1699732121459347
-0.1025728629462943
-0.1241183577928683
-0.0923813866909004
-0.0149702145270699
-0.1643003030482659
0.0229599527934066
0.2108570554546764
0.3493849148662508
0.4011259112822435
0.2440486965691235
0.1114713915771797
0.0235417030232341
0.0373945152738949
0.1130543731832501
0.1655165044253755
0.0754951441322576
-0.0201762135297818
-0.0752025021115253
-0.1159819134943959
-0.0906809411539601
0.0495943188971447
0.0745602992606768
0.0728514886554639
-0.0037181377060401
-0.0906199476019076
-0.0779784184337713
-0.1319539668645648
0.0441010251889435
0.13126013701794
0.0617136158642835
0.1875260226075238
0.0525037830356767
-0.0505096296013073
-0.0191015433394029
-0.0856909482057012
-0.0357093235659784
-0.0195965985373811
-0.0324156623182403
-0.1125593187323619
-0.1946737984239169
-0.2151198743059171
-0.1642061514553832
-0.1832437206605215
-0.0434269175951281
0.0535481701045679
0.0481328485894291
0.1049069572235735
0.0531198477845351
0.0336676759130785
0.1445891414777166
0.1249768191872632
0.2877655154627366
0.2815794844965174
0.2643048819174254
0.3777789606202401
0.1930975698635708
0.2126822909468345
0.1142258540264517
0.0207361604651817
0.1218725269714813
0.2796882511789025
0.3080580714972367
0.3239090189047386
0.2203993794239994
0.1484054088941327
0.0891531362547687
0.1352211692721643
0.1657065215953549
0.0826241669276537
0.0999120934545399
0.1151601292062617
0.0710048704258174
0.1677766484714211
0.2594819102564164
0.3744949433130548
0.3920840098332438
0.3266268448330735
0.2370122892420435
0.1202679210632708
0.1252381628510945
0.1495993063285438
0.1523436890491078
0.1656177311568327
0.0699154318921583
-0.0191920361522448
0.0495402337849526
-0.0300456037863107
0.1326846693614706
0.2757439700826247
0.1150443072506702
0.2030510307298517
0.1835801523330099
0.0888688312129002
0.2942068172442472
0.0596032459820136
-0.018870264723002
-0.0084816474571558
-0.2482441394617738
0.0930312319967667
0.121834458245964
0.1183372532335478
0.1870034826669719
-0.0138962143363664
-0.0139126274880885
-0.0868791645265133
-0.1234984846173333
-0.1176573062084057
-0.1142345243186726
-0.0602525383805886
0.0563979415217424
0.1882223984483864
0.1689585494669764
0.1808203972509305
0.231713149857253
0.1353465109018737
0.1667572585331729
0.0834398043111038
0.0319723467985743
0.0378486637283076
0.110098034681376
0.1484683025103211
0.1294837808819614
0.0454930989973983
-0.0297186763651818
-0.0925554865314494
-0.0104228975433861
0.0989448614277818
0.0506501639692992
0.108799020335749
0.0175792886883172
-0.0278293696059308
