0.0439970488988181
0.6986984815970877
1.8994789794478664
4.212096372917419
4.455082481755386
6.8236285748065
11.105388442719644
9.2892421409173
10.401589645719174
10.609043895913665
10.401181204014796
10.82942644390272
11.175919178101578
11.453531231330194
12.051249467423627
12.940510077676612
13.128859964607836
14.31630851218882
13.094813671571568
13.370263832643868
13.68061932361428
13.226106640558832
13.0023517633787
13.390907798963394
13.690637813524743
14.222369372842438
14.461066280237503
15.095295318550338
15.438458564022442
14.82893951967098
13.882463022086448
14.34145092289291
14.849726769342029
14.00207930671108
13.788586149465482
14.1241460490155
14.17916831917084
14.292481432813254
14.45137868326789
14.283123144755969
14.044399937604869
13.740872692741158
14.081121467911167
14.065584775903986
15.067258087324172
15.156621059190234
15.537403379892696
15.616218409994383
14.64569232209153
15.024038652205126
14.664355806209388
15.057674631194224
14.420802884268763
15.223492445236388
15.01617402756584
14.92942881462604
15.109020950289214
15.237419863962634
15.368834687461211
15.658831109422254
15.897618931626043
15.540006004169632
15.627140558350474
15.578939648481642
16.139632933950836
15.883133292943183
15.80218205688846
15.696658679220928
15.74799447633708
15.668474455388797
15.69662863250597
15.90119084208368
15.635069020148704
15.908332900081172
15.620456307309396
15.837142051710762
15.85339868038042
16.07978917553455
15.98125102222212
15.7358419385127
15.760332498075844
15.89998479374613
15.786772426763912
16.02388170152068
15.704929761212938
15.762208497123336
16.16468485431076
15.70351700801468
16.04085648639107
15.959449796530576
15.639601628371611
15.941950979439593
15.738595116031952
15.595197374533525
15.730459135798553
15.599272682493742
15.896093870354242
15.670661664747763
15.981933473183291
15.792596202223868
15.807300842269235
15.906213975916316
15.92490089104128
15.830776343320208
15.769154201026856
15.629255073104172
15.792875349652116
15.765420578298643
15.834580009628551
15.717611451862773
15.881728135065597
15.804813690608894
15.720803205983897
15.650160203575716
15.565870756985491
15.7347825679769
15.869434851531537
15.94822143599657
15.876362424957744
15.86277000339191
15.619610415747266
15.725570553636066
15.75288036404888
15.58893151528329
15.785606604007446
15.901138654846704
15.880224077861266
16.045357208755902
15.837481658488604
15.87740689498711
16.086355921240667
15.718870175624843
15.8070744200987
15.858351254058704
15.968500219516908
15.794580629699997
15.66112238817136
16.11857157074211
15.811994623863711
15.786647958797944
16.05012907790801
15.806715266006943
15.52031993716376
15.734968428513952
15.695880800730428
16.068605139837878
15.520297764047845
15.825120482155242
15.766013080252982
15.43276953378478
15.650580457619196
15.792620628407162
15.824729063420088
15.811163947289652
15.995148465998634
15.918579086105485
15.714686972014078
15.745171715734184
15.755552420380004
15.76684003915045
15.50440645943107
15.764219942779029
15.602896788908202
15.978736921797635
15.699918422496207
15.72951822315648
15.841920800381809
15.940571545669115
15.749812582918844
15.82099001133631
15.68969817641258
15.7802041992791
15.683822641363069
15.474122369860634
15.995489539604
16.006025218906732
15.61289622820026
15.582556842046396
15.72978986043256
15.454221872780767
15.92435577573006
15.709257153156951
15.837694176075924
15.84403131145002
15.732069899253538
15.779281716248423
15.762996026784345
15.728078043930584
15.881544505831672
15.649968904805744
15.479947356823129
15.821672665491024
15.795574451520222
15.85262199132625
15.67439412827502
15.59004208189942
15.500447222561863
15.853931654087756
16.00124179697943
15.715657627166102
15.784870032221477
15.8151104392618
15.723198601294198
15.996275730148696
15.803704445208014
15.886038301921197
15.90357648176075
15.776638509732832
15.727966411456883
15.900553447419204
16.218120200876307
15.7721556043334
15.483621784737142
15.886433246183918
15.936361520943995
15.862458603222963
15.77728081891137
15.475714136933489
15.740965855201306
15.808974391662574
15.807248016326076
15.565632954220616
15.723655130892109
15.801382431603946
15.780937320415717
15.770187524367882
15.627148111422551
15.7489267639222
15.84547031561085
15.740559515163577
15.634827423774473
15.959973184113284
15.711526557955208
15.578745827323324
15.518433217507386
15.9608149999567
15.438347021843358
15.967476814803929
15.669620699482566
15.64371955857585
15.70455330612286
15.33343105484026
15.772924942407426
15.67083307810017
15.684596733537584
15.467465464999243
15.764592922336467
15.977191336324196
16.04117719957718
15.645473830141787
15.660600567011738
15.67917160101264
15.589247962347228
15.569340863662154
15.63205837466404
15.79221195246996
15.692383636853624
15.800859742546194
15.716632961420906
15.741233788632483
15.656491537996622
15.768109073769368
15.822993334290144
15.633859008470528
15.609227690383328
15.932568646117936
15.689885774958958
15.81810625187906
15.721326919998418
15.749309626680134
15.76642029537164
15.87879077736592
15.63819728929851
15.67576092147875
15.735878248216595
15.951698405534708
15.74340299554734
15.936647868554488
15.818371287355165
15.608245924571351
15.705593626934467
15.660695533628736
15.474903476868583
16.00139927324364
15.982361403476869
16.116146034893553
15.683065054321949
15.735260857173005
15.883381623383302
15.746473142715688
15.517225000390646
15.82830119250468
15.688579166463462
15.613915494520262
15.514183965114562
15.674340526259316
15.880151476541808
15.707990592340416
15.865180318764535
15.766785934429468
15.855944855217356
15.897803971369404
15.549335044186073
15.819616912040306
15.531181942474891
15.683622606040847
15.665135683199727
15.724503532689214
15.888562985283654
15.67989350884772
15.765138662463372
15.703723101950574
15.527573118879843
15.71362994714274
15.561443789022295
15.758981759751755
15.818584726136978
15.842621163371398
15.587000497471772
15.720257035541122
16.087756283969576
15.965187178961331
15.56974682544153
15.88467330410823
15.944843283969249
15.756105369220505
15.952468151680469
15.78749254263004
15.851451972352884
15.932026120633957
15.878543577584333
16.06009101788179
15.9786811862001
15.828022814209945
15.89196057371355
16.073303109873688
15.907643210202387
15.562080122243977
15.71243782312894
15.769477524689886
15.956026613120509
15.846004030706036
15.966242031815272
15.651758876301178
15.559496563071802
15.70275326168696
15.917728064382214
15.742290074628803
15.355206214976125
15.558783847625696
15.76356368047074
15.643910810753145
15.667778073406245
15.713724691566007
15.644304200254329
15.84317251814215
15.874706499205146
15.788989321330725
15.842211456976
15.907518243625208
15.869656431669965
15.83487637898322
15.327873334764444
15.684272508948878
15.526371756657186
15.915686319591323
15.577347471334276
15.685514228889636
15.743948428016338
15.966261070704869
15.824131049627608
15.55533471811576
15.357804130249976
15.81361012062626
15.630086159131393
15.841334038718083
15.925314326211517
16.08072776302075
16.37207554846732
16.33369428838413
16.337192278862464
16.435790496780967
16.805141326433407
17.03007299526257
16.664526696071324
16.40088589880447
16.57680611310377
16.50826969020968
16.83421027742302
17.129929972996777
16.957253694269934
17.02082290403783
16.87981731410618
16.775326661342653
16.760928142804698
16.888636793414864
17.065947962621223
17.2938859672577
17.49152501708639
17.323404956039834
17.28757884256687
17.790327265224224
17.681387860177
17.775144701124194
17.914523852206706
17.847577847588745
17.619893463442715
17.603805255549393
17.84692419055116
17.726699471581927
18.076462184441066
18.159796668295673
17.953208570277383
17.75053691283195
18.047251761632587
18.06989522599561
17.986584213037528
17.920473107330853
18.17979309095368
18.27199500557314
18.421724539131304
18.242412378767995
17.99367235743186
17.76594349818513
17.954547916049194
18.14164671979696
18.065058275095552
17.782059904336617
17.817033033505894
17.991642106677592
17.833786251740893
17.8627658886352
17.705001154658838
17.793030860332212
17.701080811812826
17.713191271316102
17.68076926543963
17.91203514767088
17.78030654090771
17.898483595648965
17.6890880998538
17.96044677850514
18.045301850437312
17.772412633020828
17.791616343746036
17.815833704104953
17.537236504544488
17.60529727033023
18.21625217226416
18.47094229799425
18.420367190277325
18.588318889119193
18.61516996903349
18.532179997317023
18.62439033681048
18.89341442776667
18.846005221722322
18.897780359570007
19.20529329845977
19.116413360713214
19.231792801271972
18.751005167076965
19.133578501969104
19.045134422113186
19.114661686106956
19.34260742611468
19.340311411872545
19.30700460353886
19.410677675586943
19.21779171532443
19.29471018972662
19.22764010302374
19.073257705712084
19.18516610880052
19.535370097054592
19.503381859933228
19.620885976999425
19.721481919481953
19.5837216116146
19.904795337377678
20.00996220715899
19.920770040532087
19.887496828328207
20.04889935321362
20.402424340487634
20.009307490704753
20.14577126021775
20.461980305039518
20.398056703562514
20.439922462612166
20.364812425945818
20.30200671048416
20.092364167051382
19.96868644953874
19.930479436546417
19.981678898524358
20.314749569005183
20.0659841239148
20.33924697694929
20.61155214126385
20.772724745219982
20.916413896027024
20.984751026814543
20.864286822687724
20.805913038528676
20.79797157102398
20.762356740189553
20.87013431854143
20.84592033716549
20.712873224188552
20.617013931771595
20.479930641238443
20.567453611131445
20.698154160766205
20.59256373428091
20.57790371022438
20.495729245651805
20.67958176536621
21.044521681408845
20.879446588925415
20.795074174619334
21.129409568551736
21.169052268177353
21.32214546874653
21.373462749696653
21.21733514996339
21.26290328025998
21.22042516370124
21.23299701349126
21.079730033502468
21.108481431629233
20.754475193176628
20.615063165188825
20.750398004430412
20.52361007163549
20.798328501827722
21.08223692164519
21.282229026436998
21.251291568813105
21.00912000833077
21.116963647072794
21.32483125562174
21.152757030807823
20.98335350427598
21.340690558322226
21.254451822923635
21.218168027800722
20.950069565517794
21.1061935687831
21.428890139159158
21.164456623921023
20.87661015819618
20.965771907090375
20.703114571090023
20.39053350446413
20.734477511561135
20.3580840649114
20.339426456997074
20.081667184713123
20.106872082596205
19.781029059106356
20.05860471722086
20.284789682658907
20.078720864918644
19.825132337391068
19.67350516222949
20.098584543964094
20.33246978773732
20.205055164325774
20.271364332289174
20.29741001067815
20.385645742821982
20.401648327860038
20.723668539827152
20.252051546454304
20.298167533890393
20.263553656753444
19.91001321989799
20.046352568202316
19.772051256240335
19.530605721921436
19.517201268010837
19.37206394379591
19.499575695186174
19.618170389109856
19.340425035526522
19.408986880107662
19.421470519583416
19.37499972137389
19.188840426206035
19.226452863154826
18.97643598861103
18.6798089398957
18.81055435453844
18.972001173463056
19.08498353607686
19.111777264938183
19.425388716176197
19.433113033166578
19.671534866227873
