1.4583529862508595
1.765481586914068
3.556781935328694
6.149463308004731
6.8453704566621125
7.634695123778348
9.406041061362728
10.968544840118245
13.08715928512331
13.13352093124871
10.86431579867462
9.43248369518496
8.855727734684606
8.488235249651112
8.276515038467672
8.029608987022867
8.545382273675717
9.389833487724571
9.719648472911356
11.080330316602469
12.446188355351593
11.091762185114144
10.72944172968174
11.187384593175938
11.19962100764014
12.056760699080025
12.203920810015507
12.776386750887037
13.052972165216968
12.457498027333637
12.90426522731141
13.2060840288644
13.410697083318006
15.039507034358088
15.732120462652482
14.270908705475671
12.790579741988314
12.41942601820017
12.59626543053087
14.316321781325003
13.595717730276506
11.90399551719605
14.1865467161901
15.474316032354103
15.045986183536142
14.28387162675492
13.14360779688434
14.913983797134824
13.30188936638175
9.55490888170959
10.109547459193994
12.56845856735339
13.620560977022828
14.242672176221534
14.91962508913728
13.683600658834134
13.79234272019652
14.219905937259924
14.272124894135574
14.219704594503712
14.291476787432307
14.182418943992827
14.177608827045708
15.163853471297
15.01150259449131
14.13445677498235
13.923639415639332
15.38162045667144
13.876815756416525
10.761461002400258
10.969068007485452
12.805755552651096
16.192804354880753
13.465933948371354
8.913059248849487
8.85516523878328
9.016210464554378
9.25740373322934
9.32244846722449
9.87374662478569
10.626609795631396
10.977657925909774
11.246180176695548
11.50167222675197
11.573012304413982
11.801857663250498
11.89479924804488
11.93787241957948
11.900418448934612
12.091169607522852
12.75977182762309
13.03472876073713
13.866013492057927
13.705957176402771
13.311898669886824
13.698873645497834
14.352196267769548
14.181853597034086
13.505937717549608
14.19304409510626
14.49718854118747
13.890382907932088
13.809796008440223
13.266286051983288
12.165478841259825
12.41713666279807
13.284405735489658
14.04432121736042
13.475776429284457
12.892525372538246
15.740284254412131
15.376406284962933
12.4223642563136
12.729263757295644
13.242695626605856
14.097320066000666
15.541016110536594
14.878660368554565
13.13220099181778
13.073839482461114
13.752940629699197
14.578637735396551
12.690264229011486
10.497897318999907
10.643808650465376
10.555210639477506
11.141119990692246
14.621666748388469
12.730484744165892
8.192341598434917
8.409657335554307
9.538272318116272
12.2246945193198
14.49865663208433
13.999499033518472
13.443057553985128
14.142348529778282
13.77176795413068
12.882567658305389
11.578076491521864
11.123781061964802
11.365574782495374
11.132369553671884
11.231482757903514
11.157189591772791
10.695483996415584
10.18890211769382
9.84675666537034
9.971549601277248
9.812220362825348
9.513515347218718
9.540307467764684
9.916922927114555
10.163562541762518
10.011849177560334
10.849433653226011
11.755817414396711
12.511560382220669
12.262609550308396
12.488389778081276
13.99592774393242
12.69265523027063
11.171321861080084
11.954994163063082
11.93349050300968
11.262107290625089
10.973282511875766
10.125982037874373
9.754744878595735
10.224030109714615
10.967449500783246
11.87627358117789
12.080084928552374
11.629442068774292
11.558462411661798
12.735720586981008
15.560826981313456
15.866136890883318
15.037181462400236
16.992480485044005
14.40183183116314
9.06579964021826
7.232673118659582
7.213054704551118
7.470885993247414
7.356063494353188
7.3560038075158225
7.478546085003078
7.455329807859383
7.389451043152794
7.454862571072244
7.622843022993014
7.654702423319849
7.695912098600957
7.8804360981572925
8.140025181147339
8.427130816946468
8.547851246072463
8.872689249362876
8.949823247607856
8.877897216554178
9.084527521860798
9.120340864933413
9.291902302329744
9.821567303982746
10.11770412610876
10.11552252788894
10.18052855330239
10.300017295460194
10.484664738816036
10.749773799835328
10.893861505580626
10.770435344900122
11.06849646772435
11.418605108146478
11.92926348017771
12.63470447047317
13.141494180219816
12.955709558836766
12.24454938638111
12.443603625448686
13.680091229336313
15.14163969856688
15.065959094292012
14.972546520312855
13.92790135314088
11.190963225047014
9.559045923805472
8.91583920188833
8.598169304061619
8.17281464369335
8.123628769958511
8.232001356479977
8.120847545196717
8.115161451025406
8.34403090131166
8.84705645805405
9.1954409551396
9.236597692651298
9.300921501608656
9.524966169533728
9.73532269172804
10.32368881367188
11.202674472129925
11.375375855180488
10.54109777722639
9.952919000833289
9.9427494630443
9.841560598736637
9.770435877185626
9.872672818858204
10.012262152435548
9.731263063187546
9.733903305672696
10.202304384309429
10.29714253765806
10.672425885189616
10.899656178073656
10.44136273386514
10.456050016410044
10.975050962840946
11.220982751477289
11.10096523915538
11.079562284715244
11.387174193337083
12.877286424665847
15.170309689767992
15.662215577692796
14.174979916159923
13.517509135637532
13.06750920020112
12.536550054037088
12.515674673459012
12.54872002753912
12.38428173825502
12.322202488240594
12.567076815253374
12.990805945124247
14.058312990044652
14.389928555386646
13.959646329816206
13.823769265100896
13.557818158101156
13.64522683238186
12.638716116585757
11.110654495711378
11.021184273355637
10.944831143223563
11.054438719104011
11.13493248973472
11.02023323046803
11.119295845772784
11.273607858792884
11.297773818734504
11.611393831284971
11.879119629872168
11.963004715498078
12.201047000683964
12.423198682120448
12.00328763508301
11.903990384650111
12.404775739439009
12.54433420895611
12.91959702413354
13.19560010946759
13.115129479337142
13.108262155911648
13.3589684751437
12.49129717016178
11.577170926315976
11.856138039283271
11.899164304948895
11.545666981688282
11.70486718539492
12.032367708277274
12.95709356257622
14.203842908686756
13.555689588910404
13.06669130814024
12.93409628681235
12.202048114747509
12.23931978206698
12.843376463859991
12.619039236173716
12.133242449811034
12.646539202631365
12.898960422245054
12.78090190025878
12.639142003198383
12.623102054416185
12.25186759194822
12.010976567113994
12.630663417802388
12.75116108631511
12.544895299652625
12.486487194746678
12.654048754649976
12.680877578020825
11.77031935665364
11.14302338742873
11.053620661776437
11.131815697699686
11.326173422540286
11.183161062247745
11.196868199381829
11.519411241342295
11.72938583490153
11.71885967287378
11.772282291876522
11.844256687929327
11.935431252617684
12.17268226575188
11.923515829912212
11.598904091649468
11.830164765764176
12.17120125721982
12.387718419840212
13.60995672779286
14.76825211689637
14.4528194538498
13.63827750533818
12.559948902582637
12.122475246075703
12.073267881831658
11.753410937157998
11.83768203162268
12.23754774724198
12.479238112837804
12.630420838167735
12.943916469919326
13.079792140832232
13.220556573266768
12.91802782040353
12.538819119391356
12.894196039841932
12.966243960573102
12.695852204843488
12.902634827369624
13.181434018279278
13.261185257810157
13.125661494237823
13.03408125809879
13.13224859526823
12.55600003319208
12.115145780047987
12.261223709784318
12.576704094392058
12.634674194031827
12.385898003995615
12.18988053599698
12.186164332590788
12.301479420577458
12.408694005453883
12.401617000148546
12.695372247292886
12.685610551901892
12.627261508685772
12.851770636215909
12.72248993208663
12.74401951020277
12.998727693548094
13.417601263686784
13.515365957026276
13.29123518329622
12.947580270881058
12.305335864178971
12.032746336347738
12.470969158329568
12.664917489976938
12.16778206957522
11.837093070208423
12.150478344759094
12.405632425411875
12.206716013170698
11.906879017294486
11.779238857412802
12.140359375837356
12.399951400966158
12.487068804950887
12.724024380448132
12.672338943056625
12.972911679765552
13.238235160498466
13.250570810700085
13.476919517710876
13.71370518786777
13.474836876305826
13.071907409623991
13.144681522064966
13.880806877663051
15.075682702642448
15.01637553776233
14.272724115085868
14.145462928630254
13.913293457055028
13.648044188002665
13.638750156792566
13.431768502892488
13.604745268957824
13.831599067369384
13.89413928158413
13.982758447030935
13.380157032026531
13.107853509654817
13.285589212502412
12.931428168410983
13.181429049559556
13.404135602171005
13.21228733532724
13.15876165145798
12.945782229423658
12.935906037007046
13.101748443299988
13.898808849058144
14.23262015501106
13.7733354955314
13.969977525644373
14.40028103504614
13.617424093312252
12.806213303907953
12.747570623590615
12.699484855736545
13.089486720483723
13.112651051998936
13.33467111617143
13.47988032130519
12.980885550795325
13.447862955314468
13.839326600124076
13.393285033307874
12.96892917387292
13.02578011876395
13.116328417220911
13.35065922916797
13.507535131279994
13.613501112709033
13.475884926313023
13.2694528645288
13.37853838731544
13.441775381846426
13.491496783357931
13.196179648591691
13.208302294671384
13.554769153371668
13.388230374972052
12.968744732129585
12.971438893162
13.189036833860444
13.445419698286187
13.323960586993296
12.91134380448362
12.844909451474589
13.030178805348086
13.416958632670298
13.484614438179236
13.330440012904967
13.5465791358079
13.279580175434733
13.015893457705902
13.28047554834131
13.366355139766258
13.65680451432499
13.74360039978065
13.542744703749111
13.24266534177358
13.17211193871385
13.227225021962836
13.325363552732078
13.64942418878315
13.7694412989698
13.879603152524322
13.588478205213756
13.254728302966818
13.112888259781249
13.10506613546865
13.22926665628028
13.412772051474189
13.770966561490818
13.932548428631176
13.482873637508396
13.491977591107004
13.694500573305245
13.608062021143628
13.901143381957922
13.985992443149197
14.047831007909265
14.331461238737065
14.226834264075714
14.089912151513964
14.167555913761417
14.202143485309016
14.271304993779625
14.286986995022048
14.347399676155987
14.794403726398514
14.84734779691557
14.513064809538353
14.461610443254544
14.592326023771124
14.004784348088137
13.462834495851457
13.741932002445653
13.880290904540296
13.897273599103755
13.630675462232292
13.361829013501833
13.478958129764733
13.679100423756765
13.52497796520829
13.544875856121092
13.497896351453551
13.32738316952166
13.049329820418793
13.07010044629139
13.669485395250298
13.709509450981336
13.60366718034518
13.763250011854048
13.738971095774865
13.682259859439773
13.91472674245894
14.381879927624214
14.504377044344364
14.295514828522055
13.93264052232495
14.03664919612897
14.668892587417345
15.251405673822134
15.460868419221285
14.976321138995113
14.974287247911356
15.130083146732282
14.4076201992142
13.676414535659816
13.657808099397366
13.772819876705867
13.743196945825066
13.569329992736456
13.533576864303662
13.980876996497914
14.145097444767398
13.98150208431798
13.955755051749057
14.206628086566552
14.511658509503826
14.736607032005129
14.80818860807764
14.574121706411022
14.25106898402163
13.915341692892143
13.474491487783409
13.436774606192952
13.803567316084264
13.83449893503418
13.996863543930374
14.414034443924743
14.423772825002857
14.713823784190094
14.895218243747722
15.114618153163253
