14.06
14.49
15.89
22.7
32.71
32.01
35.82
37.98
32.36
32.68
27.59
38.56
34.09
33.61
26.95
35.11
44.49
40.42
37.57
30.47
26.69
26.44
28.42
53.0
39.12
30.71
30.54
29.41
32.7
29.99
30.2
27.26
29.58
23.21
24.77
26.87
25.47
22.19
20.3
22.19
18.61
20.23
22.8
18.89
23.71
22.0
23.52
23.19
16.32
20.4
17.22
19.24
20.12
17.38
21.0
20.36
22.69
23.9
20.36
22.6
20.76
18.55
18.11
14.45
21.75
17.76
19.2
15.98
13.26
18.94
13.49
15.08
16.23
12.89
14.49
15.93
12.76
13.68
11.7
8.67
10.16
14.47
9.97
13.81
12.1
12.03
16.45
13.42
17.97
16.35
11.94
12.18
11.65
15.83
13.76
11.33
9.75
11.12
13.57
13.98
14.33
14.24
13.16
13.42
12.75
10.22
14.67
10.96
10.2
16.81
12.72
12.34
8.57
15.24
12.05
10.71
14.89
11.26
8.97
13.73
20.14
10.0
17.14
13.96
13.65
13.31
9.1
13.45
11.8
13.61
9.04
12.56
13.84
11.58
14.33
10.86
10.77
10.83
14.66
13.46
11.58
16.76
11.53
13.16
12.43
13.03
12.13
15.37
10.54
16.08
9.18
12.97
11.15
13.8
12.05
14.3
14.44
10.93
11.75
13.95
11.18
13.6
12.82
14.38
14.65
11.63
16.31
17.12
13.26
11.68
16.1
12.59
11.96
13.28
19.36
14.85
13.76
12.27
12.98
14.92
14.23
10.47
14.08
16.78
13.54
14.98
14.75
13.06
16.78
13.46
16.29
18.68
17.28
19.25
12.91
17.24
15.9
15.49
15.92
15.25
11.08
17.09
17.05
18.05
15.96
15.76
14.95
16.57
14.23
19.62
19.38
16.17
17.11
14.11
16.0
21.91
18.37
16.34
15.28
19.14
18.9
15.29
14.61
17.82
18.13
18.22
18.96
15.95
15.78
16.5
20.36
20.21
19.65
21.81
16.24
18.94
16.63
16.51
16.44
21.54
21.97
20.94
20.78
18.38
18.09
22.7
20.1
13.92
14.81
17.14
20.37
16.13
16.37
19.76
18.98
23.63
14.53
17.3
13.45
17.04
18.13
19.04
15.18
17.47
17.4
15.77
16.69
14.32
13.34
17.67
16.4
18.15
15.69
12.29
19.9
19.24
16.57
15.08
15.31
15.08
13.68
16.38
15.49
16.5
15.17
10.98
13.78
15.3
15.87
16.94
11.79
18.22
14.03
16.63
18.64
15.98
15.32
15.16
12.96
18.49
16.24
20.62
17.09
16.41
19.29
19.07
15.25
15.88
18.63
12.01
12.68
11.98
12.28
18.3
13.85
10.33
9.92
11.26
21.2
14.47
13.95
16.9
11.53
13.22
12.25
10.19
11.96
15.62
14.74
14.44
15.06
11.62
11.67
11.96
14.13
11.25
14.23
15.35
13.59
12.27
10.22
13.96
11.13
15.42
13.17
16.25
10.97
14.73
12.0
13.91
11.56
13.41
15.19
17.65
16.05
12.87
13.57
16.09
8.46
13.19
13.54
10.34
16.56
12.58
13.55
14.0
12.27
14.01
11.86
14.71
14.37
17.81
11.16
13.14
14.55
15.93
11.51
14.59
15.05
11.1
12.95
14.86
14.32
15.69
13.19
14.59
12.66
17.18
11.8
15.05
15.27
15.29
14.05
12.16
13.67
16.07
12.96
19.66
12.08
14.42
15.87
17.52
17.06
12.12
15.35
18.39
14.63
13.36
14.82
16.66
18.03
17.15
15.13
12.61
17.04
16.76
13.09
16.64
14.0
17.4
17.06
18.25
17.0
16.74
13.44
13.63
14.1
16.82
16.71
12.47
17.31
16.28
14.79
16.91
13.2
15.59
16.22
18.4
15.25
16.61
18.99
21.79
14.18
15.43
14.09
13.95
17.47
15.74
16.81
13.92
15.99
14.34
12.81
17.56
15.98
12.54
16.89
13.86
22.58
16.45
18.13
12.56
13.11
11.91
15.1
12.98
16.98
16.51
14.37
19.82
14.8
13.99
13.89
19.16
15.66
14.62
13.6
16.57
18.97
18.2
15.4
16.46
15.73
19.2
15.34
14.42
15.14
18.05
16.46
17.69
17.21
15.53
15.67
15.81
15.46
16.03
14.35
17.49
19.73
16.76
15.81
16.16
13.71
13.54
10.41
12.72
16.5
16.16
11.34
18.31
12.86
11.37
14.82
14.71
17.25
15.78
14.03
14.36
14.04
12.71
14.39
14.26
16.21
15.83
13.68
14.75
13.38
14.86
16.12
17.32
18.17
13.1
14.22
14.96
18.25
14.08
14.7
14.09
11.63
15.38
16.18
17.6
15.52
14.86
13.99
20.76
13.76
13.89
13.7
18.56
15.23
11.13
12.86
14.5
14.22
13.56
16.92
13.04
15.81
14.55
9.54
13.77
13.11
15.25
16.69
16.27
12.83
15.13
14.36
15.58
16.19
17.26
18.38
18.15
15.05
18.06
17.84
17.4
16.41
16.43
18.49
16.89
15.88
14.02
15.07
15.61
13.25
16.66
16.71
18.88
15.07
15.64
16.29
17.54
20.07
18.46
19.97
17.21
15.24
17.6
