36.47
34.78
42.43
35.77
38.57
45.65
41.45
41.91
37.51
38.86
32.93
34.34
34.72
35.74
36.33
33.5
27.76
33.28
42.25
27.36
32.36
29.72
27.59
41.38
35.8
35.63
32.41
33.04
29.95
30.43
27.41
27.93
30.86
29.35
27.45
27.46
32.33
26.96
27.14
22.24
21.72
22.6
23.37
23.52
27.19
23.87
23.72
23.27
20.05
20.04
18.71
19.86
20.47
24.2
20.24
25.11
26.03
24.63
19.75
19.6
25.48
19.69
20.51
19.85
21.91
17.6
24.99
17.43
17.45
23.26
11.33
15.57
12.37
16.58
14.22
24.17
14.95
18.53
17.08
13.41
21.31
18.15
17.79
11.03
15.7
16.9
13.9
15.53
14.22
14.97
16.27
13.56
12.6
18.93
12.58
16.84
15.11
12.08
19.27
11.76
17.25
12.53
16.82
16.89
22.39
12.35
16.23
14.83
9.88
15.5
13.7
16.08
13.54
16.22
12.96
12.27
13.11
15.05
12.5
11.8
16.75
13.92
15.11
10.28
13.21
13.85
10.64
9.97
12.77
16.33
14.25
12.74
10.79
11.15
8.14
14.96
11.1
14.74
14.01
11.75
13.74
10.45
6.09
12.59
11.0
14.05
8.77
16.03
11.39
10.68
13.09
13.62
10.21
11.4
13.43
13.89
14.93
13.23
13.92
12.25
11.67
13.19
15.55
9.02
16.82
10.79
14.98
10.1
12.94
14.89
11.35
13.96
12.17
10.75
19.38
8.4
16.71
13.14
13.7
9.22
17.04
10.6
15.52
16.11
16.9
16.15
8.44
12.58
7.85
12.88
15.08
15.9
18.02
14.47
14.1
15.83
10.36
14.92
13.94
15.46
12.18
15.41
15.44
16.28
15.05
15.44
11.97
16.44
13.16
16.84
12.69
15.64
14.88
11.12
13.34
9.1
13.55
17.77
15.82
12.25
16.14
14.36
11.76
15.81
16.1
19.6
14.85
15.84
15.55
14.15
11.03
12.61
18.16
14.78
14.68
14.54
15.49
10.87
17.2
17.96
16.78
15.75
19.55
12.51
19.87
16.3
16.86
12.99
13.09
12.2
18.15
15.1
13.85
16.77
21.11
12.81
12.23
14.53
17.02
16.67
17.31
14.07
18.52
21.48
16.58
13.88
13.1
12.41
13.93
12.91
16.02
14.5
17.11
13.55
14.39
16.15
13.21
13.03
13.31
11.62
23.56
10.34
15.16
16.89
11.94
11.09
12.53
18.45
13.32
10.94
16.07
19.4
16.41
16.77
19.64
17.72
10.07
17.78
20.05
15.16
15.06
12.52
16.95
17.65
12.96
18.04
12.44
15.49
19.17
18.52
16.36
14.39
16.55
21.88
10.91
11.37
14.61
16.12
18.56
15.52
15.56
13.76
12.72
12.1
16.21
17.46
15.0
21.15
19.94
11.53
19.77
16.07
18.15
15.27
11.07
18.63
20.08
9.9
21.77
14.16
13.06
16.71
17.78
19.9
13.76
18.44
18.25
15.64
15.08
16.2
13.79
17.86
17.43
20.21
17.15
19.69
22.15
16.47
16.91
16.64
16.34
13.69
18.52
15.5
16.46
21.34
17.49
13.05
17.05
21.02
12.71
20.56
17.47
15.15
19.31
22.25
13.06
16.82
11.32
20.32
10.4
15.06
21.14
19.26
14.85
13.15
14.13
20.66
15.93
13.25
19.63
13.43
11.8
13.53
13.0
19.09
13.06
23.61
17.95
14.9
17.99
18.22
12.91
11.75
16.19
13.07
16.4
14.95
20.57
15.01
13.83
20.64
16.12
21.03
15.73
14.37
19.21
18.0
16.79
16.26
15.68
15.36
20.1
15.43
11.65
11.82
10.98
14.17
20.04
15.19
20.03
18.25
14.95
15.46
17.44
17.57
16.13
14.38
12.77
13.14
17.94
17.52
10.95
16.83
17.21
18.5
16.7
10.1
15.58
11.53
15.18
11.48
12.26
19.22
11.49
15.04
21.39
13.42
17.33
17.87
12.81
11.22
15.54
12.77
9.87
14.79
15.29
10.6
14.98
20.47
17.5
13.59
12.37
20.26
13.62
15.68
12.7
11.16
15.15
17.38
15.43
15.84
15.36
14.8
15.3
14.4
16.09
17.42
18.8
13.22
15.99
14.59
13.67
15.47
18.4
14.3
12.26
15.52
15.64
12.95
20.93
14.24
22.32
11.44
12.29
16.91
21.57
15.63
15.68
15.78
16.92
10.59
15.99
15.72
15.01
13.26
13.9
11.94
17.8
16.43
19.48
18.37
20.48
12.97
17.47
14.3
13.5
18.31
18.09
12.23
12.74
7.08
17.8
12.26
19.29
15.42
16.49
16.99
18.02
17.38
14.8
14.35
19.76
11.49
13.94
16.23
14.42
16.49
9.3
14.47
15.66
11.59
15.25
17.96
16.92
15.64
19.14
11.67
18.51
8.74
16.62
16.05
11.75
10.24
16.11
13.26
12.36
11.47
20.65
17.72
18.0
13.21
15.64
19.13
17.36
13.68
19.16
13.2
12.15
18.77
15.1
13.56
18.42
14.42
15.31
14.04
16.28
12.76
12.36
13.37
12.82
17.0
12.03
15.16
16.8
11.19
17.11
11.82
11.97
19.4
