20.21
21.36
31.78
29.6
36.06
58.5
42.02
36.22
33.15
47.31
30.61
37.58
30.18
50.24
43.88
29.7
27.53
21.94
39.83
38.12
38.53
40.01
40.64
42.21
39.48
45.62
27.97
39.07
35.89
36.01
24.5
26.22
30.57
28.19
31.25
37.01
39.14
37.84
29.86
27.34
34.0
28.05
31.49
22.96
26.67
16.33
17.06
17.14
13.58
16.39
12.12
19.71
12.31
15.64
14.91
14.46
14.09
16.22
14.05
12.18
18.0
18.97
11.41
19.36
19.57
12.78
22.14
16.29
15.04
14.18
13.91
11.66
12.8
16.27
15.61
17.79
13.33
14.25
11.75
10.38
14.39
8.93
12.85
9.28
15.13
14.72
14.18
17.67
12.81
10.97
11.62
9.47
13.01
21.11
11.75
16.81
16.55
10.93
11.53
9.5
8.73
10.66
11.78
12.15
19.83
13.54
17.5
10.28
15.77
13.94
13.06
11.18
11.04
21.55
13.17
12.71
9.73
15.73
8.97
8.17
14.39
11.41
13.05
15.48
7.22
7.82
12.52
11.06
9.27
14.25
13.71
13.32
12.86
14.61
17.28
15.02
9.59
10.89
10.07
13.42
19.03
8.91
11.05
12.74
14.6
12.05
10.87
9.23
9.87
13.52
11.03
10.9
9.14
12.26
14.57
15.53
15.04
10.5
14.83
14.16
13.89
13.19
12.51
16.35
14.67
12.55
13.33
12.5
16.5
13.26
15.3
16.17
16.32
18.45
15.0
12.6
21.11
13.56
15.37
13.1
20.09
13.95
19.56
16.91
14.73
16.18
14.97
17.19
14.61
16.57
18.81
19.46
16.62
16.21
14.77
18.06
10.69
17.31
18.35
13.17
17.27
14.48
15.61
15.54
14.55
19.89
17.24
18.28
20.37
13.4
16.84
15.67
13.75
17.32
16.46
15.19
13.46
12.4
19.26
15.15
19.52
13.14
15.07
16.35
17.17
16.17
12.68
17.38
19.52
18.52
18.43
15.99
15.18
13.98
16.83
12.38
17.08
20.94
17.57
19.9
16.79
14.66
17.63
19.98
17.21
13.35
21.77
21.05
13.26
16.11
19.75
16.29
15.66
15.46
17.14
17.51
16.88
12.05
15.34
15.35
18.06
15.24
16.38
20.1
15.89
15.68
16.84
10.39
16.38
13.26
18.53
16.27
18.32
17.43
13.88
12.21
19.12
15.53
13.51
14.8
16.33
17.79
15.88
16.38
18.39
15.11
13.81
13.87
11.97
21.13
17.87
17.83
11.68
17.72
18.1
15.02
12.05
17.8
13.27
13.96
17.35
12.96
15.08
15.67
13.77
11.94
18.09
14.68
16.5
13.33
12.93
14.71
15.77
16.02
15.53
15.27
15.71
15.1
18.4
13.83
15.81
13.06
15.18
14.59
14.29
17.12
16.67
19.55
19.61
16.32
17.71
20.31
19.78
14.35
14.43
16.39
13.03
13.36
11.82
16.48
16.81
16.79
16.59
17.58
17.04
14.44
15.43
13.25
16.39
14.01
15.49
15.19
14.96
18.65
15.72
16.09
17.28
17.66
18.6
17.23
14.46
16.05
18.02
19.22
16.57
14.28
18.39
13.66
16.61
17.69
12.39
13.94
17.26
10.05
11.63
17.83
12.42
11.88
12.79
17.8
9.57
14.1
11.98
11.59
18.99
11.7
15.16
14.72
12.57
15.62
13.09
14.53
14.04
16.64
12.47
16.5
14.95
23.31
10.08
14.74
16.4
15.08
11.62
11.34
23.29
14.11
19.07
13.2
11.72
14.59
9.6
13.51
13.01
15.81
15.87
14.08
14.21
13.14
12.87
18.06
15.81
16.44
12.9
15.95
13.88
11.02
15.25
15.5
16.54
17.42
13.58
13.01
14.24
14.58
15.45
14.12
12.85
17.37
13.77
13.12
18.58
17.07
16.73
16.62
16.54
14.18
17.47
14.4
16.23
15.38
17.65
14.1
13.15
16.74
15.46
15.15
12.1
14.97
17.6
14.93
12.76
17.53
16.29
18.5
16.27
16.65
12.76
13.59
17.53
22.72
17.77
14.81
17.45
14.86
17.55
14.91
15.15
16.7
13.5
19.57
16.08
18.92
15.89
16.7
19.09
18.12
13.06
14.38
18.56
11.07
15.08
18.1
16.07
20.48
19.59
14.55
17.91
14.9
15.61
16.77
18.01
14.57
12.58
17.51
15.15
15.3
17.36
14.72
16.03
16.5
15.66
17.31
16.12
13.46
13.09
15.86
17.94
15.71
13.83
19.71
17.67
17.15
21.77
17.2
20.11
13.76
17.96
16.4
14.57
19.99
17.58
13.03
12.87
16.26
16.1
17.42
17.37
16.47
18.47
23.04
17.49
20.15
15.15
18.34
16.66
19.08
15.26
21.34
15.7
18.72
15.84
21.15
17.62
21.27
18.15
18.46
18.38
27.09
15.53
16.46
18.95
16.98
18.02
17.65
20.48
15.18
14.55
16.82
20.64
21.03
18.01
21.27
16.87
16.11
14.26
13.43
18.47
14.79
19.92
15.54
19.04
15.61
17.48
20.14
15.66
13.39
19.34
16.06
15.29
19.81
15.52
16.78
17.39
16.32
15.97
16.91
13.69
14.38
14.27
18.12
