-2.2301
-1.7555999999999998
-1.0223
-0.4871999999999999
0.1372999999999999
1.0497
0.9718
1.662
2.1137
3.1875
3.166200000000001
4.1709
4.675
4.531699999999999
5.802099999999999
6.571300000000001
6.3897
6.867999999999999
6.8733
7.473299999999999
7.9554
8.059
8.550800000000002
9.3854
8.9728
9.1144
9.2482
10.0242
10.1767
10.1489
10.2607
10.4599
11.3135
11.581599999999998
11.133400000000002
12.169
12.4101
11.519400000000005
11.994999999999996
11.6584
11.7441
11.8233
12.2527
12.407699999999997
12.899399999999998
11.281500000000005
11.3642
11.843799999999998
12.4478
12.941299999999998
13.5318
12.725700000000002
12.022600000000002
12.488400000000002
12.297399999999998
12.6324
12.850099999999998
13.569
12.094
12.937800000000005
13.6474
13.353000000000002
12.863
13.445700000000002
12.478899999999996
12.9859
12.5111
13.5668
13.0018
12.405899999999995
12.184200000000002
12.454199999999998
12.0295
12.3204
10.029600000000002
9.9786
11.062500000000002
11.627699999999995
10.7346
12.535600000000002
12.903600000000004
12.037700000000005
12.2958
12.671699999999998
12.470000000000002
11.6532
12.2981
11.8052
11.5901
12.7829
13.3115
12.6115
11.3857
11.246000000000004
12.766699999999998
12.9018
12.569399999999998
11.737
11.674499999999998
11.181400000000002
12.5849
13.312699999999996
13.1299
10.9716
13.013700000000002
12.7783
11.5119
13.0508
11.9437
11.671099999999996
11.9331
13.929199999999998
12.412899999999995
13.434799999999996
12.8624
12.989799999999995
12.4171
13.444700000000005
13.188500000000005
12.6402
12.5995
12.9452
11.1046
13.6175
12.5643
13.146300000000002
11.695600000000002
13.1251
11.3136
12.995399999999997
10.819699999999996
12.212299999999995
13.2466
13.415500000000002
14.804299999999998
15.0632
14.403199999999996
13.5246
13.6255
14.265700000000002
13.631900000000003
15.6705
14.665199999999995
15.2079
15.7384
15.213
14.9617
14.506100000000002
14.317900000000002
13.0814
15.1261
14.8553
14.4826
13.8167
14.753000000000002
15.9562
13.5603
14.6382
13.062300000000002
13.6117
14.659799999999995
15.699500000000002
14.307800000000002
15.7834
13.819600000000005
16.0994
15.1342
15.392400000000002
15.4014
14.9243
14.2564
14.158199999999995
15.2506
15.749
17.6119
16.055999999999997
15.3384
14.7464
16.5829
15.3106
15.9187
15.826
15.436
15.6394
16.571
17.299500000000002
15.941999999999998
16.8741
18.073599999999995
17.9055
18.7404
17.3855
17.8504
18.2977
19.146
17.712100000000003
17.7858
17.131499999999996
17.934
17.7644
15.9877
18.022
17.5932
17.070099999999996
19.1862
18.3676
17.511
17.613599999999998
18.3097
17.7702
17.2399
17.156
16.6754
16.071299999999997
17.0135
16.745899999999995
17.6707
17.802300000000002
16.9466
16.8502
16.881800000000002
16.5047
15.8611
17.187800000000003
16.702
16.3144
17.1666
17.128899999999998
16.9025
18.366100000000003
17.1085
17.7868
17.628400000000003
18.358400000000003
19.2502
18.037
17.9173
18.5577
18.4745
18.8717
17.9373
18.4994
17.504
18.8468
18.8847
18.8853
21.0948
20.0991
20.4198
18.942
21.0203
20.8379
19.0967
19.7846
19.2413
21.5316
21.175299999999996
20.617800000000003
21.1614
20.1656
21.5389
20.449
20.4513
21.2037
21.1264
21.2231
22.524
20.4024
20.0356
19.9643
19.8531
19.1732
19.5707
18.3807
19.0244
18.9582
19.5586
18.2322
20.1896
20.0928
19.065
18.8281
21.435200000000005
20.7414
20.0422
20.5502
20.7385
18.6917
18.2557
18.7179
19.908800000000006
19.9147
20.2277
18.8073
20.0929
21.2865
20.7736
20.0868
22.241499999999995
23.3145
22.0493
22.2029
22.11200000000001
23.1258
22.513300000000005
23.6899
23.0035
20.9004
21.779000000000007
22.0471
22.045500000000008
22.132900000000003
20.4644
21.6096
21.8693
20.6977
21.5858
21.1037
21.0122
20.8163
21.0522
21.8888
21.51729999999999
21.4051
22.1102
22.2298
21.095
22.2239
21.7097
21.468599999999995
22.6305
21.960400000000003
21.4179
22.4199
24.2016
23.881900000000005
23.252800000000008
23.9296
22.707200000000004
24.144499999999997
23.436900000000005
23.609499999999997
21.9995
22.7274
22.9539
23.2955
23.1998
22.5642
22.4592
23.441800000000004
23.9364
23.8407
24.5604
24.6602
24.314300000000006
23.4341
24.0618
21.802000000000003
21.7937
21.995999999999995
22.2044
23.095499999999998
21.5624
21.2778
22.5035
20.889
21.5488
22.6215
22.726799999999997
21.44
22.9485
22.677700000000005
21.5131
22.026399999999995
22.2772
21.4893
22.2849
21.8704
21.0363
20.2462
20.0207
20.7933
20.7307
19.4157
21.0443
20.518999999999995
20.5438
21.405500000000007
22.275699999999997
20.6576
22.4489
21.7264
21.0024
21.1778
22.428300000000004
21.621600000000004
21.2641
22.1925
22.120600000000003
22.3334
22.409199999999995
21.6453
23.223000000000003
24.3849
24.758700000000005
24.166699999999995
23.2012
24.998
23.8135
24.6131
23.5447
24.512699999999995
24.0748
24.5592
24.1822
23.8231
24.3744
23.407100000000003
23.6987
24.5053
24.6172
23.5973
23.443500000000004
22.9968
22.4159
21.807600000000008
23.0142
22.5349
22.315900000000003
23.9256
22.061300000000003
21.1813
23.1988
21.835400000000003
22.6697
23.885600000000004
23.4401
24.218899999999994
22.289899999999992
24.030500000000007
24.9573
23.8806
23.125900000000005
22.501500000000007
21.847900000000003
21.102
20.9698
20.414900000000003
21.785300000000003
19.7093
20.2174
20.2749
20.5542
21.8175
21.4441
21.775599999999997
20.0359
20.9728
20.0466
20.4878
21.116
21.1414
21.984299999999998
20.5746
19.1873
17.990199999999998
19.6874
18.4007
19.557
16.0256
18.9652
19.4363
20.0409
18.833
20.6354
20.6487
21.4557
19.5664
22.0755
22.410500000000003
21.588000000000008
23.8531
24.09650000000001
22.799
24.730999999999995
22.4959
23.9692
22.6851
25.262500000000003
22.9575
23.0905
22.7486
22.27800000000001
23.7449
20.699
22.0891
23.925999999999995
24.3877
23.726199999999995
24.4475
24.4763
24.0632
22.7262
23.94720000000001
25.087200000000003
26.122
22.3081
25.0031
24.014199999999995
24.6759
25.9179
25.053800000000003
25.600800000000007
24.6274
24.715300000000006
25.493700000000004
26.2956
24.6778
25.5328
26.9821
25.6776
25.5795
26.491499999999995
26.1991
26.20330000000001
24.6292
25.0706
25.0794
24.363
26.2169
24.309500000000003
24.981400000000004
26.478700000000003
25.307100000000005
25.982499999999995
26.1323
26.943299999999997
26.1936
25.559500000000003
25.897100000000005
25.843399999999995
26.8811
26.484
24.9492
25.3986
25.0803
25.9091
25.02689999999999
24.5414
25.3583
25.226300000000005
26.439000000000007
25.751799999999992
25.260900000000003
24.5204
24.2157
24.952900000000003
23.8384
23.8424
22.4433
24.054199999999994
23.636199999999995
24.081199999999995
22.2982
21.9272
23.7333
24.7887
25.378
24.3233
25.1582
24.5643
25.241300000000003
25.7672
25.2251
25.9216
25.1016
26.143399999999996
26.96550000000001
26.3633
25.0411
23.9865
25.38000000000001
25.356400000000004
25.4978
25.3268
25.6851
25.9508
24.894299999999998
25.4735
25.216600000000007
26.0896
25.053600000000007
24.943500000000004
26.0425
23.869099999999992
23.474300000000007
23.6169
25.3938
25.885000000000005
25.2427
