-2.985665090476953
-2.432547303735815
-3.197337484668829
-2.037555000140467
-1.099952646105168
-0.06283534864832933
0.8462277672580145
1.5651845310792558
3.250144252360454
1.2093759617579676
3.467837345832419
5.065733566009709
4.184061274921297
3.953476100748033
4.254614820163896
5.930350834993871
5.626095480618968
5.537418172519352
7.167680131156802
7.731950653685945
7.875275453429275
9.441636670296077
8.045429230431134
7.418045738446961
8.504937893364357
10.795189003028213
11.116413361155937
9.06952266763648
9.120928716103819
9.705710513292669
10.345284562207716
10.05995386791407
12.5645222490363
10.756178936995841
10.413418773529799
11.689023201520216
10.998962569795506
11.568602396297402
11.636046175636832
10.627599736035837
11.211946385131697
11.727299092241969
12.987610074123808
12.820083255997332
12.61248500994218
11.978881110946158
12.693032663377684
11.688181086145004
11.945734073840258
13.740649482145955
12.638628697571923
13.218750649627655
10.933958855433868
12.19330996175053
12.485811118553562
12.23001610694133
14.715649918578436
13.322704910443525
11.531635985870867
13.683991432546474
12.744794608856285
11.505580079239143
14.503608598390167
11.408798907228036
12.5909525429197
12.349995734900904
14.071951423054585
11.907698398430686
13.172333892034416
11.545659338957648
13.255508309911832
12.700239186401685
11.487414053341183
13.348476966010768
12.437413150525552
12.901404731541234
13.689035279003246
10.015403943991272
12.258826870824237
13.581996320357428
12.578434667206512
12.87939363744297
13.81694596239934
11.969072666101018
11.095747217556957
12.013859092045697
14.274893679441337
11.37247212131479
13.218993042725419
11.096441805657111
14.9171878168939
14.102487689183699
14.010893769623996
12.938950934022392
11.475427798105967
13.213217070594714
13.218754108337475
12.133530492847783
12.552895670504977
13.263877702615195
13.42047069317719
12.626405935245938
12.381344008546652
14.938624540256722
13.379572845241615
13.849279959571174
12.665363606452654
13.761203109511012
12.586351572538158
11.48239913694934
13.973211410029
11.7723847981345
13.95808770435541
13.812154972755707
13.238563462443548
13.204888793335746
12.382967348223461
14.630032198656673
14.669544417822385
13.287547620324125
13.753803666673983
14.756548814858277
14.514833023951548
13.244592724175643
12.536138075357766
14.339569888789509
13.00156461609362
13.494150901786046
13.203284694963978
14.004689489383841
11.803654283266214
14.923891585993655
13.558082565364717
15.01527103282462
13.75212680019843
13.254403408041185
13.595595207057462
13.602088977681387
13.296133764454094
14.543027241561779
14.61725466000261
15.254169516355867
13.886754639989448
15.528007651660129
13.974985469088702
15.5004618663406
15.830633445695819
12.627215019101795
14.762622275575911
14.798638956544593
15.401716419897948
15.218068005005298
14.271094371604605
15.145263155931724
13.96848540027489
15.982159685646957
15.782528565119742
14.610426114184037
15.913690742130171
13.541060726660154
13.908579337730648
14.776061239847028
17.595694081405775
15.821948930357825
14.78427672298405
14.943873552722973
15.718081016120191
15.324292739025418
15.7559045541332
13.070295234192201
16.117689997474248
14.399305685062632
15.229920950307388
14.482318291073941
14.898863627819756
15.03132382860226
16.495030341801346
16.194448855694798
15.596110095876167
15.167833436044294
16.63539002001294
16.640993553031386
16.001558922560204
17.263985792906503
18.02229961905653
16.18096460228443
14.475722866552312
18.282786455411706
18.212739398836106
16.16426043517354
16.58909356872895
18.129931696262943
18.635521010622426
17.284598720938114
17.96271714101504
18.015603165727622
15.595597901477793
15.449704974229018
17.53687831523902
18.710558239689195
17.134603810033155
17.03062689194598
16.368610650937633
16.28502007232127
18.27803054491178
17.329102304797022
17.944810087980745
16.62641015872115
18.095349674835457
18.983111622941607
18.05566633079011
18.49093529009412
18.40746881792086
17.33688546659543
17.490538595827104
18.290953244942294
17.786223096981395
18.44029522003751
17.8630211046283
17.80911806693675
20.38434094310526
17.848309146915263
18.02371198969391
19.651846567405777
17.741599721124288
19.15965586843995
19.78980645902893
18.817496074300053
16.40586511458029
19.14781601746231
18.42110330573837
17.373764473659264
18.922572879300226
16.95088760948358
19.480563999376578
17.910201757312223
18.001225425168116
17.902067929367092
20.190191024944408
17.493909817408326
18.493434256921937
17.536427277511297
20.262932392703114
19.719704400716967
19.154895538227162
18.70122881902995
18.870170327426813
18.572287043352958
19.686504220327226
19.83336231793151
19.03360205340801
20.26073383638938
19.056328887474404
18.39210583826003
20.024101690527182
19.739296405555717
19.54501815674749
19.1803909517321
18.09844260561929
20.01132608744576
18.568243191714714
18.75055805740955
20.989065476186177
19.66497167347747
18.974266476575817
19.238612823358476
20.871458288669213
20.269520709764496
20.101126287406196
18.61592792876341
18.663840990013707
19.323488033620443
19.53358274063367
18.966899229563545
19.393567631836174
19.20241095951796
20.625798796724837
19.741973219492113
20.82942726483327
18.97466814844439
19.040773084660003
19.36276231361487
18.95466940109761
20.011014193430633
20.882952270727287
20.400115198758105
17.675577820979235
18.885150236585723
19.474369976841835
20.059494782372873
19.197345606014956
19.363455034427275
19.8129035987002
19.41177565975852
20.64770035929093
19.37874339089267
19.276810795789846
20.436516896932684
21.452650379711535
19.628928875613344
20.518050215111014
20.287122187499584
21.19992635057704
20.31450191698599
20.88102263635836
21.109809008563037
19.755712128759804
19.235684364892876
21.437639078609614
20.56707041985307
21.913657616828743
21.33022545198423
18.530002194381524
21.044158303055642
20.89944196007837
21.414029701593314
20.832402021787324
21.883657481917876
22.527983169178604
21.58560121554288
20.75713630108791
20.90732156992242
21.973004093084246
22.360907020883825
21.115484139190464
19.786716469017
19.46276930442362
20.704823469916853
19.72770028139408
22.04933022187553
20.55496619878122
20.924030565547646
20.466160053105433
22.43141088394925
22.926149699886345
23.567453034164284
20.028418439709696
21.541739193978977
23.739005696504524
23.538077403480383
22.245582515135784
21.51424420895581
21.560311883309122
21.27973091518945
22.315236423809004
22.08160237957138
23.12267461048933
22.294906447990012
21.735172505368126
21.111725888900345
21.509392963114042
22.31893758041587
21.077156095202366
22.221249941045052
22.060430715498793
22.72000938542798
20.842095600334506
22.29213363655205
22.10535486866997
23.74227882819442
20.086699572264727
22.87428361305391
22.688199327308254
21.133420169403923
22.473075947408095
21.08914238506588
21.506004005903172
21.684640287932446
21.04817570396051
21.459862221464373
20.889002866276968
21.140112707720313
22.33961744736244
22.118789767082124
21.448254051997775
23.40457359706359
20.8499052013752
21.066770868509604
20.29489160838839
20.982974131553284
22.65856232347486
21.534604285702642
21.055469189115932
21.35564407024589
21.774497972032556
20.85449568993315
20.531263017510078
22.316300194816034
21.456489975124775
23.959848555037432
22.00372528921317
22.233297596885095
20.772337851849013
21.87287641542111
21.40387445808732
21.73966519034169
21.291512045197045
21.47773141473665
21.364570344792416
22.34505249881547
21.72546202516042
21.326194199188766
23.33908363781169
24.1050886724547
22.81940211464939
22.860352004198987
21.952523902444657
22.55705787291771
23.547754712982517
21.7932672508016
21.913378926450324
22.006473992971344
23.027781413167972
22.69141583102752
22.855357263755813
22.812708734258255
22.97402538970234
22.127684538627612
24.1352273689012
23.927640340444867
21.90765860919912
22.539462630719292
22.796374095452858
21.271776282403078
22.35189040759467
19.782731766356385
23.68807964926462
21.348728411002295
21.815385171793494
22.978517803778868
21.735641909278314
22.05896107015243
21.75651957354396
21.917560477350168
23.52890884805323
22.976232185605067
22.85916235270468
23.9541779787796
22.907859625910767
21.241041085869206
23.282438780847215
22.961906935701542
22.273392034231946
21.252949974765112
20.628336319129854
22.97296748308373
22.219674726741104
22.647128303566575
23.130294826491955
21.63593076594595
21.583028852601156
22.162441496668205
21.00999783479553
21.338971794871966
21.094263312285403
22.22396203264271
20.47156856400934
21.23357272537982
20.281987376456787
21.40908447661393
21.333854494894325
21.488161075074174
22.583385740931625
20.126938488368914
20.423486058095055
22.211023309985432
22.82118499959676
24.895332929254398
22.35794578191173
20.661790903475517
20.536348199834997
20.89004286497974
24.026595308362282
23.551191755842712
22.386009975843955
21.908329160836335
21.937138179269308
19.64823632370294
22.636295565219832
24.280019572816023
22.72813883367352
23.339889193416642
23.742554903698593
21.381992364141674
23.772019002072437
23.113377729255788
23.436108440934003
23.60439510489683
24.781214157729167
23.302343465505835
23.33552041898452
22.492122492210335
21.809688455807837
23.305709393109776
22.264736647515928
22.452682852744353
22.881301716747153
20.91544003611196
22.367314032299923
23.780640307605957
24.33844199615138
23.040504287783854
22.462810923637697
23.92956587155146
24.238995806457854
22.90135803870809
22.632667719980027
22.867543526368358
22.926949539944438
21.952764496392994
23.695206905372686
22.965662367441876
24.612982954585178
24.50438040121226
23.31479867385219
23.49303202693637
23.482888645129385
21.75556777654183
24.949209281615158
23.147370153192632
23.96519979600509
23.682552063642397
24.14444020908709
24.990910674987084
25.421807222854124
24.688737008278352
22.617271618627587
23.441876128502553
24.313226561596803
23.395691668502206
22.640848873948357
24.11417390633663
23.85530834456521
24.55488051230406
22.961799728639438
24.37658210309805
23.907273581617545
24.093181583248793
24.27295393612558
24.70067295614908
24.163370108592584
24.226385450444774
24.576664234678496
24.176082293299004
23.665581016687124
24.147831559481624
23.53197397387374
24.61090134350073
24.826196701171284
24.86305812706884
22.839327882778445
23.51230936222376
22.415547266183104
21.958854837188333
23.585106015362545
23.787933893669372
23.553307333460587
22.54553554484738
24.05585747997296
23.93349741842323
23.89986995835441
22.6591780391572
24.811475799913715
24.039824412018117
23.0010055722674
23.137420568697355
23.433020924472302
25.20721540620981
22.986235753680827
23.371898475515383
24.298775091678767
22.554339491754387
23.29349533551229
22.906426582847992
22.294805319211072
24.989214924113003
24.090408602175028
24.153714381160135
23.992879503048442
22.54358512842574
24.403850191788884
25.328245777646977
23.754745668416103
24.757232859898693
23.60300049722489
23.711627935647076
24.30020339036481
22.794749591198663
25.131184002895843
24.13289950382662
23.158010537694985
25.059589360952238
24.239927927928054
24.596116981934912
23.96929688228397
22.791359586363384
22.720261803478742
24.308192934077805
22.743870712241026
23.120156859652653
