-6.050500000000002
-5.286099999999999
-4.103300000000001
-2.742399999999999
-1.7508
-0.4003
0.4363999999999999
0.8144
1.7189
2.2526000000000006
3.0995999999999992
3.6672
3.3801000000000005
3.8482
4.3877
4.9541
5.229
5.7994
5.631900000000002
5.999300000000001
6.6863
6.308099999999999
6.836599999999999
7.447299999999999
6.585599999999999
7.256100000000001
6.629200000000001
8.2637
7.975499999999999
8.2343
8.9463
8.7807
8.6595
9.1702
8.6411
9.4514
9.3979
9.3952
10.1156
9.572500000000002
9.4688
9.6305
11.143700000000004
11.8463
10.910700000000002
12.0144
10.817300000000005
11.1536
12.012
11.912400000000002
12.021999999999998
12.469
12.183499999999997
12.355700000000002
13.1022
12.7028
12.681500000000002
11.974199999999998
13.035100000000002
12.6353
12.8157
12.4699
12.669800000000002
12.6624
12.6968
12.0986
12.512800000000002
13.360800000000005
12.3571
12.051600000000002
12.410599999999995
11.984100000000002
12.1766
12.9278
11.6367
10.763
11.808700000000002
10.97
10.978000000000002
11.610200000000004
11.948
12.241
12.757800000000003
11.952399999999995
12.5606
12.2814
12.1689
11.9731
13.0525
12.1251
12.8859
11.8684
12.739
12.538899999999998
12.5865
12.0156
12.3716
12.2315
13.5268
14.049599999999998
12.7815
13.187400000000002
13.419299999999998
14.029799999999998
13.182900000000004
12.7046
13.409
13.0283
13.3562
12.9556
12.875699999999997
12.144999999999998
12.7406
11.7077
11.3891
11.717199999999998
11.739999999999998
12.4896
12.258299999999998
12.694100000000002
11.191499999999996
12.729899999999995
12.1733
13.5275
12.671599999999998
12.166900000000004
13.151000000000002
13.597400000000002
13.7108
12.9483
14.0353
14.167700000000002
14.448
13.8066
13.819299999999998
14.1291
14.3527
12.8924
13.760400000000002
14.671399999999998
13.768400000000003
13.3714
13.624700000000002
13.982800000000005
13.2591
13.19
13.7014
13.085799999999995
14.8599
13.2205
14.4241
14.9192
14.429799999999998
15.9013
14.5891
16.186
14.126400000000004
15.0962
15.7293
15.308099999999998
16.242100000000004
14.230699999999995
15.534600000000005
15.153999999999998
15.355499999999996
16.051099999999998
14.2217
14.764
15.1142
15.0409
15.8585
15.258199999999997
16.030700000000003
15.767699999999998
15.4344
16.4859
16.233800000000002
15.994899999999998
17.0148
16.397000000000002
16.8957
17.025799999999997
17.447
17.6699
17.755499999999998
17.479
17.7794
18.2776
17.3061
17.9071
17.985400000000002
18.4367
18.1021
17.5013
18.6194
17.899700000000003
18.2162
18.991200000000003
20.1243
17.993600000000004
18.168100000000003
19.037
19.4513
19.0989
19.3028
19.2663
18.3415
18.6982
18.7912
19.5927
18.703600000000005
20.1057
20.7853
19.3923
19.6399
18.5476
19.5784
18.768700000000003
18.6574
19.343599999999995
20.9786
21.13
20.4418
19.939699999999995
20.8387
20.6429
20.8145
19.6905
20.609500000000004
20.0453
20.515500000000003
21.089800000000004
20.2754
20.639799999999997
20.2964
20.7902
20.8141
20.4428
20.3573
20.692200000000003
20.643
19.802
20.827
20.234
19.5244
19.5286
21.2073
20.3367
20.2293
19.6848
21.1294
20.5514
21.155300000000008
20.231400000000004
20.9137
20.5579
20.6556
19.611
20.230999999999995
21.4327
20.4727
21.534800000000004
21.637500000000003
21.3749
20.3834
21.8588
21.0561
20.6605
21.0528
20.9325
20.5316
20.641200000000005
20.3688
20.86
20.513
19.574500000000004
20.6938
20.126
22.015500000000003
20.8457
21.451000000000004
21.619999999999997
20.9038
21.8692
20.5856
21.2869
20.1941
21.588
21.3146
20.0667
20.8324
21.162
21.5908
20.591800000000003
20.7102
21.0679
20.6432
21.1322
21.4256
20.2114
21.1954
21.5325
20.9282
19.9698
21.559700000000003
20.4975
21.0803
21.1662
20.6942
20.1592
20.3597
21.145
20.5167
19.9631
20.813699999999997
20.7058
21.108600000000003
21.1699
21.1893
20.1649
20.691
20.5323
21.7768
20.7647
20.947500000000005
19.9879
19.683000000000003
20.3399
20.663599999999995
20.7027
20.0555
20.5498
21.2531
20.5541
20.228800000000003
21.097300000000004
21.0945
19.835700000000003
20.5518
20.2391
21.1103
19.953500000000005
20.8137
21.6202
20.9399
21.443700000000003
20.424
20.4439
19.2476
21.279999999999998
20.2795
20.9559
19.6158
21.1546
20.0492
20.6191
21.8223
20.33
20.0797
21.140699999999995
21.2088
20.5658
20.2188
19.5818
20.5056
20.3292
20.2538
20.2564
19.6588
19.3088
20.573400000000003
20.3398
20.431
20.8074
20.5024
21.2341
20.3869
21.3913
20.9951
20.720800000000004
21.4239
21.7491
21.3086
21.334600000000005
22.094
21.514399999999995
21.419799999999995
20.6636
21.0973
20.787000000000003
21.4645
22.1146
21.028300000000005
22.2299
21.1733
22.947699999999998
23.5229
22.0
21.0096
22.112
22.1125
22.2391
21.8319
21.8602
21.989299999999997
21.952800000000003
22.374199999999995
21.6289
22.232699999999998
22.326699999999995
22.5513
22.0611
21.851
22.2202
21.8607
21.72
22.634
22.458
22.0543
21.9965
21.9533
22.1578
22.7046
21.989699999999992
22.0563
22.5922
22.6664
22.3987
23.3813
22.9093
21.9015
23.114500000000003
22.780800000000003
22.1997
23.3634
22.4705
22.7263
22.6899
22.248300000000004
22.665
22.401300000000003
22.308200000000006
21.584100000000003
22.310899999999997
22.3107
21.2927
21.669099999999997
21.486
21.7271
21.5847
21.6706
21.7213
20.7515
22.4421
21.1914
20.1428
22.037299999999995
21.2517
21.3578
21.175200000000004
20.9887
20.9536
22.201
22.4931
22.149
22.106200000000005
22.2707
22.3009
22.5676
22.584900000000008
22.223800000000004
21.6394
21.4654
21.3994
23.08250000000001
21.961900000000004
23.4825
22.405099999999997
23.1425
23.1057
23.2348
22.4922
22.4025
23.5425
23.3461
23.1118
22.7837
22.1948
22.033200000000008
22.819000000000003
21.62550000000001
22.392299999999995
23.6859
22.6746
22.852200000000003
23.1927
22.4317
23.0992
22.0418
23.1226
22.1846
22.4475
22.390200000000004
21.981
22.046100000000003
21.977500000000006
22.539200000000005
21.859700000000004
21.4905
21.8093
20.0499
21.6067
21.7163
22.9086
23.197499999999994
22.3078
22.035500000000003
23.17770000000001
22.288
22.443300000000004
22.6129
21.6203
23.9506
22.594400000000004
23.3706
23.3019
23.0286
23.5258
22.909900000000007
22.8155
22.467499999999998
23.574500000000004
22.8124
22.503000000000007
22.5134
23.8109
22.0141
22.728800000000007
22.884500000000003
22.946400000000004
23.77810000000001
22.530900000000003
22.6434
23.7789
23.287099999999995
23.0019
22.609900000000003
22.9883
23.5009
22.8246
22.7122
22.633800000000004
21.985599999999994
21.2157
21.9965
21.7473
21.926800000000004
22.286800000000003
21.95900000000001
22.1691
21.9229
22.772
22.724300000000003
23.367400000000004
23.358300000000007
23.29790000000001
23.5482
23.906900000000004
22.781600000000005
23.219899999999992
23.5257
23.5541
21.9148
23.739200000000004
22.6814
23.2454
23.4766
22.696700000000007
23.8274
24.5305
23.391600000000004
23.8569
23.7178
23.8811
23.3124
23.0565
24.0314
24.156199999999995
23.2557
23.7248
23.2591
23.4144
23.0976
23.7537
23.4409
23.5638
23.7886
23.763
23.638100000000005
22.723500000000005
