-3.4079999999999995
-2.8462
-1.5373999999999994
-0.4856999999999999
0.6853
1.0643
1.0342999999999998
1.9182
2.0569
2.7612
2.6414999999999997
2.9216
3.2996
3.7436
3.765099999999999
4.0622
4.252
4.3848
5.134
6.006600000000001
6.505800000000001
7.3767
6.502700000000001
7.072400000000001
7.256199999999999
8.0683
8.591500000000002
8.0351
8.153899999999998
7.702299999999999
7.469599999999998
8.202999999999998
8.559199999999999
8.619100000000001
9.1859
9.352400000000005
9.1743
10.8368
9.4813
10.0227
9.3866
9.1282
9.278599999999996
8.6416
8.8036
9.3252
8.4285
8.059700000000001
5.907399999999999
7.180099999999999
6.695
7.0369
6.4365000000000006
7.5151
8.765999999999998
8.4466
9.570500000000004
9.2819
8.6179
9.7258
10.542499999999997
9.0558
8.841600000000001
9.5631
9.2963
9.029500000000002
9.365700000000002
8.7592
8.5867
8.9699
7.999499999999999
7.401600000000001
6.948800000000001
8.5612
8.303400000000002
8.875499999999999
9.631799999999998
7.9127
9.5967
9.6485
8.492400000000002
8.8992
8.6736
7.258300000000002
9.0256
10.469400000000002
9.6634
9.989999999999998
7.7805
8.4648
9.6133
9.9497
9.655199999999995
10.4086
9.956299999999995
10.628699999999998
9.5606
10.3821
9.1132
10.6391
10.1406
10.5829
10.5355
10.4989
9.8031
11.2176
10.546400000000004
10.202999999999998
10.671799999999998
9.546499999999998
10.9816
9.368199999999998
10.5854
11.3153
10.2377
9.0238
9.7012
10.912200000000002
10.2292
11.1964
10.432800000000002
11.817200000000003
11.2308
11.2558
12.1564
10.8152
10.897599999999995
12.0246
10.8763
12.0977
10.1
11.9442
11.943500000000002
13.1766
10.8702
11.8569
11.693599999999998
12.735600000000002
12.2514
12.3867
12.8104
11.8961
12.3061
13.7337
12.9264
14.0441
12.818700000000002
13.876500000000004
12.8795
13.7563
14.1767
13.9784
13.286599999999998
13.4249
13.0773
14.643299999999996
14.8145
14.2326
14.5014
15.3856
14.873999999999995
15.008500000000002
14.6774
15.9727
15.6292
15.8943
15.3876
15.459499999999998
16.2198
14.445499999999996
15.2036
15.0448
12.9575
13.3101
14.155500000000002
14.106899999999996
13.2022
12.513699999999998
12.847400000000002
12.5781
14.179499999999996
15.2397
15.1667
14.477299999999998
14.9794
15.720600000000005
16.202299999999997
15.5926
15.583500000000004
14.3147
14.6846
16.2654
14.5132
15.215700000000004
14.259099999999998
15.945600000000002
14.161900000000005
15.2772
15.6771
15.865700000000004
15.599900000000002
15.3968
15.098
14.806500000000002
15.175199999999997
13.627
15.6489
15.2778
14.191199999999998
14.8847
14.6044
15.602599999999995
15.5002
15.5186
14.454
15.2917
15.3764
15.8953
16.389
16.369600000000002
16.5485
15.4935
15.053
16.669700000000002
15.635500000000002
15.1186
15.7365
14.6045
15.8834
15.831499999999998
15.8321
15.2893
15.704599999999996
15.414500000000002
14.6241
15.0793
13.244999999999996
14.410900000000002
14.2871
13.908400000000002
14.9644
14.435499999999998
14.972400000000002
15.893200000000004
15.9691
14.973999999999998
15.8662
14.735299999999995
14.942999999999998
15.127399999999998
13.8839
14.8714
14.319499999999998
15.5227
15.9894
16.650699999999997
16.378200000000003
16.2955
17.386
16.826
17.6207
18.596400000000003
18.3031
17.9258
17.398300000000003
17.071299999999997
17.3225
17.9677
16.720000000000002
17.621000000000002
18.445500000000003
17.351300000000002
18.6346
17.8361
18.2445
17.138
18.2281
18.4904
18.2841
17.690099999999997
18.0056
18.701200000000004
16.7479
18.4732
17.326100000000004
18.3258
18.4244
17.352600000000002
17.4727
17.2322
16.563900000000004
17.9547
17.005399999999998
16.2501
17.2436
17.0633
16.857100000000003
16.582200000000004
15.5119
15.974399999999996
15.963
16.2648
17.1237
16.5154
16.117099999999997
16.2796
16.3805
15.716499999999998
16.826400000000003
17.2358
17.0865
18.3364
19.2632
18.0845
19.120600000000003
18.2891
18.3933
19.5633
19.267
19.47
19.2645
19.5642
19.7413
20.0941
19.1807
18.7904
18.362
18.6387
18.3466
18.7802
18.5499
17.5166
18.460400000000003
19.4521
17.891399999999997
17.4061
17.7455
19.6334
19.0348
19.0458
19.911
19.620600000000003
18.8381
20.5543
20.7797
19.9961
19.6484
20.5614
21.2711
21.0541
20.2307
20.512
19.9753
20.6079
21.2862
21.1581
22.0093
21.6575
21.426399999999997
21.1396
21.861200000000004
20.8805
20.4128
20.5246
21.858300000000007
21.622400000000003
20.2496
20.3972
20.7022
19.405900000000003
19.0126
19.4557
18.0083
19.0144
18.6915
20.5012
17.881
19.1653
18.6527
18.2308
20.2744
19.143799999999995
20.1097
21.5296
19.7003
19.7416
19.7585
20.0165
18.9253
20.3165
19.215
20.7152
19.904000000000003
19.847300000000004
20.2437
20.3712
19.3031
19.7939
20.8356
21.3453
18.9477
20.4523
20.7143
20.5796
19.5138
20.0874
20.9386
19.4065
18.7203
18.687200000000004
20.41
19.6278
19.7424
19.7023
18.9603
20.6956
20.808000000000003
19.1613
20.784900000000004
19.143700000000003
19.2229
19.3401
19.286
19.1536
19.4361
18.2845
20.1316
19.2849
21.2669
18.711
20.1299
20.7563
20.722600000000003
21.6107
22.1892
21.7519
21.5453
20.3564
22.6518
20.3317
19.9922
20.8125
21.127
22.773199999999992
21.251600000000007
22.062600000000003
23.2255
22.1992
21.4123
22.4613
22.593000000000004
21.704500000000003
21.302499999999995
21.235199999999995
21.98219999999999
21.2318
21.457199999999997
20.5908
21.3423
21.096499999999995
21.9639
21.1949
21.5334
21.4043
22.1602
22.4668
23.5967
21.950700000000005
20.5446
21.5848
20.4503
21.5804
21.469
21.7087
21.062200000000004
20.3376
22.3767
21.5365
21.7828
21.7068
21.2961
21.2306
21.7508
22.553199999999997
22.5862
22.3413
21.9009
21.994200000000006
20.9663
21.061400000000003
21.8275
20.949900000000003
21.5451
22.090100000000003
21.4076
21.9294
23.017500000000005
21.356799999999996
21.696300000000004
20.766200000000005
21.2342
22.05870000000001
22.052200000000003
21.835
21.2554
21.8786
22.3411
23.0162
22.1542
23.133
22.2111
22.5791
23.878400000000003
22.212900000000005
24.182
23.3965
23.615
21.877099999999995
22.8384
22.8052
23.1356
23.7951
23.5043
22.007900000000003
21.9104
23.5957
21.6613
22.9342
23.504800000000003
22.822500000000005
22.2281
22.8676
23.416600000000003
23.8604
22.4278
22.4075
22.6954
23.1824
22.4716
22.662300000000005
21.7739
22.6485
22.7822
22.91770000000001
22.538300000000003
23.2533
22.852000000000004
22.8085
22.9534
22.763000000000005
23.324400000000004
22.603
23.0069
22.932499999999997
23.7508
23.4201
23.443
23.6215
24.145
24.539900000000003
24.2179
22.4484
23.305599999999995
23.662
22.9868
22.651300000000003
22.9586
22.317899999999995
22.4737
21.013
22.8338
22.7087
22.457100000000004
22.250800000000005
22.8388
22.8634
23.915599999999998
22.8403
22.6537
23.811699999999995
22.6735
22.7507
22.843599999999995
22.4615
23.7005
23.3314
23.3063
22.42880000000001
22.884
22.422600000000006
23.642
23.843400000000003
23.910300000000003
22.681500000000007
23.7135
22.214900000000004
23.3401
23.447899999999997
23.022800000000004
24.071600000000004
