-0.3080999999999999
0.0173999999999999
0.2967999999999999
0.7454000000000001
1.3245000000000002
1.8079
1.8499
2.527
2.8797999999999995
3.3795
4.358199999999999
4.7732
5.7052
6.278199999999999
7.3009
7.769500000000001
8.6626
8.626800000000001
9.6566
10.597499999999998
10.6251
10.5239
11.3728
12.3675
11.909
12.7368
13.051000000000002
12.7449
12.9503
13.339
13.105000000000002
13.102
14.480200000000002
14.6341
14.4738
14.645099999999998
14.0676
14.4965
14.385999999999994
14.9263
15.1231
15.8025
15.775999999999996
15.8907
15.978000000000002
15.5583
16.096600000000002
15.9431
16.037300000000002
15.9212
16.137199999999996
15.9493
16.0834
16.289199999999997
16.2909
16.020000000000003
15.838700000000005
15.3771
15.9388
16.3352
15.435899999999998
16.157899999999998
16.562
16.292899999999996
15.905399999999997
16.058300000000003
16.421699999999998
16.213
16.420999999999996
15.578200000000004
16.9509
16.084500000000002
16.750799999999998
16.3096
16.4191
16.5182
17.3306
16.425
17.375100000000003
16.987899999999996
16.633699999999997
17.531100000000002
17.4066
16.9677
16.6451
17.148799999999998
17.791700000000002
17.3505
16.959500000000002
16.8207
17.416
16.976399999999998
17.2243
17.21
16.392999999999997
17.2497
16.868199999999998
16.9051
16.9309
17.0167
16.2846
16.875100000000003
16.7711
17.0164
16.473800000000004
16.322
16.1811
16.8827
17.049899999999997
16.538800000000002
16.9522
16.394700000000004
15.4846
16.2598
16.190900000000003
15.9266
16.1941
17.0956
16.4592
16.452
16.6002
17.491999999999997
16.5795
16.7162
16.8812
17.0222
17.1622
17.269599999999997
15.8577
16.851499999999998
16.351300000000002
15.008299999999998
15.3532
15.387
15.132700000000002
15.02
16.118299999999998
15.246100000000002
15.017500000000002
16.6755
16.316100000000002
16.403299999999998
16.860199999999995
16.0447
15.7389
17.7286
17.3359
16.3889
16.262600000000003
17.464
17.0962
16.8142
17.550200000000004
17.040599999999998
17.525599999999994
17.6962
18.160800000000005
16.860599999999998
17.258100000000002
15.8752
15.7677
14.727899999999996
15.7569
12.955400000000004
15.518999999999998
13.6828
15.1618
14.6557
16.4791
15.3151
16.0653
17.635399999999997
16.6551
16.422199999999997
16.878
17.1809
18.1878
18.0503
18.8715
18.414900000000003
19.2385
18.7019
18.8426
18.6223
17.9406
17.9378
18.559000000000005
18.6829
18.2226
17.362000000000002
17.359300000000005
17.753400000000003
18.2911
18.705
17.881700000000002
18.5151
17.6777
17.374699999999997
17.3494
18.1424
18.238
17.6794
17.3325
17.2287
17.5522
18.1706
18.4842
18.6329
18.4827
19.1623
19.0428
18.0358
19.4749
20.151200000000003
19.4917
20.211600000000004
20.4557
19.2414
20.355300000000003
20.4345
19.757700000000003
20.4047
20.738200000000003
19.0929
19.0952
18.1722
19.993
19.9404
17.7908
19.9336
19.5286
18.5956
19.8675
19.8851
20.2371
20.4739
20.7814
19.9469
20.2244
18.9899
18.8037
20.6982
20.4754
21.6006
20.722600000000003
21.2573
19.8269
20.1637
20.3021
19.7369
20.498600000000007
20.8077
21.0857
20.7188
20.82
20.0516
20.858400000000003
19.7492
19.4372
19.702
19.648800000000005
17.821399999999997
19.1046
19.5114
19.137300000000003
19.373900000000003
19.1305
19.945
19.2715
20.0656
18.7714
19.906700000000004
18.5892
17.8481
18.7095
20.0671
18.3153
18.4222
19.27
17.9746
18.9326
17.874399999999998
18.7942
20.6439
20.6537
18.0733
18.9185
20.5737
21.3389
19.9485
19.4496
20.5406
20.7125
21.6297
21.4839
21.988900000000005
21.9944
22.2264
21.955600000000004
22.1772
22.088
21.5905
22.579
21.0634
23.057800000000007
22.2995
22.073
22.7936
22.6532
22.457599999999992
21.7664
22.8719
22.9414
22.7682
23.872900000000005
23.3572
23.3703
23.266600000000004
22.728600000000007
22.9457
23.836400000000005
23.4498
22.5169
23.331100000000003
23.4296
23.389799999999997
24.030700000000007
23.58310000000001
24.3368
23.834600000000005
24.4099
25.0364
24.786200000000004
25.3776
25.732500000000005
24.4404
25.5139
24.6045
23.3746
25.3228
25.1488
23.104499999999994
24.323799999999995
23.7401
24.467700000000004
24.685199999999995
24.6019
24.417800000000003
24.11040000000001
23.263200000000005
24.306400000000004
22.9556
23.1747
23.637900000000005
23.732799999999997
23.759200000000007
23.8822
23.591000000000005
23.8565
24.0727
24.2324
24.74000000000001
24.175200000000004
24.0107
24.6565
25.0246
25.5764
23.873900000000003
22.967
23.9762
23.7259
23.2341
23.741
24.6336
25.344100000000005
24.5911
23.8376
24.5441
24.4048
23.7341
24.8895
24.9384
24.914900000000003
24.9511
24.52500000000001
24.4841
24.4839
24.980400000000003
23.9901
24.8577
24.675700000000003
24.978700000000003
24.827099999999994
24.367200000000008
24.8032
25.05250000000001
25.01930000000001
24.133700000000005
24.73
25.153499999999998
24.941500000000005
25.0533
25.274999999999995
24.862299999999998
25.1355
24.284900000000004
24.856199999999998
25.1618
25.0366
25.089
24.514
23.4197
24.488499999999995
25.371500000000005
24.6231
24.7384
24.4423
24.579
24.7896
24.2017
24.6012
24.1838
25.0263
23.213
22.6979
23.996600000000004
23.993299999999994
23.7487
24.048400000000004
24.153899999999997
24.1732
24.220900000000007
23.7108
23.4447
23.4599
22.374299999999995
22.302900000000005
23.1228
22.3127
20.896
21.9219
22.4029
23.4482
21.7187
23.0279
23.270399999999995
22.5273
23.049000000000007
23.4806
24.530000000000005
23.9346
23.4194
23.0407
22.351399999999995
22.4727
23.70170000000001
23.5013
23.161800000000003
21.8475
21.9578
23.308300000000003
22.3667
22.3098
21.936899999999994
23.0706
24.0319
24.094300000000004
23.794300000000003
24.035599999999995
23.850800000000007
23.3563
22.5767
23.9944
23.7719
24.0971
22.2988
23.4183
22.710799999999995
22.2703
22.9865
23.4031
23.5706
23.0903
22.6256
23.4291
23.8344
23.7941
24.5861
23.9203
24.6532
24.4042
23.7122
22.700800000000005
22.6968
24.33499999999999
23.065800000000003
24.2058
22.762600000000003
23.195900000000005
23.79460000000001
23.806300000000007
22.693200000000004
23.9476
22.964600000000004
23.577
23.0216
23.288800000000005
23.2789
22.570200000000003
22.1341
23.18500000000001
23.253199999999996
23.1723
23.8299
23.4529
22.1691
22.7773
22.196
20.9503
23.387900000000005
21.792
22.4016
22.6829
22.919799999999995
22.519600000000004
21.004500000000004
23.0446
22.9308
23.8571
22.200400000000005
22.8376
23.0911
22.2614
22.9845
23.6518
23.7723
22.7504
23.596499999999995
23.711599999999997
22.646799999999995
22.8734
22.3381
23.49440000000001
22.9695
23.0681
24.097200000000008
23.475500000000007
23.4071
24.1152
22.635099999999994
24.2522
23.0594
23.3142
23.231600000000004
24.2993
23.606200000000005
22.9935
22.9681
22.577600000000004
23.5298
23.6472
23.533400000000007
23.8823
23.5247
22.7463
24.1072
23.147500000000004
23.7433
23.0308
23.6661
23.7363
22.101799999999997
22.4159
22.531399999999994
22.2196
22.862400000000008
22.922400000000003
23.478000000000005
22.1056
22.718699999999995
22.8361
22.787700000000005
22.4004
22.8798
23.27040000000001
24.0702
23.021600000000003
23.45200000000001
23.2978
23.3057
24.403
23.4353
23.062400000000004
22.389600000000005
22.8165
23.5608
23.063500000000005
22.758900000000004
22.5246
22.0726
