170.98
161.45
155.67
188.76
124.58
165.69
171.07
149.44
145.45
131.31
137.99
146.5
99.5
139.7
115.24
115.34
113.68
109.16
89.56
72.44
84.44
62.54
79.97
76.57
70.77
76.22
67.01
55.45
55.31
43.3
57.57
49.98
41.73
44.58
52.26
34.74
46.67
34.07
59.54
26.45
40.74
26.27
23.56
49.33
48.44
49.38
41.28
26.36
32.71
24.82
28.68
22.73
25.96
28.8
26.73
24.71
21.06
22.05
27.15
12.02
21.02
14.88
16.48
22.83
29.94
13.0
21.94
25.68
23.01
29.33
15.0
9.17
17.14
13.91
23.56
7.6
14.01
9.37
13.74
4.59
17.7
9.36
14.33
8.12
6.95
4.71
12.93
13.38
9.42
6.92
6.56
12.62
17.05
5.2
12.41
6.75
4.26
14.6
13.25
3.5
4.74
5.82
7.62
9.71
10.05
6.07
5.88
6.06
24.08
4.83
11.63
13.3
7.25
10.69
5.43
11.83
6.59
18.28
7.8
4.18
9.18
1.94
15.85
7.44
1.7
8.37
2.68
5.44
3.25
5.66
7.31
9.51
6.05
2.96
6.39
2.91
8.36
14.09
9.45
3.06
11.7
15.85
9.37
5.91
7.53
16.59
3.42
14.1
9.04
6.0
1.31
3.09
10.23
3.74
9.23
15.5
4.25
11.52
11.94
10.66
13.01
8.52
8.26
2.81
5.99
1.78
18.25
10.62
2.85
7.89
9.87
11.03
6.36
12.59
3.85
9.89
14.83
4.28
7.87
15.86
4.6
3.8
2.88
9.4
13.04
10.61
3.88
10.1
13.8
13.18
5.88
4.77
9.5
7.92
6.72
3.65
6.18
7.79
4.39
4.2
3.5
7.35
8.27
12.67
10.94
7.57
7.19
6.82
5.83
1.92
10.18
13.99
5.97
4.67
5.54
3.7
6.09
5.22
11.65
7.22
15.63
13.21
2.73
10.16
6.39
8.15
5.25
13.17
11.52
11.25
6.96
9.95
6.01
4.5
9.28
11.94
5.49
10.67
11.06
9.99
13.51
9.27
13.43
10.7
15.38
10.65
7.71
6.06
16.31
5.55
17.53
13.44
9.35
10.31
8.31
9.79
7.93
8.54
10.21
5.23
8.64
15.74
5.91
11.2
13.0
10.2
6.96
5.65
10.06
17.29
4.1
9.26
13.31
10.47
12.54
14.15
5.63
5.11
5.88
6.9
11.43
9.64
7.67
12.05
7.01
17.6
10.2
13.1
9.78
5.69
7.3
9.05
12.53
10.99
14.57
9.13
11.27
14.76
11.99
19.31
8.68
14.11
7.52
9.92
19.45
9.99
10.84
9.39
18.86
10.39
11.79
14.79
14.69
11.7
18.2
9.18
13.44
9.83
20.12
10.3
8.75
11.89
12.99
12.12
16.72
17.89
9.03
15.31
19.61
22.45
11.31
14.57
19.09
10.55
12.2
15.53
21.85
18.65
23.71
17.37
16.0
12.27
15.27
8.92
15.54
9.55
14.34
17.04
7.34
12.74
16.48
20.27
14.66
19.03
14.04
16.74
18.51
14.65
18.82
13.4
14.6
16.29
11.31
12.66
17.05
14.64
15.82
16.78
23.38
14.4
17.31
19.12
20.33
14.13
21.99
18.6
13.19
15.43
18.37
17.98
11.46
17.01
14.43
12.97
13.2
17.53
10.39
14.03
13.02
15.34
12.94
10.73
12.34
10.13
10.45
11.36
13.64
15.69
20.75
14.68
14.35
26.4
12.82
12.0
7.73
16.59
15.03
9.41
10.86
9.33
12.18
17.94
11.61
13.11
14.47
14.36
16.44
16.09
20.76
14.26
21.4
13.81
15.94
8.73
21.09
15.34
16.34
18.74
12.53
9.3
21.25
12.92
16.98
20.01
14.65
14.63
13.18
18.56
13.48
18.44
18.11
10.93
13.3
11.97
12.63
13.27
14.62
14.99
11.89
11.21
13.1
13.18
16.68
15.81
8.77
14.96
16.77
9.16
10.51
11.91
10.95
10.55
17.94
13.01
9.07
14.1
9.42
18.17
20.42
15.13
12.81
11.01
16.88
20.57
15.32
17.06
16.95
19.11
11.0
17.84
13.13
18.54
18.44
16.98
16.49
23.5
15.57
13.47
18.34
17.98
11.43
14.76
11.18
11.86
12.68
11.69
11.32
13.77
15.64
17.06
13.95
10.18
11.05
13.49
17.73
18.41
20.27
14.4
13.83
18.94
14.79
25.36
18.63
18.42
12.85
11.49
15.45
14.82
11.52
17.39
19.51
16.79
14.47
12.47
20.78
14.77
11.23
11.12
17.43
9.6
11.07
13.9
15.4
13.88
14.74
12.72
15.51
8.47
16.1
20.46
14.19
16.94
13.1
10.47
10.8
10.2
13.38
10.38
15.34
15.32
11.52
15.44
10.7
11.83
16.69
14.9
15.87
20.24
16.94
10.52
15.09
13.25
10.96
12.33
16.85
12.13
17.61
14.31
13.33
12.91
11.84
9.4
10.39
11.83
11.88
12.24
12.44
12.82
12.31
9.47
16.57
13.83
16.19
12.58
16.39
15.42
10.62
14.65
17.42
19.04
12.32
10.85
12.19
15.12
15.96
13.05
15.77
13.48
12.8
13.56
