150.33
155.75
163.5
213.05
139.12
160.49
146.16
193.02
158.1
141.02
134.06
147.05
124.67
178.48
101.92
122.99
97.2
119.6
85.16
121.23
111.86
79.03
89.76
67.78
92.04
68.31
84.3
88.19
79.99
74.05
47.75
54.92
48.22
38.75
50.27
47.28
51.19
44.14
48.88
49.28
49.73
43.14
47.76
43.99
26.92
40.71
27.04
37.89
37.84
33.44
43.48
44.17
33.61
35.77
46.98
49.25
38.09
33.44
37.39
53.29
50.78
50.42
14.8
26.75
17.27
23.24
12.4
13.75
27.45
16.35
28.21
20.02
11.99
9.83
19.62
15.3
21.29
10.91
14.19
9.1
5.67
7.69
25.86
11.76
15.8
9.6
26.67
15.09
12.95
11.79
5.94
5.84
10.69
18.06
12.14
12.64
9.81
8.39
19.04
7.23
8.0
4.31
1.64
8.65
11.94
7.15
0.59
1.65
3.87
7.12
6.95
3.53
4.68
2.62
5.44
6.37
10.55
8.32
7.1
4.97
10.52
10.98
10.87
12.52
5.97
3.49
7.34
3.72
13.94
1.61
7.11
2.94
11.4
9.14
8.24
7.76
9.39
12.65
7.66
2.48
3.82
4.71
6.07
5.54
2.66
5.14
7.31
2.72
0.13
0.77
1.89
4.37
6.96
2.79
8.46
1.98
2.22
6.06
6.74
18.18
50.82
53.46
31.88
27.96
9.08
16.73
4.44
5.26
2.5
9.81
10.39
17.9
5.32
11.32
5.59
5.59
1.05
8.32
8.03
2.78
8.11
5.93
9.64
7.01
5.96
5.7
8.82
14.67
14.09
1.41
5.18
9.09
3.99
12.1
7.28
3.8
6.22
7.58
6.6
3.96
5.23
8.59
6.2
7.06
3.41
5.92
6.65
15.09
12.89
10.26
12.74
12.06
8.69
7.52
10.79
5.96
10.83
11.41
8.35
13.64
9.77
12.74
14.91
32.26
8.66
11.16
14.36
19.7
4.0
11.87
14.78
11.62
13.7
5.7
7.47
12.02
14.71
12.55
18.92
20.75
16.05
10.53
13.81
8.7
12.79
7.35
3.92
4.64
4.97
7.4
6.31
10.99
2.46
12.52
10.32
5.41
2.84
10.59
10.62
6.11
6.95
11.88
7.65
6.33
8.93
10.2
6.64
14.24
11.77
10.76
10.64
13.01
11.97
9.84
8.74
4.39
4.21
8.64
7.79
9.91
11.61
11.12
6.62
10.26
15.65
14.53
14.71
12.02
10.79
10.63
11.15
9.89
17.37
7.9
12.81
7.85
9.5
8.01
11.54
9.81
11.18
10.04
2.23
6.06
11.0
4.64
11.33
8.75
6.83
5.37
9.71
12.06
9.75
3.22
11.95
4.06
6.41
8.32
6.42
11.71
11.2
10.81
11.78
12.35
9.52
9.42
7.53
12.36
11.46
6.07
8.35
5.98
9.68
8.78
10.28
7.65
7.24
3.73
11.11
7.41
11.08
6.35
9.18
11.19
13.35
6.23
6.76
5.64
5.75
6.26
10.58
14.04
8.13
10.59
13.87
12.18
13.64
8.21
8.31
12.2
8.07
15.84
10.5
12.17
13.89
12.26
13.08
13.75
18.92
13.31
9.5
18.88
11.48
13.45
10.56
16.77
14.66
8.12
13.62
16.63
13.17
14.98
15.71
16.78
13.18
9.86
11.76
10.08
11.35
9.27
11.93
10.53
9.89
7.64
12.43
10.39
13.72
14.28
12.44
12.33
8.67
6.34
11.26
9.72
10.75
10.84
15.73
11.52
15.99
16.28
12.66
9.42
14.65
12.58
13.3
15.06
12.33
11.03
14.65
17.35
14.45
10.8
13.92
14.21
11.5
14.67
15.93
15.98
11.99
15.1
14.03
11.36
12.28
15.44
12.35
15.53
14.37
9.88
14.05
14.83
13.77
13.97
18.1
14.12
15.29
17.97
12.33
19.33
9.83
16.38
16.94
13.09
11.27
12.35
13.16
13.66
13.89
19.5
14.31
14.03
12.6
11.77
11.65
13.37
14.18
17.04
13.66
15.61
11.84
13.46
9.5
13.19
10.9
14.09
11.53
10.69
11.99
13.57
11.29
12.51
13.14
13.73
16.65
15.27
17.81
19.72
17.75
18.78
17.03
17.73
18.44
19.7
18.46
16.24
16.52
16.46
17.47
15.16
12.14
14.54
16.09
19.81
16.53
15.9
20.19
15.39
20.19
20.61
16.35
18.47
17.13
19.7
18.76
12.75
15.1
15.83
18.85
16.38
21.08
17.21
20.41
17.26
21.34
19.56
19.66
21.57
16.18
19.0
16.69
21.69
19.83
23.09
19.08
20.47
19.75
13.23
18.77
22.1
16.45
20.51
18.15
19.31
19.41
17.75
19.81
15.91
16.85
13.19
15.29
15.39
16.67
13.87
12.87
15.93
13.96
19.35
10.1
13.77
12.35
17.4
14.13
13.24
12.25
13.46
17.81
12.58
14.14
11.69
14.87
18.05
11.9
12.06
14.05
10.63
13.54
13.61
12.64
10.33
12.92
11.3
15.31
10.29
15.17
11.81
12.21
12.87
14.15
11.58
11.05
12.63
11.82
8.39
15.59
9.58
11.31
11.01
12.61
10.93
12.11
13.62
