131.16
143.61
154.8
159.79
116.09
132.83
141.01
110.9
152.29
112.28
127.66
145.14
78.63
100.73
96.18
118.18
77.39
92.44
95.09
60.33
65.9
58.1
48.04
50.66
30.57
42.44
50.14
55.41
41.97
25.47
43.3
35.23
37.0
39.39
39.26
28.76
31.86
26.02
25.4
29.5
9.42
16.56
17.79
20.34
24.42
26.65
31.74
20.26
7.17
17.21
13.03
13.17
6.81
16.4
28.65
12.44
24.69
11.01
27.83
28.41
14.64
7.27
7.5
18.13
19.32
18.76
9.76
11.99
5.73
7.96
7.73
3.39
7.26
11.44
4.65
9.1
9.67
5.49
10.62
9.35
6.53
8.16
3.29
11.57
8.67
8.02
10.23
10.14
1.86
6.7
7.4
6.28
20.42
12.72
5.32
14.13
3.75
3.4
8.83
7.04
9.41
3.3
5.9
10.52
4.29
10.16
10.21
14.59
5.21
6.14
11.49
5.55
3.39
7.88
11.37
12.79
5.88
11.54
8.5
9.58
18.61
8.87
8.53
3.08
7.15
13.87
15.41
10.0
13.59
9.76
8.67
3.1
10.65
12.4
17.81
3.67
8.58
9.09
1.7
12.27
10.37
17.63
6.08
13.12
15.2
3.44
7.07
14.5
7.83
3.25
14.11
11.63
5.84
4.9
6.6
15.75
6.78
14.8
0.84
2.73
16.67
7.8
8.29
6.31
10.45
8.77
17.21
5.71
6.15
7.84
11.11
1.62
14.1
8.22
10.58
16.44
8.95
8.13
9.5
17.84
9.96
7.66
7.54
15.76
10.72
1.86
9.17
5.45
7.55
8.72
6.61
13.97
2.0
8.05
6.75
6.19
8.73
2.7
6.04
8.17
5.02
13.72
6.05
13.57
7.89
7.35
12.26
6.15
5.25
7.69
3.26
3.39
4.77
4.56
6.42
11.83
1.28
4.35
13.4
9.51
2.49
7.21
7.96
5.95
5.17
4.0
9.4
9.95
5.33
7.76
4.37
6.5
1.8
2.35
11.23
5.3
4.86
10.41
3.9
5.23
0.3
9.76
1.78
12.44
13.21
18.22
9.43
5.22
5.91
3.11
8.32
8.02
5.65
4.27
20.09
6.51
14.45
6.68
11.97
12.03
15.29
5.34
5.8
10.72
20.94
16.35
23.26
11.09
12.72
20.48
13.8
7.08
16.49
10.14
12.72
17.35
18.15
10.62
12.22
18.53
24.39
29.51
17.85
18.28
15.39
13.83
29.88
23.82
14.7
27.58
22.98
16.25
19.91
12.8
17.14
20.66
29.04
15.73
22.92
23.27
18.44
19.62
15.43
22.31
16.84
29.5
13.84
24.25
29.7
18.85
18.55
20.96
24.89
23.86
32.57
30.01
23.23
18.15
11.33
24.55
20.75
16.63
19.94
27.49
13.33
24.66
22.3
13.67
15.14
20.7
27.74
10.46
14.73
10.91
14.76
4.27
15.94
8.49
8.01
12.75
10.79
15.97
17.59
9.34
6.34
7.57
6.98
17.02
10.38
3.65
22.29
9.16
8.43
17.83
14.73
14.01
7.53
6.28
10.18
9.87
8.39
5.49
12.76
15.22
15.48
6.45
5.6
15.66
9.61
8.54
14.73
7.58
4.5
9.25
8.35
9.87
12.45
5.38
14.82
8.73
9.96
7.95
6.06
2.73
11.13
1.9
9.8
7.75
10.25
8.48
7.99
10.39
12.18
6.15
12.38
10.34
13.67
10.21
10.76
21.85
8.04
12.54
11.52
11.99
25.93
10.82
6.98
19.77
10.35
11.71
14.74
10.66
9.95
10.19
6.7
16.74
4.73
15.41
23.21
10.49
12.88
12.47
17.28
23.46
16.99
12.63
14.2
13.94
22.72
21.46
29.09
28.87
29.2
20.42
16.83
20.29
26.23
17.1
20.84
22.15
18.76
35.86
25.48
26.48
33.04
40.51
22.88
20.81
29.62
32.53
19.6
29.49
22.32
22.25
21.93
25.31
23.93
22.32
9.54
18.8
18.05
15.44
14.41
14.61
14.23
13.17
16.35
23.05
11.41
8.53
16.31
19.62
21.33
12.02
14.51
17.34
12.24
12.31
13.99
13.92
16.48
13.71
9.73
13.79
12.84
11.15
13.06
8.63
6.99
10.33
4.48
5.82
13.63
5.75
7.3
9.88
9.67
12.26
9.8
7.08
7.74
6.82
12.62
13.85
7.65
28.1
10.7
14.39
8.76
8.97
7.88
6.74
13.31
22.8
6.76
8.51
12.41
6.82
9.47
15.03
7.6
10.55
12.12
8.54
8.63
16.73
16.92
12.73
9.61
17.13
5.58
12.81
5.45
13.15
6.19
11.69
9.42
8.72
9.15
7.21
10.95
16.72
11.91
11.18
6.98
10.7
12.5
10.33
12.72
14.65
14.57
12.4
17.27
16.48
10.34
14.95
17.64
15.83
17.52
14.0
19.24
11.8
12.1
18.39
15.94
26.1
11.49
19.57
24.55
16.61
16.52
15.67
26.73
16.72
15.67
19.33
22.53
18.19
20.7
28.07
18.6
19.06
23.57
30.08
18.86
19.12
18.54
18.79
21.88
23.45
23.05547046834895
23.418600569738746
23.232503273213712
23.374761136139362
23.3083819213922
23.028504034688485
23.262070064508922
22.80657833262051
22.72804137769524
22.71355339560035
