0.2201407972356099
0.1617964841089173
0.1015314232290809
0.5367811580043758
0.3728575500699292
0.367392851221735
0.4043952004115471
0.2572695516564414
0.6244571170825879
0.5838849159866174
0.4674363267975318
0.4831098816517826
0.3333005835436456
0.3550961038231692
0.4755305562960291
0.3563362006635373
0.4034299213556943
0.5113972406854953
0.4982516693271555
0.4881368341332069
0.3122909417595569
0.3493861603268477
0.3199022076949523
0.1845503274088878
0.2831568775261499
0.183651487962071
0.2579908655663533
0.2041333945853732
0.1703261308096494
0.1837696511971655
0.2625256938987229
0.2589355586353388
0.2087181112741044
0.2663249325339317
0.1551231030301593
0.1175201710552548
0.2447113957047304
0.1122077333156158
0.2384705621664247
0.1294161944352691
0.2037831048841093
0.1808779953615911
0.1832738038673336
0.1344898557208544
0.1554164178627536
0.0977758677949041
0.1838108499343834
0.1233019040519238
0.1584257438074334
0.1895369890314658
0.1398694046888513
0.1744483595084903
0.1784103091124072
0.2438896542921443
0.0901937052404008
0.1587083567290187
0.2287308599453189
0.2210686072865371
0.2510419286933796
0.1178414619416306
0.2299570079156751
0.2631042767291158
0.2306431732482519
0.2503292425869569
0.2543078530694072
0.2318469930812992
0.3053190356675946
0.255998097712203
0.2704695637562352
0.2515694484248351
0.2136917842784082
0.2260838318691035
0.1620766613564563
0.2945339074971799
0.2432537491837473
0.2759005022114724
0.2287559400568544
0.2826584342376846
0.3140346630206664
0.1611137696675231
0.2429049300942785
0.19124210965073
0.2297283310779209
0.2979986886901941
0.3481551633932522
0.2670917761247818
0.2887175258753091
0.335875328182187
0.3466484573546329
0.3948825974019576
0.3121487855794102
0.3517313028601859
0.3476502760585995
0.3475716122768327
0.3696300499811533
0.3732351802272599
0.4154740049583931
0.4032404022766859
0.3333261264452929
0.391070213375953
0.3502065428945783
0.4368560128516499
0.4176569837421276
0.4032843841064384
0.3468008448670832
0.4408624846188267
0.4523495648886848
0.425651679787034
0.4903667385347384
0.4427561967486359
0.4571276911221711
0.4493676412423473
0.4783149421735882
0.5196626648352759
0.523382174474187
0.4916745928084364
0.5583509291681337
0.5557542050385672
0.578482027029375
0.6324103454862393
0.6629467857288668
0.6828785026181076
0.6770283696293603
0.6832102027949761
0.7141049133732509
0.8439261801610912
0.7027738708276456
0.6839137865967327
0.7820989785540371
0.788189778538237
0.7705446085807253
0.778463585102358
0.7602418157536439
0.797458845377769
0.7672323292730835
0.8107025002706792
0.8177122587355343
0.8198727553546088
0.8135394209166138
0.783895209633539
0.8631673226728629
0.7985567562693106
0.8692407248923766
0.9248181917056024
0.8277141830758139
0.8800645879670348
0.9074594319614746
0.8991475927428442
0.9051816859414012
0.8422550865069525
0.8660216955608839
0.9057605367065265
0.8269326949176701
0.9297387352650692
0.8358762502667167
0.9005084906438366
0.9964822375450408
0.9533183282291566
0.9713641883897212
0.9723216949129236
1.002068505655905
1.0092940882259795
0.9257821433244128
0.9875078607231272
1.0107234429181489
1.087280391666999
1.0670745326289228
1.119010669177082
1.087000079325761
1.1479714094757
1.1231998279854962
1.1904193300668644
1.0543987291828203
1.130541698823798
1.1150824950353146
1.158987845073373
1.1041008379112152
1.1498978419099313
1.2043144173946576
1.2168850965212616
1.1974774870790328
1.2237189682859997
1.2314627894246246
1.188658932714402
1.2096251123053543
1.2093326636886816
1.3201581120520138
1.206968785864832
1.2252389934937158
1.2639654894093062
1.2993375160679597
1.2446194526088492
1.2577718652727
1.176325295710947
1.3266304856077449
1.3114067973322632
1.4420701030029872
1.3421303072683577
1.3020949035980718
1.2739510515020174
1.4219620909662467
1.3585572021421577
1.3545093514694373
1.422213286887852
1.4680327676810945
1.41426234832195
1.5635207341466737
1.496182581728135
1.4571584380283822
1.4940975941761416
1.5220446687928255
1.5670677113868403
1.5137897672099925
1.5729702634796197
1.5882129035416164
1.5721792327178594
1.5979915540070735
1.5308967778381195
1.6378795955080785
1.6656098632014391
1.6203032749724655
1.6630270893032224
1.5982470059567544
1.659002023556191
1.7867838694246123
1.6775081874292497
1.795863874583744
1.7079307851158003
1.8165915492470583
1.9617113005536395
1.7801533874071074
1.8738892462305992
1.913962208159356
1.807115953444565
1.9179882163724729
1.910829636465261
1.9840708446059592
1.9201342552371683
2.029501936751023
2.0342080155230104
2.1048131708919566
2.009353988978108
2.0827647373638225
2.081415041551
2.084307830965602
2.142006265883916
2.094650603713692
2.2123927430769506
2.222621714122789
2.278003583761831
2.151410936681874
2.314405162845487
2.254656258812543
2.3633425990813204
2.2668940431253115
2.1990487671434304
2.273765390811292
2.441444769537512
2.418885368406145
2.3685535453348505
2.505567454611828
2.5901627149406465
2.553963920512958
2.4907923246446675
2.584829272145299
2.5924513345670395
2.6232698060424813
2.750566661584844
2.660184682814601
2.5781122989208
2.6885457290147303
2.612464669735522
2.821514515221205
2.907167193225606
2.778362789300994
2.814011750448441
2.9107629322617674
3.149723172521238
3.141778139359068
3.01993401273983
2.7819128524256302
2.857647766832025
2.964396970722897
2.9602143115709243
3.2145093699410814
3.254296928849626
3.074112638744515
3.17336182853761
3.346903151130407
3.199788596282092
3.2738505094244426
3.39981932547274
3.4663421008440203
3.455602803107748
3.510526565684679
3.4858586361041
3.483337712927157
3.4692186464953125
3.340390576267008
3.6925296852526497
3.6040532075756686
3.6409631401384592
3.685216360877537
3.613861180433316
3.88345344796136
3.622996796848057
3.7804062788339583
3.74617464664174
3.830465196668449
3.676579540465144
3.894673804360748
3.790321353002743
4.019296805958008
3.9669499108930313
3.850834449785464
4.032397595015741
4.276573636259867
4.127441406945559
3.9492912654628425
4.049746791647618
4.157677015667725
4.237199430954331
4.029966999503881
4.094344884879848
4.006480272321713
4.120066012835839
4.1239855658719735
4.215123395839856
4.154558688370523
4.209643899882155
4.237479990196201
4.217213963242641
4.511486816972004
4.241697667269653
4.346535433108551
4.343019677934583
4.329791687244169
4.256909558851044
4.39300218795191
4.202692431285417
4.460978939540345
4.435987283288615
4.435730112402239
4.564860005576921
4.705734591532771
4.522525887632438
4.704394554990285
4.619694645153577
4.684282835237989
4.553942558909832
4.632064476442507
4.917269527062742
4.828150013601118
4.583519281573722
4.801583551566739
4.505551760529349
4.583834085751835
4.847623099630849
4.921062230989245
5.063227591065518
4.750195673729925
4.8978677425108925
5.0687928359633725
4.845075050694576
4.954829547930502
5.415764282434699
5.112247663422891
5.016869324556667
5.064377670120258
4.806252330774637
4.921740751838758
5.052046910714085
5.024931153582114
5.168583979670111
4.943437864143598
5.252381098482929
5.65260511432423
5.273978191825113
5.121417544865144
5.417616865597714
5.187965357654491
5.3585984932917405
5.531851196635994
5.364890995837152
5.647276438012923
5.582787692924978
5.375148212793349
5.651538772535157
5.486526390488715
5.323671597974737
5.679653118749901
5.762225953465807
5.591866798624272
5.795469897639583
5.765146649738171
5.91892525980396
6.061727775668547
5.893235588072712
5.782724562794908
5.833806974899083
6.427333397203592
6.19390194910242
5.887066664384418
6.053989320157964
6.19745130895185
6.483576908301273
6.120987008650011
5.837791373614989
6.43868178225141
6.3518222295601685
6.1057088071782415
6.560485591795416
6.662298097215835
6.310577511854624
6.360268947092843
6.710481164427681
6.899507426257465
6.843445026875697
6.765671485410685
7.009678789334536
6.93169946806348
6.783262922753544
6.968849966224274
6.837862589094133
7.241155531113797
6.871662324318468
7.561949818358824
7.387243980086269
7.71924840136364
7.784456530137931
7.311084571303863
7.176733093833284
7.7707552560407
7.825999797420435
7.823528068631734
7.802256193904834
7.822720561989793
8.158408244768482
7.338952262271384
7.980244612114244
7.9954748219026195
7.846637174568456
8.19400800322115
8.147403551755191
7.768031680714597
7.914690568944651
7.997342539417017
7.718363713387853
8.210635887153279
7.642518263217267
8.295711102025205
7.863769961802032
7.825902087416236
8.112979771881841
8.24995682471949
8.096139632941172
8.01319844884005
7.597387185235382
8.048878079904917
8.079819510189818
8.176117532453153
7.9508483041956035
7.981824283805398
8.129297515294029
8.416847008797651
7.892228940476326
8.057855755487024
8.240317852524491
7.93012902184418
8.278394875148024
8.022949283017097
8.501773729300217
7.9317147441544895
8.575099638143385
8.192448330224325
8.249384563662126
8.457290729625912
8.526045195209333
8.414605995783452
8.164696117736401
8.47187217156017
8.321272581515823
8.506148133505091
7.915622481579163
8.634388183145777
8.080593690463711
7.736915675915779
8.303947822621703
8.356623258204078
8.379213933304444
8.281063088028882
8.437775542697104
8.33956301080354
8.395462222122015
8.224703571622946
8.562241662900457
8.400707929103415
8.041146675337234
8.4837248705049
8.610305744188011
8.660712941185672
8.853243718304615
8.465096148523903
7.778538522796946
8.50631447460412
8.318013247968535
8.435111757198309
8.48146632011206
8.888458996082218
8.421950107059462
8.785310251754048
8.598283393665586
8.74527190335255
8.837022752122536
8.629387798690729
8.855534262821712
8.531715543846946
8.394395875941536
9.192517644001589
9.021325820464169
9.292510376809432
9.441705305208968
9.058704709810591
8.945677839322652
9.21124368173198
8.89499240745225
8.792717469351063
9.331402688162592
9.21310362268028
9.206986999704151
8.987643014211939
9.075372783769517
9.107957659123077
9.256817673159356
9.22916208234375
9.142190664926146
9.390724901589175
9.429923519992768
10.039354497172852
9.716670977724643
9.41577999886254
9.81078637717361
9.744373191170997
9.687590414009067
9.746006658178269
10.073805387447784
9.576499218320624
10.048596368736929
9.88469381748684
9.97844964795564
10.014560148891391
9.9167871534918
9.88289673112665
10.563792514436129
10.365948804774634
10.318530900766728
10.243618103580252
10.658630656970743
10.265276685437623
10.430340725689438
10.554992342280332
10.72817604082696
10.52083917623674
10.785158881338631
10.943553824145788
10.889777628973098
11.011543367549937
11.37499519375337
10.882503959900784
11.209070324904928
11.174564406028203
11.33234728886477
11.212854546011936
11.413746443719228
11.57693325624546
11.540014270792598
11.393669818597564
11.40745221931
11.673504769888504
11.91858701834161
11.87661824090475
12.342430344090609
11.96645219040186
11.75819114163209
11.943618751672004
12.190514543270876
11.8717267810393
12.407718475520248
12.406770114516736
12.301395463856649
12.378506741105063
11.95933789369999
12.57195967282543
12.604252771894759
12.128885394666836
12.29545347790929
11.995573550380946
11.880136553661053
11.85285683995696
11.976195292156534
