0.2056662116831424
0.1481914393499166
0.3216208288946558
0.1617182646658075
0.2626826961525245
0.3503337805260698
0.3445130681206882
0.2890518987879722
0.5150214068141377
0.4368997447624345
0.429810148579962
0.4500227153248491
0.3862864833256615
0.4564163147293025
0.4884730351261032
0.4230471348172052
0.552053912145962
0.8053049278370863
0.4917019110764598
0.5774539121040937
0.6996370582036241
0.4092866176401753
0.4395433291300115
0.4672870501953906
0.4267909757215808
0.5005035830768599
0.3841491176890709
0.4252110381183069
0.3412014183515803
0.4873188590137905
0.373893297790444
0.176542010365629
0.2097752382508883
0.118196746829435
0.2650660471932893
0.2333515039733254
0.1152508459805397
0.1934177346724698
0.2011959465084032
0.1503628073929499
0.2392313433158387
0.1708492662374718
0.2120767988769944
0.1089034948567496
0.2157433275679414
0.1301686692177508
0.0667093133354819
0.1783907873742652
0.1632928191579987
0.1327787490399367
0.1952912333564568
0.0703979139909866
0.1213581319053682
0.0565605742328881
0.1449736425239211
0.2319518732831363
0.070428678423267
0.1176893366408234
-0.0261122379146658
0.0327085887665697
0.1837055650445833
0.0625432438105671
0.053335125324096
0.016772265070851
-0.026829048014106
-0.0002727317893763
-0.0657047459279482
-0.0470070984819658
-0.0094787517321832
0.0143758856382214
-0.0122114842004123
-0.1024104351216934
-0.0440065765264297
-0.0988145228100543
-0.1051047204603136
-0.0590590325833604
-0.1038328708394766
-0.1218900726104627
-0.1097446166375083
-0.1557474370780765
-0.1219296486524925
0.0276242144679197
0.0763758919641074
0.0400562436472624
0.0219769121064823
0.005413298845338
0.04628310405418
-0.0130366250946662
-0.0148904994836793
-0.0241448813319664
-0.0362694969418504
-0.0005675272591893
-0.0118835735998662
0.0418119402133018
1.72929047123e-05
0.0097077857502105
0.0801972505927226
0.0770992927867555
0.1196644719517891
0.1035196483504245
0.1346781145068973
0.0794000712761506
0.0939643664863125
0.1232360797622394
0.1348917363230229
0.1530942245226228
0.2158430147747081
0.168841595815265
0.2218253915511658
0.2123089574816517
0.221547149276985
0.2085487138483351
0.2966658006420556
0.2096574166745018
0.2463764225450211
0.3047864728349365
0.3258766786653567
0.3180310654545253
0.3331877974010619
0.4008425172687921
0.4391611072253762
0.5053885160136575
0.3599734040861728
0.4643909565313441
0.5011863909154323
0.5400019163186747
0.5094087879760663
0.6018151711286492
0.6042246124910813
0.5550028454585959
0.5495193750243131
0.6094639840285818
0.7170983836485024
0.7127725792763635
0.8524329628941004
0.7110621464177456
0.6777622594164953
0.8175020504335965
0.6958871446175874
0.700782968132599
0.7273719781584009
0.6450097424066121
0.8781810934328533
0.6670161697905768
0.7526996048527347
0.7836258843220588
0.8287272096902762
0.7040224705577512
0.6226713765222206
0.6331058606238597
0.7690431291665135
0.7171828543132146
0.7218765504193532
0.8980722046026506
0.8976495131831024
0.8821886050933082
0.8043269444207448
0.923520464820932
1.4366701389229104
1.1982286293480269
1.7976493494021355
1.9157808815917203
1.5674427084003089
1.6276188928574111
1.5069744122652748
1.4008274951096036
1.1679092214360487
1.2051766977188254
1.1732468590277405
1.2298576123434202
1.3084495621744872
1.446517169613028
1.3101400950815103
1.582551015389443
1.4439939063100338
1.39189815143847
1.299323208570902
1.3367731432735122
1.5324605233373123
1.3475027487778946
1.2611795821606475
1.5605404907880456
1.7267086546738148
1.5048156574635476
1.5492764695132732
1.8237232082511996
1.7337823478331051
1.7780205542741194
1.628994111839201
1.4408165881667412
1.3347472788605017
1.8231356658537736
1.5499660488837617
2.050833220881024
1.8694283998490309
1.7126726615130152
1.9144453822355985
1.671127438329304
1.65384549555376
1.5859825049995069
1.7757725272262246
1.9447784609564436
2.023043196185662
1.8915359675568315
1.8136046979887568
2.04316148193418
2.0543012178557807
2.0545731023961444
2.3058721826194546
2.22031451424174
2.2139116095659306
2.28661165650885
2.211003464706727
2.088834601662397
2.257923315390212
2.192142771893403
2.252005007962105
2.1730799781823475
2.2410739919224603
2.1140530639345934
2.7258878033069305
2.2629405924692354
2.382950697176187
2.984994596826864
2.448237723049042
2.6046147571135263
2.6291415867916226
2.500428853151908
2.708380052153585
2.653586356752953
2.7654066267832014
2.83573075313382
2.571491797397918
2.774505211146953
3.1825699023170024
3.127117228802247
3.197334221997609
3.316111313869003
3.4480260501254048
3.3829390005493054
3.482210090601448
3.2763757116403864
3.0768073017935182
3.264557094922365
3.323516090048628
2.9606141519574574
2.843127909449103
2.944551217943159
3.044879810458984
3.3804744047678503
3.26306206463599
3.549130447349902
3.128353902578407
3.4773515220697804
3.2542221944464043
3.647338343088821
3.670711339401184
3.360527377130804
3.4740331673385536
3.638434288891767
3.539198495552223
3.5523481326676807
3.848634122642805
3.947110568537026
3.920572448870393
4.214679868460387
4.41289658598324
4.371091469400189
3.9294650889834633
4.460162111927828
4.185710932218585
4.492608685913335
4.673119287196118
4.617533278188979
4.255888810293285
4.314596150377523
4.347945620129226
4.4083610253431615
4.491841200868896
4.839166150825566
4.854263244746012
4.827507712147391
5.28348757194432
5.349462404094089
5.32389032940685
5.452051262966852
5.188245665528711
5.006040691985008
5.622353982289228
5.298324456262337
5.580841749109777
5.7555743946242135
5.819605785698941
5.979954422278452
5.560234634353237
5.991518935433114
6.220296655141942
6.19212405029988
6.171161931184661
6.14588878866615
5.9764699985123615
6.190979908087449
6.348280515807816
6.573446442411028
6.740347270847103
6.67919720526485
6.699980030628036
6.345419995871144
6.541451650474198
6.897137538563219
6.68583577994569
6.823736960690036
7.008669698837637
7.0695140301824
7.032282446099981
7.26856219075183
7.308850115315103
7.393925970412664
7.583539302051333
7.305485652397142
7.552096321615632
7.600302451922127
7.52606120861036
7.873938307610748
7.832921805490916
8.041356032873178
8.27777092521059
8.227816803002494
8.212159601581053
8.399541189456336
7.956986178151335
8.265854535778416
8.30975677693353
8.386895104593815
8.35723325594499
8.576306043441578
8.899383887772057
8.78145322478291
8.639666409557115
8.792599522203567
9.08203621247889
9.339560128268412
9.178349305087346
8.943320702070011
8.848351842805153
9.943682902279296
9.882706316620798
9.972082154055371
9.92557888950672
10.031394723418591
10.120018469531423
9.486613671142344
9.938306485591204
10.432462049038175
9.901162863711324
10.146812704934089
10.324975928361942
10.187614695320075
10.181376057023924
10.633922141623566
10.63707826721557
10.586112601014936
10.795372663518403
10.411697515680038
11.2802168430173
11.057995093255045
10.937485026723488
11.304215626185057
11.004432764131073
11.24565604694527
10.981963672511196
10.868401337473864
11.347521732805586
11.237902916346163
11.57198290776888
11.91152197986597
11.781347088302836
11.69571452227963
11.7555733907395
11.874434684843852
11.8667420043724
12.313243521167951
11.79830523249885
11.597841064370222
12.360671815009391
12.57959009744968
12.270077365709184
12.169231623466905
12.387331937651645
12.108388338680836
12.736330097184332
12.461375986116446
12.269128492010138
12.780215329721669
12.296234926406848
11.930067379311607
12.960485990731982
12.508819790173668
12.863933879692272
12.815626855744526
12.132982544665488
12.507134079592406
11.974104772390652
13.472813760360944
12.940987925590584
13.138483598774796
12.76763816016537
13.108781354223831
12.892431637659357
12.827403736831364
13.518345720939962
14.500905736011882
12.829076081663166
14.08195870086402
14.094460043542377
13.888772721956444
13.316216808964992
13.98118035827248
14.644401991667923
14.333091434180828
14.36203438215337
14.773822756816012
14.633278235059445
14.034644045943724
14.370420271156457
14.25488120035774
15.132350581772068
14.230441745215323
14.98192068298089
14.34017955289928
14.933073983870598
14.843131912485903
15.032502266367237
14.681955415195228
14.468899282046566
14.955357338329478
14.812323944233109
15.403875914853357
14.712997145364705
15.201304106359238
15.487187968885769
15.113362303792483
15.233374640598418
15.39291205978529
15.836430985034918
15.539758122508047
15.356486672567804
14.627915352600672
15.37775777914618
15.848960666695236
15.22758905597052
14.979093873443814
15.138231485835163
15.991596831496064
15.515662448338269
16.40067847109589
16.355908588901038
15.310968646967952
16.03144430366488
16.075955675391125
15.7468821464289
15.986189822489656
15.868471962066442
16.41479193478568
15.765534791136847
16.09756040321959
16.473140156071484
16.068827771143802
16.30232501939238
16.08052807986699
16.311066883568152
16.3844644016088
16.181511406402993
16.490290057827735
15.672619763328166
15.726865849579813
16.2032751440524
16.336843755595993
16.50902754529752
16.51808197272409
16.29082233086233
17.559190567119334
16.610606132981943
16.90989632169335
17.19556360281047
17.57291037654447
17.495333240966673
16.758427682094297
18.065952470121587
17.410595939627704
17.033952312513584
17.82960841503887
17.770559430601303
17.098605417824785
17.813326525101417
17.88181601592143
17.855018444638063
17.27170638344257
17.72655355645662
17.568363865424452
17.968403328389808
17.853457215198983
17.6521427080767
18.03546591514934
17.730855474689914
17.74601319463214
17.05861685052729
18.237131384579733
18.53633448052893
17.445633782084816
17.452358426494882
18.10903641910225
18.34274685801368
18.743264439374585
17.811427071802825
17.8546328454481
18.46452782145761
18.51803698419277
18.456548354064957
18.93317756602812
18.088088570524484
18.65488200370223
17.960644331857075
17.981146899191675
18.486390482782408
18.557300031800807
18.57660107317229
18.257733081483316
18.535069433425296
18.448219980195606
19.0262941179794
18.945426745548083
18.66977005899064
17.97320954309862
19.29391108282572
19.151751934307573
19.07998538976068
18.104343706863943
18.69228354581737
18.823569146443
18.90507803073319
19.046764710625425
19.109441905019317
18.73965689178985
18.385672322705208
17.64639208117212
19.054292756331314
19.0772420786573
18.594769682622022
18.79632541291961
18.915302795353558
19.33497316306529
19.53453594293149
18.92505531007901
19.30866781731102
19.123910614228457
18.738220355967503
18.32693357929625
19.00519813407487
19.636492081800597
19.73204993485732
19.46813381655637
19.387983953698782
19.444178821550064
18.989633312085395
18.816146974575528
19.389004586313817
19.06023215479278
18.40112156437861
18.276139178622078
19.12010393588555
18.74550507922005
19.53372660611678
20.035541311295837
19.20600454868384
19.104283796355254
19.222296895041623
19.541415264132493
18.35681387614303
19.640711593084905
19.364531988847784
19.67093094774481
19.37406735851088
19.297892596345925
19.463053266449684
19.528048223444557
19.399307973337173
19.620784277078496
19.75933287227004
19.63488306317832
19.606440765229667
19.651968140429965
18.700908010211887
19.73132242384704
19.62027618721079
18.96103076744389
19.53014890539294
18.962453527675144
19.98382064719021
19.786529235361204
