50.93333333333333
36.46666666666667
38.077777777777776
28.52
17.48
22.4
23.06
29.34
19.0
23.45
11.94
12.71
13.9
19.04
20.25
19.92
25.5
20.75
22.52
24.14
20.89
17.75
10.83
7.7
11.26
18.98
21.46
25.3
21.58
19.37
15.9
15.31
17.49
23.36
26.44
29.47
22.24
17.69
18.74
13.81
13.41
14.11
13.52
18.56
22.41
22.74
22.04
19.84
17.19
23.24
29.03
30.71
25.1
24.65
24.79
25.9
21.98
23.12
19.4
17.46
20.64
18.13
18.72
15.74
15.02
20.69
22.14
19.46
17.77
14.51
17.29
16.08
15.71
15.91
14.41
13.36
17.14
17.05
22.2
20.71
19.64
13.61
19.88
19.75
22.12
21.77
16.9
15.73
14.89
18.69
25.93
27.19
25.86
20.21
21.39
17.22
18.54
15.23
19.74
19.01
20.62
16.63
17.38
13.93
14.86
18.21
19.53
18.48
18.64
21.5
21.91
20.1
15.84
13.34
17.28
17.73
21.34
20.49
23.43
24.41
20.71
17.15
18.03
17.98
20.32
23.54
19.58
16.86
14.83
15.3
19.03
21.39
22.31
20.44
15.79
16.6
14.48
16.09
16.61
17.16
18.9
16.53
18.31
23.36
24.47
22.6
15.0
15.92
19.08
20.19
22.63
19.59
18.4
13.5
17.83
21.13
23.93
21.81
19.14
15.97
16.08
13.8
16.56
15.96
16.89
15.91
16.44
15.22
14.03
15.45
18.15
20.7
18.29
17.49
16.57
16.74
14.65
15.51
13.0
15.47
20.56
20.68
21.17
17.88
15.85
16.6
13.49
16.12
17.21
19.05
18.32
14.7
13.92
16.59
20.94
24.23
20.96
18.85
18.1
18.9
16.97
16.83
18.47
18.02
20.76
18.92
16.27
18.16
16.66
15.82
15.82
17.96
17.88
17.4
17.19
18.38
16.47
17.64
19.14
22.06
19.54
15.39
12.48
14.1
15.75
18.45
21.74
20.3
20.18
23.6
20.8
21.03
15.62
17.4
15.97
16.9
19.23
20.54
20.46
16.63
16.12
14.71
16.53
14.05
14.05
13.5
14.24
16.45
19.59
18.26
20.37
19.4
18.16
15.29
11.72
12.13
19.27
21.58
21.92
18.18
15.58
16.45
16.44
16.51
14.16
19.4
18.45
20.76
16.71
14.83
16.5
18.99
21.81
20.86
18.28
17.39
14.91
15.12
15.35
15.01
18.51
18.64
23.92
24.25
24.03
21.76
20.66
20.87
19.36
20.05
19.68
19.33
18.79
18.94
18.48
17.31
19.04
18.02
16.0
16.15
15.73
16.93
16.61
15.8
16.49
17.4
17.61
16.13
18.36
20.39
21.01
19.26
21.6
20.21
19.65
19.86
15.92
16.97
17.31
15.88
15.62
16.6
17.94
18.46
17.49
18.53
19.51
19.03
19.94
15.99
17.51
17.8
17.58
14.96
14.65
16.03
17.38
16.89
16.57
17.9
19.0
20.53
20.25
18.31
18.29
17.4
15.05
14.18
13.88
15.84
18.32
19.62
18.71
15.59
16.64
17.7
17.89
19.92
16.63
18.47
18.96
15.53
14.69
15.83
15.49
14.53
15.8
15.7
18.49
19.04
20.17
17.42
17.76
20.5
19.92
18.17
15.49
15.44
13.88
15.13
16.27
16.43
16.34
15.82
15.76
14.92
13.98
16.02
15.28
17.23
15.82
22.37
22.74
25.3
17.45
21.96
19.51
20.91
14.23
15.52
12.76
14.17
15.35
16.84
17.08
19.58
20.38
21.63
16.92
13.78
12.8
12.92
13.39
15.72
15.93
15.57
16.6
16.21
15.68
18.01
21.28
24.16
23.8
22.69
21.69
19.23
18.18
16.52
16.8
23.37
22.2
21.29
20.26
20.25
21.36
20.77
18.98
21.21
20.67
19.1
19.86
15.16
15.8
14.04
15.79
14.77
15.13
17.84
19.27
19.7
18.94
18.54
17.09
17.09
16.38
18.17
17.53
18.05
19.38
16.98
17.71
17.47
18.98
18.94
19.04
17.1
17.41
18.63
18.68
17.59
14.89
17.12
24.88
25.9
25.35
27.1
21.09
21.83
21.13
17.85
15.03
15.29
14.46
18.51
19.33
26.03
23.87
23.57
15.25
14.86
15.81
15.61
15.68
14.63
16.15
16.5
19.72
18.08
16.33
14.48
16.07
14.88
19.16
20.16
20.81
21.47
16.54
17.2
17.23
16.73
18.45
18.99
18.85
16.7
16.11
16.47
20.88
20.39
18.15
15.25
16.13
17.99
19.83
20.81
19.62
19.03
16.63
18.29
16.07
16.13
14.24
16.22
19.01
21.15
21.96
22.4
22.92
19.33
17.53
14.7
16.46
18.45
19.16
18.08
18.19
20.05
18.29
17.68
23.12
21.62
20.82
14.92
14.26
14.25
14.43
16.9
18.95
19.39
18.46
17.12
16.86
16.89
19.11
16.87
16.41
17.98
18.04
19.24
23.04
23.21
21.41
21.12
15.33
15.1
14.27
17.75
15.2
16.69
16.98
14.57
16.66
16.26
16.83
16.31
20.47
19.91
27.36
25.39
25.47
17.12
16.53
16.14
13.53
16.92
16.81
18.48
18.34
16.46
16.36
17.47
