75.36666666666666
52.7
53.8
32.64
26.9
11.6
18.52
17.6
16.49
15.66
15.42
22.49
23.99
16.26
17.24
16.03
17.45
16.94
14.94
13.83
10.69
16.9
16.84
20.18
17.21
16.75
14.82
14.16
16.14
18.43
20.72
19.48
15.46
9.73
13.19
14.41
17.08
19.16
18.15
15.27
14.7
16.16
18.15
17.91
19.33
19.54
14.45
9.64
16.41
18.2
21.35
19.95
19.37
19.65
21.9
19.55
14.78
14.78
20.08
24.05
25.17
24.47
22.77
20.26
20.64
22.69
27.97
28.52
25.62
24.73
20.97
19.55
15.79
17.75
16.59
20.8
26.38
21.71
17.24
15.65
16.34
21.35
21.87
19.99
16.76
18.32
15.19
18.12
15.93
19.73
19.39
21.56
18.59
17.14
13.88
13.69
15.32
19.41
21.09
21.17
16.68
20.18
24.35
23.6
17.77
13.98
15.38
24.88
25.74
31.19
26.75
22.04
18.74
22.07
21.9
19.49
18.5
14.63
16.1
18.28
18.12
16.14
16.32
17.08
17.66
15.43
18.75
20.5
20.49
21.18
20.29
20.92
18.72
15.25
14.61
14.72
18.54
18.48
16.62
17.82
18.59
18.81
17.8
14.87
18.56
17.91
17.6
13.4
15.99
20.53
21.06
23.26
25.54
25.8
25.87
22.11
19.87
16.04
15.04
16.12
18.72
21.59
20.68
21.08
17.65
15.66
14.32
15.16
16.95
17.1
17.89
17.53
15.92
16.74
14.05
15.39
17.94
18.52
17.52
17.8
19.61
17.26
19.31
17.95
18.76
15.51
14.19
15.64
15.5
18.67
18.94
21.27
21.73
18.28
17.0
16.31
14.33
14.83
13.99
15.71
15.65
14.35
13.93
15.27
15.69
16.44
17.72
19.48
19.36
19.47
18.34
17.52
18.16
17.56
20.5
19.4
20.8
18.12
16.69
16.09
17.24
18.24
18.39
24.33
23.81
23.17
19.34
16.54
14.59
16.27
18.27
16.71
16.62
16.1
21.44
24.65
25.61
21.03
18.71
18.06
19.11
20.88
19.12
20.7
17.13
15.72
14.6
16.06
17.0
16.61
15.8
15.49
15.9
16.26
18.78
18.34
19.13
16.04
18.5
19.33
21.9
19.83
22.49
21.53
22.17
19.94
18.4
24.28
23.54
22.79
23.91
22.53
26.91
23.5
17.65
12.59
19.26
22.53
23.21
21.31
21.04
21.59
18.66
16.87
16.65
18.33
16.52
17.55
16.51
18.77
17.36
19.65
18.24
19.46
18.61
16.97
16.2
16.45
18.13
15.91
14.02
16.96
20.3
24.07
22.2
18.68
14.74
18.18
22.5
25.77
25.02
23.17
25.63
24.8
21.09
21.1
18.16
18.68
21.22
21.2
21.09
20.32
20.23
16.72
17.31
16.07
19.0
18.31
20.59
18.1
17.73
16.16
15.48
14.56
20.47
18.01
17.28
19.78
14.58
13.26
16.35
15.55
18.11
17.79
21.2
21.39
21.59
25.95
27.74
25.21
23.37
13.52
14.12
17.37
18.31
21.33
20.54
17.91
16.18
16.72
18.67
18.9
22.23
22.4
19.17
15.15
16.82
14.68
17.1
16.92
19.02
19.58
21.28
21.77
21.69
17.56
16.85
14.7
13.45
14.78
16.13
22.7
24.05
26.14
25.82
18.25
16.73
16.56
16.74
24.86
23.63
23.07
15.95
16.08
16.11
16.85
15.79
16.72
18.06
17.55
21.79
18.94
17.85
16.09
18.51
20.62
21.17
20.46
21.57
25.03
23.79
23.61
21.67
21.67
24.98
20.64
20.55
17.68
20.24
17.58
16.24
15.66
15.08
16.79
17.92
18.62
19.55
18.19
20.21
17.56
17.87
18.86
14.82
16.94
19.83
21.51
23.93
24.23
20.47
20.7
16.32
15.03
14.87
17.83
20.85
22.31
21.21
22.02
21.51
19.02
20.55
19.49
18.01
17.57
18.04
18.3
17.93
16.88
17.1
18.05
16.17
15.96
13.98
15.39
16.7
19.07
18.29
16.71
15.45
15.27
15.87
15.85
17.99
23.01
26.13
24.76
19.91
21.47
21.76
21.46
14.63
15.34
14.16
15.89
18.85
21.2
21.05
18.35
19.08
21.87
21.29
20.92
21.14
18.59
19.08
19.97
25.47
26.83
26.76
28.33
24.38
24.24
16.59
16.33
15.1
14.86
16.51
17.87
19.74
17.84
15.02
14.27
15.58
20.06
24.22
22.97
20.45
20.25
17.46
18.07
16.91
15.71
13.81
15.25
16.74
17.42
18.29
17.39
16.54
18.14
17.14
16.49
16.9
18.22
20.78
22.83
20.98
16.75
21.53
21.62
24.35
19.1
19.02
18.46
18.06
16.3
15.94
14.93
13.96
15.82
16.84
18.68
16.95
20.06
18.46
21.32
19.48
16.8
16.55
16.7
17.72
17.1
16.33
16.43
15.7
15.98
18.93
20.3
19.66
18.04
15.5
15.86
15.83
18.04
15.95
16.09
14.38
18.5
21.58
24.43
23.2
21.65
19.81
17.57
18.39
17.13
17.13
15.49
14.36
14.98
17.6
19.25
19.35
18.83
18.77
19.56
20.1
16.52
17.43
13.6
