60.84
34.47
45.26
79.45
56.67
40.36
46.04
33.08
27.88
28.59
16.74
26.47
25.66
35.78
50.33
41.42
27.08
25.41
43.8
35.14
19.16
11.73
15.7
22.4
13.37
23.05
42.57
31.63
12.6
20.21
24.57
27.18
23.96
25.47
23.28
25.44
37.66
23.31
12.73
17.32
24.59
17.6
15.05
17.5
10.29
25.67
31.6
15.06
22.61
21.13
18.18
25.53
21.14
15.4
20.02
22.34
13.26
19.88
20.17
23.84
27.0
17.65
14.56
20.03
22.58
21.13
30.77
21.25
17.07
30.07
33.18
22.25
23.74
28.41
22.52
18.62
17.31
20.1
13.29
16.85
22.5
11.51
14.39
19.27
9.58
15.63
23.57
19.56
17.62
8.35
6.34
15.37
18.19
15.1
16.67
28.07
26.16
13.47
14.19
17.81
16.15
24.48
29.13
18.21
19.23
22.88
20.61
16.01
18.37
24.03
20.13
16.46
23.58
30.36
22.89
14.37
15.43
19.66
14.64
16.63
24.41
33.17
30.86
18.55
18.86
16.24
16.79
23.24
19.36
22.26
27.01
27.31
24.29
15.62
17.81
27.63
21.46
26.67
35.88
24.97
16.76
17.37
21.11
19.79
17.65
12.56
14.12
15.06
14.11
20.41
21.05
16.48
19.82
26.0
23.83
15.62
22.67
34.38
33.86
26.08
20.27
17.74
18.3
19.95
15.36
17.87
18.59
12.8
15.21
17.2
14.05
18.22
23.77
21.85
14.59
16.18
20.43
13.81
16.29
21.58
15.41
15.86
17.8
11.93
15.11
16.87
15.09
18.05
19.97
17.93
15.08
14.93
15.55
17.36
18.93
17.31
15.65
16.15
15.6
15.56
14.54
28.87
29.12
17.64
25.4
28.24
28.27
24.36
14.91
13.01
18.49
20.36
15.96
15.89
19.17
17.04
17.27
20.07
17.76
15.47
12.04
10.64
13.15
15.51
17.56
18.23
16.27
15.37
16.5
15.73
15.69
17.84
18.79
14.4
13.01
15.54
16.46
14.22
13.39
17.7
15.91
13.29
16.03
18.48
18.22
17.69
16.18
18.46
21.86
18.97
17.13
14.02
14.06
18.76
17.09
12.68
15.59
17.12
14.47
19.07
23.18
21.55
17.45
17.9
19.76
20.3
17.61
15.36
17.85
16.2
16.68
16.74
18.36
16.72
13.64
16.63
17.54
19.24
17.92
16.28
14.57
13.73
14.3
16.66
17.88
17.46
17.73
16.56
15.56
13.23
15.57
19.35
17.3
16.22
17.11
13.41
11.66
17.99
20.97
16.67
14.58
19.95
24.11
20.63
16.16
14.4
14.44
15.71
16.96
17.1
17.91
14.18
12.77
15.57
14.47
14.02
16.09
15.86
14.53
15.85
19.39
23.11
20.46
19.82
20.17
17.37
15.17
13.05
16.12
16.32
14.31
19.16
23.02
22.64
20.61
14.94
14.23
15.59
15.2
16.07
17.9
19.2
16.3
14.66
13.41
12.48
17.28
18.89
15.78
16.51
20.42
19.57
15.7
18.09
18.08
16.21
18.78
18.08
18.78
16.31
13.03
15.92
16.67
16.05
15.4
13.29
12.93
18.06
19.8
16.62
13.91
17.53
19.37
15.63
15.98
15.74
16.88
15.63
16.28
17.56
15.39
17.15
17.68
18.03
16.27
16.77
17.52
14.73
16.96
17.72
15.8
15.22
14.43
12.68
13.07
16.54
17.26
18.0
17.55
16.17
17.27
16.32
17.5
17.64
14.32
12.39
15.93
17.86
17.13
19.35
16.04
15.26
15.16
13.51
17.26
19.26
18.59
15.93
13.76
15.91
17.92
16.79
16.46
18.41
20.08
17.27
12.48
15.67
18.84
15.58
15.33
18.44
20.01
17.39
15.78
15.68
16.98
21.65
21.99
20.32
17.46
14.01
16.38
17.06
14.8
15.59
17.88
17.9
15.13
17.69
18.85
14.85
15.28
16.69
17.2
19.1
18.07
15.4
12.94
11.19
12.55
15.6
19.05
19.47
18.75
20.21
17.42
15.45
16.53
15.59
14.55
15.59
18.28
17.08
13.82
15.09
14.11
11.86
16.05
17.07
15.8
15.5
15.31
16.93
16.44
16.6
18.36
17.01
13.84
13.9
15.41
16.0
15.55
13.67
12.77
13.28
18.39
19.6
16.86
16.11
15.29
16.63
16.72
16.97
15.29
14.59
15.52
15.45
17.9
16.89
16.13
16.14
18.05
19.41
16.6
16.01
18.6
17.34
12.72
13.25
15.5
15.15
15.79
18.02
16.75
16.57
15.46
12.23
14.61
14.9
12.31
12.69
13.14
14.34
17.7
18.67
17.53
17.87
16.32
14.45
17.3
18.75
18.02
17.2
15.42
16.83
15.88
16.82
19.96
17.8
14.24
14.6
16.15
17.89
17.4
14.86
17.9
17.17
13.92
14.7
16.42
17.41
17.33
18.5
16.86
15.87
17.64
15.78
12.36
12.81
15.91
16.32
16.66
17.14
16.67
17.67
16.61
16.09
16.35
15.54
12.85
12.82
16.81
14.38
15.27
17.18
17.62
19.94
17.21
14.07
14.47
14.34
14.93
16.52
16.44
18.15
17.18
15.04
14.91
18.11
