53.3
48.6
47.888888888888886
35.08
22.2
26.47
22.2
47.04
46.68
48.53
36.76
25.71
22.92
14.17
13.76
18.8
17.58
25.97
20.51
26.27
18.94
16.47
24.61
30.2
35.39
29.46
28.48
21.1
15.24
6.31
12.29
14.45
16.05
20.31
19.06
23.97
19.49
17.15
19.65
21.56
25.55
26.67
22.4
21.0
20.05
19.85
12.42
15.03
16.67
18.59
21.52
14.97
15.34
12.48
12.13
12.38
13.55
17.35
21.48
23.98
23.51
25.66
25.84
25.05
22.39
19.21
16.47
15.09
14.33
16.92
15.85
17.23
12.74
10.52
13.27
15.56
15.9
17.62
15.15
16.0
16.27
15.79
17.68
18.69
19.29
22.35
19.18
21.88
20.79
16.88
15.73
17.68
22.37
27.28
27.31
25.07
17.22
15.16
15.86
20.13
23.86
25.76
26.31
26.39
26.47
21.8
19.54
17.37
20.14
17.8
19.99
17.82
19.45
21.47
16.82
19.09
17.06
17.43
15.33
17.56
19.07
23.15
25.13
23.4
22.37
21.96
20.14
15.45
15.29
19.86
21.05
27.12
26.12
26.36
22.49
21.55
20.55
18.2
17.94
22.88
22.97
21.84
17.18
19.32
21.68
22.22
18.78
17.46
18.77
19.59
18.87
18.34
21.29
23.1
21.76
19.67
17.71
19.72
20.31
22.12
18.39
13.08
13.49
14.16
17.99
20.97
21.35
21.4
16.99
18.24
18.36
16.89
12.27
13.2
13.57
16.44
18.37
17.88
18.36
17.36
16.69
17.18
17.19
17.69
18.53
19.34
19.17
21.16
20.41
20.05
17.87
18.33
16.11
18.4
18.08
17.61
15.81
16.94
19.97
22.62
20.09
18.3
14.44
14.48
14.41
14.01
17.97
19.81
23.9
23.82
22.19
17.75
16.67
14.64
14.78
15.38
16.84
17.46
18.06
18.27
18.66
17.6
18.71
17.35
15.78
15.6
19.49
21.97
26.27
26.34
26.55
24.48
19.53
20.29
18.77
17.09
15.7
14.94
15.38
17.03
16.04
17.07
16.57
17.18
16.2
13.91
21.64
20.03
22.11
20.11
20.41
17.91
18.32
18.07
19.44
20.5
26.9
24.18
23.57
16.07
14.52
14.06
14.96
15.24
17.0
16.8
15.23
17.61
16.76
18.09
18.37
17.51
18.27
18.77
18.31
15.32
17.05
19.12
17.83
17.87
19.51
21.06
20.32
16.49
13.59
12.72
15.06
20.54
23.15
25.82
23.68
19.39
19.42
15.92
16.19
14.35
16.68
16.71
17.36
16.86
17.12
18.75
19.11
17.03
15.81
15.42
13.83
16.91
18.0
19.82
23.37
21.27
20.95
19.36
18.7
20.43
20.82
17.39
17.53
17.72
20.59
21.05
21.79
21.14
19.1
15.17
14.28
18.52
25.36
24.31
22.45
20.55
19.76
19.29
19.24
18.77
26.32
23.17
22.15
14.27
13.41
14.03
13.95
15.1
14.21
14.75
15.82
15.69
15.96
13.48
16.31
18.86
20.37
22.49
20.37
20.13
17.79
15.48
16.29
17.78
21.36
20.8
17.83
20.65
18.77
23.77
22.4
19.58
19.04
17.06
17.01
14.31
13.52
14.07
16.83
16.94
20.18
19.04
22.63
20.94
18.85
18.1
18.4
19.22
20.4
18.2
17.19
15.78
16.55
14.63
16.71
15.67
17.36
15.61
17.08
19.44
20.06
23.26
22.3
20.5
18.31
14.26
13.14
15.41
14.11
16.83
17.27
20.83
20.66
21.63
21.07
18.47
16.53
16.26
16.15
14.05
16.37
15.96
17.15
15.79
16.56
14.57
13.66
12.35
13.87
16.25
17.49
19.59
19.4
20.48
20.83
21.0
19.51
16.6
16.03
16.37
17.87
16.35
14.82
14.57
23.92
24.94
28.25
27.55
18.55
16.16
15.53
15.38
13.41
15.31
15.84
17.72
21.5
23.01
22.55
20.25
16.79
14.53
14.06
14.74
16.16
17.21
18.75
18.28
17.29
15.67
17.78
15.55
13.53
12.2
16.64
20.08
21.02
19.74
16.41
15.43
14.2
15.02
15.39
21.29
19.55
18.54
18.51
17.56
20.44
18.96
17.4
22.69
23.68
26.49
22.81
24.08
20.69
20.58
16.77
15.61
14.95
13.98
13.45
13.63
16.96
18.98
21.5
19.54
19.0
18.33
16.24
16.56
16.93
15.22
17.03
14.31
15.39
16.86
16.46
17.28
17.82
21.27
21.37
18.53
18.11
18.01
19.01
20.52
20.04
17.77
16.9
15.42
15.38
15.33
15.9
15.29
15.35
16.47
15.48
15.26
14.0
17.09
15.66
17.19
17.94
18.94
16.51
15.25
13.43
14.52
16.74
17.86
17.84
18.76
16.7
15.97
11.62
12.56
13.95
20.37
23.56
20.27
17.61
15.0
15.07
17.75
16.96
17.9
19.83
19.37
18.9
17.22
17.03
17.01
18.5
18.58
19.15
20.0
21.44
19.4
18.38
16.82
14.35
12.8
15.18
14.85
14.71
16.61
17.94
20.28
18.34
21.15
24.23
26.49
28.25
23.32
18.84
15.37
17.1
16.32
18.41
17.29
17.83
15.43
