-0.0759917235224309
-0.4165166288258845
-0.5911926327143529
-0.8671720751789348
-1.2100634425781207
-1.544962028928482
-1.1466647721266223
-0.8246536611526187
-0.5771659713344824
0.1179779986701683
0.6887809289973474
1.3524731387038895
1.6945192713060728
1.7222582795723604
2.211818844152365
2.7826442784453844
3.096060935697996
3.774237777894204
3.475375072025836
3.626322132721729
3.837685949217012
5.36859500034906
6.5661849925577735
7.378356963141318
6.403073968447592
6.118086618353775
5.7647381732211285
6.500324175943767
7.776265203969991
8.229378419321328
8.034527606653993
7.369316092003279
5.9579382273665376
6.321756877843227
8.13011843721034
9.439497272688874
10.252988707727672
9.649770029362848
8.712343447069452
7.566386767033521
7.29992683285192
7.63972575440074
8.491914573496917
7.991696695866353
7.769763723957246
7.04502411481596
6.601351120165915
7.081228627377088
9.803394982532335
11.8030499742858
13.232521904460844
12.323281940125128
11.303406476655942
11.073014341914954
10.219148445915785
9.002775007446866
8.622724458159722
10.40883395477906
13.644773766440249
15.524019643772604
15.354086951427462
13.988122530552404
12.944845100111223
11.707941892630654
12.561377496800931
12.70450179683294
13.378027005277392
11.946600891223843
11.981064418557091
11.959726119828808
11.799204335540445
11.017448758851629
10.485401359837724
10.76836688247974
10.414533174658208
10.144107132582372
9.498061886326775
8.635146560303758
7.881214039991169
8.132497186933183
9.080249436502806
9.955930489294651
11.10653409036119
11.983289088793637
13.049093543509745
13.0877249463293
12.570875511996128
12.20825584305202
13.23278883019255
13.47251649212958
13.243715697515736
12.881339192315004
11.762992300683296
11.460837470314887
11.32810394251976
12.711776106096083
13.868892712456804
14.42942160741413
14.967626944191698
15.230748199779988
13.842044656116204
13.463167254422792
12.239883421168624
10.508488111947727
10.694594420285735
12.298053630522451
14.16875344126226
15.293389402168913
16.09288025936062
15.65716724170236
15.06016196421005
14.584787400376456
15.024066203668012
15.360543445135177
15.326293622575909
14.27916717492373
14.008523586262998
14.500764519251636
16.464024274699025
16.096239279230986
15.108266903767612
14.902785881396271
16.157164165262273
16.448632512565737
16.539617695445035
16.336067180761454
16.247180581216824
17.132155599456333
16.946621963180572
17.26683229573683
15.70634979459233
16.018921595075128
15.566358693385714
15.645057166801555
16.277660251407937
15.906753955307773
15.738803387732064
15.78387076086974
14.338575823334931
14.946802048636336
14.68220679275465
16.01471243385669
16.34546931178185
15.850031571937471
15.356182677892502
14.00632795384029
14.357391453648138
15.135384672211243
16.130624251649543
16.970773352947948
16.940781507360043
17.89199631081354
17.91050490721388
17.85766392285213
17.345627014797092
17.173182653570485
15.737108751938884
15.24739694240544
16.28948117942301
17.41183856277429
17.993251232366806
18.338838284202385
17.16000112520778
17.65659944598617
16.73897539551894
16.520139995286033
16.62045481791738
16.79704681336932
17.93246025352351
17.72801837980895
17.00164993820317
15.759513614951452
14.758571273507902
14.59482689892169
15.415453753249045
16.46001763981326
18.43111046870781
17.86697506947938
17.23177362525778
17.611188173139833
16.716551265853617
16.948528197213083
16.37130420894666
16.413495100933364
16.278707412743664
15.219999419082033
15.028737250535125
14.52021474884829
15.347100570945097
16.05182058064781
16.8430178546712
17.926531764736747
18.650047096972852
19.006677049240228
18.320057173274613
17.379980646213312
16.221403039786598
16.93887898587654
16.701277204603947
15.98724646682469
15.88525160521159
15.552369456535615
16.709310949657887
17.7817487423859
18.263974224730013
18.439194153149177
17.839200004343656
17.63422335878335
17.914021863940462
18.12870246056916
17.58421708041442
17.76297111104506
16.88430251376049
17.641808849307267
16.911234300537075
16.5875752540643
17.030743293349165
16.695137292727736
16.54391802036071
16.427641882927123
16.368187302377333
16.193912906103073
15.521909064236572
14.22605888787253
13.710709202824292
13.872752364730047
14.010441636084034
14.41132164142331
14.609608051397675
15.634197319885892
16.615367116356776
16.822733907953754
17.03978536911757
16.766378248828357
17.168868484077805
18.17852067611376
18.98792519079609
18.567995066355767
17.91034635026103
17.706001997233336
17.09894428699731
17.08691780677644
16.811977582876313
16.595017324539022
17.13133428622451
16.69612373224129
16.356811428821132
17.555404151287725
17.745369725047016
17.71568852456807
17.62694115295986
17.34252131803432
16.843129747995683
16.82107369701725
16.288693989532906
17.38200142144898
17.206862988664284
17.38246242566841
17.94988686816124
16.913875760127144
17.39140691473881
16.018106538492585
15.146696928434842
15.142490428518355
15.81009925046112
15.879388823548227
15.690534594322443
15.14686598216456
14.975791790839915
14.719523871460876
14.839259993882274
14.803066901815384
13.710697555752052
13.434789705399176
14.0502694278392
14.14037922913174
15.251770985064736
15.479579848878508
14.830237463568231
14.78329473856825
14.154115225070608
14.746301367060273
14.575781842130878
15.698686835056735
16.260194668257927
16.03094688348735
15.163451691194725
14.97531789026126
14.583334567649946
14.683281023903277
14.42511391482984
14.049056859346502
14.4585684613564
14.658415972331063
14.922423207747991
14.425748792641873
14.499135027661248
14.135938703517722
15.224200646508304
14.974601306793929
15.181019165820684
15.801483162449884
16.016076214224196
16.16630136822866
16.214402815326725
16.765681340260894
17.338693001010128
18.40774562062613
18.37485528850352
17.83230846755263
17.99970351679233
17.666406178450796
17.133547479067257
16.019574918110433
15.84833546438579
15.651052826459884
16.25964455417457
16.374073892881686
16.696579569363504
16.706700597911684
16.36811761075355
16.74527226742953
16.159146298292526
16.736489439782023
16.14195521986946
15.912874197795238
15.877560850484691
15.335710032103272
14.316348584679888
14.729688923419785
15.613188485324256
15.753085161711006
16.45425464892775
15.61240745993809
15.20996223399882
15.385626745260517
14.32788823733791
14.94842154356466
15.166751558051685
15.17053876822062
16.56957805242977
17.29934465733215
17.748585763825922
18.003845113309552
17.589741546894047
17.747008680607493
17.737950989739865
16.67020924431723
15.010525117044526
14.988271714915829
15.02178618372081
15.437198956879422
16.26922008791855
15.990307777562794
16.26464650595219
16.480748483229522
15.609073241801871
15.290850926591428
15.25738520046026
16.236093621787692
17.189970980620277
17.077718354597515
16.74047677538154
16.643821725140615
16.58841086405675
15.4037207172678
15.847839545869398
16.31453860878013
16.42794458436431
16.585988143434214
15.498879589485966
15.35650896823162
15.098778871834847
15.849216099680802
15.18710041460112
15.386878934784086
16.587781257189253
15.196256441395205
15.770363190763597
15.776111486244329
15.96749964065731
16.982560821066546
16.95776347558201
16.977050748367418
16.32522550392976
16.000252029866857
16.930440822038452
17.647336813942857
18.66189071702781
18.1527774627219
17.202849369927357
16.495200272736597
16.17826976270561
15.272875092394402
15.923471098272024
16.21865308877209
16.520223773517053
16.67601163262407
16.127563904359366
15.814589416989635
15.804920272577656
16.18500599692819
16.20203833976277
16.823967555376143
17.27149555809498
17.37158017947348
17.60318457194744
17.793031440983096
17.16636165209616
16.560454718501315
16.33441511352762
16.587636029867937
16.560532553045412
16.840428572372378
16.162461192823486
16.17069532869815
16.25425221892021
15.612961392210174
15.906075472017536
14.950689677696522
15.35554963208236
15.469415469550931
16.345983756420452
16.948265284703727
17.216442768801414
17.61630966654272
17.786549490697045
16.699644726114446
16.62758027529702
15.060675450965071
15.633585226569052
15.964311607561966
16.38813511190362
17.0870300714633
16.9322658065613
17.284687934504056
16.114754733934806
16.195065512115796
15.872510710484647
15.925141116159278
16.924219695823904
16.798196402875963
17.313409641106695
17.10352966394812
16.91195413759095
17.543124700078952
17.454454665410225
16.84702144392598
16.501230721528493
16.229111020093242
15.755204568103345
16.11866269411478
16.725326875710305
17.428719869408305
17.386095078505324
16.916477145744444
15.743032559501298
16.507099927530724
16.567450094771193
16.76235556555926
16.052220038101954
15.392206514542876
15.160657078763094
15.648526220795103
16.709711077902668
17.21472407196825
17.14594418048255
16.92825554847751
16.151711179843247
16.069655914041043
16.300264706932058
16.90653722739604
17.790560391673154
18.12176120225017
18.204634437714244
18.72065827264608
18.820607751505484
18.29595961488703
17.9386623742586
17.539358196617307
17.103847335733956
17.477948985399383
17.663067132978632
18.33508722850292
18.75111178791852
19.182183362949395
18.959281480927345
18.836619341567925
18.62062610269994
18.937260775317597
18.42343423295922
18.151343872653936
17.661448222490183
18.43119754686435
18.02587503515058
17.66475622529206
17.06577631904201
16.763145007616902
16.979544932617905
17.32366501116741
17.22671332045845
17.02453709683429
16.203633039926206
16.239100916023396
16.864298388529686
17.08321394453947
16.321575608509864
15.910629638980131
15.703522354604964
16.485808477881843
16.146496674011345
15.330380204402656
15.93250535657103
15.93770344522422
17.90712361320502
17.780396741416315
18.308359339718915
17.69492566125585
17.348819122977346
16.912365205585896
17.0782087374101
17.102536061686834
17.14128150518997
17.88650166034563
16.828805367192903
17.350785940282382
17.7135866426379
18.491066808703057
17.652790077788104
16.778006293183125
16.80286135201053
16.4663712469913
17.29697417158441
17.347431273519287
18.33290545716298
17.916588052175243
17.586208737530054
17.855023463101098
17.36917010953143
17.593249712460523
16.069591978874886
16.583773297347957
16.813881171304722
17.83756747337782
17.317792614899396
16.82662670987301
16.739749716452195
16.304468891691425
17.892344236365602
17.64644421131653
17.60044738191687
17.521280465551964
16.63642864706912
16.64891244785133
17.335438278500696
17.97153920190341
18.61129464903697
17.793766378749247
17.300267671964342
17.012225631318614
17.955490774704177
18.460287798336804
18.56403746656672
18.07081693499604
17.79075780245081
17.383108183176166
17.53802195397068
17.72851774958893
17.904638126600428
17.19494204823128
16.32283752292589
16.82817403640697
16.350350127658267
17.739780779440558
17.903673325028134
18.0801396028378
17.577202830761397
17.586382558696638
17.968422966878883
18.20623919007305
17.880947818327016
17.102745915747956
16.93596957901758
16.8380692125358
17.5526871892972
17.441402656747545
16.995343153749744
17.504363739869245
17.34151767263576
17.438785102310106
17.97775996409654
18.18599806495828
18.597135550124957
18.302170960625705
18.1953428386204
17.5934131721162
17.41604820049265
16.972566228052123
16.434830253129967
17.115106360206017
