0.6680060337158101
0.4875577292695195
0.2708223490412095
-0.0366598638622029
-0.2404370805605233
0.1836702951988192
0.6474573553026514
0.7735477556018373
0.6272494597743328
0.356803149233083
-0.1213614825907735
-0.4076381331390358
-0.6032506786373807
-0.065149792210732
0.2084274622526541
0.3735654566659204
0.4437320615409728
0.2269256403269609
-0.1950126117023747
-0.3111574648153362
0.4447937773095619
1.1864951314552272
1.7121111953021748
1.68933022370808
1.0203946513326192
0.804123015572014
0.2552090679075816
0.5211861604577063
1.3070444210621002
2.1924141875727607
2.5349361442969145
1.9790306178611443
1.0944285655488155
1.1292765752513352
1.9347560565754205
2.1900717784597274
2.5215695476310267
1.942377216086873
1.565228902569473
0.9804659485517884
1.3753989803034588
2.6349689083348995
3.689112208576564
4.228876147848527
4.06007418228282
3.11860413799463
3.5659246269295646
3.299062970429258
4.110597366753628
3.936679173608026
3.4996251033663865
3.696669016487944
3.3170571557199344
3.139117242152031
2.642106893859299
1.7031835104933202
0.999762895439228
0.6253490652822162
0.45773675167777
0.6225120026782056
0.6779404850929341
1.204855255678411
1.4734033724741382
1.964483502110784
2.545172503419654
3.488240321233452
4.734507942120523
5.1706795317975445
5.258842666011526
4.498510687026692
4.056624371249567
3.260333232675403
3.2381122768496016
3.763139672437753
3.426478874309154
3.1560070986779896
2.8942321306736933
3.1932706744731427
3.658964457888088
4.026799398947789
4.392878434229949
4.060933876944707
3.5470527348266643
2.807894814510587
2.7799624109869683
3.136357670286713
4.649582432230514
6.882592036914073
7.059614471653527
7.211716379134457
7.038141385526782
7.640424508899127
6.850326019913686
7.30278803958842
6.941845848558861
6.910902303124925
6.897974454969998
7.034923048114404
7.042120239904625
7.142124068987945
7.945025974287135
9.510515300574308
10.054581943593671
9.11822058606842
9.404188174643084
10.944182180406838
11.597165122727844
10.752877051717796
10.53660938408276
8.373707357476002
7.812059660893124
6.145916099114783
6.5448731309060735
7.466968710093471
8.012382103990884
9.124488522982926
9.957680540628315
10.907841094793786
11.368059007308904
10.011966735322009
9.844292762590946
8.773348757511426
8.837833686893473
9.204384521066991
9.193736071764905
9.675862315422997
8.399304594751792
7.563315865409439
6.9804651169688885
7.569517877388915
7.679116436981023
6.749202187054055
6.606669900236323
8.086004226145537
8.96561222509676
8.816797049614067
9.20258190225245
9.604131088760168
10.483553504983911
10.181869401542958
9.596821338531594
8.60591026048024
8.863921394904033
9.516807000919597
10.370097875488598
10.560368057794078
9.995499191738933
9.740878027534269
8.82863593038364
8.639668045933586
8.979013409665386
8.404270998885847
9.136274277612976
9.749739849770918
10.28770622048395
9.68715680067582
9.19087927637369
8.222079516319656
8.253337223193176
8.156193035609538
8.41583411871199
7.878302427044187
7.699488536287803
8.55993131195805
10.624956133474116
11.923380202983612
12.146944468785112
11.306237620201614
11.04638812200822
10.54913898222889
10.233040716742403
10.1011464670923
10.4462533988846
11.03345699678175
11.135612034790327
10.55180401179634
11.572757546093449
12.621521636233403
13.534650453934166
13.327087591972973
12.719625799131606
13.112416486170432
14.141653407368985
14.256811540595704
13.079962168964247
12.052199630789014
11.38956477934599
11.34547231066695
11.916398545169145
11.122128193310528
11.335502021796744
10.55438581922148
10.869643796079504
10.410944668346472
10.059625987272227
9.856886770275707
10.130009219472257
11.17833914482071
11.21808803560423
11.237344386591442
10.723515835863225
10.93468021412526
11.57121652874746
12.43737761471143
13.018228180631048
13.371459006914051
12.38999895492506
12.062759160463903
11.77921349943195
11.429230658635952
11.564858279373327
11.136938515607596
10.127607723481786
9.57903816882849
11.449156247012745
13.430918344607212
14.35180548867963
13.606494017479276
12.532029672785798
11.322599072348362
12.319664065761613
13.58615996205042
14.024213081152958
13.425812509427896
12.757518553043475
13.04141908071852
12.420852572189917
12.483536977823311
12.246413601940404
12.866505159443312
12.630006164870265
13.038999435392316
12.327522409640922
12.225480762492714
12.551963130639688
12.408535754772794
13.851475746283654
14.251372299130658
14.935638094694951
13.928648412617756
13.96988978208803
14.99568861893681
16.062812131086027
15.156489942316414
14.9193051313124
14.915284788067732
14.56735377781547
14.230525404279328
13.941234771811446
15.04024120432154
15.201145171810191
14.50576522796274
14.189631286231991
14.46734456349764
13.45624866092565
13.851435517668968
11.905806586404058
11.520060618530833
12.409284473169029
11.840954594796198
12.397823989649988
12.264991359785313
14.080185503353782
15.69603000526443
16.050777302330438
16.105236991738558
15.265620256803816
15.28130925107964
13.635953422719604
13.507282322104546
13.08447441774416
13.385762635430709
14.176709907464296
14.929042134205618
15.282923129742825
14.538539099147684
14.604674133085233
13.428455421856576
13.958289800923326
13.857003662772764
14.15451589549368
14.203107485737478
13.993091036088831
15.1561758137006
15.366255504031988
14.3509378808345
12.916883223661529
11.586724910997145
11.203802741780624
11.528647614992506
13.334935688664494
14.203732627896455
15.445925295564104
15.346633550829228
15.543646068621827
15.40493761987491
14.338952271618076
13.00363167892301
12.008847637908111
11.079178651470311
11.80150086716456
11.840604556468955
13.440717111294052
14.45272923862914
15.256513937176418
15.741745291463252
14.904965091230023
14.039957851182402
14.342195627357292
14.164107076319436
15.042716665384884
14.492102314161665
14.586728936058698
13.931938848813678
15.060684263467929
14.484005229861175
15.49937591197613
14.414467634630382
15.00745098089785
14.443032705818103
13.15410765451904
12.282175942221652
13.46791840598002
14.478898277302036
15.611869491118105
16.02285266228661
15.90073788120937
17.02243136838614
17.44143016689666
17.91927072169697
17.451361884718608
17.03049887805831
16.55421488535301
15.853781383422518
15.506188420363328
15.338610728251702
15.043793221222131
13.296712975870214
12.946502408553908
12.64963616353355
13.176103999306545
14.676051537340545
15.080255268215696
15.355763398281836
14.96546015467738
15.017547705984985
14.903102745402634
15.106386476805415
14.547432122528358
13.50218532422673
12.317411440276793
11.996521177765883
11.799384584666328
12.826313941638244
12.89969529796976
13.88871664260922
13.433790514546551
13.561917895179622
14.073292056147295
14.324230454593556
14.500858204685658
14.96624459177187
14.167234843485154
15.073125612060869
14.696321989207782
14.87008183863088
15.23572089757969
14.86737138999688
15.291254772614115
14.991827068532736
14.222584995677517
14.995287451037466
15.518205413632367
16.295560197235417
16.35487420393809
16.040457763603104
15.755017025802688
14.52286157611
14.282273651746744
15.162764462610475
14.864631034220684
15.233686676981028
15.110183419329765
15.886529942969364
17.16578862945244
17.246235287643294
17.223577030668977
15.989752398736393
16.210174403010257
15.565874880024875
16.0952988720813
15.396807016213463
14.995133165148996
14.305918550006709
13.807432250306572
14.53851022623267
15.209969664456803
15.394285992852124
16.50287815956166
16.437081914576794
17.588340060297224
17.340343768635353
16.655301912623415
17.17567712192067
17.515282067893313
18.21377803029088
18.45475508694292
18.24649462336686
17.376930344504828
16.929958950705668
16.864760032737532
16.822486394965864
17.118665637744133
16.658507920695882
16.371533227333302
16.70856112037704
16.617573473844377
17.011019590083173
17.5848467757004
17.82931216934035
18.05223061563347
17.343247431127374
17.31124780045137
17.22076967922421
17.77971915847495
19.65703281159565
19.600913991424765
19.55790464425017
18.59189015043944
18.404245144831183
18.634494509916323
18.667085169138694
18.56782015676664
18.058848763331078
17.479966451971986
17.707749147943936
18.242899427290272
18.87975851732963
18.93067955381733
17.86719972681962
17.03094575010167
17.3466209849652
16.919213480079012
16.75448204978711
16.342048509585325
16.680023022700812
16.72983423353462
17.397400732116648
16.979223212970837
16.70383183293968
16.512164865908247
16.62646552984955
17.221593218267714
16.630640045621448
16.89338342800998
16.863408589825475
17.235587724257304
18.262990948957636
18.725186516190146
19.19461944435781
18.458463120872096
18.369207438241137
18.161365809487407
17.687493228837425
17.477495124954274
17.712960830233403
17.187745571868085
17.472991068299162
17.08992120252452
16.574609681646304
16.824670257885305
16.924513574857254
16.810813065699275
17.193125802147147
17.196794298816457
18.39613698399695
18.591830716513236
18.713910678826213
18.768811750197475
18.4291829093016
17.929809185330562
17.954502063338396
17.489595206394178
17.538423599582774
17.542425697342072
17.60150604161315
17.43947683615699
17.16066560464528
16.651302956473668
17.10963343200222
17.441139419388225
17.18599075180391
17.268670726112635
17.302736034365708
17.376831451117447
18.048498288160552
18.782529180724595
18.949287582585374
19.20814933531713
18.39385384645897
18.13439068584895
17.63857763434116
17.812662550011346
18.23148974486474
17.553639007639777
17.202223000512227
17.360514381975282
17.312205448146294
16.416878503740467
16.4252216935932
16.57777011529392
16.238666721910334
16.774852315713527
16.841466074836283
16.951993575741373
16.99163405682128
16.800360517403732
16.322044904434847
16.526766550371644
17.209013382943752
17.273155320638462
17.55368759044554
18.51872493409413
19.158861528466467
19.4098289650578
19.250388853735945
18.31404926068733
17.42032070838333
17.58170380700855
17.66245178371673
17.996172115392667
17.918794938158097
17.83261725181947
17.842028742755854
17.23037271956916
17.609958105978368
17.52215591997625
17.475158954714335
17.718723177033482
17.277757363474052
16.582027754635924
15.439800140963778
15.072836077384531
15.24473955020251
15.334053593474
15.283747637272054
15.063427127443076
14.806226888890146
15.745953435952805
17.45522586433217
18.31190454343537
18.54505895590737
18.553382023197184
18.251698449780207
18.59114043745235
17.716265785063623
17.41990221370325
17.623725502421024
18.48862227265374
19.53957391851913
19.250431239121323
18.725092088727045
17.836619798529114
16.98082742081839
17.112556425305364
17.141384117382316
18.166021465964757
18.17483614201937
18.34460572031408
18.53505905631027
17.98625261371982
17.202932672227305
17.251412586737505
17.899059240273147
17.68052117929389
17.410458265356066
16.74845964118339
17.366727165579633
17.859682719052433
18.82520898161573
19.39020477036937
18.93583168815636
18.285218487010354
18.66070160325261
18.701946833044826
19.4456873986864
19.434897156440694
19.30153008344973
18.95022173442052
18.61731197278569
18.163352077960056
18.416875754430933
19.224867559875985
19.73064808341748
19.866457280380654
19.453542066470085
19.76368681156153
20.18018213948397
20.398489565279604
19.2706651562988
