-0.1107975135173263
-0.2762002564455273
-0.0831492134426938
0.2621699795250013
0.2246865200509274
0.0435151961301055
0.0469077212805444
-0.067784458940225
-0.1999631813464387
-0.3630979032715561
-0.5848093570346288
-0.3496364321130654
-0.1804630669728323
0.1023300655376206
0.2815285312382118
0.2279739657828183
0.0414589381904232
0.0764317150071414
0.2313378893355653
0.0128486647942035
-0.0272347742299004
-0.0340980002276394
0.3196906549706801
0.6930798870695746
0.1270207613928616
0.3030640282616743
0.7471203770139647
0.1077512278297039
-0.3180343123087576
0.1834358742723821
0.7550736124987418
0.4260922239808454
-0.1909365930248441
0.2536920458683587
0.5720234870491165
0.6755768557295577
1.3131366903384023
1.0752176041166934
0.3150978959290816
0.4185124355755297
0.7643471518719711
0.3071943469411513
0.3818080564757848
0.5278992098236519
0.1450886191979023
0.4018912844622492
0.7238582800101131
0.545031408099558
0.5775342836624571
0.6138945110310834
0.847178344501788
1.0491547273011237
0.5378080697381904
-0.0370967586464529
0.2077659284509675
0.299247537212872
-0.0204363318743574
0.2556024216007566
0.2518512769275435
0.4166908987612901
0.6117510309933147
0.5565409336741546
0.2138414466348144
0.3400001003286395
0.92317457384267
1.5087804884911051
1.87282746516316
1.5760956866682545
2.1435300458132875
2.805136296885105
2.1967759799463416
1.2117064904131198
1.6433599027956398
2.2455770286117147
1.91107055503391
1.3663692625929067
1.5136856379791426
1.8309793792833768
1.1674349087792346
1.5214751948992684
2.0113739733460507
1.225913389355057
1.515158018266026
2.034052221576666
1.5585944284174382
1.9842285100035824
2.4310770439673672
1.664830779019889
0.9752727758939445
0.438069550895007
1.2743147778019188
3.063434481402684
3.7199954236778616
3.6557746236078734
4.910592413051808
5.570011871433853
4.5803052768755865
3.9084117034009775
4.6752829246861385
4.968085751881856
4.234810843549944
4.892721302567497
5.222174420547431
4.607132964919729
5.098182765795001
6.166767829485596
5.644734675791601
4.044638333734766
4.81546214087622
6.76317683196863
6.310639419712851
5.44585602728065
5.746566360445402
6.507855243739266
6.750037146822991
5.582606377245277
5.4797612269015765
6.233664030450829
4.263029771760034
5.576391911388065
7.615772856188487
6.1892369378712
5.6493876112049
4.905092073135749
4.473550802020424
3.676772846477378
3.609247439207072
4.926868523132446
4.861736397286239
5.603511155136236
5.710987779841645
5.261624744781093
5.045316121513513
4.272905318453447
5.392297820457591
5.5040248903656535
4.890652150405041
6.296714724357636
7.13229450462926
6.43549909896702
6.044182657878403
6.153224437755435
6.099419085124238
6.043547762896009
6.22072649596289
6.3183289058983565
6.567632880527669
6.692734261709902
7.255505538267388
8.146495560769148
8.004848296646722
6.673997216924245
6.390023937698772
6.749901005790356
6.69920160476815
6.5803098588674205
7.45458579282973
9.090121005022988
8.618831666376684
7.794190528006438
7.374837061236392
6.972085027677661
7.974747053690153
8.256918946233556
7.195172612856988
8.214889745571272
8.878563584067765
7.605154304079001
8.338780540320935
8.67206752240394
8.446943076417144
9.947531044585952
10.945663574358248
10.608409369300098
9.117509290556733
9.459988623605588
9.91952958889348
8.457687137772439
8.997812149462478
10.120874316748774
8.767313441805653
9.024007587835303
10.004779179933076
8.991064782531286
9.790531564561428
10.681045819960492
10.7146767400207
10.944278737488164
10.596013633200212
9.307644214457742
9.391240196922672
10.132348753180398
10.338136041745418
11.307028246800096
10.502374521776485
9.46601288155217
10.549388030233535
11.30057916761616
10.218460043229731
9.429081825044072
10.171078972816836
11.91463075919805
12.639677473454322
13.2081448500609
14.096485745223726
13.971802470500684
13.71810839207869
12.953275093060686
11.752905531763313
12.29001917904285
14.048531010422272
14.26226570362044
13.937751221489826
14.288120745858093
14.578816683373905
14.424509699575289
13.895270735395272
14.263597390895873
14.816018865733255
14.299220260393994
13.560313427197578
14.070017975749089
15.21053605720664
15.735570925381612
16.016391116174482
16.471166517800317
15.901689614403024
15.363761970196649
15.5582229878518
15.389509057333816
15.702104509139147
16.21892171871493
16.402988365242276
15.773358759185207
15.391034309180204
15.327391198543127
14.98627233779831
14.359210358672517
14.857402241148158
14.709471449114565
13.8344611862562
14.837834909274576
16.244876317466197
16.756298413078213
16.05638232561235
15.49674463523951
15.241642972605469
15.434362790336236
15.884805129969656
15.533004965811172
15.24340627110896
15.031202669445838
15.287962526211745
15.625308092265264
14.74140717892218
15.032242841231646
16.55938792405219
16.557309997053054
15.908349375178846
16.76978974494356
17.301223864641255
16.992028203593986
16.79486601904925
17.082963641772036
16.824277472227593
16.170602081166507
16.26589995478601
16.80528994019093
17.022234999008855
16.130139052857604
16.40774401752574
16.875880350292658
16.892516741520534
17.357211754844087
17.341963354055228
17.583250577749382
17.187172154930476
16.257734457542384
15.749018124865875
16.033217931045186
16.53179963706152
16.81231448150903
16.651057222950527
16.697386508637145
17.057350559803673
16.653460579397848
16.2574076058529
15.918570594396432
15.089535650010564
15.219704701768428
16.386457376508844
16.90107773756598
16.90844010410743
16.84196584294134
16.947224995659425
16.67811614837485
16.40857094498285
17.32607327028645
17.769058132794143
17.40275045472866
17.569788280927614
18.19732990123685
18.40845535210622
17.64892824149901
17.02457288126133
17.451378779723864
17.653007769716684
17.449116130383583
17.429367799554704
17.837235795560787
18.042162552990867
16.771600538671898
16.373563616779307
16.915194868852616
17.04292735784994
17.253140109830884
17.120685601534856
17.051573620729517
17.263065015491748
17.630538603121273
17.831446284562453
17.815594265338905
17.863593979541275
17.486805743787144
17.210631106690524
16.421981368845987
16.250223751822087
16.83852036313342
17.23205710725109
17.539999437167676
18.00928294967174
18.91975527178601
19.244171126556967
18.712050645360044
18.47361523354948
17.954693165254294
17.842517418698797
18.34015311412642
18.521526790791683
18.60429796131296
18.050731393350365
17.99494382058429
17.97513780014667
17.67665775392622
17.776616095484144
17.715539559644146
18.37647567934256
18.857382434625272
18.453346020640048
19.077250028993696
19.25668632465416
18.633036565382653
18.33667656629565
18.71772008928298
18.508008274316676
18.58455013213398
18.56228477072164
17.98692975055839
18.590287412540064
18.103344572039077
17.99923253886438
18.87096195303632
19.1532512265152
18.64421111870279
18.12478757935411
17.723714746638972
17.600593279649026
18.597170656025483
19.07748438245941
18.411884743023368
18.05921295805236
18.95541969390341
18.943632907195923
18.30975663701569
18.142435187371984
17.44845532568157
18.16923406123825
18.65904256690142
18.061214549061734
18.28297832770713
18.486876152210847
18.77870743290403
18.6820429180559
18.31879079195771
18.071574037320527
18.12466925402224
17.58143782989071
17.23786341475729
18.029943411261065
18.500525466565872
17.86461129877477
17.282575125581566
17.610861547154013
18.18762752153173
19.080664424973385
19.85729658430648
20.13819074540471
20.092744347243887
19.616335891277664
18.476209254875585
18.246460744401546
18.407066852645443
18.369385242220503
17.764790902270423
17.503323326707026
17.8532952129502
17.690923187192556
18.28715399490209
18.56864383767802
18.0904120501943
17.03794433750271
17.408384612562873
17.93606096857674
17.52234758463878
18.45681884338225
18.835400559255937
18.45767415687534
18.10908620834795
18.225688537994063
18.89685455457345
19.259880062203035
18.709127284474796
17.994433990831578
18.01917071977998
18.115148999350787
17.627257970979016
17.58420849462998
18.68609852161974
19.258882951462123
18.995761774785088
18.896079541126262
18.79238832450867
18.16096275803133
18.119817676351385
18.77827684222175
18.428522451466097
18.74729000666561
19.01886574812919
18.436009794825168
18.354645536083027
17.724143826274975
17.684172353993816
18.60352427242664
18.657338912149736
18.961058937147037
19.52921988706816
19.50170520200665
19.18227575821045
18.607859899693395
18.76879384949759
18.96806784010429
18.37527010361435
18.554490033597386
18.94530831102223
18.7170733378805
18.00123113675321
16.785461616123964
16.309572316351975
16.230961631364394
16.132019142254578
17.084607757108156
18.47018941120109
18.897966940237374
18.6629372698808
18.28885197991824
17.976062208022952
17.730535037918113
18.022643588746423
18.040381066570088
17.905462747249352
17.415790529244333
17.173759536050387
17.184657161547303
16.86856273492896
16.283156771551468
16.42886100154771
17.067489588857722
17.18547528572415
17.898255145877886
18.368035256589543
17.734355409088206
17.326889317124532
17.806216804027805
18.53280183399824
18.272537502362308
17.93031163782651
18.412504310078965
18.363214188910025
17.936882722263334
17.939100402397845
18.12801707402664
17.830649107037114
17.266459799570114
17.38722383502423
18.34559692656735
18.450908165064703
18.694647616640665
18.91208567242047
18.844331894292736
18.50598821168934
17.754596510358873
17.30810348808824
17.383893880428385
17.087070740884677
16.895671466986226
17.496577431390605
17.361440718410023
17.614543013048966
17.498275942004152
16.78021064843507
17.521980687774047
18.047395702601023
17.54078551969623
17.36225208767917
17.49345522271844
17.390580512199
16.96025162907607
16.446489687402604
16.210338343100535
17.107766451733625
17.947942362007595
18.062508527431493
17.989856819297803
17.419994328282478
17.14913233908019
17.88102228669339
18.277250712146376
18.1386395997548
18.29161468079719
18.324236567745505
18.53070203540724
18.494332289466648
18.6852917056697
19.570381306971523
19.208947006616228
18.530184012918927
18.52948781116493
18.3142287485223
17.72619496977362
17.963657278377966
18.792921610845905
18.173387301858188
17.736044122793675
18.187385328271716
18.37928966663874
18.057636892425872
17.233940650219076
17.49996920538571
17.5456808274668
16.727792140689647
16.50809755914435
17.07680568267381
17.043154656230655
17.153241575695183
17.601013526106616
17.261759211081053
17.263194415310792
16.95339801788812
17.181060135671952
18.02039572890719
17.98030394240789
17.329191361012334
17.322443379009272
17.383842108567073
17.130521426100334
17.48915551306743
17.649138836233046
17.031883434229442
16.680960889067784
17.475683169792998
17.97135797545786
17.72256367900751
17.662586336692005
17.42545355693419
17.165189960913267
17.159160255777874
17.155459204141884
16.631913830450397
16.68039303588072
17.264129017649
16.415451343068842
16.429848959329885
17.16550470964215
16.338875608487243
17.031565769084025
17.243041670499466
17.015331476968083
18.525094217551462
18.49083040693565
17.55927289168242
17.541354396930693
17.95700312191745
18.03101891121108
17.62143160216249
17.9974382840838
18.173938148025464
17.436465268172864
17.59172118461775
17.71593562041145
17.865301087578462
