-0.191577250293293
-0.2611816026042679
-0.3621732898383584
-0.531596863375454
-0.8897379824059499
-0.5980238477958499
-0.218302962675098
-0.0921732481059885
0.1150990012648955
-0.072988681804364
-0.4884776793865387
-0.8077528259808673
-0.4216887869703952
0.0179202684368216
-0.1666846195803285
-0.4445613404833315
-0.0835869129988937
0.1533170121895393
0.0857450342420044
0.0770824112757111
-0.4332685425830231
-1.016197358012872
-0.7665839513816379
-0.0394186035405906
-0.1731151121522203
0.0376915282142388
0.557798385081033
0.0335596631911141
0.5042356463501934
1.0367095006422964
1.582167296985605
2.028298930390908
2.8027644913105387
5.02826627449662
5.557573550638756
4.342356857823275
3.2039564163502856
2.51401450632474
2.4578599057944723
2.771314171685732
2.223502350693304
3.4571973235345657
4.800005208834728
3.529466113290762
2.3985895539704813
3.571188984413592
3.79984118858539
4.086534070878753
4.387558640128056
5.152537377580159
6.797201719460025
5.314424519429094
5.198095298681242
5.164330773296156
4.57892325443723
5.561576870300043
7.976756633962164
9.269472537531268
7.859760391653164
6.768290485872475
5.39359522797747
3.557774879443073
4.067238018654305
5.026347333315923
5.78191729624024
8.885753971752413
10.104561751472907
9.155445798927058
8.040461798795802
8.967241548250884
10.419334424063988
8.497899336885045
9.2615720679917
10.544442374936043
8.380761154609052
9.112294146601664
10.633849211561108
8.83913031446259
6.728385920790076
7.809270655335148
9.13723950941839
7.71407346278616
7.700454881097293
8.881354509099072
8.266331283657133
8.9429585384
10.221333656373869
9.231599629790114
8.798354267494243
8.597784616105093
9.46491722189418
9.960203268025229
10.4457710015021
11.595754991906142
11.247694677546328
10.575140880254011
10.0877050645206
11.237506160634808
11.641278636528762
12.588926126975668
13.814352377815556
12.720548540825902
11.878111317191385
12.922463018127337
13.42511741516337
12.7345785103884
12.829832920273804
12.956006149289284
12.142643783032463
10.989963997106743
11.167890559911571
12.127434530409245
11.686267685833052
11.37831122154325
11.13551468412828
10.9947730701542
13.122671142604116
13.655842380865645
13.089546471093296
12.546302627198436
11.37786422609546
12.114466638785666
12.69408203061704
12.913004916612822
13.805785721506744
12.863329507229976
13.428376903978078
13.993717433968229
13.220362088025963
13.2495258126457
12.99304940862849
12.661258988393293
11.07171978646019
11.803981757039844
12.784024571715133
12.78111925204335
12.973186207530384
12.6298486110615
12.966796165413845
12.23409096435735
11.53961753712608
12.259107623623652
13.433200781445416
13.806957406269332
14.848004408290432
14.477685599084362
14.864675124280598
16.300675740658576
15.639014586127564
14.318961094640818
14.762224240061707
14.665447690046628
13.160753745548536
12.598139776148535
11.86659421543667
10.496433150622847
11.274412283866086
11.791033586945066
12.16603751312652
14.295771604753474
13.50973208436823
12.199203705546262
12.414045238382322
12.895373349005776
13.412136880815083
14.37886247768352
13.33225279285888
12.158364670171215
13.414113294798687
13.968241808982995
13.326862572359088
12.45734693599753
11.153954145276764
10.46111170700006
9.8177204406417
11.528507722372884
13.913221757174044
12.894913914784953
13.437514176066337
15.011951615302516
14.617015387407903
13.706157127966549
14.416096907563231
15.844298056348066
15.945172068832798
13.723134327732332
10.992888802382987
11.777205791000348
12.406348121681107
12.353275539469246
13.173843068995373
13.852175343991869
14.562756870284067
14.61091558469061
14.52468893261567
13.534021698423324
13.190386129336302
13.027300464416118
13.528141073961311
14.624803447990752
13.0985306215638
11.303199785712309
11.735149734445294
13.042674790598872
13.601924037842648
13.644975099931838
14.140538018621804
15.129858299975036
15.81048972078834
16.760683223068252
15.579437527691912
15.132146143083684
15.861414090617064
14.40392894152346
13.379759977756278
13.039520401032505
13.813680400383165
15.267406733353155
16.928188013069004
16.22673029379172
13.208181950196447
13.757117373895024
15.119094422794758
14.218978553000124
14.011494152668464
13.940524186490045
14.465062405961392
14.80207010209165
13.502322767055157
13.461895255711571
14.619633120160591
13.175329009214352
13.134805428766956
15.207272638236237
15.292362315864189
14.508499258701226
13.893651545639232
14.350025550592896
12.811683347187753
11.91821538526679
11.54538594873391
11.490163480560293
13.272821882190396
14.298848290447223
13.752864508270306
13.434912005929156
15.393843659933536
14.37944876191352
13.772529006484133
14.923312465383818
14.791153017171585
15.176227039648346
15.507711837021231
14.503473038948302
13.99966055764291
15.780021239177312
14.766228242725498
14.161803998058993
14.895007625899042
14.99347531208621
15.598316789372475
14.336624812977725
13.57071716142017
14.41811399561679
14.740832569114753
13.62677022638091
12.743000207379396
12.932354581262649
12.498017835108538
11.921472110300323
12.049701297042862
12.469159259534592
13.23436616581936
14.149064796367036
15.255506066361557
16.170752488327278
15.51163241184066
13.24088496408178
12.746226483735764
13.821184718812058
15.059546344275423
15.473332144084782
14.745378780231473
15.35774752830918
16.03670867120607
16.76481616988747
16.28999399782988
15.61499930666358
16.634349872674132
17.19869227510836
15.84380351846441
15.219673393699784
15.486203119476592
14.220315751884964
13.920073969697746
14.646163474268416
14.893183155273125
14.56321452923045
14.886646007766592
15.226826492882855
14.745783069686295
14.546864997199108
14.029697697283122
13.870119746908912
14.813643544624735
15.793894302956623
15.992090537627268
14.485405118933077
13.72858169669919
13.860197545840103
13.950714656206342
14.068076969117566
13.547791515219467
13.3919131288326
13.894465149214884
15.682194765139595
16.311934718207954
14.923830385109373
14.330669254235833
14.704563633843334
14.12314225357242
13.47257320316334
14.270948968777011
14.370258355319285
14.988864598525748
15.184038985412489
14.446229977710722
14.18382873211806
15.103178578816046
15.593346717533125
15.61388672530648
15.484703303629503
15.044958524662269
15.116959383601747
14.97734240994912
15.075988877349824
15.57315854507824
15.137572420104055
14.84299964366885
15.548200884779222
15.394151604755232
15.534268307652916
15.130648221237124
13.88539356732668
13.275342280525171
13.680857615887556
14.40814046883115
14.478666038105429
13.271544243822438
13.33372903192299
15.25735282239513
15.027835267896634
14.299440750091405
14.121796144470927
13.165859279691794
12.874429340578676
12.830543869570617
13.494710510780958
13.670900677857494
13.551749219197273
14.511650748068169
14.182567761892802
14.514227679417347
14.046493399770238
13.196395362651934
13.718072337259295
14.33379939247239
13.976392808309654
13.175074513962066
14.1993113845781
14.077517189476346
13.8875324210217
13.75891949870267
12.444127071460134
12.822401662373458
13.160764567282202
12.891706007669336
14.139305152211223
14.14328720916178
13.350364793359027
14.147328042279833
15.330205367421735
14.902783700899452
13.847389652167957
14.311954487590524
14.67896300061338
14.17477311618555
14.371626324579402
14.358368482191988
14.026716660993303
14.817900995181969
15.421845553939647
13.903849389311585
13.68050751430899
15.096532425371482
15.192713724539884
14.942411912782129
15.35237000883722
15.77510287628747
16.364120456178707
16.340884939520585
15.036928463763122
15.453783475369624
16.144368976499408
16.55420394264511
16.50770628767326
15.724748135142455
15.612358926017514
15.405770153972016
15.317524669987227
15.106888056946245
15.507684921511885
16.1953358060333
15.918720946091415
15.019713605916172
14.558010286682002
15.135500365827284
16.29430617790723
16.719316634623638
16.380769092079152
15.66977940430233
15.582578364427208
15.5884334211224
15.844555523407896
17.010196532089086
17.84709030192143
17.361148752769854
16.929987543792716
15.792125956792288
14.387745065198477
15.173836551438106
15.254968501436426
15.046073832478886
16.145559289399607
15.93417826906206
15.317878904718654
15.1950521283013
14.659696723339271
16.150050371866104
17.036878079980717
16.868858778432
17.249860524539766
17.270859617859777
17.726155673029183
17.987411547202438
17.648502107290113
17.543891695263927
17.4709692114071
17.041878939924462
17.61508956300168
18.27182231451708
17.37863784962817
16.646718350562015
16.85134074392948
16.77508566988508
16.118703598263103
16.35814451264328
16.525294553396883
16.323183858542716
16.73592966268088
16.03755301303626
14.98556553091663
16.590298800862573
17.767466055693543
16.50222393590389
16.373998374191164
16.432270660371014
16.23758572307342
15.844121453666306
16.17911308210718
16.94897964917057
16.60831468302362
16.704789663548194
16.892573708448204
16.39363183797633
16.017597709635826
15.59624379458535
15.467224240608823
16.104653278412734
15.40946200710076
15.721779270815698
17.12444984324599
17.37504960157497
17.837953291198414
17.987646416751694
18.01268432745344
17.807221064697977
18.291450233057184
18.50881667593386
19.022794005407345
18.99411028577486
17.405499079907774
17.029595259787158
17.154006639354137
17.605759231781143
18.12929297110812
17.87541739714249
17.726403166970123
16.877019442684418
15.99801931328138
16.778997949620663
16.700798469121636
15.37175402000647
15.632724757809996
16.91186636572955
17.68675252746009
17.905281989223223
16.71986814658094
16.106926202951584
16.225732018169424
15.298181857620342
15.3540235631314
15.226676605092152
13.797478275331516
13.92568774683346
15.184977970185187
14.792525918332494
15.026357005254384
15.025998311599402
15.569435647985864
16.398020328617278
15.613664319569668
15.099836872468115
14.88762105333081
15.720232378026004
16.076386072699894
15.966500894102188
16.29820876250546
17.575733016367945
17.428745992865046
16.889870414479994
17.09482042437594
17.336401979893502
17.814868895971316
16.10005310260948
15.758267190320275
16.011633079035715
15.16368784302316
15.160709389115045
15.814085293099318
16.4419193198441
15.85783774415821
14.741596696284644
14.576305977195233
15.223429690990748
15.653619239169744
16.241920086279023
16.248476033926224
14.903216381138437
14.059950495175872
15.749316402049995
16.74253052627298
16.326744499978023
15.91052615032626
15.77632202981518
15.553745477600437
14.804157795821016
14.463035716928426
14.52025256691445
15.140155615976864
14.708923392542069
15.140139699819754
16.460970920582483
16.029781287765502
15.475840591541148
15.467065553525298
15.068071465028693
15.990745744783144
17.161759125786208
17.81731851877669
17.67562426696884
15.787154934038805
16.286557267595175
16.530655160439768
17.227358066563543
17.48379479259429
16.908716243948152
16.68339891308917
16.33407837082481
17.143725422580427
16.597529236647905
16.38666948755752
17.118178891971535
17.53985675746578
17.94208815028959
17.440093953274797
15.80691603925799
17.05296595240417
18.508612680441686
18.29813044014696
18.468296371192217
17.623397961124365
17.691203256232
18.029083195219364
17.276846985572327
16.76997539012499
17.23632492169214
17.08478231793611
17.184089925887644
17.656617687260532
