-0.4360788147599095
-0.596256959261262
-0.7694950875442124
-0.9437981288053382
-1.2638351605074147
-0.9281936682555028
-0.7163594626875291
0.0140380202754032
0.1827472283750279
0.2350080833771375
-0.0418501580834152
-0.2255215110493487
-0.2252953403380186
-0.3138458725803683
0.1837440629951781
0.4052037305017779
0.528016755404999
0.4362447350972453
0.5982571678430475
0.8022114613932139
0.9981664322025356
0.9618172234013128
1.1671380591164962
1.3036962421681948
1.394985029970223
1.6888051470833103
1.3310373888498457
0.7954787426996179
-0.0151737087374727
0.3067527700836315
1.3304562035309508
2.3476961885709757
3.0598722258228097
3.847719975790284
4.4613146709322695
4.949858627460016
4.360298992972291
4.631067839538317
5.419054901152357
5.939620125640795
5.164575154946331
4.659230103687885
5.866325329134091
6.851366918948806
7.794553035294436
6.73512116359465
5.69690905570338
5.742310257700899
6.9450758069140806
7.660593262006748
7.536117162806505
6.052382376564753
5.786573877686494
6.528391039501894
7.22553073042669
8.390646719669892
9.856558128878785
11.394678869462185
12.373424121069922
13.130197231607958
12.472594398841442
12.177187385888262
11.56783713938538
10.115032539987428
9.213418969645907
8.350276993360445
8.23836433654291
7.606130439802993
7.459511658693173
7.438690332894466
7.227923513928165
7.058371568002822
7.130780353698201
7.61263638743396
8.8927309571688
9.394473437420226
9.205946917787486
9.576334062957065
9.911634245542157
11.098586758366546
12.255482578638205
11.91394426965431
11.352152786002778
11.05835016924891
9.584321112025403
10.1366968485981
8.553243099187462
8.425512054965331
7.446500970389681
7.54361489171457
9.312698883169915
10.795820581869917
11.559130479152968
12.146573253221344
11.74531064193455
11.256545030872562
11.071417706563864
11.58243808772416
12.862617435363756
14.620183663647811
14.901476742844858
15.309269923030074
14.448732469047505
13.653550836200443
13.064360174772354
12.892031989039811
12.390610827905157
11.959049491795218
10.680617645828791
10.93537865082054
10.049189829350006
9.780577501462004
9.741080445423629
10.596633061816863
10.286348170180888
11.306741086481214
11.540228115069509
11.884193074508964
11.3004461026158
12.591212623533256
12.694674903295502
12.722321365142989
12.938326948573376
11.339066893173811
11.39256785346318
11.08145402022361
11.5304057770307
11.241225619049033
12.072228282200433
13.697441649656994
14.904458404617298
15.642359254486712
15.551047659577955
15.156202202877385
14.674484377662418
13.74722181460616
13.843731642408734
13.04071571713623
12.354908530916676
11.173844467208696
10.301966003612796
10.164072444593616
9.638008707129458
10.278835930069713
11.09105818741236
12.256708145234338
11.714835792874764
11.739486340114295
11.618071688484624
12.599656235158982
12.224047634533266
12.98329476584366
13.864748865903096
13.388838238135136
13.20721374038794
12.684091232682595
12.807610256459473
13.668451755940264
13.764311404606667
12.876092710128106
12.469492258434553
10.59078560649567
10.67283300128804
11.234475943208531
11.767908164225055
13.35858765918466
12.40454043646821
12.576033032461384
12.232373004291324
12.14652641048373
11.759876212030893
11.495077407849294
10.592072241826822
9.964412407018974
11.298821292613711
12.532674814754694
13.402888918464589
12.902477885145965
12.106222674432898
12.133981461057967
11.549728547210892
12.192883052559816
12.02671597406954
13.985543871271902
13.558024685298712
13.60815569070578
12.818329295019849
12.877033406949874
12.389754912360669
11.972144556006317
10.931981726585802
10.805757264665328
10.443272765857078
10.693610809948105
10.777860819616292
11.066808790380264
11.81243645031093
13.355596603703116
14.095296053068624
14.020796650680634
13.52531133210577
12.547208732536117
11.6253153807182
12.291175035799652
12.607713727356312
13.99104527729154
14.995607856337683
14.14192488698322
14.163497521058009
15.091247241239069
15.23678683892671
14.885524691837514
14.538863510515393
13.736281013733576
14.743827778816572
14.737481618058975
14.12585095641582
13.618741234166974
13.47478089711655
13.773413291904
14.460174874419394
14.906339712927725
15.288942045800502
14.54815598494634
14.925134187607032
15.472011823887776
16.42315662032998
16.421315559644892
16.360205135945918
15.246436245002943
15.456726710203146
14.72401160916657
15.348575394961156
15.20307106884758
14.728674813909116
13.262510771372297
12.84584013496243
12.646286334680097
13.331858339622103
13.063182031871484
12.976947656977236
13.367393839363958
13.314109375502756
13.327653950178435
13.67716312770343
14.787498501512989
15.676064403405483
15.921346817805532
15.78643752965081
15.686950651691577
15.579171167552586
15.61593233517403
15.533759873075429
15.54186317072524
15.649772306724143
15.309492642626337
14.433900085018
14.057632607841564
13.77033749812156
12.80572670157026
12.40884367238102
11.990520310146746
12.746420642218805
13.883792007198547
15.502300873060816
16.272970940395457
16.610582066056285
15.636016528785676
15.97075607765574
15.453250923589522
15.510545202400223
15.247036683508426
14.43964607137244
14.26888857489609
13.422147813809511
13.749040487488138
13.862386666914125
14.506816018304086
14.627601041023915
15.108584650497018
15.34394752827777
15.242825525050982
15.76001347502929
14.914129249630362
15.08055728196512
15.43358230665438
16.28705514877432
16.897754573295025
17.840200565305423
17.404379497962793
17.311254242356828
17.706212414237083
16.959040804850538
16.555735526731983
15.612081936295478
15.385281238661522
15.821112601250944
16.438917534150967
17.600848821260605
17.30213274850205
16.491219245127695
16.003253082705005
15.352168834019288
15.18188596216194
15.695279643458427
16.010924104153496
16.51772230655441
17.332424372603462
17.773624820092007
17.267898832876934
17.471521255935407
17.41857854112034
17.421399992894646
16.758866418727937
16.03445453223226
14.854434855897852
15.004395107318237
15.24191629828939
16.29047556917432
16.529142461953708
16.04477844748976
16.133152622801287
15.557564157411758
15.22923819220003
14.848650066398672
14.755258316437148
15.124640378468476
15.32866828485191
15.58911579854192
15.212455451201633
14.728529750297598
14.562441850409988
14.289506865767796
14.004618918974645
13.736234931001269
13.51495385898753
14.26592241342769
14.890795084018889
14.96230820645532
15.39130458319285
16.197223095413964
16.234599026436495
15.8943906060621
16.134869223300342
15.985864123602052
16.34697794594225
16.77254547032044
16.541339496641047
16.786740750143682
17.18868454416496
18.100723319659288
18.326496884740678
18.060376222512534
17.268668298970702
17.322748153233057
17.19185838293522
17.21789698814034
17.53192193582749
18.44606845672044
18.76561186132354
18.06034015211666
17.95816331480461
17.718555723476506
18.502498639799573
18.907284739469937
19.343489893526712
18.70708267987013
17.814825992694146
17.48038666492924
16.46080066504482
16.736956353930395
16.798142463994438
17.603413873513418
17.443103386359425
17.42061378233461
17.636080638528355
18.02352455560389
18.116469910167776
18.17128977499533
17.988065270346873
17.865690233463166
17.44028442233149
17.6567710662585
16.821691298576035
16.806880978406312
16.75874725521273
16.473411103388376
16.18107497461834
16.375604958858826
17.537190327802815
18.338163497438117
18.366979574346036
18.58536592845801
17.925857172810478
17.953686524568454
17.547577954692105
17.821969890126216
17.406687226303358
17.94421711631932
17.42516141086198
17.18570762626729
16.540975548440596
16.85795232306916
16.660302829722248
17.28540784183464
17.454645127340854
17.487170275527806
17.276814955596844
17.39165439965548
17.048934021700042
16.659194047343366
15.890866813378985
16.21307342601515
17.173137667847204
17.71669871234839
17.71807843349711
17.39507648071635
17.792233379290238
17.612617393923664
17.769117580038973
17.271567043783975
17.18851475888253
16.67019086739142
16.90260897973328
17.287394887224583
17.877401637681587
18.35260360343424
17.991399975950667
17.267456498604275
18.14385019602804
18.05636914698445
18.55492435439021
18.225351405810887
17.508958913850364
17.604379662910148
17.521284968601748
17.501297533733695
17.08169065569447
17.778221864112375
18.144759192366404
18.32527139844891
18.16252241875037
18.1145645792824
17.539458850888895
17.20145192287492
16.591802047815886
16.272882613916227
16.62252270868087
17.066699561265935
17.590449610613256
17.236840993248983
17.076092142296574
17.32695072951214
18.077300478051303
18.79717943275928
19.02641213970369
19.012567961685544
18.748420321590483
18.82770354120911
18.677076388024417
18.96387343458787
18.978917984771996
18.84017330258301
18.239104092898405
17.556512042101463
17.192290615776415
17.10600066239341
17.734492107591027
17.135572774613944
17.239687997743832
16.96550344447722
17.016806253164983
17.601067885362653
17.907478832514297
17.8767299247875
18.091031481835103
18.233422676446413
18.450896964212845
18.91712473292616
18.97832937801597
19.002240604766108
18.02810191021948
17.945477917798836
18.061773201219065
18.697817452041512
18.39324122094504
18.28444654286201
18.06193277515198
18.468013944212363
18.55868850985147
18.056139745648
17.883644987628475
17.519685093284185
17.156320085192778
17.561608078973673
18.244296474775368
19.118361585565676
18.305492798597456
18.01460278006438
18.157275303414167
17.985181332927908
18.456797110515566
18.047815678585216
18.36790568962933
17.936326468858788
17.248212286533377
17.234648639496474
16.79128386873581
17.029669015351043
17.295844755411075
17.8438295015909
17.60460257272329
17.856511644839028
18.207272783426344
19.14537621072896
19.642474134168765
20.03634540353518
20.03194127808521
19.50932041589905
19.597533153096016
18.846717201399237
17.732138482118668
17.38204833051283
17.743493669509924
18.347159369112592
18.811944992930847
18.719981310036545
18.48309087173447
18.967890580404184
18.063491592524336
17.29029050231612
16.68826565844602
16.685967508755585
16.718839072686947
16.746042275900773
16.582482367317965
16.480711496363448
16.464913522540673
16.900051718061505
17.703598107748157
17.615124973769255
17.618730674170322
17.080783119967556
17.211351790241807
18.104968632733662
18.9289532095859
18.687179376305217
18.57236962175089
17.9444831479174
18.361449722738065
17.88339162570713
17.600148001139097
17.81592585724362
18.300810218355608
18.96157488140105
18.50456796814227
17.882551517693656
17.565955844702867
18.235477078787884
18.52979215049974
18.360576921775767
18.739976467707365
18.416605839593704
18.80298906238349
18.562220082908
18.546330049603394
19.170172092254514
19.21541029616872
18.614562578100397
18.14459031640285
16.888236289130347
17.298467188004864
17.35681316213207
17.883179180896747
17.85427776377614
18.16524879469721
17.871436732607968
17.35635064921629
17.429547609367162
17.646634394701408
18.010683605039638
18.081352081049644
19.069781238720577
19.87943066416167
19.754533454793197
19.924723528047902
19.468812991395765
19.283351773974328
18.34536894664133
18.082277955157064
18.16971855881344
18.53196451621398
18.15456280283555
18.611887558675672
18.9199644428187
18.346737968041143
19.432423606478824
18.568233714016596
18.385453913163165
18.20279088829444
