-0.4736625091493626
-0.7073622799389786
-0.7917563757774119
-0.9885527161007818
-1.1192910658501969
-0.4913194208486782
-0.1085059458627828
0.2689750695695565
0.0693871939531679
-0.1832550714922443
-0.4997469704029913
-0.8529806075884159
-0.7961562229244565
-0.5570929734562788
-0.2447138172396314
-0.2854656440173594
-0.1280309347335459
-0.005775782745053
0.1178511175746517
0.0834468200831375
0.146090821694389
0.1208387666160016
0.4091646297602251
1.1310847100467232
2.68670439386852
4.405408299407164
5.069745280239276
4.883799966345135
4.664865998747956
4.280257218048712
3.502033228793764
3.322908190361157
4.60831493569543
5.337392786704589
6.113149916812949
5.496496203890569
4.420605453878547
3.563236610885818
3.0941092843647264
3.112476716261483
3.634417989281656
4.255796295191418
5.015554522357434
5.470451687578117
5.951862348997733
6.008672182198081
5.615728715064779
4.5968799885210725
4.7401342690764965
4.92914800908901
5.596645368633431
6.217324150680618
6.724489439234308
6.708629827828762
6.983299718264632
6.177241025225359
5.234229767748146
4.599662962133757
4.30135127987066
4.255306604746956
4.248104063162607
3.482529187864667
3.487123945279832
3.2749294215507136
3.3890958471750348
3.6999512648660327
3.41335481117998
3.33220204044798
3.753211755823778
4.137225130736569
4.323582326689633
4.1961843578679785
4.388830015549653
4.607081926124394
4.861277325582522
4.849885972009952
5.585218254081221
6.200782069180998
6.401695183254074
6.227587090847643
5.876300314501602
5.226918926817624
6.206985043976106
7.028716248685708
7.478256920745412
7.294463026996291
5.819888851660405
5.651826983273729
5.676372865302555
6.981072543883431
8.241367296601046
8.70875589101943
8.926621070807437
7.669317507955575
7.726968946874809
6.431338220134282
7.998455230978575
8.13904752171318
8.732753582372503
8.078299428234432
7.482849558772325
6.782494971700487
6.3756838159914055
6.367247268245015
6.554727769628426
7.216326236110072
8.492298494499895
8.124956023663449
7.673536677329882
6.969114558529498
6.462283471235912
6.954051117847534
6.831461219999401
6.82002758056004
7.170206157773111
7.492145211043278
8.529409678632573
8.317800326024434
8.10968531134989
7.35503410052765
7.210320447276261
6.837090713589936
7.11272651805293
8.191438036283778
9.68883275949354
10.258022614350484
9.870269322139617
9.409915555204645
10.254805153520106
9.402410586475233
9.972430568920997
10.148808738213235
10.2837914831701
9.822405997121132
9.012034010008756
8.616798402385514
8.46631671647993
8.829773881801316
9.33556553796366
9.110506992972606
9.40683052692783
8.48785003009874
8.886533704741149
9.43496120016559
9.495697850113553
9.539517689438382
9.459787512032552
9.32454374100151
10.69733398613327
11.045914586736654
11.621431912859116
11.112727559496223
11.152356038456926
10.861326886476244
11.644410709682443
11.830337987814469
12.533718679525707
12.881939572168433
12.40465551231827
11.793878698149337
11.041407081312588
11.03894238699238
10.872129977765873
11.20220408887115
11.668673341480712
11.556804733474724
11.307591037432758
11.228435491894857
10.694955479246271
10.023051991296027
10.178274788393592
9.651913944342724
10.209424706103158
9.501010347858472
9.743983866708415
9.925059898902314
9.530705568545898
10.042411590592629
10.002042074290031
10.887262437760455
11.25802894461998
11.94504713637179
12.693911036785146
11.96308234875593
11.760251685887106
11.996577430970651
12.257087577952896
13.661696060819914
14.311381800796523
14.112854996651476
13.04397998987044
11.9867046366782
12.091782396328297
12.50643883909098
14.11361123247044
14.682547291550048
14.352085751532186
13.98463805289079
13.688186326102771
13.853069583365034
13.225756269072033
12.696346323510571
12.77145137243081
13.206856635995996
14.242378368086714
13.915199756597788
14.418685551830052
14.292676672180916
13.928298066118307
14.141858343878493
13.898002589039798
14.661514560486458
13.794420958924048
13.332570764354044
13.146907699497287
12.4664413877113
12.720252362311856
12.149722171779212
12.19468379733034
11.449789837175585
11.373780851613178
10.948845259671227
11.36877238114305
12.557861313794652
14.064365293462483
15.40247889105237
16.0378708157225
15.105943826636176
14.63158571202122
13.997016060437632
14.220918675447464
14.006464582922382
14.576114757696937
15.50051313919328
15.775355110775168
15.75076846348658
15.440030295893314
16.06574367132147
16.0134916267534
15.73589273610059
15.50346859230877
15.101953850721738
14.8689936330369
14.23542827441999
14.696676523140308
15.446033826427028
15.58209865982722
15.020898268721922
14.735192619242628
15.381545604849071
17.095655528332838
16.49460594733918
16.10799363653017
15.24858338516729
15.493546021837824
16.082430976712214
16.836441735168172
17.1354098514572
16.623146813424714
16.58004735694562
16.149492678177236
16.1995051374736
15.580556671074158
16.02328221008861
16.381420336074765
17.35685219612018
16.7319490174716
17.10242688540175
16.434358507832975
17.396060482518006
17.836826803018006
18.95190681079434
19.077881482423766
18.731820240586007
18.212504874001027
17.46603818854404
16.83695682576091
17.021412957842166
16.752366242647327
17.57951927081989
18.32523617704899
18.333327634734285
18.18236920708287
18.062651881317507
18.26486951988297
18.114483372023507
17.22800642947367
17.17742709536633
17.09176544587691
17.63201893311676
18.002763391334845
17.143251029851484
16.943319877111794
15.97035221791295
15.44991612039811
15.4733168797417
15.462010267115089
14.562221590317913
14.069607722032549
14.557235083759744
14.654579446429944
14.908766725338925
15.22422841029179
15.73750364659754
16.857321761067666
16.879468454262923
17.37494212301761
18.02381057936163
17.34668261138935
18.09187978924894
18.0281928890892
18.021560231455
17.824072542859785
16.27316377254493
15.893909183932095
15.666230627136606
16.4767093222623
16.869854992077606
17.001098976672715
16.532299811280577
16.259748028927547
17.11504930602332
17.76696765104118
18.28322172698144
17.810322951598128
17.06093666562681
16.665583597733736
15.765192259387986
15.94645155630501
16.23780049501144
16.535439158659166
17.367731737474738
17.2267095108454
17.455765807578896
17.601435754287756
17.77160125434755
18.04970872287029
17.59178833028178
17.63881895467613
17.61805620854285
17.33154765106538
17.22611039496569
17.104247708273675
17.618749060374004
17.54618347305905
17.243020189631522
17.30220660843004
17.314648588584
17.794513665860975
18.002337679550784
18.0692142824604
17.95104444770119
17.324729141479253
17.44636686083278
18.04350948879545
18.54348928181634
18.305081793941856
17.09250953892438
16.73671703463478
16.270422306681915
16.33855557320498
15.639370492714994
15.534399550818549
16.55060167473907
17.376361219102204
17.485027616240266
17.41652947582246
17.48109281883676
17.338358977981194
17.616985470064833
17.579732945542894
17.581728062918486
17.5155808697134
17.532164969446036
17.678917012698026
17.425379912809582
17.919356814784226
17.33173029376394
17.418322106867585
17.094400895367897
17.564463629985276
18.077613821582062
18.474253112963623
18.518783549449807
17.657519179192562
17.209264540041477
17.02695078664424
18.409444398787446
18.852428278206823
18.221721309997445
17.304971661257618
16.83904420284664
17.515572544644268
18.412212688360132
18.564800841660663
18.771770849155768
18.712087489713728
18.48111393003929
18.310443835753755
18.03560132395141
18.77680227805704
18.88612793364542
19.4014073013483
19.10378988568676
19.0336895523545
18.024975823138877
17.567190292790034
18.432530994087323
19.103572483847923
18.46112674319616
18.043614612897937
17.826436593763777
18.97740034637544
20.16599851479607
20.71469967734906
20.835610131174946
20.690354291861293
20.0335689448076
19.88881839327541
19.63186484570872
20.338234164781383
21.225117636783253
21.3784703034044
21.172630833829384
20.52363121669282
20.318625195231437
19.663971925781617
19.0566759559843
19.050649015435575
18.74281724004705
18.90886432167157
19.76327902712652
20.318772656890747
20.47158276318154
19.792854077861563
19.544568510116232
19.377384617232813
18.230803628265356
17.827127195477242
18.5393929522401
18.688361832346448
19.849831531909786
19.082466509676934
19.404913824233518
19.526643149290408
19.782428919170584
19.76132725555209
20.39925112855014
20.16391924775237
19.900969011859384
19.626124736031223
19.797784586627937
19.89501189118833
19.50191565798415
19.71710327299797
19.16182786555375
19.59706776631854
19.080445209221395
19.434367955410103
19.095186872455084
19.6937216764584
19.4151829466808
20.498884659386945
19.594615256022912
19.38799393912645
18.34087080779757
17.832070298443018
17.68104060101613
17.901940526198572
18.82280111943666
18.88640914884757
19.14040799301736
18.930294181897818
19.421624750158585
19.06449377757093
18.5763743994114
18.72827388200696
19.1115504944477
19.18147554400832
18.51087511648511
18.34724019637413
17.51809536653286
18.33235022177213
18.544860638266996
18.619322279621823
18.68945046529504
18.7406942157303
19.07558553086303
19.58679497596785
19.147605837420137
19.321048922431
19.335583730864982
19.42916360873104
19.109981417268603
19.626505203523703
19.065814135037296
19.387902959644265
19.385180814103634
19.3700736643964
19.8381269817932
19.57125559572756
19.44731231438472
18.78394915925892
19.35005414064273
19.51016422892811
19.396017074035505
19.120873595199708
18.49142859755182
18.7780089493922
18.66454895045258
19.425900200800385
19.907170227023823
19.666312196306013
19.812992839985814
19.094092911562647
19.86836107438624
19.5996397540558
19.39949615072269
19.2898261714898
18.421931723893795
18.730445671005107
19.27610093386757
19.920586463501262
20.045375967748505
20.654874849323363
20.90673501891317
20.863854789377445
20.47258710171617
20.3132335621382
19.88829297891442
19.525953058101287
19.21017975567751
19.711571584164407
19.44362178366012
20.04226716134677
19.94076329160016
20.177539791776823
20.196232270537795
20.815895688178152
20.842009829281505
20.226858231361025
19.86727915148397
19.83654187424999
19.36987988792881
18.794486820237548
18.80957563380048
19.049512943599577
19.454452836438712
19.983970074396098
19.616203940718343
19.619774599030315
19.817642873252066
20.237287143080085
19.440097165938564
19.26280208885561
19.049054630998818
19.392245468878503
19.749539647720088
19.376261843681537
19.921489492326558
19.85993924926405
19.917977432633663
20.08177902911017
19.332682151875552
18.937482480788688
19.17690401785196
19.326180481105062
19.294171510185198
19.724309486509743
19.32035443414861
18.88978858439978
18.34701189061436
18.611419151594934
18.26618147404993
18.79396391093262
18.69108048979376
19.12975897933261
19.334706796559768
19.126128426319006
18.821362445283118
18.32006718150148
18.67535207221417
19.248128206449596
18.63779018625677
19.14769020996714
19.367795724837187
19.231587186756084
19.31630826215597
19.60127738644357
19.260709656278067
19.679678757794616
19.40617501346531
19.82319210191312
19.75076170906566
19.479233010223023
19.39497241627948
19.15490832911995
19.076930533186683
18.760671091521225
19.29855279035563
