43.58
32.97
26.09
16.92
8.98
13.12
49.32
48.81
18.44
39.0
35.82
17.11
15.28
7.79
3.52
7.51
15.73
19.42
12.14
8.61
19.4
21.5
24.01
19.55
7.46
23.16
17.97
9.46
9.98
3.55
21.93
26.83
35.96
33.93
31.56
31.63
31.89
29.14
27.72
26.33
25.11
26.17
30.55
34.14
34.11
29.0
28.25
29.16
28.68
34.53
7.65
8.1
9.87
20.26
19.97
29.77
35.79
14.51
49.33
49.8
49.24
49.53
9.9
11.9
11.35
7.99
44.34
51.5
14.24
6.47
50.73
62.21
19.69
11.14
10.02
12.75
15.48
37.15
37.25
31.1
30.58
26.13
29.75
41.23
41.81
7.98
6.07
45.19
45.48
50.29
57.43
14.25
10.41
10.44
18.95
19.0
23.34
30.32
13.01
13.85
9.96
16.59
20.75
28.76
27.82
34.52
35.09
37.11
38.56
40.99
44.34
11.28
10.62
9.47
11.76
12.8
16.8
27.93
13.35
19.28
23.47
39.82
46.64
14.33
13.23
12.65
24.88
31.87
10.98
10.5
11.03
24.11
29.56
9.77
11.98
11.86
16.84
20.23
34.4
38.57
12.98
13.7
15.39
19.28
17.36
22.85
26.42
27.87
25.39
15.1
14.39
22.37
27.0
10.21
17.81
22.87
27.25
26.34
33.43
32.29
30.75
31.8
43.94
49.68
21.22
10.86
2.09
11.74
17.64
29.35
24.77
20.32
22.3
19.04
21.78
29.68
32.03
11.49
8.97
40.82
46.2
20.1
9.4
5.29
21.71
21.22
21.17
26.49
9.81
6.82
30.8
30.0
32.68
34.38
33.47
34.48
17.55
12.82
13.79
13.34
16.05
18.25
18.49
21.32
39.96
44.0
14.08
13.72
19.29
11.1
11.04
12.97
22.3
25.9
8.69
8.31
12.66
17.68
19.51
19.18
20.06
37.76
40.28
13.16
11.03
11.84
18.47
21.2
29.25
30.99
12.86
9.38
36.66
45.96
18.82
13.16
23.23
18.7
19.19
21.08
30.97
30.51
32.52
37.51
13.84
12.39
16.78
14.35
14.69
10.51
13.09
17.02
25.19
25.87
22.79
23.04
36.35
36.76
13.7
20.75
24.74
15.31
13.1
13.01
22.04
20.83
15.37
17.84
26.15
25.7
21.84
21.59
20.4
21.38
28.95
24.56
19.92
23.64
21.0
18.88
19.24
21.65
19.64
18.32
23.03
25.25
25.32
22.99
23.26
21.43
24.25
25.36
23.86
30.0
14.83
15.58
12.78
14.06
16.91
16.89
22.6
15.83
13.09
26.33
28.6
12.79
11.71
18.81
14.05
15.27
16.63
15.43
15.64
21.05
25.15
10.21
10.58
12.19
12.65
15.86
20.67
19.17
23.8
25.34
29.81
36.91
16.01
8.92
25.28
27.69
10.02
14.03
17.99
17.67
20.24
16.44
14.72
17.7
14.93
12.05
13.27
15.32
13.7
13.12
16.72
19.94
18.12
16.57
16.58
20.0
21.52
22.98
23.24
17.28
13.57
15.99
17.32
14.7
12.84
12.05
12.98
14.48
14.38
15.06
15.63
17.8
18.99
17.18
15.09
12.2
14.09
18.42
15.85
16.02
18.59
22.97
21.97
18.26
16.88
15.74
22.25
16.69
21.4
18.89
13.42
15.07
15.91
13.53
10.41
18.94
16.49
19.41
21.47
15.54
14.37
12.35
22.33
21.29
20.96
18.95
11.46
24.81
25.82
12.89
14.22
15.25
11.7
24.27
25.86
20.35
18.11
18.99
17.18
12.06
14.16
15.12
14.27
12.37
13.03
14.54
10.88
8.78
18.9
17.34
19.54
19.95
22.4
26.08
12.22
7.86
16.5
17.21
14.36
11.87
15.73
18.22
16.25
14.06
11.9
11.44
8.8
14.93
12.33
9.42
18.37
20.64
12.92
7.53
9.5
17.22
20.68
11.95
8.54
13.82
11.67
11.93
10.92
6.3
11.72
12.24
7.54
12.97
15.12
12.74
22.89
21.98
17.31
13.88
8.6
14.09
13.26
11.07
15.94
14.77
17.6
19.69
13.83
20.82
22.17
11.96
8.44
12.58
12.91
9.09
11.12
20.25
20.19
18.58
16.86
13.09
9.1
6.37
12.3
24.9
26.16
13.24
16.4
14.69
10.83
10.23
6.42
16.33
14.38
9.1
22.85
21.09
16.29
14.85
10.89
22.6
22.05
14.3
13.39
18.83
16.68
8.48
17.99
19.69
22.7
22.47
20.46
16.79
12.76
14.15
10.03
11.98
15.62
16.9
17.01
12.88
9.43
16.93
18.08
14.71
23.4
22.81
13.68
21.52
19.43
11.55
23.01
20.82
17.0
18.61
12.94
15.51
16.18
15.99
14.0
7.95
11.51
12.87
7.71
8.83
15.32
14.77
11.78
17.2
14.57
13.64
9.57
5.34
9.07
13.55
13.71
9.85
16.09
14.25
11.04
13.03
11.61
14.0
12.44
11.13
18.55
16.36
11.76
22.71
16.38
3.76
14.81
17.84
14.46
9.92
4.85
8.57
14.54
13.61
10.18
25.25
25.68
15.32
12.53
12.54
10.22
6.33
17.56
15.44
12.31
15.24
