19.73
13.38
0.0
5.88
7.46
34.85
18.34
2.02
39.88
6.49
35.6
21.63
31.54
22.93
2.85
6.19
6.19
35.15
2.96
13.45
0.0
6.77
21.77
1.08
15.06
4.16
11.75
53.28
6.81
32.91
3.48
26.99
1.31
18.49
1.17
29.65
5.88
48.91
8.8
61.8
15.08
57.47
15.96
1.07
16.84
2.6
19.42
63.12
19.71
74.04
18.52
0.19
16.86
0.32
16.62
64.09
15.11
0.77
14.44
41.6
5.22
53.61
6.23
53.46
13.82
48.3
15.37
1.16
10.16
60.88
19.41
3.79
24.27
5.88
31.21
8.13
31.56
4.2
33.0
13.79
53.43
10.23
52.6
16.53
1.07
17.01
2.36
11.51
57.87
13.27
58.04
8.96
54.78
15.95
51.04
12.29
47.58
12.08
39.73
8.42
45.91
8.35
34.76
8.35
33.42
10.72
33.75
9.52
52.57
9.89
37.7
7.67
48.58
6.19
45.0
7.99
41.16
9.63
40.34
11.01
42.7
10.1
50.37
12.69
1.26
10.63
48.51
12.05
46.73
16.52
3.31
17.05
50.61
18.59
5.9
18.99
4.28
16.56
4.16
20.87
7.1
23.72
3.44
20.28
5.48
34.81
7.11
32.72
6.17
28.9
7.65
37.03
14.09
3.18
14.71
46.52
14.26
53.44
13.92
3.64
12.59
46.21
9.51
43.53
20.77
8.17
20.4
10.25
26.65
5.44
30.56
12.14
41.78
15.49
47.28
14.18
56.52
12.23
52.14
18.54
8.23
24.9
3.32
34.0
8.88
29.1
8.05
34.93
12.18
45.52
13.13
4.03
16.53
7.17
20.12
5.97
27.57
13.32
43.04
12.21
44.59
22.25
6.48
19.86
2.3
15.01
5.88
20.84
5.18
19.49
7.82
38.82
9.86
34.84
8.86
28.96
6.31
34.46
14.31
34.64
9.82
35.07
15.7
43.56
21.11
4.02
26.06
6.96
21.37
6.54
24.54
7.55
30.72
7.6
24.69
10.49
27.57
10.29
22.91
10.38
23.45
9.62
36.04
5.51
25.53
14.97
37.83
17.78
3.16
18.0
8.67
14.48
8.27
21.78
7.62
18.0
17.59
32.76
12.81
41.93
7.14
37.42
9.62
33.49
11.2
36.4
12.64
39.02
11.32
39.01
15.06
43.3
15.54
5.56
11.46
37.19
14.14
31.99
13.67
32.57
11.22
31.64
14.65
35.98
18.79
3.31
14.26
40.89
18.98
8.08
30.04
10.42
21.91
4.73
18.13
12.54
32.46
10.88
30.99
11.02
30.72
7.98
29.5
6.26
26.18
9.22
20.54
10.86
20.12
7.19
25.56
4.31
24.76
9.98
25.49
10.26
27.51
10.06
18.13
5.24
25.49
7.29
29.77
6.87
26.24
9.44
22.83
6.87
22.75
6.95
21.94
6.74
17.33
3.76
21.38
5.35
15.83
48.14
19.18
7.4
15.7
41.9
22.64
11.27
18.88
5.91
19.54
14.17
24.72
19.43
7.17
15.78
9.17
16.08
9.86
15.52
13.22
27.98
8.63
18.99
9.44
25.92
16.8
5.59
12.9
26.0
14.41
36.85
15.12
6.04
13.13
40.59
14.42
8.48
24.45
7.66
22.15
8.65
20.35
10.1
24.28
7.26
28.55
9.27
22.68
9.82
23.11
10.49
29.39
18.11
35.89
13.83
31.42
24.72
9.08
20.34
11.79
24.21
10.94
25.38
10.06
27.23
15.99
5.17
16.2
7.52
11.72
27.24
15.25
5.46
12.28
33.39
22.92
5.32
19.64
6.77
17.69
37.58
23.45
6.22
25.98
8.34
27.84
10.12
28.46
14.15
4.86
13.5
32.79
18.14
6.05
17.21
6.56
15.79
37.33
21.41
8.61
23.76
5.86
22.71
6.97
15.62
5.8
16.62
8.29
31.99
13.55
29.42
14.09
7.4
12.4
22.57
13.24
4.81
12.87
23.93
8.7
25.15
17.27
28.32
10.52
21.53
9.9
22.97
29.02
19.65
8.33
22.04
7.66
25.22
9.8
21.49
9.17
15.55
45.4
15.35
46.96
19.46
5.42
23.31
11.36
17.59
7.53
15.05
25.64
13.0
26.25
14.65
25.28
14.42
29.9
10.96
27.46
17.2
10.63
18.11
5.44
15.77
11.76
13.01
8.75
29.11
10.52
19.1
40.23
23.12
7.88
19.53
11.01
21.34
15.35
9.37
14.15
6.66
17.1
6.06
19.49
8.03
17.48
6.37
17.08
10.67
17.48
12.09
12.84
9.56
15.73
8.75
19.38
16.83
8.03
18.21
30.27
11.95
19.7
8.05
26.8
8.15
20.24
6.36
25.49
12.71
14.91
11.15
24.15
14.06
20.38
16.25
8.37
22.31
9.16
4.5
8.64
11.38
34.91
17.77
8.94
17.72
1.78
12.84
11.93
3.27
10.58
21.07
15.21
14.13
31.55
19.64
6.04
12.74
36.33
13.81
30.38
17.83
9.58
13.56
7.01
14.83
21.96
10.6
21.3
11.14
23.05
18.72
37.63
17.46
10.17
17.1
11.16
21.99
8.15
21.03
6.23
20.52
6.44
21.1
12.15
21.86
13.36
21.46
