-0.3222324217523774
-0.2674367555614362
-0.1625064778399972
-0.0960171957795284
0.0530550247818443
0.4014924001055347
0.7384264140710519
0.8169921464873431
1.1246778225300502
1.430383128626528
1.357087183638764
1.2017654679417062
1.1118213869800009
1.012935896051398
1.1712772605552733
2.006059834039202
3.3447711706499343
4.086197637612381
3.892866859064733
4.33214786051124
6.368874154130854
7.028493492004261
7.14939564518874
7.754516232850093
8.152278387067634
9.947342923633984
9.89180717454884
9.68449707706696
9.850046810475709
9.78337906875655
11.614331106313646
11.981804580248829
12.371931438436135
12.398915988228708
12.643351610178978
12.815236242669464
12.740429682244972
12.616969880768966
12.5445736676378
12.603458751417593
12.92064111608554
13.10506119683353
13.268178234768875
13.476570867552525
13.542392670992408
13.173895710499783
13.195257456022844
13.247016172297505
13.334889005931878
13.891738852124652
11.713767397723236
11.86914746111629
12.208339718282778
12.891414996460789
13.177003887267473
13.639217554990807
14.148418783249138
12.982366871278987
14.670535012866424
14.715819852347304
14.616468249042246
14.635645531303249
12.014896834752738
12.191039976833656
12.52006693485152
12.292916564498006
14.52060167209147
15.026078176700512
12.910813523629564
12.568595333226208
15.018439334582876
15.496061560471947
13.085911637138324
12.753559902470393
12.764114608951358
12.90188038379466
13.364807626305014
14.344726100865316
14.380893251208157
14.15830553402103
14.000373099573713
13.852315898753426
14.068585495157462
14.507546240524
14.470016253039145
12.051647854390254
12.091790350936858
14.850601092007828
14.970865958875628
14.944276940847995
15.195263181802984
12.680656793194965
12.789353410271604
12.959087782796582
13.28739135206435
13.525020601436218
13.794823995899336
14.343094556842216
12.606036065832043
12.767979044437146
12.8134771677681
13.057108506923749
13.741609132569984
14.093157522877762
14.04908215819465
14.24802707774344
14.181393816908404
14.636513174451409
14.851618741052576
14.76528518051265
14.906713020177188
12.634194467042471
12.78511559577963
12.949507442811903
13.063367624341613
13.303909286462709
13.559435318453144
14.242952726522203
13.131702894769942
13.887912283542573
14.426243104241038
14.980941683457544
15.518144470263834
13.648883587343107
13.415038663977771
13.124041910854714
13.954489136976822
14.515620131009229
12.963754789388062
13.54571090305109
13.68166816725957
14.111516842810865
14.22071023825005
12.525787677580484
13.132103346296397
13.208362704104871
13.38304294719332
14.029317155390824
14.803371163591327
15.272814345214083
13.201234502200627
13.114510857594992
13.328957212089335
13.576317771516017
13.612890083547468
14.001802152091136
14.268516611968275
14.1244484345143
14.16655104688507
14.063169415138995
14.041522152097627
14.168377070294852
14.463059040772336
13.126813624564493
13.605975718999773
14.061917166856183
14.248185672266846
14.294251178761773
14.71075853221871
14.704099793424634
14.66423758242632
14.874021151486785
15.177777659335474
15.38510200023978
13.80700598651399
12.701805145198731
12.468358127721844
13.74639444140171
14.105173912150528
14.739208093471948
14.546716411402468
14.29302682689454
14.44527883464818
14.20592540941558
14.425821956470331
14.847171068967633
14.765831253626612
13.240650389560685
13.422590294776164
15.43273823390204
15.807184477165684
13.85262530280724
12.429096460881151
12.755889633520177
14.569253659601136
14.621720301123291
14.412481606506876
14.905006329162898
13.634742155600604
13.285174979449645
14.928819947209544
15.045358703301003
15.233756025051038
15.079971445374811
15.12598862289653
15.42863588315282
14.367699332581246
13.7061215347082
13.988897908390427
14.001060584754068
14.154770168984214
14.468162464378606
14.404262268538632
14.610607582502553
15.36489330230409
15.615576468928277
13.921115919037288
14.047239584997392
14.470936025595522
13.466357317330806
13.69365121465379
14.153411906479604
14.587743525882418
14.657596318173914
13.166712688360157
13.486796850736468
14.189390054116656
14.444484860905566
14.603224087940278
14.372250236189618
14.403761681829453
15.419076602306868
15.63180381072284
14.05000233303712
14.14413507161165
14.267252878322347
14.579628406712546
14.74012201678138
15.047361839518778
15.312608934895602
13.991856824967831
13.964186807341555
15.435216229014422
15.608655802840463
14.384602510092371
14.231182412838203
14.810720947119108
14.34049105859169
14.383148681430756
14.627404959834571
15.074554771751227
14.860728510008682
14.857304206477172
15.3482184576327
14.186124822232516
14.34650340892848
14.656553371765192
13.794495572232798
13.7468217993181
13.98677669073817
14.243924555385927
14.12076939000348
14.445089416036645
14.949237002770833
15.04175595359975
14.737555670595894
15.238497601109914
15.660341767268248
14.195555516030574
14.409746277043595
14.898714389437982
14.103684872926529
14.139040695899125
14.156308330130392
14.588712532712329
14.731148607134678
14.397934284498572
14.535318717351917
15.158762296338628
15.1718619356311
14.702661261032096
14.690821132345247
14.739756532321763
14.858062137173215
15.212084242097658
14.914423990432391
14.502644341242677
14.511375206313064
14.722530058327775
15.05854561061692
14.98846814690835
14.929480405390116
14.835197696486562
14.80677397020499
15.239405523373426
15.238126788250945
15.106439600663023
15.153798497448388
15.174618492214249
15.108384027067627
15.148939720529553
15.156858679405598
15.05639075673243
15.313869398752113
14.360267775199542
14.461889905589333
14.327599277226382
14.47735456470537
14.822753116023929
14.849687094213524
15.01740589317774
14.063418219517324
14.028517494840749
15.210629424174304
15.312977526833434
14.145817953491967
14.224929904901638
14.418059639159928
13.740814851435216
14.301761528243714
14.499424503630548
14.450152375457767
14.64338102360679
14.913420706857
14.971716278130886
14.079120131739046
14.299454495242411
14.343122949809535
14.277179499208728
14.758514590383164
15.135319815199312
14.960435391271298
15.311508069789753
15.287798081162064
15.288686012894928
16.00606975879358
14.87765430822171
14.52085068529817
15.46517458519953
15.6679382904281
14.669679371796189
14.747030964285988
15.214832269004749
15.149602824491865
15.100186812826372
14.286408163497418
13.978766741009736
14.457187773272551
14.353141961322256
14.208269183812236
14.325721977537722
14.57202711414788
14.744632000143651
14.84736920347298
15.048446714032568
15.236578141315494
15.145102008320976
15.093891318901685
15.297180592517774
15.389140289395204
15.272922822680144
15.298554280552729
15.231870349916232
14.99693591173862
14.86891272462528
14.908592781365774
15.007744032689375
15.054438126913553
14.993100675325628
14.971029998586912
14.992453927146688
14.80981300296486
14.783485608576967
14.932377964448309
14.994702221777771
15.072841533299078
15.187806909166024
15.028297493785944
14.94296515980283
14.955787303826606
14.96901432562762
14.985985016034553
14.8124579464484
14.831423647888636
14.853059612690052
15.019187005407622
15.091348429242608
14.837571721759538
14.85598358041507
14.961963468305054
15.157723924194112
15.01515983635938
14.910838217852396
14.662318535310996
14.700954202174962
14.854554452839448
14.99393017606392
14.922776281531288
14.618600579350108
14.87904522254216
14.893550434261794
15.039315104849296
14.93804036739386
14.696394408285032
14.901085210680314
14.688548606360412
14.828732797564136
14.83586436552924
14.665675332841676
14.471008855332952
14.410007466281336
14.908639333875874
15.044442541462525
14.860821354051982
14.922562640379596
14.73646472133914
14.542411155466027
14.97701288983706
15.016499773763512
14.739300169281965
14.778710861136195
15.013057712090438
14.843782958526004
14.458670782332378
14.521130824209672
14.68939321051876
14.723191357518996
14.780518248357406
14.64616157165467
14.644536664978796
14.508022500228565
14.35276259506206
14.741810884029665
14.81579635921467
14.911548374803075
14.91871570963613
14.825702582298568
14.751351462806104
14.259440867170792
14.1702714204294
14.5008613465296
14.520091972425488
14.476371508073408
14.391563565747738
14.410871276495454
14.299581010567865
14.081157634401125
14.008357117272825
13.962122161186022
13.89041679227896
13.8957921743576
14.196685916849033
14.245254070014086
14.313701004323669
14.450813410447408
14.24884361970133
14.211707356714976
14.23449542509486
14.218317655039757
14.32485733024448
14.24643319192136
13.963816136786583
14.018833266687476
14.10724332406995
14.144342510217442
14.184901690315275
13.918862237027644
13.95289717794129
14.208576695233852
14.189705844423624
14.098121184780808
14.265051909797537
14.206907982307962
14.181515985506834
14.482574702370371
14.43217264070615
14.35286100346137
14.173944427102292
14.132041072491743
14.3766967591432
14.154566111879946
13.87792486420941
14.025103234316548
14.220316055235449
14.339377758413317
14.253436248711497
14.252501305496288
14.365586518734062
14.173619452535434
14.215779091129171
14.336841108784448
14.398625960867273
14.308595664662244
14.284031160739763
14.44420635793796
14.463542764819136
14.47668993854262
14.437244626897026
14.383560604532049
14.436790533475222
14.239975544295636
14.315006221052933
14.607494044802731
14.786752936781308
14.733347852467892
14.35887279387243
14.409200600625793
14.362227763642828
14.4226839255278
14.305601251257563
14.275730838958932
14.582072621281505
14.512298282201575
14.515178454301656
14.759723330622828
14.677893463748063
14.38134253039161
14.181750591184697
14.173592078110197
14.52820696711826
14.587169868433932
14.443510076380166
14.426193720573432
14.220082751985204
14.170829357598388
14.105626530330014
14.211835289641076
14.44435400618161
14.511631161327989
14.422340214978876
14.234094050024469
14.16575918426044
14.249653262573766
14.283944846722152
14.251178572425266
14.182506734165354
14.23966139291318
14.36925358947408
14.335475672503518
14.196052795270466
14.13363986120844
14.315066739102
14.134003311258295
14.028485709508802
14.159610537457167
14.135236751275498
13.84864338069815
13.84547094488077
13.955806004152429
13.877385940560838
13.780084942832628
13.58429559494761
13.781720206139957
13.921600112612516
13.618727584175964
13.588749343365
13.993436818446982
14.1937092869366
14.01928847953074
13.900094040157525
13.785682857707648
13.57349155710668
13.457471861808813
13.538316403318088
13.87578982208447
14.05613853056927
14.031137925528355
13.882071064331075
13.773891783874747
13.650575878912898
13.565512755644882
13.780445186525064
13.887944781634124
14.039237064919172
14.005575628285976
13.805877970556608
13.847852416316575
14.017701543718726
14.16213174246732
14.073027423240248
14.060852699171573
14.186421951938774
13.881998305691576
13.78771530246945
14.010954974585006
13.851443173104071
13.92427254795045
14.150897957361462
13.958104439248162
13.81219872203256
13.893122258744532
13.904563826403946
13.926677716481798
13.827098472670468
13.833277845507077
14.01230678453444
13.965182638115422
14.02041979653056
14.10268026535716
14.14274647113657
14.045455987256332
14.014097895330364
13.993595128444564
13.885934463992434
13.82898202025162
13.867909465076204
13.947789564428083
13.8212934819866
13.856761586695214
13.933206567549728
