0.1860250198911346
0.2932145527220021
0.2662357584895663
0.1191704566744289
0.7054326109161008
0.3356228964073018
0.1408063074170306
0.8018556344465425
1.38539027665027
2.729665643227741
2.16250730397382
1.4924286304019403
2.780153119565298
4.162535162211347
3.74590160942339
5.55472476027618
6.933210489034488
6.519708965235541
7.681020211544397
9.776702750022183
8.360523057327297
8.359312359753885
8.928884446131786
8.524526998459189
9.47791940501583
11.153064597735032
9.973250557231
11.58465345963998
10.673087383048207
12.521299170263074
14.087386867958452
12.700782345435645
14.302088943185
12.94169991780604
15.07711100539278
13.229751734862113
14.542918279902208
13.257782150985465
15.539411882288643
13.039055521734287
14.876226980441045
12.407792073620923
14.937042767465176
12.38703784225352
14.042021224558026
12.752796965049855
14.28912614103941
12.503008154784606
13.908203729863274
16.28505369268945
13.983463641208768
15.525266751302084
14.180015795143945
12.216977907179144
14.024800298260924
12.807708469099214
14.605619471932393
13.116212095066915
14.970195970300944
13.380014509741123
15.328978460553872
13.56688428076644
14.68680852266382
13.459249906413367
15.363335410595557
13.797125102163772
15.485341802459676
14.122933733640124
16.25591891197228
14.339724084978812
16.152517190987027
14.242461403538828
16.1483884999947
14.346789278963485
16.039485627011853
14.641913853240547
16.168366964971618
14.50494072873786
15.67507908987459
14.243479942537157
15.478951845178576
13.915446338028092
15.06154123470201
13.508522570408015
15.361546825095152
13.876047941676866
15.259614937519991
13.66886169588632
14.808145952507315
16.852616817066227
15.08362677065429
17.34126149478259
15.31680549774754
17.695313155758775
14.97433086636032
13.393102876302628
15.039534573386966
13.693790221185726
14.845277463778002
17.272745972055738
15.59265670249339
13.782943360103287
15.15373826287339
16.952368545847015
14.956838403239706
17.42648652141331
15.056354505094191
17.042291836309545
15.30863202673495
17.07260669730408
15.33833986973066
13.902276584380225
15.026114727515406
16.377563133217528
14.692557804107718
16.252610901023637
14.85432174216411
16.265045283110485
14.474245992289848
16.41112837197363
14.514811988741204
16.578397401606235
14.42699222479166
16.431722530709656
14.404016628194336
16.082285451190003
14.481943303819223
15.970515336137334
14.824494396286267
16.492650767941495
15.06909402595947
16.6445712365149
15.103907983751752
17.261895055322157
14.725569680610288
16.92739492767662
14.592580719421726
16.53077464606964
15.285671204979636
16.85405730854244
15.409536656355266
16.689788485645842
15.3866374774465
16.975315241785385
15.539085747767114
16.93709915381127
15.468367708495204
16.940682750367515
14.56365560351477
16.44868902055201
15.083210746299969
16.56954331197527
15.13545126334901
17.00600256173656
15.29767992602658
17.049060734716527
15.922594152120936
14.23003797262588
15.434242279919486
17.176660399152404
15.71152331591918
17.11752127544899
15.816194496678673
17.007199626026935
15.743700314432685
14.3488830397606
16.00856919853079
14.536075760518957
15.716105593068107
14.4656613909507
16.10782740773769
14.424662258317886
15.60038253912101
14.76519679243422
15.703917819461616
14.90265260126415
16.179723140930992
14.801260664558614
16.357960257759046
15.152931908094809
16.00298604913497
15.043791663144605
16.01486324069444
15.154954380965563
15.853258523044774
17.63660192149429
16.23569728348746
14.714877494405746
15.806161603623597
14.726283359306526
16.701019018958117
14.699713168976732
16.362257121150964
14.87255182669023
16.558313740517846
14.823108213874006
16.13428731522775
14.434970388544066
15.893596445549742
15.146754049909225
16.09521047195782
14.79236678304839
16.27719870320222
14.820221372269284
16.433276805320894
15.147411333979043
16.246489019125793
15.33179014113566
16.48195382096153
15.732363549651852
16.814958860856212
15.844541646974308
14.366335866881586
15.460876483630766
16.662573002018238
15.528913696088612
16.890566489179
15.60566858192538
16.33109973447435
15.72735650721042
16.827857925719098
15.674285616874444
17.54525247852904
15.462990707150094
17.07955048447488
15.614408988651912
16.985847251151917
15.997097500200066
14.986775595699134
15.801897619970536
16.870993507162055
15.348705879814222
16.56330182090096
15.609542604904096
17.008560559357694
16.11688028212846
14.45302146034446
15.78845992525773
16.673949390289934
15.74717949209182
14.579387773666678
15.416736099699497
16.78525165899029
15.567787701450424
16.5893886598766
15.481517479879171
16.77040826341621
15.580130548497438
16.87186875838051
15.809205299317878
15.0560201699483
15.959701981543704
15.08441129904737
16.13945375861829
17.271713613589185
15.564139654147125
16.744229515646463
15.495623594936289
16.917601378671446
15.65125428441812
16.4550754997476
15.114374226841631
16.130434385197724
15.618085277752945
16.992007704912304
15.44342076234504
16.935068755657085
15.797249692666991
16.515792659797516
15.874407200632522
14.822890057086818
16.200523665539063
15.050152888814116
16.049097231667414
15.630052736502106
16.275490446166927
15.042446697911634
16.11018638556818
15.072564426483332
15.926062015311086
15.766684575983328
14.334712752878104
15.342836844160985
16.49617960849925
15.418426365921787
16.49663366234956
15.306968652651882
15.99108900557243
15.119260833267568
15.872068593756294
15.26131061114948
16.00275364361989
15.095599099468933
15.939837179990622
16.827495472830137
16.034403371471985
15.106957012052986
15.529149236425292
16.765600083289627
15.669306181722774
16.740805855239106
15.445232946269208
16.353855480895298
15.189468301506547
16.190746111283403
15.581014996542894
16.153645892847468
15.282604461871982
16.14545062841624
15.810429480662616
16.23118074330107
15.545188719446596
16.4061800979067
15.819359356566808
16.5276272558884
15.510165458779223
16.59178234696692
15.91002108101072
17.07399711874711
15.697917858430223
16.69608008482231
15.59258354963516
16.719647588771764
16.002427700062903
16.216104830781152
15.458617727763292
16.451587172524768
15.657467604395316
16.4038295142161
15.620928770631524
16.594114133687214
15.624319880047794
16.75660214293361
16.066425246862924
15.303598741189052
16.059348411304065
16.681281046608554
15.585323696322426
15.327751298813698
15.996097710502024
15.48889708876476
16.193197059380765
15.102802753866442
16.432625220825315
15.53361150559526
14.821834715981076
15.844396207324683
16.794164579741274
15.905102184526436
16.785738190002085
16.045616635501286
16.897102084857888
15.915141498502528
14.928940338687005
15.340636221945813
16.666026023186987
16.209542706057473
15.415559584176608
16.448614876469527
17.32775689780748
16.31283844809497
15.174852820343135
16.61203122206869
15.254790870174922
16.187529238404206
17.293557499879732
16.255584211971826
15.036108563149131
16.412858167922213
15.850085708772928
16.108640900056017
17.25384377569162
16.81354889532483
15.3991983285851
16.427039299962658
15.390355469156948
16.067172279545794
16.552108099900337
15.856105208533572
14.853697107501803
15.79229283720336
16.576640474940305
15.806921927531072
16.90009774885995
16.179907715118524
15.2024230247821
15.92809868953917
15.44910118018036
16.312326743339717
15.670527259446413
16.353470148101316
15.611810978855557
16.32603547161223
16.070080559140397
16.693530372990985
15.857393372074544
16.90497637752255
15.57144177470608
16.24911240956604
15.761150875651603
16.537522490360505
15.765682682727125
16.242684672448153
15.558267397022318
16.33341700460509
15.510466614673788
16.545386240245403
15.68502817167599
15.959158885333004
17.31042956052385
16.255280118362926
15.459825794168356
15.90703519825434
16.73817462955313
16.05346756079177
16.867642087873975
16.153711522685498
17.087045978984438
16.30294782633297
15.92232029505839
16.48020262405531
15.735487666480202
16.5495329043667
15.390198371062738
16.536673457329798
15.972219881090473
15.264484459330989
15.4505201964617
16.57178843319758
15.991148907616507
16.52390845996159
15.95395046358386
16.573821185179675
15.682313074646954
16.435433533334873
16.13752270763158
16.6841800485436
16.335685688056973
15.834311257923696
16.4038892077151
15.44887333940196
16.24881864346666
17.132358653258713
16.566946762210183
16.174018025562724
15.54156181787098
16.133309188608088
16.720329362452507
16.06158450927228
16.74301319690671
16.36301012614429
16.706233481880574
16.326442127281208
16.965753771514176
16.152383460031402
17.068792414794842
16.084059879089317
15.179703965271186
16.46079032998021
15.485104222795163
16.783445070576057
15.917630518239775
16.751852355767454
15.813682341184728
16.996762116763765
16.057318976390828
17.249775174636742
15.86222269926804
16.615522942734547
16.144487029418293
15.50325663290322
15.976584532577265
17.23418265870837
16.039050866881713
15.54822092135374
16.23242192145962
15.796331963857002
16.29301272570153
16.182650763804887
16.576120007078273
15.681349510678803
16.51643601193294
15.93783431942872
16.542406707102568
15.823936043774674
16.59407564159291
15.54812347192676
16.776109709753854
15.593491207658452
16.611048672594443
16.12219208447348
16.828715669324996
15.893483407992576
16.644537715977552
15.835601109870383
16.361121654581776
15.961787118279442
17.08663754259172
15.665394497185275
16.831329320939112
16.366042448518876
15.405833999458496
16.573660492083842
15.481730836606328
16.069655311179357
16.86763477950065
15.55006848822294
16.35367349253718
15.967680481381237
16.594771238685514
16.975694943635414
16.663842986945507
15.770185570124111
16.799271205137384
15.40168169774929
16.275945217733835
15.653238016297555
16.09603247417455
16.973603860710035
16.219893020647124
15.31599315688194
16.29932407560996
17.005968084315185
16.081761938378555
15.715361146169176
16.312218310171833
15.72809676320296
16.69096476472375
15.71967458498702
16.264205658858003
16.94864956322267
15.939449847240375
16.70701532063362
16.22308236182558
17.146694937343106
16.295117634739015
15.65891630469022
16.13861279357493
17.071628641647944
15.91319908121408
16.935225224279083
16.273265158960722
16.952964375953215
16.007594639730467
16.64149757700994
15.449387496277367
16.41220977116729
17.057705980470313
16.10627188944932
17.11710310690893
16.13723579997056
15.464183822776036
16.39307479727774
17.254783607807916
16.267811622998945
16.78732768157296
16.668988196755503
15.504958023913323
15.840485519722888
16.626301444150016
15.851973622209444
16.49883317778946
17.444898767204837
16.406085340643973
15.953572744264942
16.719830869093485
15.833577395730307
16.640487782789407
15.948787827319022
16.833463107748777
16.035773670306813
16.484863848870397
15.774046875764505
16.301320056978206
16.278759337509026
16.94402240459267
16.52145009658076
16.31228143250771
16.752214998753125
15.797294367139244
16.890054356022784
15.80942281686304
16.793920782357404
16.108202282412332
16.606031749313498
15.792538327395706
16.20219849537844
17.276893816596747
16.55953137771723
15.944576693532706
16.450152289710363
15.92516088339088
16.86417518729154
15.667573059350662
16.78648846275702
16.011891630167828
16.836080265588798
16.126794811129944
16.660036055275764
16.13154339848886
