9.51
11.12
8.05
5.9
9.04
11.88
10.75
9.47
6.88
8.83
9.03
11.0
14.53
16.55
6.35
11.42
13.9
11.39
5.24
13.5
8.16
8.01
11.49
15.34
11.02
15.49
9.43
9.84
9.53
8.3
12.19
11.21
10.59
18.99
10.79
11.73
12.5
10.76
16.11
17.46
11.89
16.83
12.66
9.08
6.52
16.13
11.4
9.83
13.52
14.12
11.29
9.04
11.11
8.96
13.87
10.45
8.87
11.11
9.52
14.77
12.91
9.45
10.27
9.1
12.01
14.58
9.97
9.28
9.56
10.06
6.24
4.71
13.18
11.29
10.67
4.82
11.2
12.15
9.03
7.26
6.81
8.58
11.34
9.43
12.14
12.18
12.33
8.39
9.68
8.26
7.44
10.04
12.36
10.49
8.54
11.92
9.17
5.63
9.77
11.36
13.58
6.77
7.41
12.75
11.31
10.54
8.54
8.65
13.42
8.63
11.21
13.88
10.58
15.78
12.42
11.86
14.05
10.27
11.1
14.06
9.51
13.34
13.67
16.35
11.39
12.37
17.5
13.99
11.74
13.79
11.26
8.79
11.91
14.62
14.51
14.58
15.59
13.93
12.71
14.09
12.85
12.14
12.48
14.68
15.89
13.67
12.91
12.39
13.11
16.76
12.14
13.59
12.34
11.35
14.95
15.5
12.87
19.34
18.0
8.75
11.37
10.78
11.01
13.15
13.38
14.98
16.55
14.14
15.64
12.15
13.03
8.89
18.44
13.97
14.55
11.66
11.6
12.44
16.49
17.35
12.48
12.7
13.95
15.32
13.53
15.32
14.94
10.66
17.39
13.42
10.86
13.34
15.84
18.77
13.23
14.88
14.7
8.85
17.19
11.46
16.32
13.57
14.56
15.68
14.97
17.92
12.73
18.38
13.33
11.85
12.37
15.67
16.41
16.3
13.79
11.42
12.63
16.61
12.27
18.81
13.18
13.15
12.05
12.02
14.18
10.37
17.07
13.56
12.59
14.92
14.4
13.29
13.51
14.96
8.28
15.76
15.24
16.07
11.07
12.45
12.0
14.64
9.85
12.88
13.72
12.87
13.58
14.53
15.82
15.05
12.84
12.69
16.36
11.21
14.45
12.12
15.92
14.7
14.66
11.91
14.24
13.92
14.71
11.05
11.87
12.32
13.17
16.22
14.06
9.22
16.31
13.44
12.16
14.32
11.4
13.51
11.03
14.71
18.29
17.06
13.59
12.47
13.26
17.17
16.03
11.49
12.88
14.93
13.55
15.55
19.44
14.18
11.47
11.73
15.03
12.5
12.74
14.78
11.66
12.86
12.45
13.21
13.03
16.64
16.98
12.66
15.88
14.03
13.44
16.33
12.33
15.52
12.53
13.0
17.9
13.47
12.38
14.91
12.46
13.48
16.33
18.65
12.85
13.34
13.87
13.57
11.14
14.59
15.22
13.31
12.12
13.88
13.8
12.71
15.61
14.76
13.39
12.95
16.81
10.39
17.07
18.03
14.7
16.83
13.99
16.52
9.61
12.98
18.17
14.28
13.53
14.52
13.87
17.47
15.92
12.23
17.42
11.01
12.62
14.29
14.28
16.02
16.27
12.44
14.15
15.58
10.58
16.33
9.94
15.05
17.59
14.65
15.85
13.16
12.83
14.64
17.31
16.26
11.96
13.15
13.43
9.86
15.34
12.77
12.39
15.23
13.89
13.07
17.85
10.89
16.88
11.73
14.52
14.8
14.36
10.07
11.87
13.59
16.29
14.75
13.65
12.16
14.7
15.49
16.16
10.14
16.32
13.18
13.75
12.43
12.38
12.44
15.09
13.29
10.3
14.63
12.49
14.58
10.05
14.93
13.79
12.83
15.02
15.55
14.47
10.34
13.03
18.05
12.62
14.25
10.7
16.98
14.3
12.39
13.3
12.04
14.6
12.51
16.35
16.51
15.57
18.03
12.18
15.88
14.73
12.45
14.19
14.64
13.74
12.92
15.49
15.68
19.71
13.65
15.18
15.82
15.28
15.13
12.9
11.85
14.01
14.14
16.56
11.86
15.88
15.15
15.69
17.1
11.54
10.4
14.27
12.5
15.59
12.53
8.96
14.17
14.65
17.21
17.87
14.88
15.99
15.47
12.11
11.94
13.97
11.32
15.75
15.73
14.72
15.06
13.7
12.15
15.33
13.96
12.69
13.88
10.67
16.56
15.31
16.32
17.05
9.69
15.62
12.61
11.86
11.6
12.28
12.14
16.98
13.6
15.25
14.83
16.08
11.04
13.43
13.34
14.02
12.38
12.58
13.52
15.23
11.8
11.53
12.58
14.78
14.81
14.14
14.54
21.05
12.35
14.06
14.26
12.56
16.57
15.48
10.65
14.99
16.05
14.56
15.47
11.95
18.97
12.19
10.11
14.18
14.11
13.52
12.02
14.18
10.16
12.26
10.69
17.32
14.96
13.98
15.22
11.65
14.48
13.11
14.14
13.25
16.59
17.6
15.15
14.34
14.2
16.2
12.47
15.21
13.17
16.18
11.16
16.31
15.54
14.92
11.05
14.28
17.92
11.81
13.6
15.96
12.62
12.19
13.03
13.66
12.77
12.72
13.86
12.99
15.44
12.26
15.24
12.19
16.61
10.88
14.8
15.88
13.46
14.43
16.29
