-0.3863
-0.1251
-0.1634999999999999
0.1397
0.3036999999999999
0.3330999999999999
0.5209000000000001
0.5956000000000001
0.6811999999999999
0.745
0.8236
0.7887000000000002
0.7893999999999999
0.7112999999999999
0.7861999999999999
0.7515999999999999
0.7845
0.7776000000000001
0.5613
0.845
1.0474
0.8134999999999999
0.8287000000000002
0.995
0.942
1.0995000000000004
0.9482
0.9201
1.1336
1.093
1.1266
1.1304
1.0800999999999998
0.9953000000000002
1.2281000000000002
1.0213
1.1415000000000004
1.1982000000000002
1.1912
1.096
1.1232
1.3344999999999998
1.2438
1.4205
1.2519999999999998
1.0864000000000005
1.352
1.489
1.4166
1.3356
1.5027999999999997
1.5906
1.5404
1.5560999999999996
1.3373
1.3206
1.3782
1.6879
1.5083000000000002
1.5892999999999995
1.5816
1.4085000000000003
1.7542000000000002
1.6923
1.5138
1.7529
1.7997999999999996
1.4937
1.6537
1.8737
1.6103
1.5018000000000002
1.5169
1.7201000000000002
1.8553
1.811
1.821
1.9736000000000005
1.7804999999999995
1.6688999999999996
1.6842999999999997
1.7262
1.8795
1.8395
1.918
1.8484
1.7828000000000004
1.8612
1.777
1.7407
1.7837
1.9586
1.7248
1.7797
1.7678
1.7387
1.9403
2.0133
1.8189
1.8591
1.9008
2.1822
2.1214
2.1134000000000004
1.9931
2.0754
1.9323
2.2103
2.148000000000001
2.2259
2.1460000000000004
2.1451
2.4536
2.0339
1.8699
1.9444
1.9714
2.2745999999999995
2.2532
2.3487
2.3031
2.1996
1.9472
2.0705
2.2314
2.0696
2.4198
2.272
2.2365000000000004
2.3383000000000003
2.5102
2.460500000000001
2.4659
2.18
2.2938
2.3168
2.1168000000000005
2.4823
2.1344000000000003
2.3081
2.7145000000000006
2.4636
2.6061
2.3344
2.37
2.3549
2.5653999999999995
2.5996
2.4528
2.4964
2.5343
2.6688
2.2819
2.7646
2.7557
2.5284
2.5619000000000005
2.733
2.6549
2.493
2.5727
2.5368
2.784
2.4785
2.7008
2.6827000000000005
2.6488
2.7157
2.6905
2.5623
2.6882
2.7519000000000005
2.7528
2.5485
2.9072
3.0410000000000004
2.973499999999999
2.7808000000000006
2.6251000000000007
2.6809000000000003
2.8093999999999992
2.7790000000000004
2.7592000000000003
2.5456
2.8856000000000006
3.0897
2.5111
2.9203
2.783300000000001
2.875100000000001
2.8327999999999998
2.6000000000000005
2.6254000000000004
2.6837
3.0533
2.6757999999999997
2.7231
2.7716000000000007
2.7413
2.8355
2.8377
2.8510000000000004
3.2492
2.9471
2.9870999999999994
2.7491000000000003
2.6617
2.7255000000000003
2.9136
2.973299999999999
2.8811
2.8551
3.0042999999999997
2.6564
2.946099999999999
2.9878000000000005
2.9435
3.0383999999999998
3.0820000000000003
2.9218000000000006
2.9145000000000003
2.8215000000000003
3.0365
3.1077000000000004
3.0252
2.9262000000000006
3.1527000000000003
3.0890000000000004
3.1596
2.9405
2.8767
2.7007000000000003
2.5926
2.9447999999999994
2.5193000000000003
2.685199999999999
2.824700000000001
2.9035000000000006
3.0344
2.8637
2.7075
2.6675
3.0706
2.8809000000000005
2.988800000000001
2.6853
2.9530000000000003
3.0238
3.133
2.9089
2.8285
3.1247000000000003
3.0046999999999997
3.0954
3.029
3.0719000000000007
3.2419
2.960900000000001
2.7174
3.219100000000001
3.151700000000001
3.2054
2.9818
2.8923999999999994
2.898499999999999
3.034
3.0774999999999992
2.9705999999999992
3.1818
3.1521000000000003
3.2677
3.0906000000000007
2.9579000000000004
2.8679999999999994
3.0108000000000006
3.141800000000001
3.1382
2.9532
3.1234999999999995
2.807499999999999
2.787900000000001
2.5285
2.5924
2.7434
2.824499999999999
2.960300000000001
3.0179
3.0992
3.1009999999999995
2.9869
3.2903999999999995
2.9837
3.3061000000000003
2.9568
3.1842000000000006
3.319700000000001
3.215899999999999
3.307400000000001
2.8919
3.0659000000000005
3.2425
3.0249
2.9962999999999997
3.1562999999999994
3.3668
3.0006
3.1534000000000004
3.2306
3.335699999999999
3.3694
3.0287
2.9937
3.0288000000000004
3.341099999999999
2.9224999999999994
3.1632
3.4443999999999995
3.1975
3.1534000000000004
3.0984000000000003
3.1758000000000006
3.2217
3.2169
3.2434
3.2415
3.111100000000001
3.3435
3.554399999999999
3.5746999999999995
3.1905999999999994
3.0106000000000006
3.3278
3.0504
2.9831
3.2140000000000004
3.1497
3.1077
3.0773000000000006
3.1592
3.3528000000000007
3.1376
3.015500000000001
3.0861
3.4802
3.148
3.2284
2.924999999999999
2.9702
3.0499
2.8174
3.0920999999999994
3.0954999999999995
2.9498999999999995
3.0104
3.187399999999999
3.2056
3.323900000000001
3.1590000000000003
3.2234000000000007
3.2107999999999994
3.2832000000000003
3.1957
3.0452000000000004
3.1297
3.2111000000000005
2.9231
2.6594999999999995
2.9756
3.1216000000000004
3.2618
3.5027
3.0491
3.4895
3.2453000000000003
3.3997999999999995
3.5335999999999994
3.4898000000000007
3.5078
3.5891999999999995
3.2465
2.978699999999999
3.2432000000000003
3.4710999999999994
3.8994
3.6597
3.5565
3.2695000000000003
3.2653
3.1455
3.3915
3.044200000000001
2.9753000000000003
3.1330999999999998
2.9837
3.0968
3.1437
3.2024999999999992
3.2009000000000003
3.4820000000000007
3.28
3.4931000000000005
3.2267
3.0978000000000003
3.0723
3.4165000000000005
3.119
3.3781000000000008
3.7586
3.2379
3.5039
3.2933000000000003
3.089799999999999
3.1142000000000003
2.8421000000000003
3.1428000000000003
3.2001
3.1787
3.0305
2.951599999999999
3.0486
3.2835
3.4119999999999995
3.2088
3.2289
3.355700000000001
3.3359000000000005
3.2943000000000007
3.4405
3.3016999999999994
3.1813
3.3507000000000007
3.4222999999999995
3.0227999999999997
3.3957000000000006
3.2455000000000003
3.4345000000000003
3.2741000000000007
3.0795
2.9697
3.0586000000000007
3.1994000000000007
2.9854000000000007
3.0296000000000003
2.8791999999999995
2.8785
2.9264
3.1212
3.1588000000000007
3.0362999999999998
3.164600000000001
3.301100000000001
3.3531000000000004
3.2165000000000004
3.2049000000000003
3.2606
3.4132000000000007
3.390200000000001
3.3172
3.2451000000000003
3.4944
3.166200000000001
3.3959
3.5165
3.0973999999999995
3.301000000000001
3.2801
3.4385000000000003
3.1823
3.2014
3.2571000000000003
3.350400000000001
3.472
3.2296
3.2888000000000006
3.4677
3.3819999999999992
3.6077
3.067499999999999
3.6048
3.5679
3.566400000000001
3.5357
3.4022
3.5369000000000006
3.1809000000000003
3.5490000000000004
3.5674
3.1699
3.3755
3.4045
3.4154
3.5465
3.3453
3.2842
3.3585
3.429999999999999
3.5515000000000003
3.2268
3.3449999999999998
3.5217
3.4063000000000003
3.182500000000001
3.3817000000000004
3.4583
3.349600000000001
3.677
3.385500000000001
3.4298
3.581200000000001
3.2766
3.5281
3.2675999999999994
3.2727
3.5546999999999995
3.6778
3.2911
3.395400000000001
3.3355999999999995
3.5588000000000006
3.6434
3.1162
3.5196
3.6316
3.555
3.392899999999999
3.4643999999999995
3.5154
3.4966000000000004
3.5834999999999995
3.5152
3.7831
3.6045
3.5234000000000005
3.462600000000001
3.6045
3.763000000000001
3.4294
3.6836
3.7291
3.3867000000000007
3.422000000000001
3.5732
3.3118000000000007
3.3891000000000004
3.534
3.3822
3.681000000000001
3.7603
3.7609
3.729300000000001
3.6812
3.4668
3.4031
3.4066
3.2974
3.2568
3.4678000000000004
3.2703
3.3687
3.5406000000000004
3.391699999999999
3.6598
3.4196
3.4003
3.679
3.4944999999999995
3.5978000000000003
3.3659
3.312
2.9489000000000005
3.2570999999999994
3.0701
2.9073
3.1665000000000005
3.2173
3.4717
3.3188
3.3519
3.4762999999999997
3.3021
3.238400000000001
3.7148
3.7262
3.4456
3.4947
3.2293000000000003
3.3881999999999994
3.4698999999999995
3.4088
3.528
3.1086
3.2051
3.3719
3.4707
3.377099999999999
3.6163
3.4169
3.1666
3.5661
3.1473999999999998
