31.96
36.37
43.96
46.83
44.95
43.54
44.36
46.21
41.33
39.42
35.57
37.92
37.38
30.8
28.86
23.71
24.56
28.06
32.95
32.5
23.99
21.92
32.96
31.66
28.73
34.31
33.01
29.7
34.59
39.6
36.56
35.99
33.3
30.31
30.88
34.74
36.19
27.41
26.44
28.87
32.26
34.36
32.63
31.89
30.32
28.67
29.22
33.29
37.06
34.59
29.24
35.38
38.2
31.88
33.03
40.04
45.39
39.29
32.66
34.46
32.27
28.56
26.13
26.65
26.47
23.97
21.94
21.18
22.5
20.03
20.94
26.66
25.56
21.58
19.54
19.88
17.28
17.72
21.39
24.89
24.25
20.54
19.37
18.55
18.71
20.28
19.65
18.81
19.94
17.3
14.69
15.44
15.61
14.31
13.82
14.9
15.22
13.76
13.54
14.72
17.16
17.37
15.7
16.63
16.66
16.89
18.38
16.2
17.66
17.26
14.77
19.25
16.79
11.91
16.25
16.85
14.35
16.51
16.32
16.33
17.99
16.95
19.44
20.89
16.42
18.86
22.68
20.13
16.48
15.91
18.05
16.22
13.48
15.13
15.11
17.89
23.09
17.38
12.42
12.97
13.69
15.62
16.43
15.99
16.88
15.84
15.67
17.42
18.2
15.17
13.17
15.91
13.72
15.85
19.04
15.86
17.62
16.49
13.27
13.33
13.53
13.31
12.32
15.53
13.16
13.12
16.76
14.91
12.79
8.3
7.66
9.44
10.57
12.87
14.04
13.08
13.55
17.78
16.63
11.08
11.2
11.43
10.69
10.51
11.81
12.5
10.75
11.41
11.76
11.33
12.14
11.25
9.61
9.3
12.97
16.41
14.98
17.24
16.44
13.22
14.09
15.7
15.47
11.04
10.23
12.73
13.81
13.89
12.52
11.01
12.98
14.07
11.89
12.49
13.74
12.17
12.93
14.27
12.15
13.64
12.5
9.24
14.27
16.13
12.82
12.31
15.14
15.16
12.96
12.32
10.48
11.61
12.2
13.48
13.98
13.93
14.61
14.27
14.08
15.56
15.26
13.46
16.09
13.27
12.6
15.66
13.97
11.88
12.6
15.18
15.87
15.76
13.93
12.1
12.32
12.61
13.92
15.22
16.71
14.32
10.95
15.71
15.86
13.47
13.97
11.55
10.05
10.17
9.97
13.62
17.43
18.1
17.53
15.71
15.99
13.37
13.69
16.65
17.22
16.3
12.91
14.27
15.66
12.52
11.35
12.24
11.05
13.47
14.38
14.46
16.57
17.31
16.46
15.72
15.58
13.51
14.04
15.66
17.8
16.15
13.01
16.28
16.46
16.58
17.98
15.17
16.21
18.06
14.29
11.36
13.55
13.87
12.75
13.35
14.56
14.44
14.22
15.87
16.67
15.81
13.76
11.92
13.44
14.29
16.94
19.37
16.89
14.68
12.64
14.67
17.03
15.06
14.29
14.53
15.25
14.79
14.23
13.52
11.74
12.15
13.84
16.12
16.86
12.87
13.83
15.66
14.27
13.0
12.39
13.83
14.49
15.98
17.03
13.49
12.68
17.12
14.99
11.47
14.57
17.15
13.91
14.19
15.1
13.12
10.26
11.78
14.23
14.51
14.69
10.23
14.96
15.69
9.79
12.07
12.28
13.8
16.71
15.53
18.14
16.32
13.43
13.36
13.36
16.34
17.4
19.32
19.26
17.86
15.77
16.28
14.79
13.7
17.2
15.48
17.44
19.53
18.74
16.31
15.62
18.89
20.29
18.51
18.16
18.29
15.48
17.54
19.47
16.58
16.77
18.72
15.41
14.57
15.46
14.34
16.05
14.49
13.68
17.08
18.93
19.12
17.49
14.93
14.07
13.19
14.51
16.35
13.92
16.35
18.36
16.13
15.13
14.13
14.69
16.74
19.24
21.07
21.11
20.25
16.61
15.77
17.89
17.88
17.23
14.52
14.5
16.75
19.42
19.92
18.4
20.09
21.83
22.37
19.57
18.32
18.86
15.99
17.58
20.0
17.26
14.49
14.61
18.3
20.03
16.64
13.63
13.47
18.53
19.24
16.06
18.82
18.45
19.29
19.54
19.52
17.11
14.12
16.2
16.45
16.19
13.87
17.22
17.66
14.92
18.54
19.97
17.85
16.76
16.99
14.4
13.91
15.18
16.27
14.68
14.75
17.14
16.93
14.96
16.14
20.96
17.48
14.53
15.38
14.1
16.45
15.31
13.84
17.87
18.56
15.83
15.29
15.03
13.71
13.04
14.73
18.87
19.11
15.68
16.0
18.32
18.65
16.42
14.53
13.37
10.98
11.64
13.65
14.39
14.02
14.16
15.99
16.18
17.28
15.59
13.94
16.29
18.11
17.32
13.2
13.38
14.45
15.2
17.83
17.64
16.63
19.55
19.01
14.21
14.4
13.58
13.68
13.57
16.38
16.5
13.37
19.45
18.77
14.55
14.9
17.06
17.69
14.97
15.6
17.39
14.2
11.62
14.31
15.21
13.73
13.34
13.37
11.72
13.5
19.88
22.11
17.38
15.47
19.51
17.84
14.09
13.42
14.11
13.45
13.66
17.25
16.0
13.04
13.25
13.12
11.71
15.32
16.21
12.06
11.87
15.5
17.16
12.02
11.91
14.65
12.88
12.35
