19.5
17.25
16.83
15.0
10.73
14.89
30.42
40.65
45.71
48.22
45.68
48.79
51.36
50.75
42.12
35.16
39.59
44.41
46.79
43.41
36.91
42.3
40.03
30.33
35.34
34.67
32.79
35.39
34.77
35.96
38.59
40.27
33.47
31.75
43.94
39.95
27.54
26.84
27.09
29.41
27.42
19.82
26.8
28.54
21.64
27.8
26.57
18.28
19.33
26.32
26.1
20.23
17.71
16.93
17.45
16.39
13.59
11.12
12.15
13.76
15.16
16.17
18.13
15.21
9.46
10.97
10.96
8.88
9.7
10.98
10.65
12.38
10.67
7.72
8.23
7.91
7.7
9.78
9.59
10.95
13.22
13.09
11.3
6.07
5.73
8.1
8.92
10.82
9.66
8.89
12.44
12.95
14.09
13.91
13.46
15.89
13.31
12.35
11.29
6.81
7.46
10.38
10.57
10.34
11.16
13.16
10.23
8.83
10.96
11.76
11.06
11.43
11.85
10.92
11.84
10.57
8.1
6.88
10.93
14.36
11.03
13.34
17.94
15.83
13.76
11.48
12.25
11.4
9.73
11.89
13.39
13.09
11.77
12.64
14.66
19.02
19.49
19.58
16.92
14.93
15.98
14.58
16.25
18.08
16.31
14.54
19.75
22.98
20.08
15.33
13.93
15.3
20.78
19.68
15.03
18.38
19.71
17.59
15.96
18.2
16.3
14.98
19.38
17.74
19.7
19.06
17.75
21.91
17.86
17.2
18.25
15.21
14.1
16.54
18.23
15.26
16.43
19.64
17.62
18.76
19.76
15.94
16.08
18.72
18.37
16.85
17.32
21.52
21.97
19.44
19.11
19.81
18.73
18.95
19.4
16.63
14.29
17.88
19.75
17.18
16.71
15.79
17.81
17.71
17.53
19.1
17.74
20.74
23.17
20.59
21.14
18.83
22.55
24.22
20.14
17.14
12.48
12.94
12.78
11.78
10.73
13.0
16.03
14.65
14.85
16.71
13.92
11.82
14.01
12.05
10.43
11.0
11.57
12.11
11.93
12.91
11.36
9.99
14.05
13.62
12.29
15.04
20.15
16.68
11.62
13.7
12.17
13.14
14.0
11.64
10.65
15.44
16.92
13.85
12.19
12.2
10.74
9.47
10.88
12.08
11.36
11.2
15.45
12.69
8.02
10.7
15.75
21.1
18.3
14.52
13.69
12.35
13.17
11.76
11.79
12.94
15.28
15.75
15.31
15.29
11.06
12.05
13.66
13.38
13.35
9.31
10.27
13.24
14.88
16.7
13.96
10.01
9.66
11.33
11.36
12.53
15.65
13.36
13.25
14.59
16.09
20.33
18.03
13.9
12.61
13.33
14.43
16.25
17.22
17.22
13.25
11.57
14.23
15.87
15.71
18.18
18.26
19.74
21.75
20.22
16.66
14.63
20.8
17.79
14.94
15.96
13.46
13.81
14.26
13.32
15.33
17.29
17.73
20.52
19.52
16.57
18.11
20.72
19.95
17.04
17.16
18.32
20.01
18.76
16.14
16.33
18.66
17.76
15.75
17.87
16.97
20.29
18.53
14.72
19.22
19.91
15.89
15.66
20.77
21.76
19.64
20.54
21.27
20.21
20.41
18.84
16.05
15.12
16.38
17.57
18.48
15.86
14.69
17.72
16.92
15.23
15.98
17.6
16.08
19.91
20.88
16.58
20.79
18.75
15.02
17.62
17.97
20.13
22.11
18.23
15.09
13.32
15.57
19.17
17.06
18.0
17.26
15.36
18.32
19.3
18.53
17.85
18.79
17.23
14.59
16.34
15.83
14.2
17.3
17.84
16.95
17.67
16.63
16.97
16.46
20.98
21.39
17.82
21.16
22.03
20.97
18.4
14.5
14.87
16.28
16.57
18.87
21.36
21.6
19.81
17.61
16.61
16.87
18.69
16.15
14.38
17.04
21.68
19.77
18.2
18.69
14.58
16.16
20.36
16.18
11.03
13.56
14.42
16.95
17.14
11.72
12.93
17.42
17.76
16.41
14.67
18.06
23.46
16.93
10.58
15.12
16.88
15.63
18.63
22.34
18.82
15.54
16.5
13.89
12.15
15.98
15.92
14.16
17.72
20.81
17.85
17.07
16.91
15.53
14.31
15.72
16.18
14.63
13.89
13.32
15.15
14.46
15.39
19.88
18.78
14.95
12.65
12.02
13.83
13.91
14.3
15.3
18.22
16.41
13.65
15.83
16.88
15.45
13.55
17.52
15.34
14.11
17.68
16.86
16.45
15.88
16.07
15.67
14.1
13.3
13.19
12.13
17.01
15.23
11.62
13.11
12.74
14.63
14.67
13.95
14.95
15.37
16.14
15.67
15.37
17.73
16.97
13.82
14.51
18.12
15.15
12.23
15.38
12.97
13.12
13.93
12.52
15.27
15.86
14.81
14.15
16.19
17.31
13.39
10.63
12.19
13.41
14.95
13.97
10.65
13.52
13.53
12.1
13.44
13.79
15.93
15.53
14.44
13.05
12.89
14.1
14.34
15.76
15.7
12.91
11.11
10.35
10.3
13.16
18.59
18.11
12.08
10.13
11.29
11.35
10.11
10.05
12.17
12.13
13.59
13.92
12.32
14.49
13.74
11.22
12.01
14.2
15.04
16.6
15.15
10.81
12.43
12.66
11.35
13.32
