-2.690757165582718
-1.9774037909254305
-1.0283006707997944
-0.4182934693918986
0.224689844187447
0.7926667046905252
1.1415444218605768
1.2543523523079048
1.6739528061918545
2.3548490632326544
3.1593918279726267
3.780156671403153
3.918854051021544
4.085617575315228
4.281747184925274
4.540988022541643
5.387421555546832
6.251074124710297
6.6129984501956764
6.919058494178067
7.903918126202879
8.648040601803482
9.022657460982275
9.137336174969292
9.109524084465503
9.809439525779736
10.76873859490406
11.458246708402465
11.121806126696884
11.280444310133928
12.028749843649198
12.104513489934442
11.756520298059806
11.897415568493695
11.906841602894428
11.847111035753151
12.2850853508508
12.64331324564646
12.646295532998536
12.608298260804045
12.934841018425882
13.21301749156725
12.94863111941992
13.116357140628214
13.763084012007718
14.01192763396083
14.431755253599484
14.408694451795562
14.018993183878974
13.890489107799858
13.5191074684258
13.308724908329088
13.536614232747896
13.588390100801332
13.421032546941284
13.124608809991884
12.878687310678153
13.021142115113465
13.749937280636534
13.74322581522509
13.79237291422947
14.301642712052868
14.218573918209268
13.410888241482684
13.12548294830174
13.361269539663803
13.12953907395791
12.692847660402004
12.397027532519498
13.27194053372697
14.16536723061613
14.20398769718726
14.512215896863385
14.91550289015475
14.692462384429916
14.809610917566726
15.384473128962442
14.817010711915666
14.331676621942384
14.686896234622283
14.837306830380644
15.091916189874748
14.87967828567264
14.771038526243938
14.969927118222335
14.883349555050415
14.24976061831985
13.687786457292518
14.14798322373714
14.895976041386868
15.06031337346118
14.942056066799736
15.321700730133909
15.115669259033876
14.903971728493437
15.313880028643393
15.45156552801648
15.099133184257733
14.662432112716818
14.524485881741784
15.050398052331303
15.24805491996762
14.413156318632057
14.436899291385776
14.47897389840087
14.65256977785902
15.445684367869516
15.36127260292004
14.711008368568963
15.042054120069404
15.069706764587533
14.951551635330832
15.582319454886957
15.67470692306173
15.412448324364645
15.47298714787508
15.64644799396796
15.57636570119032
15.077745453259292
14.315848221480262
14.763742240491654
15.47919762919981
15.742814978245953
15.14130491329042
14.779279757573583
15.098642923373598
14.984432544778151
15.130128791270163
15.155931918581386
14.783377608074202
15.078104829049504
15.742223047062478
15.825474658948975
15.64627950113882
15.375089094247022
15.06782441580462
15.180019987568704
15.291369207745444
15.19793295209125
14.851239198094229
14.87039129074684
15.328199852317082
15.319736015560782
14.88928831471052
14.58851175422248
14.777528885065497
14.3953468417335
14.70691354102251
15.078202925063668
14.706160898189069
14.952892555269766
14.62317793675655
14.791386612605317
15.462969983423566
15.223226235798572
15.203823832545757
15.64630955947328
16.04981332104126
15.580009354682623
15.293446021963677
15.492855546932775
15.348511806937909
15.526485419035616
15.532043440896269
15.437982729822302
14.907961117870922
14.788121388418364
14.707304113907146
14.714848476515307
15.643555622186708
15.38471630312532
15.0048318330575
15.321736912710534
15.05262835869931
14.70021580766322
14.972116763084305
15.303579744013597
15.094249613249184
15.191665229612786
15.482369653483715
15.841146945203866
15.815218987195529
14.922298225729332
14.85446558319144
14.849557596700096
14.833770834997503
15.700639635530706
15.5689710367256
15.255180257022335
15.511676662919603
15.565801688639304
15.548982321288127
15.57452532040806
15.61872071732001
15.46167809139016
15.422298376015158
15.601618088830962
15.596262168390792
15.92694017244328
16.44484146959276
16.21956183880451
15.800429226820178
15.54186173351315
15.370878341506582
14.76792231708407
14.262925247713492
14.12367430664592
14.644126245970028
14.368517470682066
14.786780612927236
15.071513498048889
14.336775868698728
14.286757915896343
14.036122873686256
14.703007343679475
15.139074268406654
15.600650140789776
15.91589453098299
15.556874240156551
15.791829773857962
16.68180347464195
16.2036654655029
15.843806771814675
16.480162814654168
15.687321280663218
15.361786091581562
15.423579777051144
15.417983808995636
15.47896220095018
15.23153814275505
16.05492884666669
16.73801733301658
16.314142635453422
15.904210460431552
16.200968421939734
16.81501738713609
17.217795027253302
16.63286521624821
15.952436311190349
15.831324669337867
15.793424757763958
16.242880132180876
16.24102387174518
15.71653023212716
15.323946102543257
15.625001726720887
16.42465946127611
16.066768995710206
15.996083953267542
16.309279770484007
15.629323153267478
15.392113781024657
15.796776474525243
15.85617029321504
15.39000613270941
15.18836446477476
14.653754820710322
14.356800582197105
14.733288540203011
14.689153528613268
14.404797093786412
15.098286717822916
15.683509302011862
14.159108198205573
13.996671464818633
14.80031049554445
14.80038502959968
15.790417206555889
16.51222723128606
16.220938239087896
16.20150633126759
16.247804087943948
16.62249583754384
16.774024905517376
15.984020338474163
15.820057067991163
16.60262563664025
16.854805695388805
16.447327835541437
16.73001215965089
16.934927218102224
17.416044929369082
18.12972051566002
18.056329530364582
18.176150885962528
18.09858726394042
17.729928371966977
18.106494706840717
18.340772567325352
17.755384234619957
17.375069260983125
17.654800978898866
17.87518054711961
17.695675388355284
17.915604506782532
17.9951993969951
17.99389961499348
18.31729511428777
17.72846238743114
17.814313469749937
18.447720639206363
17.451358150658542
16.46362240112628
17.435979568834615
17.834502070665504
17.667932954015072
17.527043964814354
17.275582914716104
17.66291567864859
17.585056688743457
17.678140521505846
17.740103608078915
17.780410617730446
17.948173925200212
17.98704300866493
17.87979566701707
17.90196235835051
18.23970795997518
17.964445468208893
18.07521174583953
18.76074133723643
18.423273471036044
17.43843538916634
17.783295153018294
18.209773237188777
17.459541423976855
17.41647976583425
17.70686651126156
17.751136524182833
18.205307257234583
18.339533580944558
18.08111047955042
17.814011756196262
17.491621240714355
17.47590238776112
18.19716668181156
18.150363276204704
18.04382835153357
17.613623231034094
16.97485580982641
16.80514573731485
16.89856967661237
17.598726349480007
17.509813530931055
17.937800938849637
18.417569388731096
18.26760644154124
18.56709174460579
18.463032870934555
18.084542785230635
17.63171272299914
17.723221684053286
17.99808784243389
17.649035641224877
17.488731251932062
17.616377273642886
18.05389106499695
17.405972476145234
16.88355038775256
17.256920427337228
16.69473139454708
16.406607649947258
16.614930305787784
17.378075169316524
17.57566163659492
16.84266344395855
17.302325359594928
17.095289948511642
16.67527116670489
16.801781521146577
16.633661327619127
17.063776128021793
16.61986458414843
16.349885454153892
17.3924576582277
18.215874715342565
18.496461913513706
18.22940158842624
17.70272897720609
18.393738589322083
18.74617678547737
18.217497650171328
18.213430631621563
18.210734531879485
18.71945304513469
19.070603640949763
18.856293989245707
18.757500378503792
19.127125796224774
19.297884398262184
19.23344575600049
18.607967441560607
18.68127967423391
19.177146065846333
18.74295628412832
18.98979926018352
19.007144007963813
18.96662445032724
18.88305258983907
18.9496092059196
19.45979814063155
19.49880022776692
19.75172674286083
19.78884169397759
19.59981899325824
19.1397016278316
18.808993877605552
18.839839081247657
19.019180931451285
19.21775311267745
19.7024859648273
20.10732743461709
19.72611323653264
19.65123069054399
19.51220063061776
19.206474095313983
19.44373568096028
19.57493708886821
19.48306745675714
19.4625076996338
19.276867071498284
19.36115807957172
19.477063467201614
18.982003544368705
18.856849988400768
18.63098000875344
18.704822382028876
19.281073206355995
19.00408339550361
19.01731033620923
19.47453391778715
19.91112320035524
20.040870116160608
19.687202497274843
19.56608251635716
19.48393028677175
19.15887289234267
19.262221385865057
19.217210038976063
18.92367604794854
19.576066577425603
19.764599460824567
19.84154979103941
20.14312781573513
19.75520353792976
19.75327624257949
20.13987213198565
20.12956755389353
20.23594808712833
20.078873213536543
19.47222938394137
19.44724245313957
19.672953077549163
19.939907517590413
20.20231047080164
20.15263079516892
19.984428228410437
19.984407171030146
20.061339394071958
19.80977979953012
19.903931171449912
20.696847391714783
20.81864011050176
20.5292509430621
20.193140749603373
19.97259310890965
20.15832044857193
20.327982238534947
20.71524361182531
20.791718483477084
20.50562829308356
19.996667371530705
19.92758975941842
20.04272402800885
20.35471400118744
20.31020270177759
20.08168960338413
19.80088813761472
20.046834106911277
20.41709496802608
20.12723784802156
19.937112844397078
19.80930702059421
20.33338172834681
20.24985160041339
19.646340306956848
19.809362423904545
20.20487093671451
20.24383814883629
20.06374614308462
20.799975521244743
20.783243562536214
19.80169027623947
19.717236203818096
19.993002464637613
20.16542331316037
20.35789755414668
20.490461053733583
20.12730397489324
19.970096158659448
20.11344729447357
20.317911163910274
20.513808748937397
19.73587887092064
19.250829031012096
19.982811765706384
20.063202311602478
19.805496714730264
19.92500797701108
19.758282651467795
19.626770052998367
19.994938573404387
20.69300755400529
20.948448608685897
20.883781362925767
20.72443309505578
20.531183169153834
20.111101362078397
19.706187142041045
20.17559855152261
20.57955040107096
20.39126984418736
20.187347051833555
20.08999889278361
20.309110329607037
20.64601380898393
20.580065605134862
20.125559723768667
19.882312131142356
20.57883400973448
21.15246787263059
20.660375683214696
20.06706529766474
20.601044080136607
20.72008863311753
20.358247410598626
20.31624310217428
20.7040465933829
20.846896182183517
20.240428120987566
20.047920320855297
20.17451120682158
20.442632585816384
20.279761903041305
19.690207641692837
19.563164793721604
20.087682480518144
20.35114518552696
20.12156080277617
19.923523448604016
19.48342702340263
19.76334904399305
20.23773478159565
20.40314180450588
20.333240454035103
20.473925094852785
20.472358875961174
20.60828169224897
20.758395961562123
21.00800586456131
21.068121310388214
20.697232466548776
20.80795043362292
20.942485459909665
20.67558098135936
20.16336170915387
20.233501478058027
20.74539009282469
21.4949536733576
21.22573321352274
20.741390912976552
21.01932032982989
20.404880466598613
19.607354979017597
19.9462738654951
21.0948503450747
20.888211741035537
20.66185471162476
20.79357631957886
20.311415257784898
20.57326276851504
20.59433765254036
20.74421870265461
20.852291912390584
20.608231478436945
20.68815183579969
20.44415810244624
19.49950816057959
19.859159190326853
19.69642673492023
19.06287486904195
19.50879565875077
19.406524152675303
18.606035820104484
18.326970908024933
19.306757417084363
19.786973617687583
19.75661713591431
19.28451988479682
18.905705485030666
