-2.4589409629268952
-2.0926311827061777
-1.551247208873346
-1.0085735869764243
-0.2959779842621291
0.1478298730471234
0.6328774587058998
0.9255092020263492
1.4726646381841308
1.9740796259103064
1.9139151485537844
2.566754652922219
3.156035586101906
3.13972162679386
3.4754017062086398
4.2272658324434
4.56874653674463
4.446943972138715
4.820301819151114
5.754822152784853
6.115745870973992
6.376026743999286
6.982593023643351
7.807520774415825
7.944600072681736
7.828812819355214
8.125941262876653
8.379756004637542
8.639316498120417
9.00214838846832
8.868124260103265
8.675020649194828
8.963773641578934
8.74216104933664
8.74700024838727
8.960782909748408
9.66098734558771
9.482678885262631
9.565554101771983
10.193445808283215
10.002996298838276
8.737073631837983
7.686150181584493
8.235313004713152
9.713642908094062
10.690598934014208
10.175364970075297
9.916646951965188
9.803089540768706
9.742110120584451
10.212366448695802
10.405482517838172
10.018893999795203
10.640109465660716
10.999370576062924
10.460143697221548
10.159403002872205
10.525466604821007
11.5366646117338
11.378995273471014
10.925557634459553
10.56817507669876
10.144762694683092
10.816929830703424
11.398315033275766
11.019832254719477
10.628014388183912
10.822515549053133
10.57075694879212
9.94922392035748
10.157478413725483
10.540596572071456
11.247143907984547
11.613373480797517
11.416540303978053
10.711300980235192
11.131309017205089
11.33991769970225
10.699258023021027
11.269550101384596
11.551720249549216
11.207252645461407
10.124292243407549
9.93938588526613
10.65120041014132
10.304043974919342
9.792042113804792
10.161835550209558
10.839993040818872
10.513160457261254
10.156849149845328
9.57054013697088
9.579024894133992
11.144175502497085
11.248449488667896
10.260249767632356
9.498649103791935
9.867450150427292
9.421715903325818
9.803081539663912
10.54700330303
10.122915116552802
10.43383208945804
10.65168756805257
10.251459743086723
9.871884723168456
10.421374613976502
11.932238859382744
11.019845285551758
9.900112666231768
12.10230839445849
13.310062939268494
12.605014585862705
11.77789602945382
12.207382508114808
13.07869774362957
13.099475269098145
12.744357279977097
12.35438933692138
12.547609817102956
12.813537370797176
13.079586755640143
13.486201259235845
12.624822584647884
11.7657057108085
11.712933318043431
11.566306656057554
10.571607036865949
9.847483727276996
11.06820355431502
11.509537200976434
11.479187445903465
12.290286364937884
12.637241089991193
12.598798386592106
11.96703710319221
11.44393043081493
12.17144437226716
11.901221215113056
11.463382939296723
11.3309496094744
11.851294275099905
12.292238855412078
11.68955481689593
12.93364219512041
13.601661678080085
13.281870910341958
12.274203839185862
12.19687675804621
13.19747225780665
12.074430358050108
11.815287551239573
12.129272732971858
11.663592339611192
11.925230770154108
11.930478542360268
12.554517127091346
13.337763308671825
12.839026222082982
11.985417403754836
11.43255020246838
12.245192836064737
14.053296578672654
13.483672930263156
11.86455968449058
11.840380785740468
12.12612193745192
13.50910845878041
13.859145082267863
12.19002814858816
12.833768649777248
13.992905110245802
13.468710317998353
12.859670621589814
13.36397624491295
12.911303294214576
12.555718796171735
13.685416950699894
14.308740740182438
13.155173383739422
11.247936122500512
11.574064161582042
12.701357941623996
12.624792500675834
11.915043529651566
11.923586085145905
11.965419370088243
12.30364076644018
13.153608762861849
12.946984120684649
12.236841300693602
12.977671943416274
13.037165751916303
12.430281422840348
12.45571869115778
12.03061076268777
12.697144855532
13.312319243028332
12.669325668255386
13.160416481355504
13.27708866328177
11.880655498363708
12.28091691325234
14.220977936581477
13.66212490050249
13.303985300943925
13.16557171617634
13.145907265324718
13.7669985718918
13.5275013769567
12.917418615093291
12.86773760959158
13.06888405112123
12.897854710225548
11.652817446278348
10.470984625546238
11.665167279398148
11.74132073169213
12.618173197368469
12.454214873200304
11.154283183090923
10.427271573061782
10.988355022882272
12.646033988401165
11.732340736413423
11.28890143060894
12.056685600094402
12.248425512988522
12.933076158392003
13.805950143485804
14.234981581247204
13.57573600811951
12.821895310182926
13.75395382436368
14.440616360615966
14.367189801188974
13.588187152215507
13.688292033769637
14.387386177354394
15.310592950587427
15.333457998913682
14.506466441385715
15.043304609031974
14.850113924364637
15.118262623567334
16.1395799441042
16.371831053128233
16.339477414182618
16.81842304491728
17.30321575570554
16.547527698753523
15.55563891092164
15.848197522605265
16.2815036690763
16.191870015444305
16.717611791435203
17.52299930201194
17.56223292132898
16.0146169633985
15.142800145478764
16.83345556168816
17.310621999055833
16.751218732069486
16.257673954245334
16.51107619941796
17.43276911207947
17.670259271297013
16.742212331793784
15.933148462315383
16.52338051368655
16.861617207215314
17.600013518199436
17.170022998862144
15.028911446494783
15.044950313463742
16.608737194984165
17.03104858908232
15.284492560033009
15.750875930121454
17.98185387656055
16.63206164629014
15.919568110210264
16.272693297241027
16.552564827757934
16.939576715831425
16.09954342326272
16.60178126482847
17.619484822886335
18.87110697021
18.214770137749827
17.322673768199213
18.405888590459053
17.811981689965542
17.013072436245924
16.314999436944028
16.541030748979104
17.57187338316026
18.387520271737845
18.380923391518436
17.940751062766278
18.198797423464843
18.26940836562956
18.506018026823163
17.8672895618313
17.748282377089144
18.1081259596921
16.95478047153375
16.862511654950335
18.28275360137013
17.71484571150812
17.622365974885422
18.255337887846625
17.604045070609537
17.13954850594409
17.8533667371406
19.391562455725428
18.948820578221103
18.021032359619703
18.823007711283825
18.996806543440677
17.48693799240966
16.490737888108846
17.084697031920747
18.12925763774072
17.687071049666894
16.502086846285884
17.031885618475894
18.00770341909513
17.366965645894297
17.107598618631453
17.589711415676742
19.219466957271447
19.664775920377338
18.660279051540503
18.2505248002592
17.68819977024843
18.856056981494756
18.15259581168756
17.15398322493545
17.801939922883655
18.45131830397629
19.522661042635036
19.394163799499893
18.74456866213041
19.321514521311816
19.074334843476308
18.790037585652023
19.78052050734448
18.699187993143703
17.854189520827013
17.802517039966464
18.20438454261963
18.315450078933782
18.327395858606025
17.280191498396533
16.13232893196322
16.923351170516057
16.60800614163092
15.258694306653688
17.321922009591734
18.82585858464944
18.1433879621326
17.993773615569072
17.691528404134747
17.496544250106325
15.986785665422302
17.176503390338492
18.343344046235785
17.80904527205271
18.07754160283325
18.22810040625183
18.08955647837795
17.716670110348133
17.94432404876996
18.10544962299617
18.929607207067694
18.34893600891574
17.67777016078021
17.070596302620576
15.74391128922656
15.99431091955762
18.378281567676645
17.992427436154347
17.278794446445257
17.043971471501116
16.530955723541922
17.6037178267609
16.365010836127198
16.709279326677592
17.508040273964742
18.08988844962169
19.37698922027656
18.059858534836835
17.39187684809156
18.54314144533636
18.58213985895621
20.307828669154663
20.141322610457383
18.116312899445475
17.44048475268542
16.264950887688705
14.866129424029268
14.937946718289687
15.807615701627414
14.974419843446276
14.424302031788995
16.07014234073088
17.643614974456483
16.802484491037728
16.337641712750493
16.940367789181465
17.744462252114694
18.13923550231149
17.782399520384917
18.0333071540625
18.414669508093525
19.051810943282263
18.468313830072717
18.11491008377349
19.506349088177817
19.95643440340711
18.93138545959348
17.804075075144848
18.455344310444808
19.22196656160792
19.56290808424348
20.28631805293551
18.591475244670026
17.35802280541755
18.78806117740053
19.27743132092173
18.672556423924327
18.92460632244424
19.71076358922452
19.534995799742948
17.974217103648378
17.504502848442034
17.282288177007235
17.066976256154756
17.614183974249322
17.196412045708655
16.485572788498313
17.40521152041579
20.03528705155703
19.8858598743955
18.744134164541627
19.28738929113512
19.19737838517408
19.86277834378709
21.0447576778052
21.3201207192482
20.346944856052986
19.82636787059782
20.406393923406213
20.839928454855336
20.77313159057057
20.12553187146319
20.80051455519665
21.29494328294213
19.272587964951573
18.83010251807316
20.02441128093662
21.10730559459401
20.991722747543907
19.85767635307065
20.763839486976803
21.517513142505447
20.04154911231413
19.54151428720439
19.992564202772336
19.862576042737324
20.250955189268364
20.93219277198175
20.998211114252484
19.6094014107576
20.166980075703705
21.512592018023973
21.151067652614717
20.755929746812942
20.04064088283569
19.85556938823724
20.25110754193546
20.116371589419916
21.04476272938718
20.989745882022543
20.247127209634662
20.708894309846155
20.46086594502839
20.457074261330213
20.76894698127724
21.37257047435844
21.422570257731486
21.877492345715957
21.3717546182933
19.17465030098617
18.566134770150995
19.89207433940488
21.01849960359332
20.622197714220366
19.5192594838427
19.018698896893728
19.69587036572264
19.958628209899665
19.795417960954858
20.343031915093658
22.06026815098187
20.88512125524901
18.33395983707909
20.23928655391208
22.1424211266536
21.240392397257786
20.589370855726685
20.60365238473268
20.379304447848725
19.39760869370489
18.79443004695328
18.24657346221775
18.618795505456568
20.48434749432777
21.003212158005653
20.07357393066803
18.71939170334336
19.35726820352968
19.86392947659398
18.66242883148276
18.257473565711194
18.5153623972588
19.40677078924766
19.58022955676873
18.71160667541262
20.07615417895056
20.07826543385645
19.05833466991564
21.534344681544635
21.734021379740145
20.511007631034182
20.812130601122973
20.88472632332931
20.938763107549278
20.518686808566923
19.67200493814777
19.432781582018563
19.21425488940361
19.35480086504141
19.58619937677466
19.9628343417346
20.512365287833337
19.733176527297108
18.543827466263668
18.693430221688114
18.767232016316623
19.576071644950293
20.75420194909709
19.376285129852157
19.121990744080698
19.73177344803761
19.28020548680235
18.766553169366503
19.06261416396847
19.708165941683514
19.24723958407037
18.70660140034594
18.361449806953
17.649495914043733
17.573774886780726
18.34391609038604
19.750616163015994
20.43080081948173
19.606090595846
19.218735892487324
19.13333046245809
19.73756181421264
19.62090465371819
17.95943051647281
19.328548372745708
20.67071575491086
20.340417166329463
20.84743910589376
21.04216501820873
21.190950059365505
20.87473447497937
20.70752362941279
22.105044633291904
22.384140725317383
21.21136265092805
21.656310657674904
21.836351081379316
21.38602882523743
22.232455600385443
22.657097808737884
21.38781204473958
20.65000042359941
20.504982609002703
21.540205355978934
22.69296494031991
22.893129262525864
22.240784235288206
21.84316081123457
22.044659697461693
21.934135146945195
