-3.5056000000000007
-3.3468000000000004
-2.4306
-0.7130999999999998
0.4221999999999999
0.865
1.5993000000000002
2.6110999999999995
3.2595999999999994
3.3214
3.5571
4.179799999999999
4.5261000000000005
4.5946
5.058
5.0604
5.0439
5.489300000000001
5.340700000000001
5.822
6.846699999999999
6.8892
6.652599999999999
6.8812
6.824699999999999
6.3062000000000005
5.4577
5.5766
6.323800000000001
5.8627
5.810599999999999
5.9074
5.6372
5.909299999999999
5.740400000000001
5.6638
5.7145
5.7814
5.6728000000000005
6.157600000000001
6.662700000000001
6.7721
5.880799999999999
4.7278
4.6393
4.614000000000001
5.1354
5.386900000000001
5.4762
4.9415
4.1117
4.613200000000001
5.311800000000001
4.913399999999999
4.476399999999999
4.0493
4.380199999999999
4.9829
5.1215
5.109500000000001
4.8418
4.7992
4.5965
4.2691
4.5707
4.9644
4.7224
4.181900000000001
3.967199999999999
4.816300000000001
4.737699999999999
3.7541
4.0065
4.235
4.214600000000001
4.6763
5.3962
5.311599999999999
4.4573
5.062099999999999
5.975600000000001
6.152400000000001
6.4072000000000005
6.265899999999999
6.297999999999999
6.5191
6.763599999999999
6.070299999999999
5.103599999999999
5.6715
5.889900000000001
6.4808
7.486400000000002
6.749199999999999
5.877100000000001
5.940799999999999
6.0162
6.478199999999999
7.1514
7.3908
7.495599999999999
8.1575
7.7144
6.3405
6.158
6.930699999999999
7.289099999999999
7.2736
7.6672
7.5076
8.4656
8.112900000000002
6.7584
7.6168
8.350100000000001
8.2537
7.424599999999998
7.8975
8.3311
7.874499999999999
8.563
8.7118
8.731
9.4522
9.7469
8.8509
8.589000000000002
9.6184
10.147500000000004
10.1076
9.4653
9.552500000000002
9.1107
9.4851
9.9288
8.400500000000001
9.2567
10.817800000000002
11.316300000000002
11.302700000000002
11.406199999999997
10.8382
10.1583
10.9554
11.5294
11.7616
11.2171
9.651
10.023
11.578399999999998
11.7582
11.6635
11.8037
11.1133
11.245000000000005
11.9618
12.2041
12.339
12.8476
13.180399999999995
13.029199999999998
13.413299999999998
12.510599999999997
12.8305
13.5188
12.437800000000005
12.349700000000002
12.5344
12.541100000000002
12.8656
13.281100000000002
13.435099999999998
12.8639
12.5765
12.8796
12.2749
11.4685
12.305400000000002
13.321799999999998
12.9058
13.002900000000002
13.261399999999998
12.4469
12.463299999999998
13.0668
13.844899999999996
12.8428
11.426800000000004
12.0865
12.0909
11.602200000000003
12.856700000000004
13.4682
12.651599999999998
12.4155
11.7654
11.453
10.3997
10.8233
11.8298
11.2182
11.186899999999998
11.4148
10.9782
9.7994
9.7482
9.7489
9.9943
10.2564
10.574799999999998
10.7969
9.6535
8.847299999999999
8.6111
9.8084
9.7382
9.300400000000002
11.1711
11.3341
10.1232
10.3288
10.975099999999998
11.0022
10.8968
12.4888
12.553099999999995
10.5425
11.1242
11.0089
10.934199999999995
11.149
10.7508
11.4759
12.0766
12.4384
12.0216
10.7627
10.474300000000005
10.9635
11.7757
12.0562
12.8145
13.0968
12.3169
12.544299999999998
11.867700000000005
12.0912
13.7548
13.208700000000004
12.7148
12.8113
12.815099999999996
13.2219
14.1512
15.093700000000004
15.2852
16.058
15.4148
14.003999999999998
13.798700000000002
14.378800000000002
14.0534
14.6994
15.9357
15.35
13.829800000000002
13.2335
13.4258
14.572599999999998
15.9749
15.9241
16.1927
16.021
15.544000000000004
14.3575
14.170199999999998
16.1438
16.3112
15.473999999999997
16.4034
16.1806
15.2959
15.8018
15.4728
14.897
15.6831
15.2222
13.9374
14.4911
14.825300000000002
12.803
12.2796
13.9971
14.2451
13.2858
13.145599999999996
13.471399999999996
14.4582
14.8441
14.407499999999995
14.847199999999996
15.8714
16.2559
15.137199999999998
15.629900000000005
14.9345
13.9449
13.6363
13.195800000000002
13.7522
12.8034
11.6842
12.2855
13.2838
13.3359
12.5584
12.2768
12.9243
12.7102
12.1973
12.613599999999998
12.6472
11.477099999999998
11.524
12.5845
12.7802
12.7909
12.0217
12.1767
13.2399
13.8774
14.185899999999998
13.688
13.9108
13.149399999999998
12.4768
13.993900000000002
15.604500000000003
16.124699999999997
15.441300000000002
15.3904
14.6561
13.8076
14.4705
13.512300000000003
13.11
14.232
14.3233
13.9256
15.0677
15.0134
13.823499999999996
14.893300000000002
15.265100000000002
15.417100000000003
14.935100000000002
13.808600000000002
14.1607
14.0503
13.617399999999998
13.3051
12.9652
13.1735
13.742900000000002
14.774699999999998
15.2328
15.2195
15.4379
15.8236
14.343299999999996
12.172399999999998
13.018100000000004
15.354
15.420000000000002
14.810000000000004
13.8535
11.7465
12.2198
13.911900000000005
13.8546
13.102800000000002
12.254900000000005
12.269899999999998
12.4422
12.5471
12.1008
11.999399999999998
13.5491
14.2331
13.2975
12.9299
13.421100000000004
13.642
13.887999999999998
13.247799999999998
13.422100000000002
14.6503
14.6193
13.1362
13.2143
14.6615
15.314199999999998
15.246500000000005
15.276599999999998
15.774500000000003
15.8439
15.2843
14.7777
14.987600000000002
14.542099999999998
13.965500000000002
14.9716
15.992599999999998
15.714900000000002
14.94
14.6751
15.485399999999997
17.119799999999998
16.6169
16.3526
16.4701
16.5595
16.8572
15.8846
15.924
16.0071
16.424
16.8975
17.3155
18.0148
17.0572
16.6528
16.4695
16.6202
17.5214
16.6037
17.044
17.984900000000003
18.0169
17.5075
16.963800000000003
17.374699999999997
17.8275
17.679
17.199400000000004
16.6356
16.5569
16.1536
16.666100000000004
17.059800000000003
16.6311
17.1803
17.25
16.9143
16.0701
16.0151
16.174500000000002
14.884
14.7119
15.9993
15.575200000000002
15.9948
17.0887
16.4665
16.4789
16.154600000000002
15.2589
15.614999999999998
15.1781
15.2146
15.1566
14.7571
14.9069
14.969199999999995
15.556600000000005
15.4789
15.2267
15.5847
16.2601
15.908600000000002
15.5002
14.996200000000004
14.3139
14.518099999999995
14.4973
13.886499999999998
13.5395
12.810700000000002
13.5325
13.7405
14.0428
15.9648
14.9903
14.333800000000002
14.251600000000002
13.117799999999995
14.031399999999998
15.5263
15.6938
14.872899999999994
14.752700000000004
14.6877
14.794900000000002
14.647400000000005
15.182900000000002
16.6565
15.532499999999995
14.6736
15.1127
15.334800000000005
15.594699999999998
15.008100000000002
14.8823
15.0356
15.458999999999998
15.945
16.5063
16.821399999999997
14.860499999999996
14.7268
15.710900000000002
14.9433
14.410900000000002
14.7122
13.9903
14.3371
15.0617
14.2895
15.011400000000002
15.613599999999998
14.9187
14.8413
14.669199999999998
14.531199999999997
14.578300000000002
14.6688
14.763700000000002
14.632899999999998
14.5688
14.875799999999996
15.329099999999997
16.3206
16.703700000000005
14.2929
14.583299999999998
16.3833
16.7499
17.197499999999998
17.2755
17.7085
16.8855
15.6188
15.546599999999998
15.7336
17.046000000000003
17.5692
17.4213
17.5921
17.363699999999998
17.044799999999995
16.2913
16.148899999999998
15.9603
16.258799999999997
17.317700000000002
16.7573
15.9452
16.426199999999998
16.7087
15.9619
14.8499
14.9609
15.510099999999998
16.4127
17.0002
16.100500000000004
15.620500000000002
15.9965
16.0779
16.1353
16.6062
16.593400000000003
15.6284
15.838400000000002
17.297099999999997
17.5247
16.5903
16.7763
16.935600000000004
17.3066
17.2536
16.524099999999997
15.7599
14.5112
15.0721
15.4828
15.146400000000003
15.4658
16.2649
16.6079
