12.98
16.87
31.48
54.68
47.62
36.16
39.92
31.82
26.6
27.71
24.88
20.28
20.22
15.45
10.06
15.56
33.29
44.71
32.59
22.64
21.54
11.97
7.79
16.01
13.14
3.69
3.18
2.52
3.0
2.22
5.02
9.54
10.96
12.66
11.74
9.91
13.55
15.69
10.8
19.37
16.66
6.55
9.16
14.42
12.23
3.02
4.59
4.06
8.36
13.45
10.45
8.92
9.36
10.25
14.08
9.48
5.23
11.44
9.53
9.08
12.38
11.62
15.63
15.62
9.97
14.6
15.08
10.99
10.15
11.16
14.81
14.14
10.28
6.99
6.78
10.67
13.73
20.27
16.98
10.42
15.6
13.48
17.31
14.9
10.88
15.97
9.09
9.35
10.88
11.66
16.8
17.99
22.15
16.72
8.15
10.48
18.55
21.07
16.67
14.81
14.38
11.11
12.11
24.18
24.01
21.68
25.52
33.59
32.52
17.59
36.12
40.83
24.47
18.33
15.67
15.67
13.05
10.72
11.5
23.56
27.44
18.36
15.29
12.77
9.77
12.59
12.84
18.93
22.75
30.93
28.23
22.06
32.06
26.24
18.93
35.73
42.27
26.69
13.91
18.18
34.77
35.1
22.25
38.66
37.78
11.34
18.19
18.03
14.77
22.43
25.43
24.04
19.83
21.56
14.03
14.85
21.39
11.13
6.76
9.61
14.1
13.68
8.58
6.43
8.31
16.68
18.66
16.01
13.74
8.46
4.83
14.15
18.27
7.57
4.64
8.55
7.35
6.32
7.59
5.98
8.15
5.84
9.46
9.91
7.99
6.66
6.27
14.97
10.61
8.25
12.74
14.82
11.47
5.63
10.32
17.16
10.57
3.32
4.25
3.66
3.75
1.73
3.05
9.62
7.27
2.68
9.05
8.38
2.41
1.26
0.69
0.64
3.16
4.16
9.1
12.73
11.28
11.56
6.31
2.34
9.1
11.33
6.32
5.64
9.25
12.61
13.5
15.38
16.27
20.47
20.54
13.86
11.3
6.28
10.64
23.99
22.97
19.87
18.16
11.72
8.23
12.07
13.41
11.74
9.63
29.35
28.67
5.2
10.78
12.63
21.1
24.78
8.83
5.47
14.56
10.62
7.11
15.65
15.24
8.92
6.67
7.28
16.63
18.64
7.25
7.77
17.68
17.49
9.15
7.44
9.93
9.49
5.2
3.97
11.65
12.11
23.45
32.06
23.49
16.7
15.95
16.39
13.83
13.7
14.78
18.91
13.49
15.21
20.48
27.03
26.81
13.96
21.86
29.05
23.88
24.8
20.17
20.9
16.9
15.6
26.48
27.38
22.09
22.6
25.86
24.44
25.22
26.47
24.12
22.25
24.7
31.75
25.78
11.97
9.23
9.83
17.44
24.64
26.16
22.67
17.72
22.01
21.28
24.15
22.27
8.87
4.52
9.9
14.73
15.86
13.71
9.22
13.73
11.99
8.25
10.56
15.41
10.6
5.05
13.4
12.85
15.67
17.81
9.18
9.13
10.96
11.87
14.18
9.32
6.51
15.61
13.33
9.87
14.24
10.85
10.66
9.0
7.02
12.52
9.69
8.75
20.35
26.81
18.03
17.34
15.3
11.49
14.63
16.15
14.61
10.33
11.03
8.24
14.63
18.85
11.34
7.11
9.45
10.57
18.81
16.92
7.24
11.51
10.46
6.8
4.47
2.11
4.01
6.31
6.07
6.12
8.96
10.52
4.93
6.17
11.72
6.63
5.42
12.46
12.02
15.44
15.55
13.21
13.01
7.1
10.61
17.2
13.12
15.13
16.1
11.84
11.6
11.95
13.83
14.9
14.25
15.11
19.54
15.03
9.64
6.5
5.5
9.0
12.34
22.21
19.02
9.34
13.1
14.23
16.09
15.77
10.81
12.49
15.5
9.85
8.14
8.29
8.19
8.21
9.09
6.8
5.43
11.57
11.57
8.14
7.94
12.1
17.83
16.24
10.25
14.06
11.46
9.28
21.64
16.01
10.54
13.83
13.24
12.2
13.36
14.15
13.91
21.11
17.96
13.96
18.84
17.07
10.49
7.84
11.74
14.49
14.38
15.13
15.98
11.09
9.97
11.39
10.63
19.31
14.56
4.77
7.06
15.65
20.03
13.26
13.64
13.42
6.29
7.76
19.77
19.85
12.33
9.09
4.46
6.17
7.95
13.16
18.09
11.54
7.84
9.31
13.28
15.77
14.12
10.84
6.47
7.42
8.62
6.79
5.46
9.92
9.31
8.28
12.3
12.48
15.84
20.72
19.92
18.19
19.56
14.06
5.85
13.09
19.24
9.32
6.64
15.98
13.84
6.83
9.14
14.04
15.27
13.74
24.24
19.94
7.0
7.6
8.59
10.37
9.37
11.02
10.56
8.09
25.52
26.73
9.48
15.1
13.92
15.21
17.68
13.51
16.67
11.67
8.95
18.41
17.33
9.33
12.94
10.31
4.83
5.03
10.81
15.56
9.5
12.38
19.26
14.77
15.86
18.81
14.65
10.17
7.59
11.8
11.36
5.17
8.64
21.41
22.52
25.42
22.38
10.56
9.22
7.59
13.84
14.16
10.88
12.26
8.77
5.71
6.72
22.64
23.61
7.29
4.86
8.43
10.04
8.27
12.23
14.19
8.76
