25.48
28.22
33.2
27.88
24.09
17.95
10.68
11.06
21.98
26.56
26.15
24.26
22.08
21.36
31.32
33.31
27.13
25.35
12.87
12.3
8.51
5.96
7.23
15.34
15.23
16.69
18.22
7.58
11.39
11.48
16.15
20.34
16.92
20.49
13.86
10.43
10.23
5.74
6.58
6.17
5.18
5.83
3.56
6.4
6.37
4.22
5.15
2.8
3.84
11.63
12.57
22.85
22.12
18.86
17.46
12.32
17.65
15.81
15.89
10.31
5.32
5.39
14.04
16.77
15.71
18.1
10.17
12.42
13.88
15.49
16.62
13.76
13.78
15.5
15.7
18.33
27.19
20.19
20.87
19.61
14.56
19.45
17.3
17.67
15.1
16.47
21.18
20.78
21.55
18.87
20.1
17.29
17.93
16.97
15.02
17.02
22.73
20.76
18.42
16.52
11.42
13.62
13.08
16.24
13.48
15.07
13.25
10.45
9.09
8.96
9.97
11.89
13.02
7.72
7.04
4.6
3.4
4.83
6.13
8.98
8.87
9.56
8.31
10.73
12.16
12.2
13.87
12.9
14.82
13.06
13.93
8.91
8.94
13.34
14.07
15.81
14.5
12.74
9.98
8.78
12.63
9.25
10.23
11.82
5.87
6.9
8.56
7.27
10.46
9.57
18.72
23.3
23.99
31.39
32.93
33.6
39.37
39.48
36.01
31.38
25.81
20.42
13.1
14.86
16.15
14.74
20.77
19.29
14.88
15.95
12.18
13.06
20.16
27.49
34.28
36.01
30.61
30.23
28.87
37.51
42.95
37.64
33.45
21.35
18.23
18.07
23.46
24.6
23.23
25.42
17.78
30.58
39.53
43.45
42.34
34.45
33.77
27.61
33.69
40.13
40.99
40.98
39.21
39.52
30.69
30.22
36.93
25.75
28.77
33.86
21.65
28.97
23.16
22.8
21.11
12.24
15.32
7.92
11.16
12.91
10.99
21.99
18.12
24.97
22.59
11.98
12.27
2.52
8.04
8.97
13.0
13.63
20.49
19.49
28.56
27.49
18.47
20.9
8.99
10.88
13.37
11.01
10.48
9.13
3.91
3.42
10.56
12.56
12.39
15.09
6.52
8.55
11.33
9.24
10.06
6.02
4.72
5.87
6.98
6.56
6.49
4.59
2.92
8.4
6.43
8.07
8.02
8.55
8.88
14.15
14.84
10.12
9.73
2.73
4.06
8.65
10.44
11.24
13.59
7.63
11.59
13.44
10.35
10.91
14.64
12.04
13.9
20.92
14.88
17.18
14.92
11.91
11.77
10.92
10.58
12.26
10.63
13.22
13.27
7.6
5.78
1.53
8.69
10.91
11.79
11.67
5.34
7.85
7.39
7.6
14.27
9.05
9.4
15.34
8.99
10.59
13.14
6.99
5.16
3.95
1.87
9.03
11.03
14.82
14.85
9.85
10.41
28.0
30.28
32.5
30.03
8.14
4.59
0.21
0.38
0.67
3.62
7.34
9.15
9.15
9.88
8.28
6.09
8.51
6.11
10.07
19.13
17.02
17.13
21.8
14.41
15.59
15.12
4.78
4.1
5.95
5.79
6.47
10.69
11.52
15.07
18.12
13.41
9.26
4.95
5.69
12.0
12.77
15.47
12.48
6.22
8.04
5.47
13.87
13.61
14.03
15.31
6.7
6.63
3.47
2.06
1.51
12.6
12.44
12.44
12.44
4.77
5.7
15.2
16.71
15.15
14.8
6.96
6.56
5.44
5.21
11.74
11.08
11.47
11.66
4.63
5.65
8.21
7.89
14.28
23.73
23.96
24.11
22.4
10.35
14.53
15.07
11.78
12.81
9.21
8.3
6.24
7.78
3.76
5.65
6.86
4.99
4.4
3.03
4.71
4.46
10.35
10.16
8.47
8.02
11.03
10.98
9.85
11.35
4.88
7.91
8.16
12.04
13.76
14.71
19.15
14.9
29.52
30.64
26.53
26.06
12.26
13.65
24.6
32.55
33.18
28.21
16.59
8.23
3.05
7.22
10.06
11.88
15.36
11.01
10.84
11.76
9.79
8.75
7.49
19.27
19.92
19.83
18.22
5.71
3.7
8.63
9.43
7.97
14.77
11.95
15.38
21.08
21.84
21.94
20.66
16.14
16.43
13.95
13.87
22.44
28.93
32.23
35.75
26.55
13.04
15.06
10.7
12.1
14.01
12.98
13.59
15.65
13.04
9.05
8.7
4.97
11.23
14.24
12.19
15.73
10.03
20.26
23.43
20.19
28.48
14.94
12.87
12.14
9.21
15.58
22.57
24.78
19.69
13.8
6.07
4.06
13.32
16.27
19.13
22.92
22.87
19.59
22.71
18.07
14.7
15.2
8.88
14.25
15.08
16.22
23.53
21.32
15.12
22.75
28.29
26.81
31.49
27.46
17.13
20.06
17.59
11.98
11.31
9.27
6.4
13.69
15.79
19.46
22.2
18.48
16.33
10.31
6.71
7.3
14.33
25.18
25.54
23.03
13.98
3.58
8.4
7.74
8.7
12.69
11.55
12.4
12.83
9.34
5.03
5.8
7.07
7.92
8.33
10.51
8.31
22.94
25.98
21.94
21.17
6.81
5.66
9.21
10.48
9.87
15.64
16.59
16.43
17.21
10.83
6.15
5.65
6.45
5.36
7.1
