26.36
43.64
59.64
48.82
55.83
54.39
44.4
61.83
58.87
59.2
62.36
43.14
45.09
39.83
27.95
32.34
32.17
27.87
32.02
28.11
23.42
23.87
25.8
28.55
23.77
22.55
13.37
8.08
5.59
3.27
5.69
10.96
10.5
19.68
24.61
21.31
29.85
28.63
24.66
28.84
22.33
18.56
19.22
17.15
18.72
17.32
12.68
8.36
4.76
3.12
3.08
5.0
6.37
4.89
4.43
3.42
4.93
5.11
6.4
6.9
5.63
5.44
8.03
8.73
8.01
9.08
10.42
15.3
18.64
19.4
19.53
16.08
14.11
15.04
13.35
12.0
11.69
12.5
11.57
9.57
10.29
6.27
5.39
6.14
3.91
4.32
5.0
4.45
6.12
11.39
9.87
9.48
8.68
4.0
6.61
7.52
11.62
10.58
10.53
13.42
9.96
11.0
7.43
8.13
6.98
8.47
8.64
7.73
6.93
4.32
4.15
0.65
2.68
2.12
5.7
5.76
7.35
7.35
7.48
8.29
4.67
4.88
3.24
4.26
9.19
12.93
10.86
11.52
7.51
7.37
13.4
11.53
11.99
8.18
2.49
4.03
5.42
5.9
9.23
20.66
21.06
23.04
21.05
9.08
7.41
7.35
8.52
7.53
6.76
5.28
4.24
3.86
9.57
8.65
10.06
18.38
19.46
21.09
24.6
18.08
14.52
19.07
12.86
15.89
17.06
18.53
21.29
19.22
14.52
11.67
16.31
18.7
19.82
24.69
19.69
21.73
24.52
19.74
23.97
20.4
22.16
18.23
23.23
37.45
34.13
38.32
27.35
11.21
14.05
12.42
16.45
20.72
18.79
25.13
26.31
26.67
27.79
19.87
16.96
13.85
12.78
24.33
25.48
27.7
25.93
18.3
24.46
23.11
25.08
24.21
17.44
15.83
19.38
15.51
23.65
22.74
17.84
20.88
17.01
16.35
15.07
21.24
14.8
13.49
22.83
13.71
11.86
11.98
5.92
5.19
7.43
7.98
3.67
3.19
1.98
3.21
3.97
4.88
4.67
3.35
3.07
2.5
1.68
2.05
3.53
5.2
6.13
5.18
5.28
3.5
3.41
8.6
8.01
14.29
16.07
13.94
12.34
8.33
6.7
4.99
10.63
16.25
19.62
19.7
17.43
12.44
8.08
7.92
4.4
1.27
2.8
1.53
1.88
2.79
2.68
5.56
5.21
10.17
11.04
8.75
16.59
10.72
10.0
10.55
5.48
5.48
9.62
10.8
15.21
16.27
11.45
9.13
3.15
2.6
7.48
9.34
8.53
8.59
5.91
4.05
6.95
9.19
12.02
17.24
14.49
11.68
10.89
7.01
8.23
12.87
17.45
18.96
26.0
22.13
13.35
17.86
13.5
15.86
16.31
13.62
11.58
10.59
10.75
9.48
10.38
11.43
16.7
21.83
18.53
17.33
11.61
3.71
3.86
2.9
12.2
14.11
17.98
19.6
13.23
16.55
18.06
18.12
16.39
15.74
10.91
12.95
12.33
11.76
11.65
10.82
13.23
15.8
17.04
15.31
15.48
12.95
15.25
18.18
21.21
18.36
17.76
15.38
22.43
23.37
33.18
33.2
23.14
26.53
19.7
21.93
22.47
26.53
23.63
24.14
25.01
24.32
25.98
26.04
24.82
19.01
15.75
17.15
17.6
22.78
26.98
22.09
18.78
16.03
16.81
21.6
24.49
22.1
26.1
22.94
36.25
35.93
27.15
31.86
17.46
18.67
18.74
16.39
20.09
19.56
29.37
29.83
32.81
31.79
23.97
22.42
18.84
23.51
22.73
21.77
18.36
13.56
12.05
15.49
19.09
18.64
19.06
14.54
10.13
11.13
9.71
8.7
11.28
9.7
11.34
13.49
10.36
8.42
14.24
12.86
11.13
12.15
8.16
5.47
6.21
5.93
4.26
4.88
5.16
5.94
3.74
3.12
2.1
3.28
3.3
3.3
3.3
0.6
0.0
0.0
1.18
1.99
2.63
3.22
2.31
1.5
3.39
3.19
2.92
7.85
5.32
7.84
8.57
3.9
4.14
2.18
1.63
6.13
5.89
5.36
7.67
5.19
6.1
7.43
6.22
5.64
5.17
4.84
5.47
9.52
9.39
8.81
9.91
7.18
11.28
11.89
16.68
15.67
12.5
12.46
5.16
6.96
7.61
7.16
6.68
3.76
4.58
3.9
6.25
8.97
8.6
10.89
9.16
10.04
10.73
8.89
15.05
18.57
21.83
22.25
19.5
12.06
11.64
14.93
13.15
16.66
14.87
16.33
16.87
13.94
12.25
12.51
14.61
17.6
19.71
16.85
16.17
14.89
20.18
17.53
20.36
18.26
17.44
21.24
19.47
19.55
14.11
12.43
11.68
14.28
14.0
18.55
17.08
18.94
19.79
16.35
14.69
13.7
14.22
13.17
18.98
16.62
16.97
16.43
14.71
18.87
17.84
23.49
22.47
21.81
24.13
17.53
16.08
14.56
9.03
9.49
10.72
20.24
22.51
23.8
22.86
14.39
17.52
18.07
23.33
21.03
20.57
19.74
12.71
12.46
7.47
7.15
8.33
17.32
17.74
17.55
16.7
7.01
8.38
6.51
6.82
8.25
8.21
8.52
8.13
6.09
