-1.3385991643397852
-1.3608314570526716
-1.1091339100861166
-0.7745828823962623
-0.3208652640454406
0.1843434245415944
0.4718869907583126
0.6440965148043993
0.7201615791442655
0.6924224720021896
0.6529661205502534
0.5961236267879219
0.534162533395871
0.5179264265487276
0.499066180847271
0.4516264838594976
0.3585197150168497
0.3516513408604044
0.5388637744537408
0.5931827206154763
0.7533429261697789
0.8003448045507743
0.5960971575311785
0.5240192299330253
0.3736913222806879
0.1588706022483022
-0.1038950860089321
-0.1603190668315645
-0.0588642389913581
-0.0928894138476975
0.0659834099610233
-0.0465824420018677
-0.0889767426424089
-0.3636349148077219
-0.228720793986728
-0.1645986398470857
-0.2582745974226336
0.1527497618823577
0.060239448691446
0.1775856493043384
0.1798355346917584
0.1233143185023411
0.0698421595714919
-0.0814264679742757
-0.0393245380939268
-0.0711474906156284
-0.0288139167727777
0.1291841433295503
0.1386313499510947
0.2202800634419173
0.1965008509737454
0.1098497932395377
0.009317148740914
0.0310090136163175
0.1148181446944577
0.1093725170473747
0.1783947455760866
0.2078772038798504
0.2181573902957818
0.1409780197187253
-0.0791454784557932
-0.2587168054552387
-0.3508552183035871
-0.3613820686412739
-0.145243634112851
-0.1622552733996871
-0.0619182984651323
0.0121942666436543
-0.0482824993662536
0.0781643518635427
0.0653670005943388
0.1224381197120231
0.0361982657195575
0.0457975669692323
-0.0658179356728912
-0.1048648308780792
0.0524173530216852
0.1101785250664093
0.1971250654200182
0.1601410045949889
0.1350525453266938
0.1230327600473477
0.107394502003857
0.0877312370992559
0.0525866290222907
-0.0090442700209727
0.0014096835381474
0.0126830272155532
0.0549078345390806
0.1298257320686279
0.1296700377430277
0.1418818449616461
0.1337148397134269
-0.0154169281295923
-0.0314983508055805
-0.0025854033468668
-0.0017719534038549
0.1048078532150306
0.1174006427217642
0.1047647382457305
0.1016026895528768
0.0870340501920072
0.0837157669851517
0.167970018036734
0.1719857330013908
0.1024541467592494
0.1684556385973781
0.1194183328622901
0.1976484254898319
0.3117913377798201
0.3127786589934612
0.3686310587455053
0.3463314219067428
0.2699996116355601
0.2393649659983246
0.1670332224619832
0.0563576980060341
0.1104094316796559
0.0948776827079286
0.1220976033256884
0.1675878678344101
0.1457434732022774
0.1532033940375279
0.1313861181993959
0.1852793328662909
0.2195670574941625
0.1988106160248156
0.2623188556638609
0.2396582108647788
0.2205001718562599
0.2374316233349828
0.1532248903594059
0.1040681843243401
0.1191103069060458
0.0732107378533088
0.0915545686366115
0.1041818038462581
0.089369146594171
0.1334450367809741
0.1845808953940809
0.1903965391510122
0.0955489533491253
0.073554088396559
0.0327105753814874
0.0189455870138545
0.1639876340764684
0.1811481065661838
0.1537377552903072
0.2667287561340215
0.1687138518053188
0.1490548399992922
0.1567949773620518
0.1434390132668974
0.1661927106879395
0.1629086487177655
0.0902920382449896
0.0522665987242578
0.0796121151068799
0.1113041309823774
0.2119857887694217
0.2367821283291298
0.2134510543969247
0.1782831191942596
0.1662346318506259
0.1615791591796818
0.2146056904643191
0.2446135473255427
0.2336129107919405
0.1941046729418362
0.1475085712828548
0.1497351820853969
0.1400033075027862
0.1416478005209173
0.1523490576912112
0.201911797101834
0.238570270212508
0.2487446004605331
0.2394808962037408
0.2608174069741724
0.2934885598129789
0.2738148935617894
0.3696598858023836
0.2592301269767589
0.1519553579544212
0.1795147686594553
0.1081303967576971
0.1604303756543335
0.2644231651891088
0.2574842464024083
0.2516139815780879
0.209628045738169
0.1405952441004694
0.1974849591245272
0.160855529151161
0.1934896467295931
0.1559990729617707
0.1324843830259059
0.262211387806102
0.2961586203357009
0.3684069518205338
0.3104201618998208
0.1879042789385535
0.1430791138727523
0.1200104174995106
0.2165681100716661
0.3076968688392051
0.3411866463195745
0.3273618366724608
0.2730387139849807
0.2077778206817425
0.1383554166659278
0.1529113867167852
0.1244858856603459
0.1288405694017161
0.1758112272993376
0.1707197285030193
0.2232170770601973
0.1718615517235861
0.1513257680872137
0.1830976490894657
0.1881931685274084
0.1996407620134022
0.2250700004246222
0.1498747610406186
0.0943404675338868
0.1247140652818008
0.1093626428671381
0.2174619750389992
0.2664298927102459
0.2513906991053239
0.2525417797666112
0.1789655425473721
0.201261180608483
0.193058378252044
0.215286573123155
0.3153966855820996
0.2725847840701261
0.3192839390682644
0.3465521912220698
0.2127478459443377
0.205579254184943
0.1457306720541447
0.1414239669308941
0.209145634693879
0.2009466211654615
0.2828373332544707
0.2406818837359684
0.2158364037228461
0.2348068668855354
0.2129963593828001
0.227182455828393
0.2739489628587834
0.2154294064507369
0.1558091689985777
0.1231283491163874
0.0961597551771623
0.1468908899207504
0.1757410871530766
0.218580004972588
0.1449990883797228
0.1507840983976615
0.1191025707328644
0.1101389634250562
0.1735861775668689
0.1125603230788108
0.1994100278708484
0.1385048630767247
0.1769962977038281
0.227771608094657
0.1462135674151951
0.1905064349185213
0.1313283691716033
0.0911250053291679
0.0954417563265458
0.0957408127809593
0.1379374914898099
0.149993420004122
0.1744361825823184
0.164933118201289
0.1341607209165876
0.2486029791346413
0.2406938304701264
0.3145157125031781
0.2629849759880441
0.1672547779124055
0.2595426871829376
0.2326553375703666
0.1611533871564312
0.1637154246168525
0.106963555730729
0.0783999648616169
0.2362149963539899
0.1827591172980487
0.210517720622199
0.2492401860706236
0.2244712523078192
0.2890943574634018
0.2918236123953341
0.2804541945257657
0.2422878070984337
0.2462575596433507
0.179364655103899
0.1487810271755501
0.1821403738630798
0.1470490584006804
0.2296947870337818
0.2360272657296077
0.2173134625260531
0.2191255891645182
0.1938044168152285
0.2078693285206211
0.245420957124831
0.2111971839143376
0.1827957503516756
0.1033933691358748
0.0431838997322235
0.0799044730377851
0.1039946364408011
0.1751977717581341
0.2474519818754527
0.2404009187508365
0.2096634799988429
0.2138369446559469
0.1446161201346633
0.1198801508585567
0.1870648056458476
0.2316057490153911
0.2609152908944219
0.2691139626485506
0.1978808902548789
0.1216289088442338
0.1483654425209443
0.1474519293403051
0.1342180212919827
0.1889699644820402
0.1680470143919054
0.174577455433596
0.2483730427242191
0.2403735955579801
0.1851521276733556
0.2255699786900474
0.178675758741862
0.1895868432472934
0.2317416472691757
0.2612909254309857
0.2545042073367781
0.2165533438295332
0.1883163200852727
0.1517361757169799
0.2109657869818362
0.1956987946173227
0.1930165408037116
0.1964287986219277
0.1429995283126769
0.1267693795412791
0.1699477860194198
0.2171983766267838
0.2859653222419759
0.3391871985691604
0.4101780814468556
0.3597364186867321
0.3571770379781867
0.3530155247773228
0.3496777112165308
0.4600803710599831
0.4604872804633146
0.488267481737932
0.493583946036482
0.4779353105685228
0.4308655381154175
0.3330916710961108
0.2536400210385021
0.2383626205779831
0.2648011208192951
0.3818881089741279
0.4128749300319678
0.3949451262981232
0.3831364142523226
0.4501624191184274
0.5187896913548884
0.515974864938103
0.4841740540738165
0.3548652663049598
0.3546750296021643
0.3274562245674943
0.3085889623075604
0.3165051911134739
0.30616129278725
0.2888957589439009
0.3221080466804584
0.4011803707916186
0.4229987603006008
0.4576148378893797
0.4576753268048161
0.395192835140575
0.3304102092786358
0.2741866460142843
0.3211260486475438
0.3522848738642896
0.3435144731111081
0.3829653603290237
0.2877454669614231
0.2774977610292886
0.4264223250594102
0.4131292188178681
0.532954799798016
0.4913356797608586
0.3754977996547597
0.3983708554694059
0.2587957559659656
0.3396486419920122
0.4018302299552012
0.4072444512449587
0.5378191310848461
0.5269835210420166
0.4577996908722563
0.4655845599806328
0.4308676442909005
0.3740197114653238
0.3657827378908921
0.3697225661184661
0.3481826590455438
0.4387525911599471
0.4454052111416455
0.4024103874235347
0.4460864100249267
0.3782272526501823
0.3032067293953172
0.3446673325141426
0.2921891529178804
0.3260440075782623
0.4117743898302052
0.4429574996117742
0.4774293449547823
0.4771407467600766
0.4662172507644853
0.43711091400608
0.4416606804008957
0.4625064125759471
0.4483415602276112
0.405019146894677
0.3861212832338434
0.3555190578010599
0.4183445043526117
0.446614914808656
0.4463650672758784
0.4133230448938056
0.3335818228496907
0.3558900413748712
0.3640898935225256
0.3343253672001676
0.3060221074556278
0.3171814613994259
0.2239464723168709
0.3576199391271393
0.4373108521575037
0.4376229942510676
0.5079993808413958
0.4159800512589257
0.3665510463172
0.2961343797932009
0.2731699127959767
0.1251602231128079
0.1577215968672037
0.1847397471281011
0.0759661418106074
0.2203407161190166
0.2292456870488015
0.2195214140101948
0.3510129692604307
0.3157652970671189
0.2624057848628283
0.2607995426177668
0.3135555504079754
0.3945069133390656
0.4858212447572252
0.5359053928016926
0.4780012004678309
0.3650311130271582
0.2523418782494267
0.2305199219287469
0.1825775154892293
0.3288830336889377
0.3550083815262524
0.278057947206659
0.277020844214735
0.2124681057804331
0.2174133428454019
0.1667404219958874
0.2058063204022957
0.1663155296530849
0.1691185479703422
0.2739399841617121
0.2910542479591007
0.3220728260269698
0.3523607993877459
0.2876008940977786
0.2696245843375051
0.2178190700297129
0.1760929323617096
0.2762680131370997
0.2833432166640075
0.3281798645326848
0.3637433868368015
0.2890347954693344
0.3163124537622824
0.3173500808672607
0.2662385007603186
0.3217873172106547
0.2620537896774687
0.2482109830035962
0.2520994700779443
0.2427184954118172
0.3151320500526485
0.3077613884527984
0.3123075278073284
0.2936367918374169
0.2378615340099806
0.2654856079188545
0.2387245122824957
0.2029495624922936
0.1864100693410316
0.2126436016114365
0.2627661652162591
0.2769288441223722
0.2774714109564921
0.2631450648655378
0.2553199330085464
0.3413538893772473
0.3702095221619456
0.3329455059951561
0.3193721516435803
0.3013100097163452
0.306055563452259
0.299349916822396
0.2925894084658835
0.2282694559969224
0.2490254643972037
0.3067944380353768
0.3254181742470307
0.369481560208883
0.2917948646332677
0.2544356064527657
0.1962124928741639
0.1327363804902606
0.154666007059357
0.1281724609644441
0.2537841275136872
0.2549870647323281
0.2483007901221965
0.2674903898999623
0.2491294548284707
0.3070752509980901
0.3638486581212177
0.3484013063269529
0.2920206657453246
0.1417042014947275
0.0962497070514168
0.0493950648666586
0.0574837171324353
0.1958562923890231
0.1838404098457106
0.2730249745793682
0.2531697196578638
0.2559272671891135
0.2847720405174707
0.2213247101906171
0.2111411708783311
0.168074886287061
0.1540646141604186
0.1985024060982446
0.2336845882503403
0.2562385749278398
0.2907882413695677
0.3481082324681817
0.3782711624304478
0.4102012674740628
0.4679358249409348
0.443436263295171
0.3812407484105666
0.3288784765976067
0.3051608743264049
0.2363752159832878
0.3020210066402049
0.3146420042630545
0.2446463996044849
0.2575793094986776
0.1482778556180631
0.1124466278245424
0.1138141514671083
0.1081674813013948
0.1510418027148545
0.1751357581402334
0.2330831321810632
0.2618393562214481
0.3265228103819051
0.3889049122027113
0.2957693701971406
0.2213587400510031
0.132071833789236
