-0.1430038526518452
0.0587706399592262
0.2861450228372408
0.3878566396115803
0.619562772524464
0.739718024715387
0.7285289685259619
0.6997395305490428
0.6914763812453307
0.7635426528022299
0.8105002927148252
0.8007979657222839
0.8290237590397106
0.8106107187199485
0.7765890003610757
0.8555587500377152
0.8957117925153475
0.8741206496652676
0.9903794164257284
1.0372784947229352
1.052252675740817
1.060443222851117
0.8978631613432717
0.714086328480986
0.6485287127399669
0.6012412022067397
0.7984566467969547
0.9929961135309062
0.899343629161009
0.8980974223032838
0.6901253198424994
0.5254870913198253
0.5578284866115062
0.3179911726826337
0.3005307155467562
0.3248053874107863
0.3598315936052384
0.4265839302539055
0.2362215945356215
0.0594526903518271
-0.1987485764407363
-0.2675443082614808
-0.3220732520782799
-0.2990970699871178
-0.163612795164471
-0.0086414359047383
0.1440565021139966
0.088156273156498
0.1211165152822078
0.1760013575753584
0.4023184390845207
0.5535961574477624
0.5314640793372793
0.4835502134456817
0.35491422134654
0.4610845416216343
0.3443783119550137
0.1992950782047565
0.1926020544907364
0.054164528230837
0.1597348439416945
0.1404498805650854
-0.0224001323067673
-0.2360343805787399
-0.4910464391646099
-0.541879391429885
-0.5698329673681184
-0.5706820709326251
-0.309462276853668
-0.2041536776712148
-0.1050876708199896
-0.0022882596608594
-0.1206709433677919
-0.1367249860991617
0.0337266592027338
0.1594069628931438
0.3434207237413568
0.521376331052061
0.3529405983919828
0.325283159750904
0.2331525666184487
0.1606176337714741
0.1810640675857501
0.1296851730989962
0.1182693617896834
0.0792986180525169
0.0911357069283915
0.1974867232500775
0.2327895166074769
0.1534923268535465
0.1117875449354025
-0.051487863501282
0.0035446759531019
0.1375649462557569
0.0826309653928097
0.1555532035160737
0.1292667526632711
0.0884003809618931
0.1826864321859119
0.1908410745243041
0.2221193449367032
0.2262469934297769
0.2607909589877755
0.2892000769390315
0.1777597236188358
0.180288014061501
0.0960211276518514
0.1727942247929655
0.1571702864326889
0.0787457987787575
0.1254542785803309
0.0946319411762985
0.1167120469957483
0.2240022928789272
0.227459459962854
0.2481521741396303
0.2970123672377975
0.1460693011147876
0.2683136125417091
0.2953399179508715
0.3200357078001477
0.5033585678430847
0.4142749783185451
0.3459913582788941
0.2508006942591454
0.2395565706584962
0.1542938890674184
0.1098310797011384
0.1904789774850541
0.046213785004279
0.0913661956432791
0.1409881334368458
0.0766699767354826
0.1317697068424872
0.1174830785127381
0.1238580849768071
0.1397288858174411
0.0585737502410513
0.0653211746212738
0.0723266807478092
0.1156329625357387
0.1012022616397576
-0.013918564224122
0.068363679567052
-0.0437870040468502
-0.0144321326055426
0.1098502545657063
-0.0035637747877069
0.1134947557865469
0.0161229232863093
-0.1485990842247005
-0.1991934258425065
-0.2894782551167688
-0.1410390006901895
-0.0963253224248542
-0.1875431294767786
-0.1448463315953412
-0.178785445315018
-0.0720882559295413
-0.0462390792380116
-0.1120892504598601
-0.1723905647624097
-0.414124557507741
-0.3788181399148784
-0.5847620504311856
-0.7558251768027905
-0.7393284520058216
-0.8858350984280849
-0.821692008969857
-0.516173390424799
-0.3446858457489108
-0.1414746707043901
-0.004552032765458
-0.1703036351238685
-0.2628920420894549
-0.3261450387252524
-0.2344196843760999
-0.1976469183260931
-0.1786898454391455
-0.207573449745069
-0.2926033931664655
-0.1837834220333104
-0.170072987338768
-0.214115468274297
-0.2587355967495039
-0.4019623204526341
-0.4139066181067907
-0.5015135214103025
-0.4620987456336939
-0.3897955438703303
-0.4209099193677518
-0.2980260225175273
-0.2465488638285978
-0.235737306998547
-0.1044022041328383
-0.1192017666521834
-0.1637367095331253
-0.159507480631906
-0.2812791818022363
-0.2662652264435873
-0.3177566548235634
-0.392184690067126
-0.3684314851603774
-0.4036399503056169
-0.2766248854796588
-0.2044481157251841
-0.0714637285374218
0.0528376377894434
-0.0031364227680436
-0.1340959731618112
-0.2691350289615131
-0.3734066459606083
-0.4075699109880784
-0.3186196243353714
-0.3670514522369613
-0.3264991902175205
-0.4790165663724465
-0.5193877048733136
-0.4267466285665911
-0.5347621592936879
-0.3734356360423165
-0.38593280052584
-0.3809115586357025
-0.2816571267947568
-0.2442634027934419
-0.2734264039576822
-0.3054252811479219
-0.3148310137231074
-0.4336129362310116
-0.5638529994041024
-0.538614768284896
-0.6165887862123317
-0.7175201842082626
-0.425497172157189
-0.4072515054453515
-0.2866446227868485
-0.0325565947896637
-0.1298789687249392
-0.2030069341499137
-0.2507003634042299
-0.3832259209684253
-0.356581128088864
-0.2109926483349798
-0.2351271643194326
-0.1744678972522794
-0.0353998709599808
-0.126454708370272
-0.1161017063742359
-0.1837162324378644
-0.4170240854468382
-0.4341758942325907
-0.3767638552556757
-0.4390968383648005
-0.3819862312886191
-0.3375924828050101
-0.2434843708020103
-0.1326902134816673
-0.1066545938730401
-0.1751267992202642
-0.2406389515741217
-0.2379152414459852
-0.3007579363951395
-0.3527202566176967
-0.4989640031048318
-0.4619401387814069
-0.3550630479068267
-0.3324291874857756
-0.2182506483221035
-0.2750076719968629
-0.3677740793616686
-0.3373120373840125
-0.3209551277567777
-0.2280439717203206
-0.1790176891486961
-0.1716653764354817
-0.223235408315028
-0.2521002927664743
-0.2278110446753587
-0.1737190090503647
-0.1752074503330759
-0.2665267370077629
-0.2272190958642936
-0.3288258832086581
-0.2378263883619656
-0.1362955356559455
-0.1998061599900355
-0.0880156471116087
-0.235029545932678
-0.1990811243096233
-0.1539231407550099
-0.1938983535493439
-0.1365848031011754
-0.2675226198417235
-0.3045924814847218
-0.263729806005285
-0.169483094638673
-0.089769832153546
0.0618423175168423
-0.0173948487425334
-0.0390500869587401
-0.075915839076429
-0.1747457763520783
-0.131256845839782
-0.1511777497038991
-0.1140203119645616
-0.1455213885643791
-0.1498136506580193
-0.2516926179659164
-0.1993202496840637
-0.0935538462923089
-0.029861527722541
0.072880717305214
-0.0089088633750006
-0.0626000445993733
-0.045264423991066
0.0240216906266118
0.1368866244256347
0.1043852858417198
0.16755138973763
0.1050092493753604
0.1480382318427428
0.2089301880907255
0.1314437106337273
0.2271784230864637
0.1359657438178647
0.1273234865423682
0.1828745512562596
0.2174345742440773
0.2782522113350436
0.2597923192149826
0.2058032879283312
0.2185960801139048
0.1982039209332118
0.2496780147985849
0.3063529102782498
0.2027815051004267
0.1877654114924268
0.2040380373602801
0.2606687591302167
0.2671638525433661
0.2591229943596227
0.2441646530536351
0.1746057553425928
0.2531262314055261
0.4232972207121854
0.5037436954106194
0.508604996268844
0.52064007997085
0.4267998408904679
0.3483456735154224
0.4003734913624292
0.282092947657966
0.2651358730571602
0.2661289341359223
0.232164942552799
0.2918567632802598
0.2422358208985764
0.273287458518851
0.1919365587285161
0.1573928780395211
0.0969722765348337
0.0778218792562137
0.1069172656452069
0.1172239720068758
0.1225964793104255
0.1070385639660573
0.0767152300190405
0.0855834745412694
0.1198237550117398
0.1626340218108798
0.2844931932732606
0.3135607753288829
0.2433307243387914
0.2738132200309039
0.2519029483217505
0.2355267680173369
0.3123596796888309
0.2244088547897163
0.2384909338869213
0.3087136831941997
0.420049236915309
0.5419464219350034
0.5737296624959481
0.6255656790631077
0.5562528992352422
0.5211189751267092
0.5063354053615075
0.4729903604088054
0.5088467312476697
0.4775098134506469
0.4137814130619993
0.2843273543244686
0.2615271964563794
0.3177950250910418
0.3207406665142755
0.2840494858043368
0.2455580328299009
0.2525348601352637
0.2965910135046625
0.3901566771516526
0.3635709237195017
0.3750891565901024
0.3624534839764367
0.3991003603417532
0.5789678152022101
0.4966477973660489
0.4861140462178085
0.4570104947191755
0.3888224435475432
0.4553982941309211
0.4886039285046773
0.6029366449141009
0.511485354986306
0.4351897452799573
0.3945399331996353
0.3665195532732428
0.3367974318931026
0.3135062604309355
0.3785549232779827
0.3343416825989483
0.3909904896180714
0.3315098997101212
0.2620113409181631
0.168462482707063
0.1694466414583894
0.209004846766924
0.2208082219480016
0.3228876821609979
0.340648249912039
0.391248285743386
0.3898083549909102
0.374915842005614
0.3931905972139414
0.4338009665449929
0.5012051402628799
0.5110402195930152
0.4849224738235846
0.4787465699628697
0.4336532425831312
0.376730465058851
0.3955893809081895
0.3182361643879319
0.2923371053659847
0.211016332607603
0.1690654057333527
0.2395730291576038
0.2978986834689952
0.3287679043003104
0.4082246393181202
0.2847145853578292
0.1030547697682395
0.0199743253269194
-0.0992456966513459
-0.0564549085853314
-0.0231693144882311
0.1335720787499362
0.1510632614226241
0.1231174559853368
0.0650411949423333
-0.0056134879035619
0.1174914607464099
0.1851973743932348
0.3004879129485513
0.3255361066219853
0.2692239512658607
0.264892322003451
0.3491266693920994
0.502811271392223
0.5597602091044674
0.5203011758518734
0.4321759704165459
0.2990812802830653
0.2362384387017347
0.2361036338408866
0.2358405030481989
0.2848181172632579
0.2886629077533869
0.2432734968167488
0.2555489988104398
0.1366744024666283
0.0658533335501446
0.1279132945391687
0.0709500229903984
0.2062020065680507
0.2676234898994242
0.3000437022726743
0.3590582991231103
0.2825573285936615
0.3148968040183686
0.280210558586218
0.2427072692052959
0.1661052623063194
0.060119264089245
0.019268904412439
0.0504757538527442
0.0552862722414916
0.0398719633920301
0.0942377178623002
0.0940190405013754
0.1082226955287217
0.1427558175626314
0.1167034878638621
0.0740510761270474
0.1300845686512161
0.0965014472622468
0.1405459337409252
0.1283830544450173
0.0258319786386825
0.0555433887255346
0.0481907388156108
0.0972620696212774
0.2773951281350179
0.4014437499519637
0.4709515185181916
0.5199144667116373
0.4609277312838755
0.3384763529144642
0.2796157775568471
0.2181139484406702
0.1265771253274743
0.1060627094781283
0.0917058514837221
0.0016241114075119
0.0249340801228024
0.0849307062732276
0.0665458598453358
0.1170761681215778
0.2231309239119531
0.2631942190690636
0.2762371280144324
0.3791590907813678
0.3712064322044118
0.3214863412755902
0.3319214786669656
0.2999631644918773
0.3972562525328718
0.4099238187028301
0.5135007214699437
0.6453993876646181
0.6220975751497798
0.551227983640824
0.4771312774831217
0.4213455171277797
0.3653299670593263
0.511123788124614
0.4984006850496627
0.5159838081126371
0.5087527072534642
0.3851835505250504
0.4744062139876878
0.4049169345271851
0.3980515594554834
0.3838235052935635
0.3797061042631111
0.3944349018799745
0.3258072174803896
0.3374390335521542
0.3324195274599344
0.2949628938898833
0.326075576185418
0.3807482883045276
0.4350024022562917
0.4902268820528729
0.642471233041958
0.6791512329138572
0.7371021804792093
0.7740158197461937
0.6688917262750109
0.7307708740901744
0.6866594169855188
0.641922378628073
0.640009254300489
0.623081924062507
0.5905993049038116
0.6949901446494458
0.7761445949140742
0.715029396562258
0.6839510247724578
0.5718137554383482
0.5734165105447441
0.6384384290136292
0.5913925789505509
0.5954625102275668
0.4521891792543872
0.3880096036256816
0.3379262686625023
0.318209180402407
0.4195427858643241
0.4644169453824995
0.392726508549608
0.5698121437332407
0.5568155033319043
0.556863370901804
0.6313125786840699
0.4057528284280964
0.3966455759947993
0.448997160571925
0.5976097827728385
0.7482321824782523
0.7233157881445471
