-0.4486889667012346
-0.1051840794929531
0.3297422385637082
0.5141758465062887
0.5465321631566941
0.6445220864615525
0.7727219443865505
0.7625282392620857
0.7037448203840893
0.6970047283986593
0.61243922236838
0.5312060648805914
0.6346445711591966
0.5875058644434332
0.4618180896665548
0.4359495573798695
0.4797720440381741
0.4874946255477148
0.7091026962195299
0.7599712759874988
0.5828065340846617
0.5306015535923618
0.5739718804067919
0.5779318956688818
0.7309074875117283
0.7311397212310987
0.5653457524448148
0.6494586587351401
0.5785222184349987
0.4709603092774824
0.5399077668095189
0.4597337736451331
0.5109962708588527
0.5085663087699157
0.356776175947341
0.4497011140515963
0.5148069356577372
0.5310486841932012
0.5676815131349795
0.5806786709246632
0.5101350278948924
0.469033663433554
0.5450935320566241
0.4790454921091411
0.4122580922570147
0.3940305199447793
0.4087385140551239
0.4570499383819748
0.556210761288513
0.5023229011896647
0.3504787980218058
0.485223139508297
0.4578425417918439
0.4423272388711282
0.5681886712321468
0.4828966054335352
0.462936542408204
0.466255704414091
0.4117966279521921
0.4877082079482314
0.6629392014655613
0.7983886930024622
0.7062385956105044
0.5957112872937895
0.5221495466259544
0.4618833281881636
0.575898831343903
0.6416998677760223
0.5996693531313763
0.5478892589787856
0.4482716629129435
0.59642906713515
0.6779528561637672
0.6808412909779525
0.7025336366259372
0.5853206263635177
0.5427405216172485
0.5363422432212565
0.5196997018144056
0.5759746185075121
0.5787617027971695
0.4271022056417364
0.3684478201297368
0.3628363356728851
0.3447000868162556
0.464696845787386
0.5047749698050004
0.4802735426719756
0.4936028272551404
0.6148301456728277
0.5166551648042588
0.3679623496520622
0.5314575859253522
0.5883485750339693
0.5456409573658825
0.6030098576697158
0.686791957263915
0.7396415465353584
0.684546449115814
0.5524783067021172
0.4846385514971183
0.4272069028992509
0.3695673339418771
0.4376636975765325
0.5201494601376092
0.4187405062242784
0.5040223855203032
0.6180830444597797
0.6380261998593635
0.6838494637024723
0.6271924934786104
0.633015591474415
0.5281714493737116
0.330033549431004
0.4120150939503977
0.4831258352457057
0.4744594110832918
0.4978662786074232
0.3036153877748805
0.3668409330447297
0.5938345847703573
0.6143177202347172
0.5261464289018403
0.5197207968680322
0.5748907221464197
0.5389424185282318
0.5789475368886494
0.6712498762963568
0.6746105651026659
0.5486638232659536
0.6271384489197185
0.6581192634875683
0.5573681003454971
0.4771995003157303
0.4667549695141308
0.6036076536249506
0.5879505498188399
0.6858587468033871
0.6340356953188507
0.3636874246230679
0.4291886241496136
0.58853153401548
0.5064827215060417
0.4715836530723604
0.5393013529792647
0.5039622085538769
0.4800301262475623
0.4631591255281059
0.5082986491660689
0.5867081301080678
0.4844577204128646
0.368214984615801
0.643500492353584
0.8173951404600379
0.538286686533988
0.4084867541770557
0.5675978193486545
0.7429876727064485
0.7748784523024587
0.6514778244650005
0.5089490204164495
0.6044520843581707
0.7717558555351495
0.8741737379362595
0.7629738707762379
0.4903755321941679
0.6528344788964366
0.7523757525000319
0.541771695788122
0.4883814800412658
0.5916669012328726
0.7866280555520353
0.7881642513416404
0.5867190053217853
0.6374030810435066
0.669744346746822
0.55111200026268
0.6463004503516204
0.6932383865543992
0.6797312501375523
0.7494142459383439
0.796501385809424
0.7288724051115405
0.7589781926009619
0.7973904936695045
0.8194093113668717
0.8834988268452588
0.8152655572083874
0.7769888224118534
0.6809887545968284
0.6261154412066056
0.6874323497887329
0.7214777015971436
0.6863696836487343
0.6344119881404656
0.5591960941679597
0.5950133821297205
0.7747494459047443
0.7628735662684193
0.6895283876496265
0.6338678289752664
0.6505738351916643
0.6614904860895686
0.4693620360543219
0.4865241913425979
0.5689076755209834
0.6890578567765584
0.6643379946709973
0.6730216906139976
0.7440283355290149
0.6958806491591567
0.5756836573100729
0.7835995086654609
1.1267460328131893
0.9398641843027068
0.7042900060193255
0.8144675786734187
0.8673155499732021
0.800304874610545
0.950180532587894
0.7488318577850823
0.8908053345832349
1.0332491909065395
0.8819935255071778
0.7707943410922552
0.534241805846294
0.5911959095616613
0.7846744245793681
0.8456591158988199
0.667341172125385
0.7030942083711068
0.811499167503371
0.7464558422385312
0.692175539089068
0.7115006040703286
0.6796474066681348
0.7985350964503612
0.9570047522410324
0.7515010854173078
0.7181285004620599
0.6780149692843865
0.5552716779932421
0.5481554575015477
0.7016125579756681
0.7048805340701328
0.7179999953417865
0.9140870521125548
0.8196799668650598
0.7392500456150386
0.770062684115481
0.6090438207354734
0.4740723306143177
0.7827140060269443
0.9375515052208152
0.668377958968319
0.5945240610838016
0.7436982317618156
0.9677799740884564
0.8524930398346234
0.6483993508806453
0.673341313204955
0.3731983499861593
0.3637468594463322
0.5515612643231935
0.734377168719648
0.8319333265190909
0.7742069509098194
0.7957783724395284
0.7252907708455427
0.7219983412233641
0.7402009060434647
0.5374351752611966
0.5964099413362268
0.661636530296244
0.3944504212726407
0.316928429960001
0.5013403893934926
0.6720984462089775
0.6591942669714379
0.5694075130306449
0.4883561548867162
0.5624787303654274
0.6323948092212666
0.762367803800187
0.5392125177411519
0.3890235601591169
0.7464050756280776
0.9556294192560648
0.910539354001394
0.4643142601411937
0.4240147683738348
0.648840236841259
0.7334123385047562
0.7026401306767679
0.6834363471045046
0.794830014085301
0.5686026503193675
0.5057195609190047
0.571230856146077
0.6866252349388702
0.6857647557743566
0.6489010511096409
0.7578387777097235
0.6935597525053688
0.5535965627872173
0.6001599996361825
0.8942577132361857
0.9630365225732096
0.7529799020250306
0.6373585001790111
0.5498605052803291
0.5676395928194718
0.5210525398595558
0.4142665939248958
0.2696429476740166
0.4988089461531888
0.5384769235116385
0.3661679700214392
0.4699087213022324
0.5796714768424741
0.450707720161382
0.334499523660241
0.7620053381839292
0.7693416298595906
0.7044727364210877
0.7992196320470566
0.7502584657651533
0.597690359528188
0.3576684996789757
0.4556137374228088
0.6221569613741716
0.7524453175420454
0.7138537455533076
0.5983866812392072
0.7781226756414711
0.6293762968103236
0.5621351215831994
0.5246074429305345
0.2750216545523265
0.4246982297954909
0.5506334330190835
0.621413681966628
0.7143727472267324
0.6665799592666599
0.6325766059422154
0.6590869611184664
0.6312128750334673
0.5026511609285821
0.5470197369407788
0.6591379442893575
0.7690680405892303
0.8430258654797123
0.8358213533547473
0.6822767311469248
0.5586488635536432
0.8114529108475048
0.9560486896418996
0.9242277012254656
0.6669837852475163
0.443130771813037
0.4136645903076219
0.528471608487197
0.5192471001556206
0.5778704107448077
0.6778107251809815
0.4540388293624341
0.4040722400439667
0.6213636642382228
0.5456434774162561
0.4891260756613378
0.544933285411891
0.3787414488916583
0.6115675195845581
0.8278005829509978
0.6077318370855573
0.5460092828055528
0.4649626985408849
0.548365218533166
0.810197803761935
0.8119150298130804
0.7279642880135291
0.8346867029179638
1.025984853478568
1.0063973964110735
1.0820547393818865
1.1515766711765778
1.0871999917615611
0.926422263574531
0.7506360304991034
0.7132028301633528
0.7164664192779893
0.7891423625408117
0.802041034060908
0.8007256798417117
0.9251287011202988
0.9681295384787136
1.006542141661526
1.1441835467226638
1.098802535874529
0.9283114649923774
0.8735178167945336
0.7780483411145767
0.892482052398598
0.7267741784615063
0.5441830839861832
1.0001616462188043
1.1725310088645693
0.8842832636069857
0.6806986160833776
0.8119543025788826
0.7069375962107558
0.6457689257945681
0.7776823883043693
0.882059067276024
0.8320354528640156
0.6780518570948106
0.7287957899418549
0.7261986756401438
0.6804694888263458
0.6515151514337885
0.7182095681285865
0.7125398235189649
0.6056682082672076
0.5754612454280131
0.7227204099525021
0.769879843828532
0.6417780888029736
0.6509961484658313
0.7996352401631935
0.7853737545828059
0.8214647350519709
0.8802235582998391
0.9019038584403576
1.0366857424968692
0.7861762085039358
0.6082111034390649
0.7204178071583338
0.6347928783849202
0.5799306204307547
0.8714735951200326
1.009753393093762
0.7485003648977306
0.7584490878444846
0.8377809816546063
0.7345460795242945
0.8341912134626813
0.8999451450307153
0.7067887501621454
0.741608723533082
0.7864365691866441
0.7821997693378232
0.9095964249899114
0.8123563273652579
0.8139862808334102
0.7992129026277144
0.7688586325075559
0.8754295607753769
0.8886516873061674
0.8701119704847844
0.8174240689338697
0.958076673966755
0.9888945317468064
1.0379959843221875
0.9534664574892248
0.7724850849371941
0.7953276412168322
0.9537343447143224
0.931606586794079
0.6750588614287943
0.7454080842486894
0.7967125405042979
0.68581807444963
0.7548493166998358
0.9239929415885172
1.0137370159070491
0.8317479654813994
0.6591350992219751
0.9209965982348404
0.995928723262223
0.9441444756536106
0.9464583977790784
0.7704544731805217
0.7366964662670469
0.7336945669539608
0.7089693636972831
0.7895217933115711
0.872316909178094
0.832503534217817
0.7167798405109238
0.7591015916761009
0.8146854257685567
0.682735655571598
0.7520185374106305
0.8070713197331151
0.7023057984809025
0.6511333823587548
0.6372040053839947
0.5726515086899993
0.7007789942443037
0.9403350873269034
0.7922726180283165
0.7132393721716391
0.7180236670046196
0.733048002561867
0.8761225115573577
0.8110289324168228
0.6897377929565244
0.617035154720291
0.7218546852761611
0.7969093059202342
0.8528282527132128
0.9685514108241196
0.7008639739321475
0.6062538771236113
0.7078603562222784
0.7088049932782657
0.6597682586515677
0.754802713408974
0.8823776607519176
0.8330333535383565
0.832731456549771
0.6872742680853764
0.5615410032529792
0.5429861311947571
0.6481383636758504
0.7775200366642543
0.8072055999551841
0.6647934087687877
0.7047658077895221
0.6550680100096798
0.469702082284945
0.831004885335448
0.9545321550778164
0.8389045971703972
0.9421173881446842
0.7981758665183096
0.6524649663556361
0.7589538897261321
0.6629999602101517
0.5943214155099626
0.6280974927418435
0.7720425719719901
0.8848443591021591
0.6189393419247383
0.6150257106118096
0.7279097635015722
0.8395025682416878
0.8830157737050816
0.7449247358843055
0.8337675194471242
0.7578124132067168
0.8165446572378972
0.8477887207490232
0.6928213704481905
0.7364803399892986
0.7354480502918969
0.7335969380690311
0.8148279023679676
0.952724743876726
0.962364305318473
0.6677258500694794
0.6506438189604805
1.064184686552414
1.1237812738554025
0.7513281480226509
0.7048386429082067
0.8658920621255727
0.8071569725638548
0.8267062724168882
0.8792509926757921
0.6786942658401364
0.5440865965743004
0.6118543167162378
0.7655996021511423
0.8297517268658665
0.7296455650781323
0.6150461376370313
0.8005055254146234
0.7822862171465925
0.6296920459036627
0.6806171839647945
0.7996450207085902
0.8396835249324366
0.7746113710515055
0.7601071992842892
0.7781600798367064
0.7277325462346198
0.6582770340198846
0.758784532695849
0.7999376088638195
0.7810684712786496
0.7086966462481215
0.7060821393828549
0.7177103067356694
0.54609859034702
0.4169592612295252
0.5494801051053324
0.6908905846619955
0.8285986753737137
0.7990693930061755
