-0.9469095734228862
-0.612597585133076
-0.3220080364100504
-0.124981885657823
0.2247847092969599
0.4601977298091573
0.4940343370736387
0.5389860125690715
0.5067676054196418
0.4786132447197074
0.5323691680777927
0.4964700634591381
0.5620279822528313
0.5512801583040537
0.5221460506600226
0.3836299913385173
0.097404904757567
0.1073007122976383
0.1020084121110986
0.1365387476201014
0.2562809225374515
0.1264098086550809
-0.2075070772127415
-0.2893339675450108
-0.3442827028740896
-0.3154185221555647
-0.1152878626805094
-0.0323905842382113
-0.016825461425549
0.0444361795175063
0.0609090973686154
0.0146030810164774
0.0473471707174474
-0.109624879468754
-0.2615564640223431
-0.2917439305289414
-0.259218727857157
-0.3452848044227006
-0.2115006140652224
-0.1689648762039228
-0.2708330793812903
-0.1140553769836335
-0.0974929470925672
-0.1412223971368366
-0.0351563969416945
-0.1289768710814586
-0.0868992191376117
-0.0991388930061264
-0.2946704160990689
-0.2146561650048824
-0.246545886431122
-0.0656485412909366
-0.0234346811100923
0.0237965619771037
0.1577077141421338
0.0623846038775657
0.2181017138581473
0.2835168053213648
0.2255148120400134
0.4127707189546808
0.3988798715330698
0.3270760447766852
0.2200869857775272
0.1058211985223524
0.1697747104333608
0.1956462789386976
0.3056379956840478
0.329724216338122
0.3137096582688577
0.4140705917921852
0.2891232864923937
0.3230184089044972
0.3915010464300997
0.2549577117869465
0.2329842375357992
0.1263413376425163
0.23546495613016
0.3060236797487954
0.3821580197410856
0.5155898629387003
0.3772389020681458
0.4685793794507116
0.5628196185210331
0.4407980253540879
0.3850956449424644
0.2622241022128775
0.2315448832315995
0.2748365930629329
0.3714407444762119
0.4871781650644219
0.5857930285555998
0.5311339809256733
0.5538769139109062
0.4705445132685113
0.3755432373187561
0.3922505259986355
0.4189487302999212
0.3961427224310221
0.4135142540100748
0.4521053211446084
0.3130614149561014
0.4128952659092427
0.4392201100839961
0.4451229625897575
0.5384806149039875
0.3715678375255786
0.3537263589168314
0.3357823257004007
0.3014435679411891
0.3837655608256755
0.3789497223979993
0.3361792047131417
0.2660903630049435
0.1973531767007628
0.166067220414698
0.1804774800708558
0.230197753606841
0.2323388540756188
0.2518874249971859
0.2429132312593714
0.2338997590498615
0.3005569629725151
0.2684524386613299
0.3182032912875499
0.4118025040242459
0.3565490839252354
0.4206270805210313
0.3724393706574422
0.2355245828680777
0.2610809087722526
0.1814487829825513
0.1596431837206541
0.1510474229279553
0.1652712089606143
0.2033936267395571
0.2274437414690189
0.2728396826204237
0.3324918456925769
0.378070357958621
0.3863012592950049
0.3984472469200044
0.3236156494939363
0.3841042168587862
0.4095650870721016
0.457855543330956
0.5137352141006839
0.4933716127320616
0.4384005413309597
0.4012915440482537
0.4242100587265032
0.3001473769826105
0.3785211510732006
0.4383917940016645
0.4201217660369158
0.5070438029864932
0.4271467432827985
0.3990451119584011
0.2946052162803715
0.1304742530923457
0.2264966976708216
0.1075366521578418
0.2668691520512822
0.332437963195521
0.4246896851179648
0.4730339627449783
0.386521856247224
0.5320744667792591
0.5330363278519947
0.5379681624104564
0.4870080967337161
0.4691760457202478
0.354332907275213
0.3921821711554841
0.5535104889465405
0.6835105006562352
0.7350534398893162
0.8002443198558802
0.7198457172846712
0.6373851795930341
0.547311652555703
0.6010455294486351
0.5743762771425438
0.5395189507308923
0.6807561161129547
0.6409423773903142
0.6838748092315593
0.6208504258581721
0.6365340233609201
0.640253507522045
0.5034825123776498
0.5141703340289843
0.3753857708631796
0.4126057982629308
0.4990521332135677
0.5556077228136183
0.5728537245480448
0.4539741964952864
0.5164140815183557
0.3583636143032447
0.3854088151199544
0.2959610692450699
0.2778073194729593
0.3969736381193374
0.3084156819346269
0.449240531622242
0.4059552064133954
0.411466180661841
0.4859538269065916
0.5141425066002087
0.6419700289992413
0.499387985786824
0.512180500094013
0.3547796471409973
0.2860036919021479
0.4346627692328653
0.4821436840421432
0.6246004884065548
0.4921376746056775
0.4006905093923291
0.3866497362994643
0.4616799447796095
0.6441640511064173
0.7057639005269307
0.6698215269724197
0.5381612790439806
0.3751136165404824
0.3475222068240313
0.353822614622555
0.3460790723958531
0.5741532069234941
0.4302205288775463
0.3098291954543076
0.3482365616055019
0.2250813619879556
0.4724316229691587
0.5080902151314942
0.5816481990716176
0.4431936283506739
0.32772423985046
0.4868605097103889
0.3291499610624684
0.4377695325233232
0.4659461411004822
0.4212365132464457
0.5453969510234512
0.5606466462455606
0.5602101136983261
0.6672649230658837
0.616540131043565
0.7296807874249558
0.7124229971434533
0.5985691512679145
0.6456066634784497
0.4648229808656092
0.5694913470672317
0.599070947971402
0.6770494425124981
0.7349182990190912
0.5970849414568482
0.5828519778886038
0.4879537125113082
0.5275096713752052
0.594668291118012
0.5071020583066224
0.4953210242479353
0.4482838362495386
0.4786870786161772
0.5480440539075127
0.5287721104029717
0.5346600690292584
0.5015284239250554
0.4726809551445409
0.5178942720339513
0.4391353465969154
0.3399877819755743
0.151871470663351
0.083439128672616
0.2013936593164458
0.2918209036399743
0.3852087853732391
0.5017253488132073
0.5051411987162824
0.49464468084179
0.5141212498697033
0.4204522343240502
0.469401016959297
0.487893533555442
0.4985978398416573
0.4616959073051622
0.4477238184429745
0.4302470408674304
0.4401418942726944
0.4598214944954945
0.4578882867280211
0.5055663958346363
0.5545986426804183
0.5883040803670175
0.4552481783974385
0.3963585130562405
0.3575953666080025
0.3502255841679583
0.374072711628969
0.395433508843607
0.5140197389740055
0.4883270108288096
0.4609117510270596
0.3979247743829198
0.3193502831030391
0.4089594723017887
0.4811525246145984
0.527131794607427
0.3751050571725619
0.3291620251071148
0.2419863392886209
0.2302503734929083
0.4686566710805877
0.4272917189381448
0.3125251930279162
0.1999838733232852
0.0681257528128816
0.0414803333273693
0.2052091421421144
0.2987307838173683
0.3329952528299638
0.388543673467161
0.3751930504142815
0.4395802281649198
0.4719443623906223
0.4185138108577664
0.4551931191952326
0.4868127505116039
0.3769819853309855
0.3355219667442836
0.2964638571859446
0.2990100851851187
0.3729818635642358
0.4372245817844643
0.5750694352263716
0.529506656589702
0.4623395984593352
0.4353161467959497
0.3739083731844633
0.3199328124356186
0.3973340303506485
0.4981956095053735
0.4063538908330507
0.5769860527093751
0.5899763429683358
0.459205080285642
0.4685181778500843
0.3514279952322634
0.3613363988955994
0.5328637005624186
0.5733904775386569
0.5469933117840586
0.466232140401718
0.4123857727669579
0.3008953660159004
0.2994438006779285
0.3469646142473535
0.364870955863336
0.5329830147682444
0.5998721646514985
0.5799805005466445
0.476101342818074
0.5057618591975507
0.4706976870549302
0.4321775115864312
0.4942258853727427
0.4337625409493895
0.3686999138481235
0.4553687015002578
0.4132364033970053
0.3498975917611973
0.3093516338518382
0.2933077540535788
0.2083948556584168
0.3072499135193542
0.3718163649078127
0.4040899884207138
0.5043904775374353
0.4163955046434358
0.4500834222460497
0.380699394481222
0.4414506001226146
0.4850119428472254
0.4796604961809939
0.4618738886732362
0.3631399511570125
0.328544521943155
0.3033532361443287
0.3893045182202874
0.3099127725930891
0.3191812251174398
0.3601241669312143
0.2943361749313716
0.4568078388593928
0.4757123475651696
0.4576322501101841
0.4827016210966024
0.4029064240725449
0.2957523675739829
0.2756911526015152
0.3098758070460183
0.393672348257247
0.5616067597711749
0.5751467046334462
0.5166588135287248
0.4711236267736739
0.3582954095583988
0.3352026032440598
0.4271705033966206
0.4745226461339452
0.4606480009536618
0.5293047237795233
0.4285719817968128
0.2858814997511897
0.3854579224703674
0.4181478872532679
0.4998535178953929
0.621056583123131
0.5684856208717174
0.5349543086293624
0.4777170583253289
0.4082115718425262
0.4293358216039931
0.3590656404048423
0.309247390159816
0.2708849758062857
0.2993688846314602
0.3145618455712589
0.3508213226235995
0.3196150660530158
0.2021614466278326
0.2579763651395551
0.2507930732247458
0.3764692714966847
0.4188507354166622
0.4631084467539037
0.4966714886125655
0.5382143100421456
0.5070985157237561
0.3353696207623867
0.4056741684439756
0.3615419617959865
0.3243532272117451
0.4905989700998181
0.449873215736455
0.3022218517831256
0.392298067855467
0.3254634266785705
0.352971768339855
0.5193089038040926
0.561936286418965
0.431204569631938
0.3429672686766018
0.151564421980066
0.1694210768463166
0.352662502618446
0.4124920382074175
0.548941700348193
0.5837376260314344
0.4907596932050828
0.3720701466478679
0.4187809008806682
0.4165645309772536
0.4736507213817941
0.4906534393646764
0.5425740191302953
0.4393132376271003
0.3826917157080618
0.5490243614957325
0.4626158081767885
0.5236590613077312
0.5633346476059948
0.4466270553644429
0.5597126111216779
0.5541821003412408
0.6161185277200447
0.4236768597326202
0.2727818249140801
0.3658215434204489
0.3488137054636234
0.6363174214183098
0.6619064404613259
0.5287785407272984
0.4878580689925521
0.5753333362347552
0.7257277562306963
0.7338244604469166
0.6585589793525112
0.4835062702557775
0.5690589295655837
0.6140467441640317
0.6727831333752796
0.7237037706557825
0.5917271446214191
0.5783318505510798
0.5578542939784304
0.5152553232306826
0.4404748804448371
0.4950887358620416
0.5893624407256468
0.599131065345398
0.5943153110055707
0.5310884028395642
0.4173794873760478
0.5039987181506664
0.5807052883290984
0.5765384802610313
0.5229152267876633
0.4105612727765222
0.2835434944046526
0.3130248186938419
0.4291045700193401
0.440226515309123
0.5330767405416507
0.5421189739446896
0.5397554456789048
0.6174196397414975
0.5387770282666223
0.4955864248930505
0.4159011069146253
0.4052043965411412
0.6097312347325067
0.6516310438232531
0.7286396624249264
0.5756986000230261
0.3955292459541259
0.3738213046404193
0.3409364270926414
0.3999411536570604
0.387461932303151
0.2677086547472362
0.3243668298316999
0.4673921636083287
0.4334653160211874
0.521234445620187
0.5616716800078302
0.4913378332212674
0.6459572124723573
0.6555244255074847
0.5523781218180379
0.4836423636216211
0.3433462718353797
0.3462218424487656
0.3742093411043157
0.3987903997411201
0.4180315638724017
0.3951141975798339
0.4847531622599325
0.5129452274577274
0.584285525714645
0.4746556939175216
0.3106874782617382
0.198785623312031
0.0925732974590959
0.1880547328596399
0.2385501931825042
0.3404828248750609
0.3746629563919834
0.4409844659297654
0.5377610710236405
0.5060491838489818
0.5021894913424605
0.537840284030263
0.3913916860096154
0.4369287287650026
0.4082919063123538
0.3542075255766292
0.4631092386083611
0.3126062893980555
0.4367631728655638
0.399021837156163
0.3791402765211936
0.6655465819277662
0.5860212517298331
0.680790008294925
0.6609844380397831
0.5484628933849938
0.5284877267481477
0.3501488784075001
0.3454270464619267
0.3455242462697097
0.3645346562799272
0.4613037741509885
0.4484033918320482
0.4279786266433673
0.4012833299194358
0.4095790471139131
0.353774526374866
0.2769320767939868
0.2681294898510265
0.2840041981229279
0.4611892255070464
0.5657111519338445
0.6675474256836361
0.6640312095523074
0.6072541119665176
0.5408697654003939
