-0.5081988435326297
-0.1839644870413054
0.4277244130687655
0.7313385436925269
0.7367181581427968
0.8517422125869433
0.9921711273579916
0.9208585348473776
0.7257579102714056
0.712830859978338
0.6451056573704729
0.4723586209719861
0.4257263436190986
0.3491428068768286
0.3883770592222543
0.618353067524175
0.7696609848136451
0.6746134009111967
0.5255130937893778
0.6201171731441383
0.6990203034017729
0.5083663347855277
0.528082893775365
0.6332092980286685
0.3801457988615311
0.2447782063900327
0.2742139034840118
0.2414718381928168
0.2849967744709765
0.2890809261558996
0.3739474218394412
0.3309366690755834
0.3558652259315149
0.5640875950058224
0.7164085300461082
0.837682854610954
0.8462944115957782
0.5524332698991115
0.3895176161754093
0.7136299306226961
0.650875432859608
0.5325693796107625
0.5466874996793843
0.5448780520068472
0.5892857398357333
0.5441258177719175
0.4862555515692911
0.4704076928300185
0.7174433503791436
0.7288017015257237
0.5940612960171692
0.4609221520754392
0.3876254234616564
0.6660918070541658
0.7461160322575406
0.5179216711197676
0.3400915986173807
0.4004066262901418
0.4141271791677509
0.2855440853345288
0.5024661289202181
0.5838041917289905
0.5058658206834585
0.6903674388754085
0.7817205782314585
0.7999837181985874
0.7807877186119263
0.6608024080304082
0.679473325749045
0.7334209338875156
0.6095799073074107
0.5898932340495721
0.5960970790144066
0.4841506394769566
0.3805913191246226
0.5554410245506416
0.7640325208223854
0.4907889688901113
0.2668576902942225
0.4299572480462504
0.4206906362251202
0.4413992181268774
0.5586934952663384
0.5236526652270389
0.5862352106336267
0.4998008083809431
0.3233714529067042
0.4058643348182293
0.3463273352568417
0.2614570889092437
0.3381598451611093
0.2328769261640636
0.2917210882324828
0.2731441934807388
0.191301101105187
0.3609422754551181
0.4416795223755597
0.4723661797510515
0.4058352864335226
0.3199466852254856
0.3758184590226793
0.3152716064490019
0.266624952901033
0.3413112593585004
0.4964280080066678
0.4302190544113735
0.4010088578571518
0.5878241018405902
0.6032915732808731
0.4059299405489607
0.3151460313489191
0.4593574245547263
0.5311015545284711
0.4682657660074476
0.34439130554661
0.3636796735813638
0.4146756055919415
0.4826410141655337
0.4090936350945084
0.3850032396464262
0.4623614091882636
0.2693361061194986
0.1685754389877982
0.2672404003768959
0.4365210898722464
0.3923774968845154
0.295483745942132
0.2117557740838315
0.1321018432682277
0.0940080045955777
0.0659841907023225
0.2493236226698782
0.3897034410141263
0.3547956056691825
0.3284670138847637
0.2708876213867526
-0.043083428915108
-0.1099825426446347
0.1380178110434596
0.1367765520552273
0.2359496332651027
0.3135538464407517
0.1177493567427775
0.1772664094611575
0.4119712351902885
0.4142783371711678
0.3552939885587556
0.4243883921744427
0.3968527075956861
0.2733895582710072
0.391742697426256
0.4857410110604152
0.2950464884979621
0.3145277255509152
0.2754546555619448
0.1754030538920249
0.3145370458634349
0.4064803078392673
0.4428348366541403
0.371136569127193
0.2454056114100064
0.267915914389229
0.2363530742734873
0.2351155249812433
0.1923071145232935
0.2363055248189294
0.351674381567326
0.3968178144702834
0.4125403018910078
0.4261127469742102
0.3750416725809469
0.1986071180693525
0.210019993253347
0.4244960593355263
0.5044468133412231
0.4224414037884766
0.4584931962652752
0.5352255204020979
0.573933091799001
0.5670946422300295
0.5207923022143226
0.4695600715957735
0.5090668907307118
0.620659077396506
0.5659339463142571
0.4559423261685819
0.4721452644253003
0.549695413503544
0.6494917192823584
0.6538732052632875
0.5932890118501863
0.5748703578208808
0.6786127363062562
0.5742847580083017
0.611132355285188
0.6855336848505519
0.4003232398309984
0.3411370600926266
0.4631206862425313
0.4747205901018647
0.3855760719727614
0.3389133812057923
0.4306156051289396
0.5375507824523997
0.4977129880998754
0.602161670191302
0.6454932198256016
0.4706260430578664
0.244945181041656
0.2772918900489124
0.538387533502506
0.5887872165854606
0.4428075336344363
0.4184042366910969
0.5541816137889977
0.5993919043861962
0.6114114973443757
0.6240432554387706
0.6803833774382221
0.6869107449219729
0.5997789403054109
0.5703774503524486
0.5671014952352895
0.6627442922059765
0.7208215553567524
0.5537894164995661
0.4902462562503002
0.6141589961481424
0.5913069261308764
0.5229925304435992
0.6274920399087208
0.7424467714023737
0.7122693602339247
0.6020523381315088
0.6718892976252552
0.6068016084253213
0.4708512439960563
0.6794042056081372
0.8348208872401063
0.7318949124276712
0.5835989774759751
0.6404492703122375
0.6836153524947126
0.65029871234983
0.6284012995704588
0.5284723394716763
0.4673283798915719
0.4808558757248181
0.5488117885797342
0.5757495579917097
0.5733053047787231
0.5747704943410599
0.6184564227660749
0.5020654304237545
0.4455924448458948
0.4793391467668222
0.3920176086685777
0.5834247136142052
0.6339898024892107
0.5835928192258408
0.6702735660475321
0.6398762625598047
0.4947729983233687
0.4362485518376289
0.5196553040137062
0.5394052027647169
0.6206330517623884
0.651748962296256
0.4648010669036033
0.4931739741596008
0.5187584767641493
0.4779022876201305
0.5577459406489806
0.3798725720055224
0.3804504049413572
0.444844982980248
0.4682100860554668
0.5686286597936547
0.4981245799662152
0.5617943363726857
0.6033425566703192
0.683352004406933
0.7415626701230377
0.5104654729478552
0.5126605119648527
0.5909248119275587
0.6216176741651687
0.6072223678600263
0.7039264244554201
0.6709000488668474
0.6081836273708435
0.6320225826401851
0.6416880796199738
0.7017121613272006
0.762719704365934
0.8655675908094177
0.7971018578637908
0.6473864355366661
0.5869221563148914
0.5561106026921356
0.5100442196749099
0.445966967557806
0.3941519538730113
0.4650164097070308
0.461958903245621
0.5969645438161141
0.6656530148099202
0.4986021166364905
0.3624274528433125
0.3208573402340455
0.3867090885456329
0.3401979333433102
0.4062683693707677
0.6112993774310727
0.4331043356103794
0.4683874368066465
0.6064393390530033
0.4845021662310192
0.3426535402285334
0.309643402960247
0.3152460599412341
0.3091624623516502
0.2963666191257627
0.2460209000655099
0.2252561337857157
0.2048425047100107
0.2278416813090233
0.2301916052773709
0.2269111007168258
0.2898406026940398
0.4162960667703157
0.6180716031383693
0.6412875918226311
0.4867298187368499
0.5098438401043234
0.7311557649044147
0.5937819370439982
0.2590133742112627
0.2976048266828698
0.3969424320733395
0.3920266107416033
0.4427301610911676
0.4718226122476038
0.3691306498375401
0.4042870074207221
0.5239867853601352
0.5957560162370933
0.5079682052249423
0.4126206698288255
0.3813004975807816
0.4473468281766724
0.451621468553309
0.5690683896559361
0.8837896510464296
0.894364462808843
0.7388815768243618
0.5887629305123367
0.4241717256034191
0.4702657959318495
0.3824716191255085
0.291841194486296
0.4831124836225457
0.4268078835768593
0.3033279241753905
0.5044707376553731
0.7150369191639514
0.491355113119893
0.3155221518148876
0.5403181059078479
0.5552777404530923
0.4051468494606197
0.4819995852061328
0.5206525344904834
0.6145790880881186
0.6182670040273277
0.5631508891179192
0.4991294134152219
0.3411169614409897
0.4351724260347467
0.5484073865749167
0.4528954308761457
0.6163199562127925
0.7157382494792813
0.5680670038705596
0.4523520851645745
0.3791896691147112
0.5922385121148582
0.6944119254073988
0.5450810194100891
0.5759850966717522
0.6014742335386208
0.5717067727667701
0.6199906032569587
0.6148503314452133
0.5431432147883658
0.4058494643678839
0.3754935807333975
0.4283739154386824
0.6332857163508181
0.7343277884040961
0.5175864106619231
0.5060721038482984
0.6088409620311502
0.5403282532392997
0.3892655366768122
0.3902161361730982
0.515042299413203
0.5654693691371097
0.6722814400970737
0.5564428491477661
0.5401269025650995
0.754679159510259
0.6857365286867957
0.6581398303408822
0.6399305412724959
0.5271571597164455
0.553516937506936
0.6159957978307211
0.5619018529545433
0.4387139946761246
0.4989995716165701
0.506470635943979
0.6879642756065087
0.6789943798748371
0.3776921696274427
0.5712096901459277
0.6509398892821442
0.4768678087804903
0.5650573143883427
0.6257737703562402
0.482009267147266
0.4706480852869797
0.512285672170035
0.4587467920977136
0.4696297578447232
0.5749930502662823
0.6410207025675193
0.5962814445995065
0.7002288845712275
0.7684119417258333
0.6864484899428425
0.5010198786499749
0.3727943272810976
0.432345766396002
0.4052726912912006
0.5662927616741584
0.784932017870618
0.6093043552780627
0.3988747880809495
0.3944301776070189
0.4915365912391373
0.7169324834931126
0.6780650500174431
0.5234433524955494
0.5771557798590956
0.4780889851124181
0.3592393469192949
0.375404298568624
0.4655637202273231
0.6003574417011229
0.4169509437043248
0.3314267523081542
0.4131388465436573
0.2958864929040385
0.411086700239193
0.5938857979810992
0.5773511562356279
0.6595714910151296
0.5948623561122462
0.443712562116298
0.4350857554083037
0.6069101267669711
0.5454052765114578
0.3563439622549347
0.4998360590381754
0.4829079478958909
0.3858241555576558
0.4885503272195086
0.476823277342956
0.3681439876226576
0.4662730194893699
0.4504282088713228
0.4339650924386404
0.429988481991633
0.5467378619639893
0.7535361354210227
0.6346521308104065
0.4740260835077579
0.5807884487002454
0.5617301833824245
0.4540151672131924
0.6052351779555584
0.6389572037946926
0.5158863569689429
0.5045622758649275
0.5136705792058277
0.4552771500398253
0.6280223478618399
0.7256852020526299
0.4766201351277928
0.3468089412795772
0.4078613278404762
0.4593901318194665
0.5469342424836482
0.5609189300609156
0.6585967293091143
0.7350822505779547
0.4581161025593294
0.4379707901227482
0.7286867446086768
0.8132774108817415
0.6129579421387655
0.5456146695733531
0.3911894260592279
0.2413888694525833
0.2417852122254957
0.3021067288500976
0.6219167930064121
0.6274292733589638
0.6353496094616973
0.663062098909379
0.4695811650205568
0.6398579825450296
0.6848192121360849
0.659731602030934
0.7737828423973842
0.6506158699562308
0.5758137683847565
0.4124476642916182
0.4193159056256635
0.5263217194715186
0.544670304558672
0.4481313480703208
0.3331197453322303
0.3273836213011528
0.3158677037666505
0.5103785037364754
0.6936041759554508
0.541221652227574
0.4640090726081555
0.4963626373445536
0.4806888178516409
0.5506357299158211
0.457684908212334
0.368528232077273
0.4070690422316692
0.4680953252949565
0.5428318482483474
0.5831671417604066
0.6828057638596686
0.6653760988066056
0.5542259740554321
0.6313720747311087
0.6892579100063441
0.4746916143081664
0.3922098953528667
0.4502776644793991
0.6660692271461539
0.5668094409226037
0.3355702972544968
0.4025262811193197
0.4711978318434019
0.5829326780912868
0.4853087793909349
0.5232904567069456
0.5353482499627488
0.6508790698376882
0.7921173221065645
0.6845306407363624
0.6395951888046691
0.5468586121234735
0.4608397687760645
0.3446406555501366
0.4735217167272305
0.7337278237717176
0.5959151286878431
0.3651468718691225
0.3807999397083885
0.3493128431452856
0.3243450326405808
0.4844550452225472
0.4224098850084898
0.3842021761452744
0.5934181843570628
0.5384799212199906
0.362542192386916
0.5026131842274619
0.5830008703761276
0.5008332056958709
0.5307373867990585
0.6851220979032456
0.6523487548037115
0.4733172230969746
0.3503069448690047
0.3715395539039697
0.5356270509121045
0.6131208645695901
0.4931605253202288
0.4731187068085096
0.5582820412151189
