-0.1891554325046638
-0.0072178242364132
0.220572011096235
0.262389542713662
0.375777219521441
0.394170509716685
0.3785123981251693
0.4463380890264161
0.5041640424498582
0.5840562073423485
0.690014798824967
0.6251224550748944
0.6926867840847083
0.680403305249992
0.6332628694406255
0.6476906367750245
0.5833391320290356
0.5655106190104044
0.6694342204850521
0.7607346006138207
0.8204392130574023
0.8582951087394917
0.7659706809364997
0.7552781630997002
0.7132705947784314
0.7114251662950337
0.6895958747046759
0.5850431774199102
0.6524746529596246
0.6182026935095439
0.3970852219839373
0.4502674818579236
0.553333412281497
0.6251143442397147
0.6499037928927518
0.5587975627350902
0.3951457166192055
0.2255784237658797
0.2995824861128538
0.3354565453322057
0.2763344565690382
0.5665936856677357
0.5804418869371417
0.5580140489965865
0.6056129059816685
0.4312245377239672
0.3950036716760685
0.3194373863415604
0.1806118375516973
-0.0207207670093979
-0.0393727237265946
0.078059557346291
0.2115910771270173
0.3621750728349646
0.4973371695325931
0.447268018071664
0.4432842247821438
0.4582789212818607
0.3989624219739751
0.411142975079606
0.432452366050655
0.4010470486198834
0.421289843169076
0.406407859133728
0.4253095311140285
0.4645633062714872
0.305147853001484
0.3138352982002041
0.2126111065392465
0.0590668170226393
0.0570768291592278
0.0499391569253382
-0.0400877957584117
-0.0317458328529444
-0.0028094409599639
0.0472253015117448
0.2130074997221795
0.3226057015288051
0.298290303242687
0.1635736264275053
0.0015262075214135
-0.0194692000589127
0.0636157133485354
0.0824958243589948
0.0789266788559211
0.0503996617409713
0.0351838890443968
0.1725827360892598
0.2108523670839378
0.2653526352822114
0.2354795493204402
0.0417362733426429
0.0328020671448535
-0.0149172442569839
-0.0698294939114588
0.0200053010710104
0.0247365547322186
0.0184927763584433
0.0507688692798456
0.0174704511707968
0.0554781111811616
0.0014954906501524
0.0998629447553709
0.1830565151476396
0.2371246076757591
0.3022323670137289
0.2292116370354787
0.2201893765382234
0.137009073559152
0.113120511445913
0.0993889205961879
0.0028343858884139
0.0882423608279782
0.1709415455539266
0.2368924746131134
0.3428141836808551
0.3916115360968165
0.4177938790439829
0.5039593083404651
0.5559117259993287
0.5408363601522089
0.589611621163727
0.5226527956448048
0.5328024912424195
0.484318201790774
0.4412294087745272
0.4704619233564407
0.4938301959208723
0.4971263532890434
0.4863755277333878
0.4652851055873329
0.4588856477958087
0.5076514047245719
0.558556727943718
0.5961477705824969
0.5518294547604856
0.5504144437942664
0.559165156071742
0.5882504171126939
0.6608967122022839
0.6409448664641301
0.5870508531686542
0.569370982418111
0.4984674633853331
0.5187652611837322
0.5888579244059927
0.6532257203301718
0.7158633860194328
0.7356239149896069
0.7016434247613826
0.6560265758590721
0.6127308098028886
0.6224610295896918
0.6728989912135
0.710090479733786
0.7201905448575139
0.7484316098346838
0.7136317328403331
0.5715756200223686
0.5994481551307822
0.4858297811784844
0.4961821788052335
0.5384683023866256
0.5817215351242429
0.6657443516679237
0.6069849693119574
0.7743903947634937
0.7829234119676793
0.749515341042518
0.7904620504805473
0.6485186771919302
0.5375771457027173
0.7415346633883408
0.7209527450280352
0.7603359499904321
0.8132165241451165
0.6055820624114476
0.6366798620991188
0.6259139659074916
0.666970176422599
0.71429548807065
0.7104039280861918
0.7947712803429607
0.80529732957296
0.8170768915428747
0.844279364012441
0.8931320623909752
0.9158864411688744
0.8880789648575168
0.8320084203337714
0.7075711262511105
0.6333481572823695
0.6677493913169434
0.6992061622024712
0.7909509367382946
0.7402475710545753
0.6837792305853043
0.6681057682720589
0.6188735278535197
0.658613759522822
0.5323396859221304
0.5794400285810231
0.5197012979761021
0.5434277412065915
0.7261443289617379
0.6783874297043013
0.729005818359597
0.657082446046573
0.6120099647373582
0.7132042599725109
0.6376830282013662
0.6377739174965086
0.6045514340223718
0.3887077385694844
0.320685272481663
0.3705451577360174
0.3750543269038855
0.4708106214109264
0.5449947156642891
0.5524924712807485
0.575246031580284
0.6437503589756796
0.7134502958473328
0.6246993493617581
0.580255015681722
0.4682002217203214
0.2777144364896181
0.364549062348492
0.4350835600328165
0.4688771986659204
0.6332095131292186
0.6449415372408963
0.502432058842276
0.4729915674662417
0.4960025934263267
0.5208558504418861
0.7092991369371898
0.7688364078916259
0.7059552848353359
0.6576046340002502
0.5936337917855447
0.5949194273728289
0.682443315847878
0.7199335418720305
0.6811433159996585
0.6757215684130958
0.5558986373008235
0.5294862928913169
0.5678880212609695
0.5536857634409708
0.6248513186489404
0.620410466979385
0.6526799833447251
0.6748463780857308
0.5850048883112272
0.5949620485562647
0.5348389178523734
0.5284325733415102
0.5770189174674273
0.4472467743025634
0.4917580736221812
0.4197674113353677
0.3612069576776072
0.5376324553329936
0.5511828798775962
0.6483239626971593
0.6960974597749581
0.6357892839744942
0.6025031265542653
0.6123760532491235
0.6695535161730503
0.705005262488483
0.6480683859126948
0.6365937333853566
0.6128148537227779
0.6342350486868087
0.796176246267578
0.7482726740668771
0.7374617490686971
0.6971021810292979
0.6485010018742514
0.6959798942512155
0.8221281441290507
0.8622949567263787
0.7762868963223286
0.7986413970590877
0.747019370216856
0.7505534700318602
0.8166834063587387
0.8495404904797017
0.822470457339776
0.7558679750848541
0.7771047310524603
0.692412596608622
0.718557884049321
0.746234807252751
0.7109620689257454
0.7407343445324773
0.812415870589365
0.7956752181259665
0.8449428179487275
0.9461059116027808
0.8744919995537527
0.9438116340241324
0.9670257978361458
0.8110132519897434
0.7969943152921403
0.7434922051987981
0.7582126723534004
0.8180903757050101
0.8303466609026315
0.8635861635080773
0.8224317794834224
0.790155523146611
0.8228843291661123
0.8250709789004769
0.7428560281741423
0.8364097446329083
0.9034651982676764
0.863374361706625
0.9182953928957984
0.9276466902319924
0.7617777691202705
0.7893428626944052
0.6866121392272546
0.7501308533641571
0.8202593044033972
0.7994511269103876
0.9029108258412404
0.7985295000270645
0.6711722361265566
0.7785833277026416
0.7484639231087297
0.6786425521148436
0.7155130317573305
0.5719301468011365
0.4455093491884714
0.5074474856475812
0.4857537220790934
0.5527654296762462
0.7131382973898962
0.7040978856703579
0.8127226210473552
0.7221881120058344
0.7006388071661229
0.7133675009243996
0.750305706991665
0.8933679726970084
0.8244233963860249
0.8007236412104208
0.7876446038359193
0.839461860151572
0.8561050868396989
0.9871748343447116
0.941369954065392
0.8214658409596808
0.9143356053886617
0.7630818732521246
0.7658761361204587
0.8806229415335446
0.8927776746880902
0.8344707403457454
0.8220877869204222
0.7568977385141744
0.7215091669502606
0.7795690907267067
0.7704729688301015
0.6259885201081701
0.6358037410001
0.705170363607089
0.7656349049669794
0.9369774649986066
1.0159707922618546
0.9487481919690612
0.8641713129711952
0.7010531482190313
0.5682232137625549
0.5950871201963674
0.537713232533853
0.6406122800952037
0.6914580799442337
0.7481891744425465
0.8724788098087797
0.7800617884613252
0.8243965397592887
0.7953899440535018
0.6945554564686757
0.6670887658649756
0.5922181596902655
0.5408262689991592
0.5948911426922884
0.6690884403303654
0.5795425525886699
0.5376611951824435
0.3837994414494349
0.2914520177982244
0.3846458972572931
0.3107853692868345
0.4721288525361
0.4516153846750259
0.4744605350265467
0.5698147346373648
0.5784063442607544
0.6926097073594949
0.7725638855432787
0.6944479935851423
0.6817565252841582
0.6888603790647934
0.5218590621310072
0.6166444903853213
0.6826850263757237
0.8246408344372095
0.7327187787412655
0.6904522250241075
0.5553945177021506
0.3938590562312347
0.4319593747561449
0.3097329080401801
0.3971095511318734
0.279126476779036
0.2796458725550225
0.4098473771767926
0.2465256199487508
0.3166191292242508
0.3225332946175201
0.2885622244021582
0.3050854848763538
0.389448864992152
0.381770713160236
0.3423821496823674
0.3916024755302549
0.3366891912712569
0.4271320713390246
0.3808113667028714
0.28123646238433
0.2273466201965048
0.0480160345165045
0.157772504673988
0.2233725754027681
0.1388357572159113
0.1776003915941829
0.1556756691242372
0.1187450097812191
0.040842689041545
0.0599570363947136
0.0024173171379324
0.0480716365042966
0.2645889522813341
0.250805929010404
0.2591745262500018
0.2376885894944084
0.1234435446907923
0.2013964530327189
0.2171068053098835
0.1231985366490517
0.1628685134724283
0.0655848761682611
-0.0010391889376854
0.1051504548994232
0.0899370591688895
0.0802583843241816
0.1487724836536458
0.2121731064290833
0.2297747943709144
0.1717954686985457
0.1288274496557652
0.1244936428226439
0.1735559908592256
0.3300119452468688
0.2757250794943607
0.2859657700847168
0.3625651389757699
0.2717003795533952
0.4242369652672701
0.440453662102394
0.3012187366844668
0.3711935592988733
0.1845626541500146
0.1210447220148496
0.1778925474329601
0.1092425868840362
0.3269806190839205
0.2535585201175269
0.2764843846295889
0.295582441251405
0.1127126155257024
0.2817114387943449
0.1424474701757966
0.2366241900665488
0.4850288494404664
0.4008535340102847
0.4126443126514518
0.2583129732648502
0.2233279904311225
-0.001566072191302
0.2085640798469364
0.1983976443731568
-0.1523047138263397
0.0334336317012223
-0.0505651298842045
0.2228986695935376
0.5846782376781536
0.562993086247113
0.6535237828931147
0.5236795343214216
0.4163177597921376
0.3960713916106011
0.2768522729172944
0.3163738204498896
0.1917399070004261
0.244890878049435
0.4311118475116913
0.3727709435890303
0.495241221531796
0.5821750339715508
0.319964095987694
0.2577268548729714
0.3261595666839416
0.2189373877270596
0.3512829455504821
0.4365607004680792
0.4877948860978165
0.4017774013199285
0.4607403843789726
0.5465713058881906
0.4284733491211471
0.4691821625381955
0.3120391409380436
0.1576418831611565
0.2173827063933448
0.2561179373066781
0.3607473590863806
0.3658718945591394
0.2621678268296352
0.3487157462648987
0.3476288576438744
0.4242373252740991
0.470605362405514
0.5414217443047827
0.3795060079794891
0.4950758437003449
0.678617774928037
0.621947669599046
0.7875139930250131
0.6099728787061532
0.4910675267683339
0.5384623253756136
0.4538551928126339
0.5251191088800755
0.4478459105925775
0.4441630177506124
0.44164098742748
0.5651382039815046
0.6976771707084414
0.6522172885376587
0.7165552368224575
0.6044614930810464
0.5028066017147359
0.4535113493154286
0.492853932526641
0.4818919251863852
0.5309485232811477
0.5979830871241748
0.5415724440376322
0.6335531288320698
0.5286628555948597
0.4618323161909481
0.4621664171749688
0.3623850774333624
0.3803453317790824
0.3234905760702561
0.2971258553757535
0.3186734394012703
0.3429691698847973
0.4604024211172139
0.5562294571161143
0.4496821500769789
0.5787980480320617
0.6677402164660511
0.5311493803111114
0.6556240531743677
0.5500571461089
0.2714023693678007
0.332822322400379
0.1902570867884845
0.2410476141914845
0.3856129946237108
0.4313265118338215
0.6532927675050325
0.6957426960579732
0.7575063536056958
0.6359648387729903
0.517455640925328
0.5077528858544635
0.5510555610445873
0.6847870582709131
0.6812349760583633
0.8216562796466144
0.8250150538576579
0.7912245786593172
