9.6
9.07
19.55
39.39
73.16
85.53
89.52
82.75
98.42
86.03
73.33
73.01
64.89
63.46
63.09
62.84
56.22
57.31
62.91
54.6
56.56
54.71
57.63
60.93
51.66
53.27
61.58
57.27
58.28
60.38
63.37
57.27
51.8
54.0
56.58
56.39
59.01
57.3
50.71
57.18
61.86
55.17
50.35
56.73
55.97
53.07
55.93
52.29
57.37
51.72
55.65
58.39
55.8
53.81
50.87
55.6
53.5
54.86
57.94
58.45
54.4
53.49
51.23
51.05
55.86
53.44
50.49
53.37
49.83
54.53
50.13
49.32
58.22
53.98
51.82
52.53
55.94
51.55
52.65
52.85
51.6
48.34
54.43
50.17
52.29
46.89
46.3
58.21
48.98
49.78
51.89
46.94
51.84
50.83
51.84
49.4
51.18
45.04
57.0
49.8
53.34
54.54
53.7
48.8
48.41
45.02
49.13
46.82
51.58
48.93
44.8
42.35
52.73
49.73
47.01
49.2
46.88
45.96
50.6
42.23
47.96
46.68
52.43
44.28
49.48
46.34
49.14
49.02
50.47
50.64
47.17
52.41
47.49
48.98
40.9
49.79
40.36
49.06
41.07
46.38
53.18
45.18
48.94
45.56
46.16
51.51
50.93
46.04
49.73
38.6
52.02
49.29
50.33
48.96
46.66
52.96
53.58
51.17
46.95
43.9
47.66
45.86
45.98
47.09
49.32
42.24
47.79
44.81
47.17
53.43
46.21
49.02
47.06
47.99
42.43
52.69
48.54
44.72
43.42
45.14
47.52
48.99
42.78
44.17
50.67
43.97
55.83
43.97
48.24
45.28
52.77
41.86
44.67
48.79
45.78
50.16
52.62
46.04
51.85
43.24
51.86
49.09
44.84
53.42
46.31
46.75
45.67
45.24
42.29
46.18
44.04
52.46
45.44
47.55
48.79
47.25
48.82
48.14
45.0
52.8
47.3
49.24
45.39
51.23
52.89
45.49
45.57
51.16
44.36
44.1
47.0
48.04
48.87
48.47
47.63
52.83
46.12
55.09
51.4
39.61
48.61
41.28
46.84
48.23
45.49
50.56
48.13
44.97
52.82
52.36
45.0
48.88
52.01
44.44
47.1
46.23
47.52
48.86
50.75
49.41
43.11
45.86
47.8
46.61
47.18
48.24
50.37
49.0
47.01
46.68
42.78
54.75
48.9
49.12
50.11
50.48
45.17
47.78
44.14
49.41
44.98
49.53
48.33
48.39
49.32
46.29
46.06
45.28
41.7
40.48
46.48
46.9
47.33
47.28
47.16
48.15
44.66
50.22
49.09
45.67
46.84
50.03
45.76
50.55
46.64
50.66
47.02
50.23
48.22
40.62
47.14
51.53
45.63
44.8
42.85
42.45
43.67
46.12
49.67
46.96
46.8
38.97
47.4
40.04
46.58
44.36
41.73
45.45
45.67
50.02
47.72
47.02
50.19
42.88
48.74
45.6
48.75
47.26
49.68
44.85
50.89
50.65
42.66
45.8
48.4
48.53
48.97
46.21
45.27
50.22
51.67
50.84
51.55
47.8
53.48
47.68
47.67
46.95
42.37
47.84
45.99
43.99
48.51
45.61
45.32
52.39
45.13
44.7
43.62
46.5
44.0
45.23
44.27
46.66
46.48
43.17
42.02
44.58
45.47
54.42
50.04
40.61
49.49
49.98
51.0
42.38
47.81
45.13
45.28
56.36
47.05
47.43
43.93
45.21
47.91
46.68
52.42
41.08
45.72
50.85
51.88
43.06
55.34
46.13
45.5
42.71
52.08
50.18
45.65
43.16
46.85
45.31
48.15
43.68
41.06
44.22
42.64
47.01
48.43
42.94
48.41
45.55
46.25
47.27
43.6
49.95
41.14
50.83
46.82
48.53
39.54
46.23
47.56
49.67
49.81
45.49
47.28
42.79
50.79
42.88
47.0
44.82
48.61
51.32
41.07
52.55
47.58
48.67
47.4
48.47
45.34
47.99
45.34
49.31
38.26
47.96
50.68
47.49
45.68
43.55
50.41
43.42
43.23
44.16
44.19
45.18
45.29
44.31
43.16
52.69
50.85
50.94
46.05
42.52
47.83
49.02
51.02
49.12
46.1
54.41
48.57
45.89
46.7
51.05
46.58
46.56
48.74
49.83
42.3
54.98
46.15
45.63
51.35
47.17
44.91
43.06
52.19
48.8
50.36
40.8
46.7
53.3
48.26
45.92
46.01
49.49
48.29
41.78
47.48
38.87
47.62
43.38
46.56
46.65
50.68
47.09
47.27
45.38
43.98
42.65
45.87
43.32
43.4
45.94
43.2
46.84
38.43
50.76
44.52
42.08
51.68
47.41
48.88
48.86
39.88
47.74
41.6
44.87
46.77
41.39
46.56
51.25
47.55
43.41
48.35
52.16
45.83
49.31
42.46
47.26
49.28
43.2
40.55
42.06
45.62
44.58
42.7
53.28
46.47
41.56
47.45
46.19
50.7
51.86
51.9
45.29
48.2
45.43
43.88
44.37
41.2
49.99
46.21
39.2
44.53
45.44
52.09
42.66
48.42
42.42
43.21
48.75
50.63
46.88
50.59
44.4
49.16
43.04
53.21
44.08
48.53
40.35
48.45
49.75
46.6
51.52
48.93
45.49
46.6
47.3
