0.6759999999999999
0.8702000000000001
2.1198
3.0768000000000004
4.812000000000001
6.7018
7.368200000000001
8.7844
11.1531
12.2355
12.3581
13.6827
14.434500000000003
15.4771
15.652500000000002
16.5728
16.9707
17.1548
17.788999999999998
18.0386
18.161
18.7973
19.7222
19.4841
20.131500000000003
19.8748
20.358
20.5829
20.965
21.0396
21.309499999999996
21.374700000000004
21.7078
21.5324
21.6724
21.793899999999997
21.921500000000005
21.8077
22.047899999999995
22.197499999999994
22.524500000000003
22.16670000000001
22.5131
22.5852
22.7905
22.4396
22.4626
22.6759
22.8959
22.466599999999996
22.6288
22.5614
22.5479
22.7772
22.6269
22.7203
22.956100000000003
22.90770000000001
22.7922
22.7416
22.6887
22.8765
22.7271
22.820099999999996
23.1914
22.73060000000001
22.874399999999994
22.6515
23.1696
23.193100000000005
23.1341
23.2795
23.0719
23.0129
23.0702
23.1497
23.458400000000005
23.19579999999999
23.4755
23.3555
23.2525
23.2486
23.655800000000003
23.3603
23.331100000000003
23.3343
23.306300000000007
23.578600000000005
23.1161
23.5339
22.975900000000003
23.666000000000004
23.4707
23.6474
23.5849
23.377699999999997
23.523000000000003
23.5671
23.2032
23.4582
23.6019
23.7242
23.4289
23.2493
23.830900000000007
23.9383
23.9797
24.02940000000001
23.7885
23.890300000000003
23.9336
23.859699999999997
24.003200000000003
24.188899999999997
23.984900000000003
24.3068
24.395
24.375599999999995
24.803799999999995
24.2764
24.4005
24.5556
24.6041
24.5722
24.477400000000003
24.411399999999997
24.8024
24.6604
24.853
24.7155
24.942
24.710300000000007
25.0282
25.05749999999999
25.2308
25.168600000000005
25.017200000000003
25.3222
25.2724
25.088
25.363000000000007
25.637400000000003
25.560600000000004
25.3521
25.1369
25.477000000000004
25.2865
25.514399999999995
25.4379
25.379
25.2477
25.6168
25.8135
25.6066
25.848
25.6915
25.8655
25.7969
26.0019
25.7305
25.6481
25.7615
25.7984
25.8752
25.6714
25.5506
25.893
25.82
25.67
25.69580000000001
25.32210000000001
25.673299999999998
25.700399999999995
25.838200000000008
25.747000000000003
25.512
25.805800000000005
25.8945
25.8941
25.7429
25.7606
25.8485
26.096
25.8593
25.985399999999995
25.934700000000003
25.986
26.0087
25.782200000000007
26.0563
25.9985
26.000700000000005
25.8401
26.0892
25.879300000000004
25.9386
26.055800000000005
26.3056
26.2265
25.995800000000003
26.0244
26.0071
26.1553
26.135900000000003
26.229199999999995
25.883999999999997
26.1736
26.4841
26.2315
26.2948
26.457400000000003
26.1653
26.4199
26.2299
26.4956
26.328000000000003
26.232599999999994
26.3255
26.2234
26.3165
26.2312
26.5305
26.2067
26.4313
26.3104
26.488700000000005
26.5475
26.5657
26.374399999999994
26.4559
26.2722
26.3524
26.3988
26.6963
26.43980000000001
26.6265
26.611200000000004
26.43990000000001
26.4934
26.4227
26.436100000000007
26.6368
26.4393
26.5386
26.4931
26.5679
26.47620000000001
26.569000000000003
26.7241
26.929500000000008
26.647
26.5659
26.7858
26.4272
26.3867
26.6173
26.408400000000007
26.405
26.6076
26.666699999999995
26.4846
26.526
26.783600000000007
26.682099999999995
26.823799999999995
26.5059
26.665399999999995
26.629299999999997
26.6074
26.4456
26.546199999999995
26.6998
26.7071
26.606
26.5462
26.4017
26.5398
26.4939
26.525200000000005
26.4876
26.6155
26.5449
26.573600000000003
26.3055
26.5636
26.516200000000005
26.5537
26.4172
26.4832
26.3943
26.2876
26.6203
26.5602
26.2847
26.35
26.6659
26.5751
26.490400000000005
26.702600000000004
26.493099999999995
26.397700000000004
26.4934
26.5108
26.731799999999996
26.5951
26.416400000000003
26.289499999999997
26.3603
26.151300000000003
26.691800000000008
26.3633
26.460700000000006
26.355200000000004
26.243500000000004
25.928300000000004
25.9805
26.14860000000001
26.296299999999995
26.24609999999999
26.370899999999995
26.4229
26.400800000000004
26.297000000000004
26.4663
26.2545
26.39989999999999
25.7371
26.0944
26.1905
26.7057
26.1869
26.323
26.338800000000003
26.4366
26.448799999999995
26.6014
26.403900000000004
26.489700000000006
26.759100000000004
26.6683
26.820999999999994
26.5029
26.772
26.7654
26.5552
26.6035
26.489799999999995
26.4533
26.5854
26.7312
26.534699999999997
26.8057
26.5174
26.711700000000004
26.516
26.8567
26.6588
26.623800000000003
26.359600000000004
26.532900000000005
26.2773
26.355500000000003
26.204600000000006
26.4008
26.4659
26.2614
26.451500000000006
26.5171
26.2612
26.696500000000004
26.457399999999996
26.4332
26.3184
26.457700000000003
26.2454
26.4441
26.5193
26.5505
26.397299999999998
26.5359
26.2043
26.5206
26.5275
26.3219
26.3783
26.5242
26.6031
26.3834
26.51
26.4832
26.2613
26.550300000000004
26.238200000000003
26.0919
26.4715
26.302700000000005
26.1049
26.068499999999997
26.2018
26.1941
26.434499999999996
26.352200000000003
26.2018
26.017999999999997
26.0452
26.131200000000003
26.1301
26.4811
26.3312
26.4451
26.455800000000004
26.614000000000004
26.5799
26.622900000000005
26.514
26.6496
26.6732
26.64230000000001
26.7179
26.731399999999997
26.7476
26.65130000000001
26.7792
26.805700000000005
26.930100000000003
26.694599999999998
26.532699999999995
26.702
26.7324
26.7756
26.878400000000003
26.6323
26.800300000000004
26.6028
26.696900000000007
26.674899999999997
26.606000000000005
26.8957
26.770599999999995
26.5119
26.87
26.8939
26.863200000000003
26.8609
26.8624
26.7305
26.7626
26.7932
26.7025
27.1278
26.9008
27.0879
26.8666
26.7696
26.91060000000001
27.0706
26.9358
26.6621
26.712000000000003
26.777100000000004
26.7307
26.7251
26.9644
26.829
26.9905
27.009099999999997
26.797600000000003
26.65
26.7907
26.711399999999998
26.6809
26.658500000000004
26.55540000000001
26.876
26.7316
26.55410000000001
26.7154
26.6356
26.741200000000003
26.6623
26.7471
26.743700000000004
26.6645
26.843100000000003
26.7011
26.55690000000001
26.8207
26.7529
26.780400000000004
26.6582
26.7006
26.626200000000004
26.707400000000003
26.94580000000001
26.608100000000004
26.6622
26.6776
26.62580000000001
26.7435
26.702600000000004
26.7916
26.65750000000001
26.7324
26.4735
26.6989
26.9331
26.570400000000003
26.6923
26.934100000000004
26.9447
26.685800000000004
26.5139
26.900199999999995
26.582399999999996
26.4833
26.9342
26.6686
26.8781
26.890799999999995
26.627800000000008
26.8472
26.745
26.879700000000007
26.727000000000004
26.6807
26.634300000000007
26.5564
26.714
26.66210000000001
26.567300000000003
26.758699999999997
26.63300000000001
26.8307
26.894800000000004
26.8111
26.984499999999997
26.8797
26.7632
26.692899999999995
26.807900000000004
26.513199999999998
26.557
26.800300000000007
26.811
26.4078
26.579600000000006
26.5821
26.6162
26.551500000000004
26.564400000000006
26.771
26.736400000000003
26.483600000000003
26.572099999999995
26.7463
26.6925
26.6948
26.7677
26.6026
26.549499999999995
26.690700000000003
26.4185
26.4649
26.5101
26.4811
26.441000000000003
26.480400000000003
26.478099999999998
26.3295
26.2824
26.5081
26.29
26.350400000000004
26.59519999999999
26.2066
26.433000000000003
26.486000000000004
26.72600000000001
26.6684
26.9269
26.5557
26.656400000000005
26.6338
26.8073
26.5761
26.6093
26.3765
26.2105
26.3781
26.4735
26.64720000000001
26.432100000000005
26.7558
26.593399999999992
26.5639
26.4796
26.601799999999997
26.5821
26.629900000000003
26.6175
