-11.966399999999997
-6.736500000000001
-2.811500000000001
0.0916
1.0029
2.504900000000001
3.7828
5.424299999999999
6.9529
9.407
10.4056
10.584899999999998
12.804800000000006
13.4629
14.490499999999995
15.3746
15.985599999999998
16.855199999999996
17.570700000000002
17.4612
18.4355
19.0983
19.3855
19.3871
19.8439
20.295900000000003
20.328500000000005
20.639199999999995
20.9317
21.283500000000004
21.5235
21.455
21.567699999999995
21.8373
22.1332
21.8807
22.028900000000004
22.353900000000003
22.195900000000005
22.2863
22.4608
22.8579
22.5846
22.573
22.694900000000004
22.793
22.948100000000004
22.9386
23.2093
23.3096
23.508
23.1632
23.079
23.074600000000004
23.364500000000003
23.2693
23.716700000000007
23.7208
23.7952
23.9616
23.8891
23.999900000000004
24.2804
24.4192
24.3748
24.7079
24.5808
24.8609
24.703000000000003
24.664200000000005
24.8558
25.0134
24.9402
24.9802
25.1484
25.0893
25.317400000000003
25.2771
25.5389
25.433
25.4199
25.4534
25.5282
25.7185
25.6378
25.8915
25.7075
26.0068
25.995800000000003
25.90000000000001
26.0814
26.051900000000003
26.018999999999995
26.095800000000004
26.18
25.9592
26.142200000000003
26.0112
26.202099999999994
26.405600000000003
26.0911
26.1358
26.172699999999995
26.193300000000008
26.2902
26.3041
26.4355
26.3008
26.3098
26.491
26.4558
26.4401
26.2961
26.2746
26.4584
26.7149
26.41419999999999
26.365799999999997
26.5236
26.5557
26.5436
26.4766
26.621700000000004
26.838100000000008
26.3664
26.4375
26.673299999999998
26.4531
26.7326
26.616599999999995
26.7099
26.442200000000003
26.6329
26.3508
26.5588
26.5842
26.7368
26.7566
26.7038
26.648699999999995
26.7357
26.8051
26.54750000000001
26.7647
26.5638
26.9874
26.5754
26.5878
26.564099999999996
26.5673
26.7857
26.5796
26.6575
26.7447
26.7294
26.5
26.6162
26.8524
26.910100000000003
26.5184
26.685800000000004
26.738299999999995
26.741
26.889399999999995
26.7442
26.6279
26.8479
26.570500000000003
26.704000000000004
26.8431
26.8588
27.007300000000004
26.8145
26.9019
26.7702
27.120400000000004
26.79
27.0354
27.0373
26.83130000000001
26.876199999999997
26.773900000000005
26.879
26.8587
26.8408
26.9414
26.774700000000003
27.078
27.04339999999999
26.9907
26.8546
26.9694
26.8121
27.021799999999995
27.231200000000005
26.944900000000004
27.1541
26.888700000000004
26.811599999999995
26.7648
27.009
27.110599999999994
26.99149999999999
26.82300000000001
26.937700000000003
26.9527
26.823599999999995
27.022599999999997
26.9926
26.90460000000001
26.846699999999995
27.0167
26.834299999999995
26.9664
26.9105
26.95660000000001
27.0318
27.3
27.0618
26.911000000000005
26.7018
26.990400000000005
27.029499999999995
26.9267
26.9132
26.7007
26.8562
27.0137
26.867800000000003
26.993200000000005
27.0726
27.1166
26.8849
26.850800000000003
27.0061
26.8702
27.033300000000004
26.8213
26.8756
26.9462
27.0315
27.0268
26.711
26.973000000000003
27.004500000000004
26.926500000000004
26.9958
26.9542
27.076400000000003
26.9151
26.4651
27.0692
26.9018
26.725
26.7313
27.0149
26.5946
26.8602
26.809100000000008
26.9682
26.9681
26.885300000000008
27.126800000000003
26.9113
27.2047
26.946599999999997
27.2015
26.913200000000003
26.98530000000001
27.0145
26.8734
26.9637
26.965000000000003
26.79469999999999
26.855500000000006
26.6871
26.578000000000003
26.623900000000003
27.1025
26.7519
27.142699999999994
26.8689
26.995700000000003
26.8578
27.0529
26.916099999999997
26.887100000000004
27.2143
26.724
27.1467
26.9272
26.932299999999994
27.1965
26.8805
26.992899999999995
26.8642
26.886099999999995
27.152
27.131900000000005
26.932
27.0592
27.0609
27.1037
27.01
27.093100000000003
26.8735
26.974300000000003
27.074
27.0298
27.2315
26.847400000000004
27.1512
27.1395
26.946300000000004
27.1283
27.2525
27.0688
27.134999999999994
27.011000000000003
27.301399999999997
27.038200000000003
27.1091
27.138200000000005
27.022800000000004
27.200900000000004
27.31490000000001
27.239
27.0377
26.9877
27.173100000000005
27.1309
27.191
27.004400000000004
26.7375
27.131000000000004
27.1446
27.134400000000007
27.1657
27.224100000000004
26.9271
27.008699999999997
26.8268
26.960600000000003
27.0968
26.9763
27.0521
26.9793
26.9772
26.919
26.8797
26.7769
27.148700000000005
26.9506
26.9513
27.069599999999998
27.2044
27.1326
26.8962
27.0577
27.1339
27.1985
27.05830000000001
27.0024
27.067100000000003
26.91999999999999
26.9672
26.9699
27.100700000000003
27.087
27.0307
26.831500000000005
26.7903
26.9249
27.0182
27.0512
26.8285
26.993800000000007
26.9675
27.1665
26.9631
27.00660000000001
26.9048
26.9872
27.1959
27.3805
26.971499999999995
26.9696
26.8269
27.1259
26.888
27.0609
27.132900000000003
27.152600000000003
27.0513
27.065500000000007
27.1954
27.1439
26.8426
27.0359
27.1202
26.9407
27.164000000000005
27.0783
27.1531
26.9948
27.093599999999995
26.9774
27.2433
27.0202
27.2197
27.2253
27.0104
27.0051
27.1461
27.03890000000001
27.1171
27.1059
27.1563
27.1263
27.1719
27.3015
27.168
27.0651
27.1169
27.172200000000004
26.9711
27.1279
27.035299999999992
27.2674
27.274700000000003
27.0347
27.1316
27.051599999999997
27.0772
26.989500000000003
27.0491
27.094800000000006
27.3319
26.9534
27.071000000000005
27.0858
27.023200000000006
27.0709
27.13480000000001
27.1332
26.96
27.1718
27.022
27.1813
27.011000000000003
26.7462
26.9148
26.9007
26.705
26.8878
26.997199999999992
26.852400000000003
26.91
27.0697
26.93
27.04170000000001
26.9979
27.1228
26.8488
27.1609
26.8142
27.0832
26.8029
27.060799999999997
26.7939
26.92420000000001
27.0607
26.9882
27.0799
26.9483
27.0866
27.025500000000008
26.9498
26.985100000000003
26.871600000000004
27.085300000000004
27.1052
27.047600000000006
26.718100000000007
27.1294
26.7315
26.7754
26.667100000000005
26.835700000000006
26.95710000000001
27.1222
26.922
26.9278
26.949499999999997
26.9715
26.9041
27.0471
27.0938
26.8864
27.0962
27.1662
27.1198
27.0773
27.2059
26.783499999999997
27.02180000000001
26.674000000000007
26.9064
26.9861
26.9907
27.1627
27.0648
27.1665
26.9633
27.3085
27.2237
26.7307
27.044
27.1066
27.1293
27.0288
27.0945
26.911400000000004
27.15770000000001
27.051599999999997
26.772800000000004
26.9353
26.817
26.9179
27.035499999999992
26.26
26.950000000000003
26.8206
26.965999999999998
26.9567
27.0705
26.5715
27.069
27.02540000000001
27.0276
27.0555
26.98099999999999
26.9856
27.0767
26.8762
26.856599999999997
26.9449
26.84060000000001
27.0051
26.832000000000004
26.942300000000003
26.6378
26.7889
27.076
27.1235
26.8781
27.0147
26.783900000000003
26.7624
27.1969
27.06770000000001
26.8552
27.2102
27.1878
26.867899999999995
27.0743
27.0834
27.0583
26.823400000000003
27.109899999999996
27.0612
27.1586
27.1967
26.9681
26.9675
27.1798
27.079300000000003
27.0668
26.9487
27.2969
27.1653
27.0069
26.8026
27.0042
27.2311
27.23
27.1232
27.136999999999997
27.1505
27.1662
27.160599999999995
27.1335
27.057099999999995
27.1002
27.0267
27.082200000000004
26.940600000000003
27.1312
27.029599999999995
27.0035
