-3.9582
-2.4719
0.0312
1.218
1.7785
3.0561000000000003
4.760400000000001
6.682199999999999
8.581
10.1706
12.2789
13.6742
15.0768
16.3425
17.393500000000003
18.026
19.3856
20.0157
20.8761
21.343399999999995
21.9648
22.1691
22.630600000000005
22.77
23.11790000000001
23.5493
23.427899999999998
23.9748
23.91529999999999
23.7504
24.408000000000005
24.3386
24.5239
24.721299999999992
24.9894
24.7029
25.024200000000004
24.931399999999996
25.2121
25.0268
25.229
25.1825
25.407300000000006
25.08470000000001
25.3342
25.5135
25.366100000000003
25.7025
25.5614
25.75330000000001
25.7046
25.6048
25.694000000000003
25.777
25.9857
25.973700000000004
25.9326
25.996800000000004
26.207000000000004
26.080400000000004
26.0704
26.389600000000005
26.3374
26.202700000000004
26.2597
26.253
26.1076
26.404
26.4973
26.5639
26.436799999999995
26.432199999999995
26.283
26.3572
26.5478
26.7296
26.4224
26.278899999999997
26.410299999999992
26.6273
26.7557
26.432600000000008
26.69880000000001
26.6095
26.563200000000005
26.5656
26.664000000000005
26.722800000000003
26.655600000000007
26.8103
26.708
26.70049999999999
26.5836
26.8244
26.667700000000004
26.8786
26.7034
26.873500000000003
26.8983
26.956099999999992
26.9314
26.8364
26.8148
27.0871
26.6846
26.7875
26.784199999999995
26.884999999999994
26.785100000000003
26.8273
26.631000000000004
26.585700000000006
26.6886
26.7834
26.7988
26.6688
26.6463
26.491000000000003
26.7118
26.837
26.8035
26.5596
26.6861
26.9149
26.9765
26.694
26.4719
26.9258
26.5505
26.6804
26.658600000000007
26.704199999999997
26.944900000000008
26.4355
27.0102
26.5968
26.699
26.960600000000003
26.8341
26.7559
26.9441
26.893899999999995
26.670199999999998
26.736399999999996
26.9387
26.9265
26.940700000000003
26.9204
26.9232
26.9448
26.67
27.0321
26.8198
26.7439
27.0625
27.018600000000003
26.9829
26.7742
26.8193
26.9571
26.8299
26.869
26.782899999999994
26.732600000000005
27.015299999999996
26.8548
26.4272
26.8653
26.9399
26.877
26.84379999999999
26.791
26.74180000000001
26.7359
26.7523
26.8104
26.7332
26.835100000000008
27.028400000000005
26.903
26.8725
27.04379999999999
27.016200000000005
27.0506
27.1025
27.275100000000005
26.984000000000005
27.077
27.0455
27.0157
27.049699999999994
26.8888
27.049599999999995
26.9849
26.979400000000005
26.8611
26.645000000000003
26.9328
27.0374
26.928500000000003
26.8642
26.8841
26.6245
26.82520000000001
26.9216
26.9001
27.004700000000003
27.155500000000004
26.8019
26.869600000000005
26.975700000000003
26.7936
26.928099999999997
26.9522
26.9108
26.9364
27.09700000000001
27.0723
27.0108
26.9953
26.927299999999995
26.7576
26.7966
26.82
26.343
26.589
26.6546
26.4247
26.878200000000007
26.963500000000003
26.8675
26.9611
26.8558
26.9725
27.138099999999994
27.1298
27.0977
27.0744
26.8747
26.938700000000004
27.0622
26.957000000000004
27.065800000000003
27.077099999999994
27.240400000000005
27.0032
27.053100000000004
27.060199999999995
27.0524
27.360100000000006
27.1138
27.1256
27.065600000000003
26.926200000000005
27.1903
27.0465
27.2695
27.097800000000003
26.9978
27.237399999999997
27.109300000000005
27.053500000000003
26.986200000000004
27.0368
27.188700000000004
27.183199999999992
27.1248
27.046100000000003
26.9815
27.2434
27.1512
27.187
27.129700000000003
26.936400000000003
27.2425
27.0097
27.1448
27.1256
27.279799999999994
27.0916
27.262400000000003
27.155600000000003
27.324699999999996
27.253300000000003
27.2357
27.1508
27.264800000000005
27.1111
27.4434
27.379
27.046299999999995
27.1003
27.4157
27.16230000000001
27.1072
27.3563
27.05419999999999
27.224300000000003
27.325400000000005
27.323899999999995
27.005599999999998
27.1911
27.191
27.218
27.016699999999997
27.0644
27.037
26.963500000000003
27.234400000000004
27.14630000000001
27.1282
27.0858
27.1679
27.1416
27.219999999999995
27.309099999999997
27.159
27.2513
27.2088
27.130599999999998
26.987
27.1303
27.1776
27.01870000000001
26.9275
26.893600000000006
27.104600000000005
27.028500000000005
27.1043
27.1432
27.210700000000006
27.2813
27.1151
27.2312
27.2726
27.2049
27.0902
26.931899999999995
26.952500000000004
27.193900000000003
27.0715
27.0466
27.1028
27.1786
27.0741
27.0854
26.921
27.1056
26.9508
26.8856
27.0335
26.823400000000003
26.8657
27.110399999999995
26.8505
26.9492
27.2592
26.8353
26.9351
26.7478
27.0253
27.201
26.958399999999997
26.7357
26.976300000000005
27.2878
27.1079
27.195000000000004
26.9954
26.787699999999997
27.1127
27.1808
27.015400000000003
26.863200000000003
26.9806
27.0145
26.950600000000005
27.238200000000003
26.9842
27.1234
27.023
27.2522
27.130800000000004
26.8685
27.0583
26.7538
27.0166
26.8747
26.782900000000005
27.113200000000003
26.92
26.805599999999995
27.2627
27.1675
27.062600000000003
27.0631
27.0326
27.0276
26.957
26.919
26.9949
27.03550000000001
26.988
27.131000000000004
27.119300000000003
26.9126
27.0433
26.913200000000007
26.9262
26.8798
26.6335
26.9048
26.862700000000004
26.899
27.162900000000004
26.790600000000005
26.8134
26.7175
26.8983
26.8378
26.9728
26.850499999999997
26.9082
26.9451
26.8649
27.075100000000003
26.983300000000003
27.0709
26.802700000000005
26.8568
26.8325
27.029
26.8095
26.797199999999997
26.795399999999997
26.907400000000003
26.7865
27.027899999999995
26.9351
26.547600000000003
26.8908
26.8594
26.9984
26.8631
26.6829
26.5947
27.0136
26.7687
26.932399999999998
27.000499999999988
26.9749
26.774400000000004
26.7317
26.74000000000001
26.6408
26.7543
26.5896
26.6018
26.8462
26.6961
26.7675
26.7836
26.7069
26.731999999999992
26.81
26.89990000000001
26.997700000000005
26.809999999999995
26.923700000000004
27.0619
26.7892
26.885900000000003
26.711800000000004
26.9392
26.8688
26.8408
26.9829
26.8152
26.899600000000007
26.9132
26.9653
26.9777
26.9392
26.72170000000001
26.8637
26.7746
26.889199999999995
26.8207
26.7546
27.0227
26.882100000000005
26.877
26.888700000000007
26.767999999999997
27.062700000000003
26.9636
26.92270000000001
27.1028
26.963100000000004
27.142499999999995
26.9575
27.038200000000003
27.00940000000001
26.965000000000003
27.1334
26.9702
27.0794
26.989799999999995
27.1784
27.0636
26.900399999999998
26.7523
26.9374
26.967
26.9708
26.937100000000004
26.9206
26.9468
26.659600000000005
26.9027
26.813899999999997
26.5927
26.7364
26.9584
26.843100000000003
26.932
27.0166
26.8451
26.7631
26.755700000000004
26.7485
26.9713
27.0616
26.888
26.8656
27.0673
26.9786
27.0436
27.138900000000003
26.9333
27.20940000000001
27.167800000000003
27.0926
26.9622
27.079699999999992
27.4431
27.07690000000001
27.0831
27.2713
27.1126
27.33
27.296100000000003
27.0691
26.9224
27.2187
27.068100000000005
27.1602
27.0684
27.1729
26.9617
27.180700000000005
27.096200000000003
27.303800000000003
27.107700000000005
27.118800000000007
27.300500000000003
27.0534
27.0325
27.1639
27.1011
27.1193
26.9875
27.129900000000003
27.223000000000003
27.0821
26.993099999999995
27.06860000000001
27.1074
26.8178
27.16720000000001
27.002900000000004
27.0188
27.0984
27.2049
26.8927
27.1721
27.117400000000004
27.170900000000007
27.168
27.1875
27.2782
27.0227
27.0027
27.3084
27.135
27.118599999999997
27.2341
27.104399999999995
27.130400000000005
27.1442
