11.196666666666667
12.37
13.549999999999999
14.11
14.089999999999998
18.91
19.576666666666664
21.313333333333333
25.14
26.113333333333333
24.036666666666665
17.94333333333333
22.72666666666667
20.553333333333335
22.963333333333335
23.103333333333335
17.953333333333333
21.099999999999998
26.723333333333333
27.126666666666665
21.47
22.63
25.513333333333332
23.99
27.13333333333333
23.513333333333332
28.096666666666664
24.48
19.01
23.513333333333335
24.64
19.14
20.366666666666664
21.703333333333333
27.313333333333333
22.99
24.016666666666666
22.023333333333337
21.590000000000003
17.343333333333334
14.753333333333336
16.279999999999998
20.36
22.336666666666662
24.796666666666667
22.156666666666666
16.686666666666667
18.216666666666665
15.973333333333334
17.81
18.14666666666667
19.27
21.05333333333333
21.939999999999998
20.64
19.540000000000003
18.13
14.969999999999999
14.396666666666667
13.83
15.296666666666667
11.676666666666668
10.906666666666666
13.473333333333334
17.646666666666665
14.393333333333333
16.62
17.78666666666667
11.806666666666667
15.06
17.150000000000002
16.02333333333333
15.613333333333335
13.64
13.15
11.550000000000002
13.666666666666666
14.339999999999998
16.996666666666666
18.30666666666667
15.116666666666667
16.30333333333333
15.216666666666667
16.483333333333334
14.68
14.836666666666668
14.256666666666666
11.593333333333334
11.589999999999998
11.653333333333334
13.43
13.423333333333332
17.47
14.200000000000001
15.659999999999998
15.35
11.996666666666668
9.753333333333334
11.383333333333333
15.593333333333334
14.99
13.07
14.536666666666667
13.62
15.353333333333333
11.146666666666667
13.276666666666666
12.323333333333332
15.03
12.973333333333334
13.443333333333333
11.896666666666667
13.893333333333333
11.036666666666667
12.17
14.636666666666665
15.01
13.563333333333334
13.603333333333333
10.58
12.433333333333332
10.926666666666668
9.253333333333332
10.066666666666668
15.373333333333335
8.253333333333332
9.523333333333332
15.466666666666667
9.9
12.023333333333333
15.303333333333333
14.276666666666666
13.783333333333333
10.94
11.046666666666667
9.85
12.133333333333333
13.683333333333332
16.23
14.516666666666666
10.236666666666666
8.01
11.0
8.296666666666665
8.159999999999998
13.013333333333335
14.550000000000002
12.033333333333331
10.66
11.756666666666666
13.103333333333333
13.056666666666667
17.08666666666667
14.903333333333334
15.046666666666667
14.276666666666666
11.39
11.993333333333334
13.743333333333334
16.386666666666667
10.469999999999999
13.6
15.936666666666667
18.086666666666666
14.466666666666669
17.746666666666666
14.87
14.5
11.4
9.31
13.243333333333334
11.603333333333333
11.683333333333332
17.133333333333336
15.436666666666667
11.37
12.943333333333333
14.979999999999999
14.230000000000002
11.596666666666666
15.386666666666665
12.280000000000001
13.063333333333333
10.36
14.503333333333332
14.49
12.63
14.706666666666665
15.26333333333333
14.316666666666668
15.196666666666665
15.450000000000001
14.086666666666666
16.310000000000002
16.38
15.833333333333334
15.583333333333334
17.076666666666664
16.19333333333333
17.676666666666666
17.536666666666665
14.54
13.323333333333332
12.670000000000002
15.333333333333334
13.606666666666667
14.986666666666666
11.456666666666665
13.976666666666665
14.230000000000002
11.853333333333333
16.543333333333333
13.953333333333333
13.44
16.73
20.096666666666668
16.06
15.530000000000001
15.920000000000002
12.143333333333333
16.61
17.476666666666663
13.686666666666667
17.26
15.443333333333333
13.75
15.123333333333333
17.723333333333333
16.73
14.303333333333333
14.42
15.146666666666667
16.12666666666667
15.503333333333336
15.993333333333332
12.686666666666667
15.826666666666666
14.13
14.51
13.376666666666667
17.326666666666668
20.886666666666667
18.383333333333333
16.503333333333334
14.92
15.953333333333333
19.493333333333332
15.373333333333333
14.036666666666667
14.86
15.47
18.756666666666664
19.966666666666665
18.860000000000003
18.506666666666664
21.833333333333332
18.753333333333334
12.293333333333335
16.346666666666668
19.44333333333333
19.59
20.94333333333333
18.233333333333334
15.68
18.016666666666666
18.77
16.793333333333333
14.593333333333334
12.57
12.793333333333331
13.980000000000002
14.996666666666664
19.423333333333336
20.633333333333336
15.083333333333334
14.023333333333333
15.143333333333333
14.976666666666667
13.493333333333332
16.576666666666664
20.223333333333333
20.203333333333333
14.006666666666668
13.83
16.30333333333333
17.316666666666666
15.26
16.746666666666666
16.16
15.323333333333332
13.863333333333335
17.866666666666667
18.62666666666667
19.66333333333333
18.683333333333334
18.88
12.973333333333334
17.46
14.51
17.9
15.996666666666668
17.68
21.786666666666665
17.236666666666668
12.61
14.37
16.926666666666666
15.136666666666665
18.27333333333333
17.46
17.216666666666665
15.906666666666666
15.926666666666668
16.536666666666665
17.426666666666666
18.606666666666666
20.863333333333333
16.236666666666668
13.846666666666666
20.216666666666665
21.453333333333333
20.30333333333333
18.25
19.503333333333334
22.49333333333333
19.23
19.563333333333333
17.53
19.39
14.383333333333333
17.490000000000002
19.546666666666667
18.643333333333334
14.463333333333333
20.406666666666666
18.623333333333335
17.41
17.863333333333333
14.733333333333334
19.939999999999998
16.486666666666665
20.066666666666666
18.27
17.356666666666666
16.419999999999998
14.883333333333333
15.126666666666667
18.136666666666667
18.596666666666668
19.866666666666664
19.17
18.83
19.84333333333333
17.893333333333334
17.516666666666666
21.203333333333333
18.429999999999996
15.733333333333334
16.37
16.386666666666667
16.173333333333332
15.473333333333334
18.790000000000003
18.66
19.183333333333334
18.403333333333332
15.956666666666669
16.1
18.23
15.87
15.786666666666667
14.786666666666667
22.646666666666665
19.783333333333335
18.919999999999998
17.796666666666667
19.53333333333333
18.94
19.576666666666668
22.63
19.853333333333335
15.183333333333332
13.356666666666667
16.243333333333332
21.413333333333338
20.196666666666665
17.396666666666665
17.080000000000002
17.993333333333336
18.090000000000003
17.873333333333335
21.66
21.08666666666667
15.266666666666666
17.253333333333334
17.62
15.659999999999998
15.25
12.693333333333333
14.476666666666667
20.73
21.923333333333332
16.546666666666667
15.036666666666667
15.24
15.54
14.203333333333335
18.753333333333334
22.036666666666665
18.066666666666666
17.66
18.02333333333333
13.573333333333332
14.88
16.563333333333333
17.493333333333336
17.2
17.046666666666667
13.876666666666665
18.593333333333334
13.613333333333335
12.36
12.933333333333332
15.276666666666666
13.13
13.31
13.189999999999998
15.236666666666666
16.843333333333334
22.21666666666667
20.41333333333333
21.0
13.576666666666668
9.023333333333333
10.676666666666668
12.11
15.179999999999998
15.87
12.223333333333334
15.6
14.616666666666667
12.803333333333333
16.243333333333336
19.4
14.623333333333335
10.883333333333333
17.63
21.506666666666664
14.06
13.883333333333335
15.420000000000002
15.193333333333333
14.553333333333333
17.80666666666667
20.87
18.473333333333333
18.02
16.796666666666667
13.076666666666666
14.786666666666667
13.450000000000001
13.42
16.60333333333333
17.073333333333334
20.45
20.330000000000002
17.77
17.16
15.450000000000001
17.976666666666663
17.21666666666667
17.646666666666665
15.07
12.923333333333332
12.530000000000001
13.666666666666666
17.223333333333333
17.28
19.71666666666667
17.076666666666668
13.133333333333335
13.036666666666667
13.326666666666666
16.76
17.86666666666667
16.62333333333333
15.543333333333335
15.86
14.183333333333332
12.92
13.786666666666667
17.37
17.163333333333334
18.62666666666667
15.26
16.966666666666665
21.399999999999995
14.046666666666667
15.183333333333332
21.42
15.6
15.42
15.483333333333333
16.69666666666667
16.22
16.146666666666665
14.01
15.673333333333332
18.673333333333332
14.229999999999999
12.463333333333333
15.13
15.246666666666668
15.75
13.546666666666667
13.426666666666668
16.616666666666667
13.406666666666666
14.32
15.25
14.006666666666668
13.56
13.51
14.496666666666664
18.036666666666665
15.436666666666667
16.22
17.77
16.563333333333336
13.836666666666668
12.973333333333334
12.160000000000002
12.65
17.033333333333335
17.226666666666667
10.42
14.496666666666664
15.15
11.563333333333333
13.433333333333332
14.733333333333334
18.666666666666668
18.30666666666667
17.17
15.64
15.253333333333336
12.836666666666666
13.386666666666665
15.643333333333333
14.09666666666667
12.226666666666668
14.236666666666666
11.783333333333331
13.660000000000002
17.316666666666666
14.706666666666669
13.376666666666665
13.103333333333333
16.013333333333332
14.313333333333333
12.68
10.406666666666666
12.603333333333333
11.963333333333333
12.74
14.406666666666666
11.446666666666667
13.546666666666667
11.573333333333332
13.69
15.003333333333336
17.71
12.833333333333334
13.15
13.836666666666668
14.603333333333333
17.063333333333333
15.946666666666667
15.12
17.5
14.673333333333332
18.42
20.779999999999998
15.719999999999999
16.293333333333333
14.663333333333332
12.496666666666668
16.77
16.546666666666667
14.223333333333334
16.83666666666667
17.66
18.25
15.583333333333334
15.823333333333336
13.926666666666668
15.316666666666668
14.219999999999999
17.01
15.146666666666667
