19.94666666666667
18.596666666666668
20.02
19.53
20.88
23.926666666666666
28.78333333333333
30.48
25.76
22.46666666666667
19.856666666666666
20.62
24.409999999999997
26.673333333333336
33.596666666666664
39.63
33.413333333333334
26.173333333333336
32.72666666666667
34.839999999999996
29.186666666666667
28.91333333333333
27.906666666666666
28.72
23.150000000000002
22.090000000000003
23.21666666666667
21.036666666666665
21.040000000000003
21.62
18.583333333333332
15.053333333333335
18.753333333333334
20.89
21.566666666666663
23.036666666666665
22.126666666666665
23.540000000000003
21.13666666666667
18.28333333333333
19.99
22.639999999999997
22.233333333333334
19.55
21.343333333333334
19.98
17.88
19.830000000000002
17.883333333333333
18.193333333333335
17.2
14.883333333333335
20.856666666666666
19.45
13.143333333333336
15.280000000000001
15.36
15.536666666666667
15.829999999999998
12.586666666666666
14.33
12.903333333333336
11.033333333333333
12.353333333333333
17.95
19.39
15.903333333333334
13.350000000000001
12.263333333333335
19.153333333333332
20.53
15.06
18.676666666666666
20.723333333333333
15.923333333333332
14.780000000000001
16.37333333333333
17.099999999999998
14.013333333333335
12.753333333333336
13.896666666666667
12.03
11.953333333333333
13.323333333333332
13.873333333333335
15.170000000000002
15.9
16.346666666666668
12.396666666666667
14.63
17.673333333333336
14.736666666666666
14.253333333333336
13.519999999999998
12.62
14.213333333333333
12.576666666666666
9.756666666666666
12.356666666666667
13.19
10.403333333333334
8.94
8.91
9.91
14.07
14.573333333333332
11.306666666666667
10.980000000000002
14.616666666666667
13.909999999999998
10.773333333333333
12.083333333333334
12.993333333333334
14.6
14.600000000000001
13.049999999999999
14.966666666666667
13.326666666666666
12.966666666666669
12.823333333333332
12.056666666666667
10.35
9.44
13.920000000000002
13.556666666666667
12.416666666666666
13.4
15.29
18.236666666666668
19.003333333333334
22.38333333333333
18.139999999999997
12.143333333333333
11.5
8.52
8.58
10.083333333333334
11.74
11.673333333333332
13.916666666666666
16.959999999999997
15.463333333333333
9.676666666666668
7.643333333333332
10.18
16.433333333333334
16.633333333333336
11.393333333333333
11.62
15.253333333333336
16.206666666666667
15.393333333333333
18.433333333333334
20.19
19.55666666666667
17.05333333333333
15.71
15.853333333333333
17.343333333333334
18.383333333333333
12.769999999999998
11.436666666666667
15.553333333333333
17.07
14.910000000000002
12.569999999999999
13.25
15.14
14.246666666666668
12.416666666666666
14.063333333333333
12.450000000000001
13.090000000000002
18.873333333333335
19.94666666666667
16.303333333333335
13.49
11.826666666666666
13.13
15.75
14.910000000000002
13.15333333333333
12.066666666666668
9.343333333333332
12.066666666666668
15.036666666666667
14.046666666666667
13.356666666666667
11.966666666666669
14.149999999999999
14.713333333333333
10.323333333333332
9.296666666666667
12.223333333333334
14.803333333333333
14.4
13.356666666666667
13.206666666666665
12.816666666666668
19.916666666666668
21.336666666666662
15.89
13.25
15.24
16.613333333333333
14.113333333333332
11.47
10.696666666666667
11.13
8.626666666666667
13.633333333333333
18.0
15.886666666666665
15.443333333333333
15.25
17.169999999999998
19.32
19.956666666666667
17.296666666666667
12.313333333333333
16.49
16.136666666666667
14.58
17.12333333333333
16.593333333333334
14.173333333333334
13.959999999999999
14.693333333333333
14.753333333333336
15.706666666666669
11.993333333333334
15.503333333333332
15.773333333333333
17.246666666666666
16.63
10.57
12.456666666666669
15.383333333333333
14.763333333333335
10.149999999999999
13.310000000000002
17.096666666666668
17.103333333333335
13.700000000000001
9.993333333333334
14.156666666666666
16.713333333333335
16.063333333333333
16.37
17.11
17.633333333333333
15.816666666666668
12.08
12.463333333333333
16.18
20.833333333333332
17.72
12.093333333333334
16.993333333333332
20.426666666666666
23.473333333333333
22.69666666666667
17.61
18.169999999999998
19.453333333333333
16.396666666666665
14.530000000000001
14.826666666666666
13.926666666666668
14.910000000000002
17.383333333333333
16.243333333333336
19.26666666666667
20.58
15.78
14.833333333333334
14.166666666666666
14.406666666666666
14.266666666666667
15.806666666666667
20.753333333333334
20.143333333333334
15.183333333333332
12.32
16.426666666666666
17.05333333333333
16.91
16.223333333333333
15.743333333333332
18.610000000000003
14.426666666666668
13.14
15.85
16.930000000000003
18.143333333333334
18.77
15.633333333333333
13.663333333333334
11.58
12.25
15.803333333333333
16.45
21.44333333333333
19.75
12.6
18.753333333333334
20.746666666666666
15.133333333333333
17.453333333333333
17.77
14.956666666666665
17.363333333333333
20.78
16.75
12.246666666666668
15.49
18.173333333333332
17.653333333333332
16.30333333333333
18.023333333333333
20.473333333333333
20.653333333333332
19.616666666666664
15.546666666666667
14.273333333333333
16.616666666666667
17.003333333333334
20.816666666666666
20.716666666666665
13.36
15.033333333333333
16.396666666666665
14.576666666666668
15.19
18.316666666666666
23.113333333333333
21.936666666666667
18.180000000000003
19.233333333333334
21.66333333333333
18.076666666666668
14.200000000000001
17.183333333333334
18.903333333333332
15.06
18.236666666666668
21.39
17.933333333333334
17.036666666666665
19.02
20.58666666666667
19.773333333333337
19.406666666666666
15.44
15.163333333333334
19.796666666666667
17.63333333333333
14.89
13.543333333333335
14.033333333333333
16.44666666666667
19.30333333333333
18.900000000000002
14.886666666666665
18.333333333333332
23.003333333333334
21.126666666666665
19.560000000000002
19.83666666666667
17.793333333333333
15.136666666666668
18.549999999999997
20.689999999999998
19.956666666666667
21.656666666666666
20.55333333333333
17.62
18.456666666666667
21.25
21.873333333333335
19.753333333333334
17.83666666666667
15.530000000000001
16.113333333333333
19.463333333333335
20.84
17.91
15.409999999999998
16.453333333333333
15.6
15.736666666666665
22.44333333333333
23.603333333333335
19.19333333333333
21.566666666666666
18.470000000000002
14.266666666666666
18.76
18.113333333333333
15.723333333333334
20.743333333333336
21.133333333333336
15.126666666666665
12.506666666666666
16.766666666666666
17.87333333333333
17.713333333333335
23.03333333333333
21.80666666666667
15.156666666666666
16.846666666666668
20.23
18.209999999999997
17.613333333333333
19.616666666666664
20.87666666666667
18.99
14.723333333333334
13.729999999999999
17.076666666666664
16.473333333333333
14.85
15.043333333333335
15.393333333333333
14.86
13.783333333333333
15.906666666666666
17.05
16.52
21.183333333333334
21.903333333333336
20.653333333333332
18.436666666666667
14.086666666666666
14.573333333333332
14.57
15.286666666666667
18.833333333333332
18.206666666666667
16.553333333333335
17.796666666666667
17.49
19.19333333333333
25.24666666666667
22.493333333333336
16.283333333333335
21.49
22.656666666666666
15.933333333333332
13.29
15.886666666666665
15.540000000000001
15.433333333333332
17.136666666666667
17.276666666666667
18.023333333333333
18.223333333333333
16.69333333333333
16.25
20.136666666666667
19.146666666666665
14.986666666666666
16.403333333333332
18.213333333333335
17.62666666666667
15.56
16.150000000000002
17.529999999999998
17.136666666666667
16.286666666666665
18.816666666666666
19.733333333333334
16.466666666666665
14.950000000000001
15.790000000000001
14.930000000000001
10.96
15.82
21.27333333333333
21.066666666666666
18.460000000000004
14.893333333333333
15.43
18.313333333333333
17.51
13.393333333333333
12.540000000000001
15.25
14.533333333333331
12.646666666666667
16.483333333333334
17.523333333333333
16.526666666666667
15.483333333333334
13.86
14.770000000000001
16.136666666666667
17.06
19.003333333333334
20.03
16.183333333333334
14.666666666666666
16.59
18.503333333333334
19.790000000000003
19.346666666666668
18.53
20.05
18.933333333333334
18.113333333333333
19.78333333333333
20.356666666666666
19.923333333333332
17.52
14.926666666666668
16.593333333333334
16.7
15.093333333333334
18.14
16.94666666666667
13.246666666666668
12.696666666666667
13.356666666666667
17.400000000000002
20.846666666666668
16.786666666666665
14.033333333333331
15.166666666666666
15.99
14.693333333333333
15.433333333333332
17.573333333333334
16.873333333333335
21.21666666666667
21.576666666666664
14.743333333333334
16.040000000000003
19.156666666666666
17.44333333333333
17.08666666666667
19.736666666666668
19.903333333333332
16.726666666666667
15.88
16.766666666666666
18.876666666666665
18.013333333333332
16.363333333333333
16.883333333333336
15.573333333333332
14.783333333333333
13.763333333333334
13.853333333333333
15.583333333333334
16.006666666666664
15.81
19.87
21.27
17.2
17.136666666666667
17.883333333333333
16.81
15.766666666666667
14.99
15.44
15.146666666666667
15.88
13.476666666666667
13.116666666666667
15.613333333333335
17.156666666666666
17.833333333333332
14.046666666666667
15.476666666666668
16.096666666666668
15.056666666666667
17.71
14.236666666666666
12.64
13.516666666666666
13.083333333333334
14.469999999999999
14.553333333333333
13.063333333333333
15.99
15.456666666666669
10.540000000000001
14.453333333333333
15.949999999999998
13.766666666666666
17.05333333333333
17.863333333333333
16.73
15.520000000000001
10.676666666666668
10.719999999999999
13.203333333333333
12.396666666666667
13.426666666666668
13.366666666666667
