-1.0624666666666667
-0.9886666666666667
-0.6916000000000002
-0.3539666666666667
-0.051033333333333264
0.17679999999999996
0.1942
0.25716666666666665
0.31566666666666676
0.40073333333333333
0.5046666666666667
0.5483666666666667
0.5795666666666667
0.6073333333333334
0.6874666666666666
0.7047333333333333
0.7229333333333333
0.7487333333333331
0.7980999999999999
0.7406333333333334
0.6466333333333333
0.6737666666666667
0.7744666666666666
0.8537333333333333
0.7702666666666667
0.7828333333333334
0.8213666666666667
0.7797666666666666
0.8142666666666667
0.8602
0.8748999999999999
0.7724333333333334
0.7689
0.9344666666666667
0.8509000000000001
0.7590666666666667
0.9350666666666667
0.9954999999999998
0.9177333333333334
0.7788333333333334
0.7581000000000001
0.8835000000000001
0.8287333333333334
0.6963666666666666
0.7371333333333334
0.7778999999999999
0.7343333333333333
0.7959000000000002
0.7960333333333334
0.7951
0.8384
0.7116666666666666
0.6936333333333332
0.8074666666666667
0.8028666666666666
0.7887333333333334
0.8111666666666668
0.7536999999999999
0.7535333333333334
0.7706666666666666
0.8332666666666668
0.9384
0.9890666666666666
0.9460333333333333
0.8219333333333333
0.8684000000000003
0.8717333333333332
0.8026000000000001
0.8226
0.8486333333333334
0.8908999999999999
0.8558333333333333
0.9202666666666666
1.0186
0.9214333333333334
1.0250666666666663
1.2247333333333335
1.125733333333333
1.022733333333333
1.0113
1.0196333333333334
1.0758
0.9605
0.9645
1.0677999999999999
1.1024666666666667
1.0847666666666669
1.0218333333333334
1.0672666666666666
1.1194333333333335
1.0097333333333331
0.9668666666666668
1.0333666666666665
0.9890333333333333
1.0439999999999998
1.061233333333333
1.0699999999999998
1.1290666666666669
1.0976666666666666
1.1498000000000002
1.1947333333333332
1.1687
1.2042333333333335
1.2642666666666666
1.2792666666666666
1.1526666666666667
1.0420333333333331
1.1596666666666668
1.2013
1.0765
0.9579666666666666
1.0018
1.0716666666666665
1.1043333333333332
1.0569
0.9359666666666667
0.9418333333333333
0.9300666666666667
0.9274333333333334
0.9747999999999998
1.0562333333333334
1.0554666666666668
0.9426666666666668
0.8995666666666667
1.0853333333333335
1.2094
1.2064333333333332
1.2526666666666666
1.1605333333333334
1.0617333333333334
1.155166666666667
1.2765666666666668
1.2004666666666666
1.1277000000000001
1.101
1.1893
1.3185999999999998
1.3704
1.359366666666667
1.3339666666666667
1.4678333333333333
1.4610666666666667
1.3178
1.3046333333333333
1.3966999999999998
1.4692333333333334
1.6492666666666669
1.5401999999999998
1.4215333333333333
1.5742
1.5393000000000001
1.6097000000000001
1.5709
1.6140666666666668
1.6731333333333336
1.5183333333333333
1.5306333333333335
1.6959333333333333
1.6137000000000004
1.5294
1.6035333333333337
1.4131333333333336
1.3097
1.3107333333333335
1.2004666666666666
1.2779333333333331
1.4926000000000001
1.5684333333333333
1.4436666666666664
1.4071333333333333
1.517966666666667
1.5121
1.5715333333333332
1.617933333333333
1.6876666666666669
1.6184
1.515
1.5955333333333332
1.5903666666666665
1.6668333333333336
1.7231666666666665
1.6421
1.5617999999999999
1.5176666666666667
1.6490666666666665
1.7913000000000003
1.7497666666666667
1.7033666666666667
1.6219999999999999
1.3927333333333334
1.3599333333333332
1.4722
1.3350333333333335
1.3222666666666667
1.4481000000000002
1.3848666666666665
1.2755
1.3026666666666669
1.3264666666666667
1.3811333333333333
1.4046333333333332
1.2790666666666668
1.2537333333333331
1.2844333333333335
1.3235
1.3799666666666666
1.2187333333333332
1.1264333333333332
1.3324333333333334
1.503866666666667
1.5791000000000002
1.6237666666666666
1.5548000000000002
1.5614333333333335
1.5381999999999998
1.4264666666666665
1.5640999999999998
1.6537666666666666
1.6158666666666666
1.539466666666667
1.5497333333333332
1.6234333333333335
1.4948000000000004
1.4648
1.4539666666666664
1.3053
1.3491333333333333
1.4027
1.3732
1.4585
1.441633333333333
1.4724666666666666
1.4877333333333331
1.4855333333333334
1.5411333333333335
1.4365999999999997
1.3195333333333334
1.324633333333333
1.4659666666666666
1.5095333333333334
1.5238000000000003
1.5096333333333334
1.5113
1.6204333333333334
1.6421999999999997
1.7525333333333333
1.7282666666666666
1.7228333333333332
1.7839
1.646766666666667
1.6466999999999998
1.6672333333333331
1.7212333333333334
1.8182999999999998
1.8876000000000002
1.878166666666667
1.8601333333333334
1.7933666666666668
1.8325333333333333
1.9789
2.004966666666667
2.1155333333333335
2.174
2.0863333333333336
2.0096666666666665
2.051433333333333
2.1653
2.102366666666667
2.0569
2.160433333333333
2.1138999999999997
2.076333333333333
2.0716
2.0266333333333333
1.9619333333333333
1.9867666666666668
2.0157333333333334
1.9159666666666668
1.8585
1.8477333333333334
1.7343666666666666
1.7082333333333335
1.952
2.1417
1.998
1.741233333333333
1.9373333333333334
2.011566666666667
1.9997666666666667
2.0764666666666667
2.0183
2.1100333333333334
2.273733333333333
2.1969000000000003
2.061533333333333
2.056433333333333
1.983666666666667
1.8764999999999998
1.855333333333333
2.0140666666666664
2.189433333333333
2.1609666666666665
2.0068
1.9729000000000003
2.0024
1.9505666666666663
1.9534
1.9719333333333333
1.9665333333333332
2.0256666666666665
2.015966666666667
1.8866000000000005
1.8806666666666667
2.2076
2.449933333333333
2.3562666666666665
2.2696666666666663
2.345333333333333
2.3680333333333334
2.2841
2.1780666666666666
2.2215666666666665
2.2628
2.247833333333334
2.294233333333334
2.3223
2.343666666666667
2.3691333333333335
2.3455
2.294166666666667
2.2531666666666665
2.2836666666666665
2.2993333333333332
2.298833333333334
2.3429
2.275766666666667
2.1706333333333334
2.1502
1.9908666666666663
2.0077
2.1337
1.9761666666666666
2.0286333333333335
2.103666666666667
1.974466666666667
2.0337666666666667
2.2148333333333334
2.4613333333333336
2.3763333333333336
2.272766666666667
2.3611999999999997
2.2761
2.296133333333334
2.1257
2.0097333333333336
2.1231666666666666
2.046333333333333
2.042666666666667
1.8424333333333334
1.7340666666666669
1.762566666666667
1.7115666666666665
1.9642000000000002
1.9630999999999998
1.8995333333333335
1.9047333333333336
2.0362666666666667
2.2360333333333333
2.1538
2.1698999999999997
2.394166666666667
2.4136666666666664
2.1778333333333335
2.1047333333333333
2.1297666666666673
2.1712333333333333
2.1938
2.2396333333333334
2.2320333333333333
2.080033333333333
2.0605333333333333
2.1650333333333336
2.1929666666666665
2.1771333333333334
2.1788333333333334
2.319433333333333
2.3995666666666664
2.2600000000000002
2.2176666666666667
2.3290666666666664
2.352133333333333
2.2132
2.1297333333333337
2.1101000000000005
2.0822666666666665
2.1834333333333333
2.2326
2.2249000000000003
2.215266666666667
2.1663666666666668
2.191733333333333
2.236733333333334
2.1496
2.2006666666666663
2.3839
2.3016333333333336
2.2078333333333333
2.0947
2.174533333333333
2.2174
2.101766666666667
1.9686333333333332
1.9316666666666666
2.1670000000000003
2.2239666666666666
2.2236
2.3394
2.2265
2.1621
2.112566666666667
2.015433333333333
2.071066666666667
2.0346
2.042266666666667
2.0173666666666663
1.9896333333333331
2.0063
2.081466666666667
2.1801
2.2298666666666667
2.0154
1.8628999999999998
1.7881333333333336
1.6432999999999998
1.7165666666666664
1.6202333333333334
1.6121999999999999
1.8453666666666664
1.8998000000000002
1.8944333333333334
1.8742
1.7596999999999998
1.8539333333333332
1.7726
1.489866666666667
1.5081999999999998
1.7430666666666668
1.8668333333333333
1.7622666666666669
1.7213
1.7515
1.7998999999999998
1.785666666666667
1.6889666666666674
1.5919
1.4542333333333335
1.3295666666666666
1.4674666666666665
1.5666
1.5466666666666666
1.4983000000000002
1.4313666666666667
1.583433333333333
1.5175999999999998
1.4699333333333335
1.6068666666666667
1.7547333333333335
1.8258666666666663
1.7433333333333338
1.8046333333333335
1.8757333333333335
1.8960666666666668
1.7892666666666666
1.6044333333333334
1.6991666666666667
1.8448333333333335
1.7759333333333334
1.6723666666666663
1.6278666666666668
1.6766666666666665
1.7829000000000004
1.8762333333333336
1.7666666666666668
1.6549666666666665
1.7661999999999998
1.7779333333333334
1.8419999999999999
1.8783
2.0124999999999997
2.236433333333333
2.150466666666667
2.1164666666666663
2.1861333333333337
2.0628666666666664
2.0002
2.0906333333333333
2.0873000000000004
2.0325666666666673
2.1846333333333336
2.2799
2.1011666666666673
2.1058333333333334
2.2412
2.1315333333333335
1.9180666666666666
2.0738333333333334
2.2296
2.108
2.1467000000000005
2.1308000000000002
2.133266666666666
2.3675
2.288
2.0654
2.0963333333333334
2.1773666666666673
2.0582
1.9680999999999997
2.103833333333333
2.005066666666667
1.9375999999999998
2.064033333333333
2.0004333333333335
1.9903000000000002
1.9197
1.7962333333333333
1.8552000000000006
1.9755666666666662
2.1186333333333334
2.2748000000000004
2.2662666666666667
2.1839
2.2647
2.266666666666667
2.3272999999999997
2.1952000000000003
2.0465666666666666
2.1880333333333333
2.1029666666666667
1.9718000000000002
2.1416333333333335
2.1376333333333335
2.3916000000000004
2.5196333333333336
2.2218999999999998
2.2544666666666666
2.2410666666666668
2.2626333333333335
2.3116000000000003
2.2088666666666668
2.2289666666666665
2.2751999999999994
2.2473666666666667
2.073566666666667
2.0482333333333336
2.200966666666666
2.161833333333333
2.2330333333333336
2.1784666666666666
2.0519333333333334
2.1072
2.193366666666667
2.2078666666666664
2.1422333333333334
2.1399666666666666
2.2298
2.2509666666666672
2.0945666666666667
2.1266
2.3046
2.2748000000000004
2.218566666666667
2.2677
2.2141333333333333
2.1833666666666667
2.176933333333334
2.0925666666666665
2.0569333333333337
2.0111666666666665
2.1505666666666667
2.228266666666667
2.1397
1.9961000000000002
1.8364666666666665
1.8777
1.8997000000000002
1.95
2.0043
2.0005
2.010533333333333
1.769666666666667
1.557533333333333
1.5697666666666665
1.7411
1.8177666666666668
1.8948
1.8853333333333335
1.713733333333333
1.7832999999999999
1.8601
