-1.6707157139709903
-1.448145073267442
-0.7337185797747682
-0.4237295824254299
-0.058588081281093385
0.25709499802763963
0.3828108042982836
0.5109818844026704
0.5178185873931591
0.4672312703729205
0.5598983591304861
0.6063481472501233
0.6861398933313146
0.6699200253641697
0.7045788006341066
0.6834961802219764
0.6969172135264762
0.7378189640777837
0.6079441497291537
0.7419971871250173
0.6621299944122122
0.769996268242445
0.9646861398179706
0.9429628900297126
1.03092397866504
0.944093843014036
1.1298249343785691
1.2419066701983725
0.9293438796820711
1.1163062581097476
1.0266230030465435
1.1782662031146638
0.9823902016411178
0.8965494941781579
0.9524211397805992
0.9052734173531757
1.0980935506489082
1.1112992301479032
1.043896523340077
1.063201770175181
1.046341927288476
1.1004282775542575
1.086046761905436
1.1358607422281646
1.0068611874166884
1.0497769878624565
1.1229296588367357
0.9745779588926634
1.0665282733619605
1.069801189566244
1.362121017776835
1.187267506433079
1.2228459490570454
1.2241519382600132
1.3443921948316893
1.1254997640840188
1.1891339179974774
1.2918262351260683
1.2092023450816503
1.1989600588849187
1.3686616958042903
1.2686200474752907
1.3278201066712587
1.2710758189504199
1.2896443755306346
1.3882938911495637
1.3788876855828585
1.3370022311454302
1.3027172083137801
1.3879348763159924
1.5865465306268778
1.632803050951854
1.5189836210966747
1.5114532757401993
1.4243207933744442
1.4576888384245181
1.663573005272611
1.7199818804216218
1.471882648001633
1.3847605542273473
1.4713399697720992
1.3200509062183472
1.4334185612055268
1.44165310867289
1.600816791451626
1.6233820932340433
1.5235060740721227
1.4426098234706979
1.5336313675153441
1.5276614339861998
1.3996428264544154
1.4636579673275545
1.6944299523040538
1.465717827589658
1.5139389620139763
1.5386732622383839
1.5130568099467299
1.5592175339171943
1.5099644308098001
1.6022059568504978
1.5390618638019913
1.5650185823425702
1.543708049538921
1.581608017369942
1.6821601319081612
1.360616937296531
1.5819895345210782
1.3959936828089965
1.4402410879497827
1.3957103809181577
1.5339812143202252
1.7386490826392975
1.6340148549899005
1.4792223749662472
1.7248424965162013
1.4452055858826538
1.571107936541221
1.4129890190404877
1.4024744217540015
1.439727725290588
1.3688436392779046
1.264545628045355
1.3192407462461273
1.297977488159159
1.196672794485549
1.1226421795521926
1.3278443934005184
1.3725512072099206
1.284271493334622
1.1860736254197963
1.0889246348992738
1.0408731377947058
0.8891307318356553
1.0606982861188252
1.1116310400320035
1.2945226046187548
1.3868246567492903
1.1737157264654636
1.2240739269498022
1.1991819874350516
1.280326587902222
1.3053910723930306
1.163623368180153
1.2967284994825485
1.1239794640099365
1.4148374081397652
1.4954594471709093
1.3802741438708788
1.2830258411106321
1.3603725348311293
1.404380188318523
1.5050007946286328
1.3406029760717928
1.5682040118700857
1.7167296240271879
1.4938954429650477
1.4252151857064745
1.5767568559857488
1.679632121266102
1.5508921291332058
1.4097949463529418
1.4070416297192123
1.4676470216700672
1.4018961112717383
1.44583817976647
1.575734598832845
1.7412914999713582
1.7920679932664665
1.902354570374797
1.7956392841620203
1.917177614509275
1.785960734298219
1.8838654475279462
1.9605049761343516
1.797661051260916
1.9666830422898272
2.0925404665702203
2.1679537820948265
2.053512173302104
2.1784393643777022
2.2962883170392097
1.9860931557446755
2.1997444902285763
2.174564292932228
1.9097410753900614
1.9764332798755475
2.2291194478538467
2.1155236773639334
2.034253039130505
1.8134714756012615
1.6417842674130345
1.861071303135243
1.7756297447323501
2.0224100092942625
1.9872857841005445
1.8207041076136228
1.6582133415346567
1.561926341053584
1.4850668797842979
1.7831024559614803
1.8231616290880883
1.7515422767608317
1.7667138826458029
1.9266555537735688
1.7161468509596336
1.759300807894114
1.65118464113918
1.657660716625287
1.6215372211306536
1.6215678377937663
1.7071889834679377
1.8381134315298182
1.723914396781498
1.7182140830692443
1.764141099684969
1.5942753699536478
1.5009124481643672
1.4610717328516767
1.5718236182097496
1.5917974036196592
1.6300453167903264
1.655566062772106
1.798954931474044
1.877141063182549
1.5006984311520057
1.4659978833607683
1.6440655900094463
1.6555869472004534
1.6371425205078374
1.576705323074873
1.487037892773502
1.4282151681327628
1.4559787428135647
1.6029224225665029
1.442783256372915
1.5883372452668187
1.5008378350762832
1.4865487237240451
1.5144217905537278
1.4581378720619511
1.2735107890297457
1.4078535645306767
1.5655022803167224
1.6112457770136164
1.5658376121408388
1.6007162516599631
1.7685539802109076
1.7547478855171441
1.6181373710187354
1.6319117954055422
1.6159992305078876
1.6290323590760714
1.7596425476947628
1.9019754514400251
1.8642032355338303
1.791848417085857
1.6897595851162477
1.6201910933261703
1.6667377261435563
1.6037265493494672
1.5839458994860103
1.6932905845508621
1.630790070629666
1.530988142994449
1.437767101027293
1.531541958126639
1.6861114845215506
1.7154920153805289
1.5524768962412956
1.6389084269994652
1.7909861574183648
1.7051693849119072
1.5939175830463579
1.6036118731588334
1.650897193800687
1.382034772803576
1.33206863612174
1.4397923390492358
1.4614237747998897
1.6420163390183522
1.6016261374312826
1.463713921355357
1.721859156469943
1.7536769788630575
1.7166829817159002
1.8242845653364395
1.9611360642977071
1.911052075188688
1.8626637891974955
1.799527388785233
1.9483226630876682
1.85858055230549
1.9198951467385157
1.9283809629005269
1.9015398306840812
1.8777782861702257
2.0071289566993062
1.8447078381501187
1.7952505229284441
1.8377655127033643
1.9642751676599832
1.8846908299441558
2.0481375052692665
2.0045641200514246
2.0379030446549993
1.8687285704473613
1.754466379236975
1.7278259635342632
1.7641204540485438
1.8571196031804684
2.070509174579986
1.9690293913492105
2.002654224691308
2.086588750675111
2.2351069889323547
2.1228710857464677
2.178208093002597
2.211020418178477
1.9846179959359922
2.0498027491475095
2.0401822641691703
2.3638707450722443
2.1223321737079957
2.1774525650340233
2.340613212382366
2.3196938396651117
2.53753869902191
2.4382585485685624
2.214523211168592
2.3800538755977634
2.395206763388727
2.343211119430231
2.497934141961691
2.249691606077603
2.3718519882674625
2.343309767433214
2.446743322055927
2.4481656948271024
2.159487944204836
2.2984752471122776
2.2462302859076897
2.2418328902676405
2.4841298201871944
2.4482759213879857
2.315862359127629
2.421523425661794
2.5162676529856807
2.6285467815162513
2.465911405517692
2.3240818233557925
2.352159111403452
2.4127835679195364
2.5214930028467326
2.3417161758329876
2.358323321663956
2.497805978335879
2.582118730865337
2.3280361443933066
2.25484745969608
2.0674248006990674
2.0847712852900493
2.1028841061769383
2.2357616681642742
2.1093994384536385
2.197179740107025
2.208143237904107
2.1304069224179627
2.3752089539201164
2.4720172085735848
2.3440008367227243
2.383507220351443
2.316447675400734
2.2850205385718323
2.1038433715714775
2.289503175844984
2.191244914213494
2.5005616582540378
2.51104073933347
2.5311930049044125
2.545474551745316
2.546078875478666
2.487053093230565
2.3904941819042644
2.4804575945875986
2.7985702829454095
2.7121791054561473
2.5906398530539145
2.63223690019565
2.4398217006186598
2.3925533602657203
2.3773375618713186
2.2798875144364836
2.2428068001953867
2.253713867807651
2.210057835834165
2.395132327443133
2.254103961924803
2.2277847669486763
2.0708665485722597
2.0713457258305574
2.1926151495141224
2.219530541667602
2.055636815270218
2.200150923924003
2.1492515655108266
2.215617672338889
2.2578117282873595
2.1141963242270063
2.079534931462566
2.088373880299604
2.019830566763342
1.912961650332879
1.897413361334402
1.9843590838558915
1.9279562189922312
1.9444421681707078
2.101490400579633
2.0372391684634628
2.042009136149734
2.066835307724993
1.8960087119912263
1.7793675746296345
2.010107031904656
2.164214626890192
2.00971758534693
2.3240150317583055
2.1599221920665044
2.315763491206078
2.3800523216074247
2.2610859063305093
2.027661411431901
1.8026509498209358
1.8317319416399578
2.037737066262768
1.926057132541201
1.8405021685044674
1.6155729440771565
1.6611186985858037
1.7056369049435551
1.609958725591528
1.6979246889230541
1.6987586585843257
1.7077023675902023
1.5123232269971918
1.398497173794888
1.5276822953274802
1.4358127337264495
1.4435686909933736
1.4661857663308056
1.462714944629189
1.4916447375744977
1.6750266184248195
1.6186883788474482
1.5416858453417148
1.4741961843011182
1.5341446292314027
1.657535320116598
1.7860906553180687
1.7837752203890014
1.8298758882166417
1.862328420930069
1.7116401672373256
1.8720126818429204
1.7328294870409373
1.6286695732130922
1.9098886019275614
2.1152705950426376
2.0273285612881042
1.8392827674311787
2.013295406955573
2.003643343455319
2.0516653236460667
1.9807905917548823
1.8807002596660503
1.8666085738215508
1.9390218992638697
1.892106331720323
1.943271121798147
2.083059576021624
1.9639763132368084
1.9426830709741392
2.0735087925406526
2.0634098499945064
2.299892318372798
2.2637750176419256
2.363726093458064
2.4161919397311062
2.276895988224641
2.161554258148368
2.274548952924015
2.046804608297764
2.0017710123132333
2.416868975686075
2.33154077899618
2.2399230128633523
2.2804057733546745
2.201041944415845
2.3118625787989937
2.2887481155558813
2.4307314073940485
2.4062370279064673
2.236628465008757
2.2073272029330226
1.9534295848404053
2.0065159300367346
2.1879089171079547
2.1556845452091187
2.1290942975545444
2.0849818759262218
2.1866919326038645
2.2363754610954545
2.2880184975518296
2.4632292079813007
2.4388982867086075
2.328674089450321
2.1894373663104134
2.2928173630218587
2.2179600305048095
2.2185631819283866
2.3622719286323792
2.3172220119375204
2.2048421232086897
2.3475354504487775
2.520365565113092
2.505172341745148
2.3730230649360062
2.3267497446656122
2.3611701640565625
2.4487247587720655
2.4769365345900334
2.2696915644902744
2.3450708410534813
2.302559288451514
2.117157664371336
2.2801057804025042
2.4529236688971445
2.2289160526658054
2.0633590137143467
1.9685629509296483
2.2865679636030563
2.1644697704033695
2.176433768005237
2.232140883750677
2.319717050050293
1.9237432698174988
2.141664060601474
1.959224583723057
1.8037202361858986
2.0024461726832397
2.00156848869562
2.1349039654260697
2.3903961428404945
2.1983996514284314
2.1377901357729328
2.1476814953010703
2.3422882338252475
2.5818095888957537
2.377609029437124
2.203395402929765
2.193166937942143
2.288230393480101
2.2229133772309346
1.9277185513507993
1.810911601343567
2.020157973378488
2.030551611800566
2.006391600190732
1.8597905491238718
1.7295986315873606
1.8775881493401085
1.9527762676424547
1.8579469411811376
2.027420378416353
2.056461469341525
1.8212281429226136
1.7030246551994146
1.7651352727492924
1.8250224076966506
1.9330699059338003
1.9239527846254763
1.972141592607093
1.9303703281981228
1.7559983716372376
1.779178016617464
1.6515253409035038
1.6619569998387658
1.824660485852081
1.731237382373079
1.7623843284753484
1.7212798976517263
1.6525320656216271
1.6397795845150602
1.612436900339038
1.5704154399746433
1.4850791725003274
1.5461003958947546
1.6136521439664662
1.556634967307226
1.4179484994023177
1.5612273154530483
