37.77
34.35
37.98
23.08
25.43
23.61
19.32
13.07
18.78
24.03
21.85
19.99
28.25
19.7
17.07
16.54
17.95
19.26
19.9
14.24
11.69
19.55
19.26
12.72
14.99
9.24
12.79
12.69
12.06
17.82
15.66
17.93
15.92
20.03
23.39
14.2
20.54
15.44
17.2
14.5
17.29
20.23
15.55
17.38
24.74
21.54
30.54
14.87
16.6
18.88
22.06
17.37
17.42
10.51
18.24
9.74
11.49
13.72
20.17
19.61
10.98
13.09
12.01
11.16
10.3
10.87
16.44
16.05
16.32
17.82
14.92
19.16
10.17
12.15
13.87
8.06
11.26
15.57
13.63
16.89
9.21
11.01
15.67
13.81
14.66
13.59
16.06
11.95
9.24
18.33
13.53
12.3
17.49
10.81
16.42
15.51
10.2
11.08
13.4
13.73
15.91
8.04
14.33
5.0
11.34
11.58
9.39
9.69
9.88
10.03
14.42
15.11
11.77
13.4
12.46
14.27
11.65
9.38
7.91
7.31
7.35
10.46
7.79
15.46
13.81
8.22
7.43
10.85
6.47
8.33
14.38
15.22
14.72
18.74
6.38
12.72
13.39
10.97
9.63
15.07
15.76
7.47
13.77
19.01
23.11
16.48
18.81
18.99
15.71
18.19
13.95
10.78
10.88
14.23
18.86
7.66
8.19
10.96
11.68
19.92
19.01
15.12
13.73
12.31
16.55
14.75
18.48
11.69
12.17
14.96
14.96
17.53
12.96
14.28
11.98
15.97
13.23
16.92
14.34
15.44
18.64
15.23
18.72
13.28
12.94
11.58
8.82
12.78
13.8
12.44
18.19
12.98
21.76
15.22
15.45
13.71
19.99
20.47
16.83
13.32
21.4
18.49
19.01
17.18
19.71
16.25
16.62
20.98
20.79
13.4
16.63
15.75
12.25
16.76
15.87
11.11
20.67
16.48
12.7
17.92
14.61
11.47
12.99
9.17
12.85
14.29
20.64
10.56
10.78
19.79
16.48
13.62
13.37
17.46
13.86
11.67
16.36
17.66
15.22
12.09
16.81
10.39
11.15
14.52
16.47
18.19
16.33
13.69
10.99
19.25
13.23
14.88
14.57
14.0
17.48
15.65
15.71
15.51
12.29
13.7
9.6
12.73
11.04
16.37
15.55
15.73
15.4
10.82
14.62
16.34
12.85
13.58
15.26
17.95
18.08
18.73
14.05
12.4
13.11
17.46
14.12
11.74
13.87
14.4
14.49
13.76
16.32
11.93
15.65
9.1
19.09
17.37
12.58
16.42
12.71
11.93
11.04
15.19
9.65
15.41
14.88
17.93
15.27
12.54
19.23
17.78
10.52
16.7
13.02
15.66
14.59
13.77
10.51
9.68
22.63
12.25
16.76
13.81
18.67
19.02
14.12
16.69
15.63
18.72
21.48
16.88
19.54
22.94
15.21
14.52
12.89
19.59
12.82
14.19
17.73
16.93
18.13
20.53
14.01
18.79
16.92
14.27
19.78
16.25
15.22
17.52
18.66
16.45
16.18
15.8
18.35
14.85
18.33
19.84
16.47
15.11
13.79
18.8
14.15
12.32
14.8
17.91
11.3
18.47
18.25
15.1
10.94
13.93
11.96
12.09
15.4
12.64
16.6
16.52
14.24
19.14
15.86
16.16
19.73
13.06
15.06
14.06
14.1
11.18
16.95
13.55
16.74
12.45
12.42
13.34
11.24
15.68
10.86
11.64
17.9
15.49
17.63
15.67
16.07
19.04
18.27
12.94
15.75
20.04
17.86
20.04
24.14
12.11
19.33
15.56
17.72
15.05
19.53
15.13
10.84
14.57
18.51
16.54
16.51
15.81
17.8
15.52
16.41
12.48
14.51
16.37
14.06
14.65
18.26
17.76
14.75
16.88
14.38
17.5
17.52
20.82
20.83
16.08
12.94
14.94
13.23
13.72
16.49
20.88
16.98
17.06
16.03
18.4
18.48
16.4
17.56
17.45
10.68
17.41
15.34
18.69
13.61
17.48
16.37
14.81
17.71
13.11
16.63
13.28
13.85
21.22
21.85
10.83
16.37
20.99
20.24
17.68
22.09
25.02
23.37
16.39
19.73
23.59
17.84
24.77
23.06
20.15
15.11
18.24
18.6
15.97
18.1
15.71
17.44
12.88
15.13
18.32
19.23
13.9
17.83
14.64
21.88
19.78
15.42
22.37
12.43
21.86
12.25
16.44
15.84
16.9
16.34
21.13
17.85
13.25
17.59
16.76
16.84
14.26
19.14
19.44
19.81
19.68
16.23
15.4
14.69
17.5
17.61
18.68
12.69
14.37
17.96
17.95
14.35
15.47
15.02
17.53
19.21
15.55
17.44
14.46
17.34
15.67
22.52
17.3
21.0
15.35
13.57
12.48
17.62
18.42
17.02
16.49
15.23
12.9
15.62
17.2
16.52
18.2
19.9
16.86
16.92
19.35
16.83
19.0
17.28
17.25
14.96
14.35
16.74
15.13
17.82
17.18
17.71
12.44
11.19
18.11
16.89
13.4
13.42
16.76
16.67
15.77
15.42
11.86
17.24
19.19
12.11
15.4
15.13
21.24
16.11
16.13
16.34
13.35
16.57
15.28
13.35
20.49
17.32
11.8
10.5
15.7
14.04
16.87
