26.24
28.15
38.48
45.7
44.58
48.24
35.82
34.66
38.42
22.33
21.57
25.17
22.72
21.38
17.5
15.42
16.83
14.14
15.85
19.01
26.06
30.87
18.62
18.8
20.94
18.58
16.7
10.92
17.14
14.01
9.48
11.47
14.39
13.13
9.24
12.31
16.27
17.19
13.01
14.95
19.11
17.1
17.39
17.94
12.02
13.97
21.55
21.67
21.44
16.04
17.08
21.85
14.67
13.17
17.0
17.37
20.65
22.6
20.37
15.54
9.92
10.13
15.83
14.22
14.15
17.03
17.08
22.25
22.26
20.64
16.54
14.11
17.91
18.8
16.0
10.4
10.97
9.07
11.34
18.26
12.72
9.43
13.42
12.34
11.23
14.9
13.97
12.44
13.62
12.95
9.98
12.98
12.78
7.95
8.93
14.98
16.02
10.1
5.36
12.47
21.04
16.98
12.14
11.13
10.26
9.18
7.52
7.79
9.9
7.45
8.48
11.64
14.63
15.12
12.29
8.78
9.01
10.14
10.38
12.74
12.16
10.42
11.57
11.05
10.62
13.14
10.27
9.73
12.78
9.66
12.0
17.27
16.7
13.34
12.29
14.04
12.62
12.99
14.35
20.43
23.31
19.76
14.74
15.34
19.23
18.53
23.49
22.54
15.5
21.76
31.16
25.68
14.91
16.93
21.94
17.91
16.17
23.37
20.7
18.36
25.3
21.07
19.23
13.71
12.87
20.25
15.97
18.35
22.05
14.76
14.39
17.5
18.32
21.18
19.17
14.76
13.93
13.89
17.24
18.86
16.33
17.41
18.05
16.95
17.56
17.79
19.07
17.77
17.35
20.3
20.05
17.6
14.61
18.96
21.79
16.13
15.76
14.49
12.97
14.14
15.37
14.15
18.03
22.19
17.83
17.08
17.98
18.67
14.42
11.26
15.59
18.72
13.89
11.06
13.2
14.82
15.14
15.19
13.02
10.54
16.74
21.04
15.57
14.57
14.02
14.81
13.36
13.69
21.15
18.21
13.46
16.59
16.61
14.31
13.27
12.53
18.29
15.88
12.63
16.04
15.01
14.79
16.65
20.84
17.55
13.96
16.88
15.47
13.35
12.64
13.51
17.72
14.29
9.73
18.54
20.28
15.69
14.26
16.85
22.42
17.39
13.7
16.83
13.96
14.24
14.09
9.91
12.87
14.48
15.58
16.51
12.16
12.3
13.99
11.07
10.72
15.01
13.21
13.66
15.17
12.22
12.26
12.38
14.79
14.72
13.75
14.87
16.06
14.82
13.21
12.33
12.24
12.53
13.28
13.98
16.31
16.07
12.43
12.55
10.67
9.7
14.48
15.85
17.49
16.93
13.66
13.76
10.07
10.72
14.73
13.11
14.84
15.99
15.49
20.61
17.39
12.29
14.83
14.3
9.86
14.35
16.54
12.14
13.54
14.69
15.07
13.41
14.45
15.8
14.8
16.24
20.47
21.08
18.55
18.32
13.05
12.34
16.09
13.63
11.11
14.68
19.24
17.25
18.58
20.11
18.23
17.06
14.97
12.29
17.04
20.12
16.73
17.26
15.13
15.26
16.2
17.52
18.26
15.41
14.87
14.72
14.88
14.94
12.25
14.92
18.43
19.0
16.65
14.81
14.16
12.03
10.42
11.17
17.14
13.0
11.0
14.77
13.04
10.69
9.16
10.26
12.86
15.63
15.77
13.27
13.3
18.29
23.38
19.33
13.4
14.86
17.5
18.13
19.6
13.43
8.23
13.09
12.27
12.45
16.1
15.67
19.73
19.76
16.91
19.57
17.62
17.34
17.7
14.81
19.06
21.61
17.33
15.03
16.19
20.49
20.34
18.51
16.92
15.01
13.82
13.95
17.86
20.38
21.01
19.35
14.84
13.97
15.86
17.68
19.25
18.23
16.32
14.51
16.34
19.17
16.91
15.31
13.75
14.89
15.02
14.73
15.45
15.94
13.03
15.93
18.28
11.04
14.89
15.87
14.49
17.57
15.95
13.74
15.66
16.36
14.48
13.7
15.99
18.51
21.79
19.06
15.33
17.99
17.76
14.91
16.28
16.95
13.85
13.38
12.95
12.65
15.56
16.38
14.85
12.84
13.54
16.72
19.25
21.2
16.35
16.56
21.34
17.08
19.69
23.25
19.25
17.92
15.83
14.73
13.49
17.74
20.17
16.78
15.59
16.9
18.36
15.77
11.92
13.84
20.33
20.66
16.98
17.86
20.66
15.06
12.61
17.2
14.75
13.25
16.56
18.01
15.57
13.96
17.37
20.29
17.0
13.44
21.19
23.07
17.01
20.38
19.4
16.53
16.26
17.53
19.67
20.92
21.68
22.81
23.41
18.73
14.23
15.84
18.18
17.68
18.72
16.78
12.33
15.79
16.67
16.3
19.08
16.23
16.33
19.17
20.87
18.05
17.28
17.32
17.16
17.01
16.42
15.83
13.47
13.84
13.24
15.24
17.18
13.24
15.94
23.71
20.6
16.13
14.01
17.58
16.23
14.86
18.49
17.43
18.85
17.23
17.18
15.31
11.65
14.88
14.94
11.4
12.97
12.56
8.88
16.2
17.66
15.54
18.48
16.65
15.34
11.93
11.63
14.81
14.76
14.41
15.89
18.04
18.69
17.57
15.51
14.53
15.81
21.92
21.8
