-0.6884000000000001
-0.4633
-0.1587
0.0345999999999999
0.2398
0.2149999999999999
0.574
0.4672
0.5645
0.2843
0.4252
0.4886999999999999
0.391
0.5621
0.5720000000000001
0.5733
0.5314
0.5861
0.5202
0.4755
0.5710000000000001
0.3931
0.3991999999999999
0.4626999999999999
0.8025
0.7795000000000001
0.9674
0.9947
1.0302
1.3921999999999997
1.3258
1.2149
1.2794
1.4438
1.6214000000000002
1.5611
1.6888000000000003
1.6249000000000005
1.7018000000000004
1.9738
1.7421
1.9201
1.7314999999999998
1.8584
1.6654
2.2608
1.935
2.3133000000000004
2.2282
2.0656
2.4321
2.4530000000000003
2.4017
2.0642
2.3186
2.1539
2.3813
2.5198
2.2561
2.0064
2.3399
2.2126
2.6373
2.3896
2.5229
2.6777999999999995
2.2652
2.5605999999999995
2.9454
2.5116
2.6048
2.761399999999999
2.7991999999999995
2.7348000000000003
2.1447
1.7767999999999995
1.7378
2.1211
2.42
2.1518
2.4117
2.9825
2.9117
3.1925
3.0326000000000004
2.5074
2.3242000000000003
2.5513
2.4923
2.4592
2.1944
2.4885
2.727299999999999
2.6732
2.555
2.8186
2.023100000000001
2.3953
2.7817000000000003
2.422400000000001
2.3975
2.1551
1.8358
1.6871
2.0807
2.2701
2.4919999999999995
2.4082
1.8655
2.6349
2.7028
2.3383000000000003
2.4394
2.1263
2.6623
2.7379
2.9225
2.8967
2.6278
2.2478
2.268
2.1509
2.2328
2.87
2.8045
2.2989
2.8506
2.6007
2.6409
2.4002
3.0156
2.6106
3.1546000000000003
3.5712999999999995
2.4919
3.0013
3.1811000000000003
3.0071000000000003
2.889000000000001
2.1151
3.0612999999999992
3.213999999999999
3.1445
3.4033
3.7822
3.5414
3.6961
3.5965000000000003
3.8313
3.8784
3.9038
3.9914
4.2208
4.1381
4.0065
3.882
3.8142
4.079
3.3086
3.7519
3.8388
3.6286
4.059900000000001
4.7658
4.7251
4.251399999999999
4.595599999999999
4.511299999999999
4.6138
4.6244
4.271399999999999
4.7882
4.5922
4.640700000000001
4.566400000000001
4.9776
4.8598
4.768000000000001
4.8683
4.6939
4.980599999999999
4.6086
4.6142
4.563000000000001
4.3529
4.5294
4.322099999999999
4.4791
4.739800000000001
4.504
4.9642
5.2951
5.0251
5.2553
4.8864
4.8409
5.344200000000001
4.6306
5.479399999999999
5.123000000000001
5.293100000000001
4.7502
4.7413
5.0997
5.1808
5.452300000000001
5.1236
5.6424
5.294
5.282600000000001
5.652100000000001
5.352199999999999
5.580799999999999
5.391500000000001
5.1296
5.767399999999999
5.4204
5.675599999999998
5.579
4.908999999999999
5.3093
5.732999999999999
5.6797
5.374300000000001
5.697099999999999
5.618099999999999
5.465800000000001
5.7803
5.356599999999999
5.1072
5.774
5.6294
5.5186
5.447399999999999
6.108799999999999
6.365799999999999
6.042800000000001
5.483699999999999
5.869199999999998
5.8739
5.965800000000001
6.3581
6.035000000000001
6.0413
5.941099999999998
5.808199999999999
6.494
6.1227
6.1553
6.2412
6.140899999999999
6.5543
6.2655
6.283400000000001
6.264600000000001
5.965700000000001
6.4381
6.521
6.529599999999999
5.9041
6.353899999999999
6.6676
6.615600000000001
6.007199999999999
6.302500000000001
6.435500000000001
6.363
6.1049
6.5029
6.078100000000001
6.0707
6.6503
6.253600000000001
6.435899999999999
6.7652
6.554600000000001
6.9759
6.6859
6.0070000000000014
5.9754
6.860500000000001
6.838599999999999
6.6489
6.6934000000000005
6.788700000000001
6.7751
7.309899999999999
7.210400000000001
6.736899999999999
7.0239
6.564299999999999
6.594599999999999
6.7962
6.957799999999999
7.428600000000001
6.981
7.0549
6.668099999999998
6.7264
6.760599999999999
6.818099999999999
7.1469
7.536799999999999
7.256899999999999
6.858199999999999
6.903200000000001
6.843999999999999
7.002600000000001
6.973399999999999
7.1327
7.209199999999999
7.220899999999999
6.7699
7.295900000000001
7.1831
7.2361
7.164199999999999
7.2026
7.1008
7.306699999999999
7.1509
6.650899999999999
6.985399999999999
7.128299999999999
6.713599999999999
6.5489
7.0056
6.7236
6.0953
6.9941
6.751299999999999
6.449900000000001
7.064399999999999
6.576899999999999
6.427900000000002
7.1453
6.394
6.530899999999999
6.788799999999998
7.167700000000001
6.793599999999999
6.854500000000001
7.4365
7.645399999999999
7.214600000000001
7.592400000000001
7.177200000000002
7.490400000000001
7.596699999999999
7.993100000000001
7.8189
7.4352
7.382899999999999
7.3461
7.492100000000001
7.362299999999999
7.871499999999998
7.702800000000001
7.8055
7.9151
7.723099999999999
8.332199999999998
7.712799999999999
7.9491
7.2715999999999985
8.199300000000001
7.859400000000001
8.215499999999999
7.972600000000001
7.941899999999999
7.5114
8.0985
7.335599999999999
7.9146
7.372800000000002
7.560999999999998
7.707500000000001
7.8538
7.788399999999999
7.912099999999999
7.898099999999999
7.7051
7.7504
7.7813
7.964099999999999
7.9911
7.7106
8.3764
7.5196
8.0228
8.2112
8.4622
8.127199999999998
8.3155
8.246200000000002
8.218699999999998
8.6449
7.9919
8.388
7.910800000000002
8.0026
7.958400000000001
7.428399999999998
7.678799999999999
7.7902
7.7924
7.675900000000001
8.0665
8.173499999999999
8.322400000000002
8.2979
7.8798
8.262099999999998
8.475299999999999
8.5418
8.1353
7.991499999999999
8.384
8.1598
8.1038
8.189799999999998
8.346800000000002
8.5469
8.296
8.520299999999999
8.6438
8.160099999999998
8.2317
8.2599
8.0676
8.062500000000002
8.3152
8.2738
8.0061
8.278500000000001
8.367
8.1258
8.414000000000001
8.4442
8.125
8.5111
8.4329
8.667200000000001
8.2587
8.4927
8.9077
8.493999999999998
8.447700000000001
8.834700000000002
8.642
8.631500000000003
8.407800000000002
8.6789
8.787600000000001
8.756
8.7121
8.1456
8.557500000000001
8.467000000000002
8.3875
8.4592
8.7699
8.7121
8.382100000000001
8.4037
8.419699999999999
8.3222
7.9024
8.0301
7.736199999999997
7.989500000000001
7.567700000000001
7.971300000000001
8.3868
7.7889
7.660900000000001
7.9167
8.3528
8.3413
7.911400000000001
8.8623
8.3241
8.0134
8.699599999999998
8.1714
8.225
8.3873
8.6927
8.7647
8.670100000000001
8.600299999999999
8.8232
8.650500000000001
9.12
9.0582
8.8041
8.672300000000002
9.1147
8.708400000000001
8.835900000000002
8.629999999999999
8.3979
8.3881
8.609599999999999
8.337
8.818100000000001
8.786200000000001
8.6986
8.7426
8.880799999999999
8.3204
9.1939
9.4465
8.5838
8.802999999999999
8.476799999999999
8.608500000000001
8.9138
9.0109
8.8413
9.0633
8.623000000000001
8.7854
8.802
8.7723
8.5031
8.874299999999998
8.6659
8.7195
8.597100000000001
8.7237
9.1496
8.6675
8.903999999999998
9.0573
9.1491
8.860000000000001
9.1857
8.8117
9.3364
8.6565
9.1555
9.081
9.0447
9.0795
8.791199999999998
9.1269
9.096799999999998
9.0291
8.978200000000001
8.669400000000001
8.7022
8.9584
9.0818
9.1003
9.3414
9.3172
8.9231
9.242300000000002
8.935599999999999
9.0929
8.8297
9.4032
9.197399999999998
9.1972
8.921499999999998
9.4467
9.0509
8.7461
9.0513
9.0881
8.973099999999999
9.1811
9.3563
9.369099999999998
9.1539
8.560300000000002
9.3181
9.087700000000002
9.2095
8.941900000000002
8.895500000000002
8.8781
9.1842
8.9083
9.1909
8.779899999999998
9.0396
9.0573
9.3872
9.0284
8.8115
8.3677
8.6003
8.3038
9.0398
9.3638
8.8571
8.8056
9.1343
