-0.4369999999999999
-0.3611
-0.2568
-0.1362999999999999
0.0265999999999999
0.1586999999999999
0.1311999999999999
0.096
0.1576
0.2852
0.3331999999999999
0.3141
0.3948999999999998
0.512
0.6516000000000001
0.7552
0.7236
0.6959000000000002
0.6967
0.7811000000000001
0.903
0.8208999999999999
0.5405000000000001
0.401
0.4853
0.3408
0.3639
0.4898999999999999
0.4216000000000001
0.3227999999999999
0.3805
0.5005
0.4843
0.4644
0.3062
0.2895
0.3155
0.4937
0.5824
0.3412999999999999
0.4971999999999999
0.6593999999999999
0.4701000000000001
0.4783
0.4881999999999999
0.7421999999999999
0.9425
0.7326999999999999
0.7751999999999998
0.7959999999999999
0.9253
1.0153
0.9306999999999996
1.0061000000000002
1.1394000000000002
1.0247000000000002
1.0524999999999998
1.1204
0.9738
0.8954
0.9576
1.1823
1.2076999999999998
1.2647000000000002
1.456
1.4201
1.5825999999999996
1.7058000000000002
1.409
1.3674000000000004
1.6956
1.5354
1.3676
1.5086999999999997
1.3743
1.3943000000000003
1.5854
1.6652
1.6978
1.7388
1.6684000000000003
1.5827999999999995
1.6881000000000006
1.6941000000000002
1.6071999999999995
1.6219
1.6100000000000003
1.7416000000000005
1.7601999999999998
1.6646999999999996
1.7532
1.7407
1.7448
1.7515
1.8182
1.7670000000000003
1.6474000000000004
1.8478
1.9355
1.9749
2.0064
2.0423
1.8259
1.5851
1.7558999999999998
1.9702
2.1362
2.2248
1.9867
2.2873
2.5939999999999994
2.491
2.4311000000000003
2.4508000000000005
2.4368
2.3269
2.4839
2.5964
2.637900000000001
2.7184
2.4517
2.4628999999999994
2.863000000000001
2.8960000000000004
2.9737
2.9613000000000005
3.108900000000001
3.0728000000000004
2.914400000000001
3.0159
3.069200000000001
3.2487
3.0608
3.1681
3.3067
2.9978
3.0647
3.3693
3.2886
3.2407
3.4202000000000004
3.3549
3.5795
3.9304
3.9146
3.668
3.4144
3.2684
3.3292
3.4454
3.455
3.5401000000000007
3.2651
3.0973
3.3999
3.5956999999999995
3.678399999999999
3.6984
3.6867
3.7569
4.0713
4.0641
3.9075
3.6815
3.5235
3.7487
3.8928
4.1225
4.067199999999999
4.0075
3.853
3.964900000000001
4.279299999999999
3.8474
3.4096
3.166300000000001
3.3261000000000003
3.7518
4.1121
3.9566
3.5006
3.2515000000000005
3.1176000000000004
3.017100000000001
2.8695
2.9195
3.0931
3.0980000000000003
3.2825
3.3531999999999997
3.3472000000000004
3.1439
3.3165
3.8183
3.739700000000001
3.989700000000001
3.9967
3.6938
3.7388
3.6915
3.5504
3.7701
3.8048
3.7742
4.2289
4.3946000000000005
4.0531
3.9274
3.9157000000000006
3.654
3.8102
4.0135
4.129899999999999
4.076499999999999
3.8378
3.723
3.9331
4.2323
4.064100000000001
3.803
3.757
3.9791
4.1386
4.3786000000000005
4.418900000000001
4.066
3.9079000000000006
4.1022
4.124099999999999
4.106299999999999
4.1991
3.8084
3.6942
3.8099
3.9837000000000007
4.2456
4.4141
4.2553
3.9202
3.8446
4.0828
4.349799999999999
4.5081
4.6316
4.2860000000000005
4.2253
4.3355
4.3135
4.6274
4.520499999999999
4.104
4.1238
4.4192
4.4436
4.195900000000001
4.1588
4.3512
4.2095
3.9296
4.2532000000000005
4.7058
4.5078
4.1171
4.2536000000000005
4.355099999999999
4.2414
4.152200000000001
4.2394
4.2981
4.1115
3.900900000000001
4.161200000000001
4.1895
4.1766000000000005
4.472700000000001
4.386700000000001
4.374700000000001
4.4872000000000005
4.646200000000001
4.2989
4.1081
4.279
4.463
4.372599999999999
4.098700000000001
4.1657
4.0565
4.5227
4.78
4.4535
4.188400000000001
4.102
4.176
4.1786
3.984599999999999
3.905100000000001
4.0384
4.316199999999999
4.5559
4.4378
4.164499999999999
4.0973
4.389900000000001
4.3971
4.1531
4.3756
4.6889
4.702
4.800999999999999
4.457599999999999
4.009600000000001
4.188
4.3691
4.753100000000001
4.9269
4.750800000000001
4.710799999999999
4.4670000000000005
4.2718
4.083100000000001
4.204000000000001
4.3504000000000005
4.7298
4.8708
4.5665
4.7832
4.7613
4.2551000000000005
4.250299999999999
4.3712
3.9149
3.8505
3.9518999999999993
4.179200000000001
4.349599999999999
4.2244
4.433599999999999
4.7543
4.9112
4.9034
4.9558
4.9634
5.1023
4.8374
4.6054
4.8737
4.931700000000001
4.6903
4.6844
5.0406
5.2496
5.3113
5.1007
4.573899999999999
4.311800000000001
4.7172
5.207999999999998
4.9853000000000005
4.6983
4.6927
4.6608
4.51
4.581300000000001
4.727
4.7602
4.7342
4.5354
4.4966
4.4664
4.534
4.6799
4.813599999999999
4.830900000000001
4.715
4.396999999999999
4.443600000000001
4.7184
4.6207
4.4917
4.578099999999999
4.731
4.7906
4.692399999999999
4.7662
4.960000000000001
4.9404
5.1814
5.2121
4.7626
4.6058
4.669799999999999
4.6489
4.634499999999999
4.8942000000000005
5.299
5.250500000000001
4.734300000000001
4.7909
4.975499999999999
5.0165
5.0648
4.7236
4.9072
5.307199999999999
4.8948
4.719
5.3286
5.786399999999999
5.5653
5.167199999999999
5.0357
5.0194
5.054399999999999
5.110400000000001
5.2856
5.091
5.219599999999999
5.531200000000001
5.2746
5.2205
5.075
5.2517000000000005
5.426799999999999
5.186800000000001
5.1282
5.0882
5.0702
4.6344
4.436599999999999
4.65
4.897900000000001
5.093799999999999
4.9164
5.1625
5.229699999999999
5.0416
5.2963
5.3393
5.3809
5.2957
5.3245000000000005
5.7368
5.318200000000001
5.0659
5.184
4.8234
4.902
5.2792
5.310800000000001
5.345700000000001
5.608300000000001
5.386300000000001
5.0539
5.0434
5.1468
4.991899999999999
4.9787
4.8875
4.8463
5.416600000000001
5.246399999999999
4.954999999999999
5.0029
4.896599999999999
5.110499999999999
5.1923
5.1656
5.554200000000001
5.705799999999999
5.227800000000001
5.1145
5.3963
5.5505
5.5883
5.474500000000002
5.5467
5.404900000000001
5.1572000000000005
5.5375
5.731900000000001
5.7094000000000005
5.434000000000001
5.377300000000002
5.661200000000001
5.582800000000001
5.4814
5.3608
5.136400000000001
5.218899999999999
5.0802000000000005
4.8658
4.949600000000001
5.2101
5.4024
5.4287
5.5262
5.5208
5.497999999999999
5.243199999999999
5.4375
5.4302
5.2988
5.586499999999998
5.58
5.532900000000001
5.361300000000001
5.0994
5.326299999999999
5.575
5.2309
5.0861
4.9454
4.6336
4.663399999999999
4.868
5.1266
4.9291
4.4091000000000005
4.4259
4.52
4.6309000000000005
5.013299999999999
5.400399999999999
5.415799999999999
4.8954
5.057600000000001
5.1071
4.6799
5.123100000000001
5.4094
4.8875
4.6067
4.9732
5.2369
5.063300000000001
4.908399999999999
5.086
5.082999999999999
5.1408000000000005
5.2691
4.9701
5.236600000000001
5.5762
5.0069
4.9437
4.9858
4.8047
4.9314
5.1826
5.505199999999999
5.6607
5.8051
5.687399999999999
5.5574
5.445499999999999
5.3054
5.538099999999999
5.7033000000000005
5.2894000000000005
5.4994000000000005
5.607900000000001
5.338800000000001
5.449400000000002
5.482
5.298299999999999
4.8815
4.718
4.7497
4.693099999999999
4.740799999999999
4.7061
4.409000000000001
4.6403
4.5248
4.0616
4.1913
3.815500000000001
3.9997
4.481299999999999
4.3053
4.2490000000000006
4.4025
4.4538
4.0836
3.7123
3.7273
4.155600000000001
4.186
4.1995
4.403200000000001
4.270300000000001
4.184699999999999
4.4166
4.634399999999999
4.497800000000001
4.4414
4.3235
4.021
3.9205
3.773
