-2.5723000000000003
-2.0016000000000003
-1.2162999999999995
-0.6547
-0.0314
0.18
0.2949
0.3054
0.4231
0.3522000000000001
0.5040999999999999
0.5210000000000001
0.3362
0.3212
0.2773
0.5023
0.4752999999999999
0.4418000000000001
0.5065000000000001
0.3964
0.4933999999999999
0.4295999999999999
0.6913999999999999
0.7271000000000001
0.6397
0.8151
0.8829999999999998
1.0038
1.0604
1.0651000000000002
1.3239
1.4327
1.039
1.3974000000000002
1.3131
1.5133
1.713
1.4886
1.982
1.9245
1.5052
1.6023000000000005
1.4565
1.8887
1.9235000000000004
1.8632
1.8343
1.8624000000000005
1.8571
1.9952
1.8027
2.5281
2.5007
2.0933
2.1531
2.5267
2.4682
2.2735000000000003
2.3768
2.2260000000000004
2.3434
2.4405
2.8854
2.6815
2.07
2.6305999999999994
2.7574
2.5034000000000005
2.7406
2.5626
2.0923000000000003
1.9908
2.2326
1.8740000000000003
2.5404
2.5729
3.1082
2.7508000000000004
2.8260999999999994
2.5123
2.3411
2.1378
2.4301000000000004
2.5884000000000005
2.1939
2.6485000000000003
2.4361999999999995
2.9036
2.8810000000000007
2.9001
3.143500000000001
3.4466
3.327400000000001
2.9702
3.6814
3.3605
2.9676
3.3680000000000003
3.5
3.1004
3.3555
3.2064
3.217
2.5701
2.8142
2.8007
2.7682000000000007
2.285
2.8201
2.908
3.2032
3.3467
3.0879000000000003
3.5247
3.0233000000000003
3.2204999999999995
3.4971000000000005
3.4101
3.4081
3.1548
3.4280999999999997
3.0732
3.1565000000000003
3.0826000000000007
3.6327
3.6717
3.4435
3.7582
4.077000000000001
3.9681
3.7796
3.4456000000000007
3.636
3.844500000000001
3.6228
4.1018
3.1968
4.0089
3.8452
3.6151
3.7903
3.8421
3.786600000000001
3.8324
3.7238
3.701900000000001
3.5566000000000004
3.9412
3.615800000000001
3.9012
3.6998
3.3557
3.1777
3.4329
4.0785
3.2824999999999998
3.3556999999999992
2.9822999999999995
3.2695000000000003
3.6158
4.010000000000001
3.6462
2.9079
3.8072
3.6991
3.9539
3.5776
3.668200000000001
3.0960999999999994
3.0734
3.798999999999999
3.1896000000000004
3.609900000000001
3.6656
4.018700000000001
4.141000000000001
3.7204
4.310399999999999
3.4397
3.9457
4.4272
4.2917
4.346799999999999
4.5158
4.8044
4.350300000000001
4.1022
3.8908
4.1135
4.358300000000001
4.1525
4.3775
4.0783000000000005
4.3447
3.9604
4.8454
4.8324
4.822400000000001
4.2721
4.4107
4.631900000000001
4.1989
4.453900000000001
4.5835
4.504499999999999
4.4354
4.261700000000001
4.9868
4.369
4.7136000000000005
4.4847
4.0611
4.5039
4.920800000000001
4.6101
4.6253
4.8475
5.0599
5.2281
5.5846
4.6567
4.7147
4.1197
4.4129000000000005
4.3428
5.4956
5.370900000000001
4.6639
4.9219
4.814699999999999
5.4117
5.077300000000001
4.4766
4.9458
4.6141
4.4143
4.3804
3.8108
4.2384
4.8436
4.873
4.9808
4.928
5.056299999999999
5.2008
4.311600000000001
5.0374
5.093799999999999
4.690300000000001
4.9116
5.574599999999999
5.052300000000001
5.044700000000001
4.8884
5.0095
5.2768
4.829300000000001
4.681
4.8959
5.3224
5.2986
5.388899999999999
5.3777
5.726400000000001
5.4211
5.621600000000001
5.702400000000001
6.0559
5.769899999999999
5.233899999999998
5.5153
5.8779
5.868100000000002
5.49
5.430599999999999
5.7282
5.952600000000001
5.904900000000002
5.8173
6.1119
6.0762
5.9327
5.9906
5.9137
5.7327
6.401999999999999
6.082299999999999
5.6973
6.135000000000002
5.6448
6.124700000000002
5.6
6.0454
5.922
5.8143
5.996800000000002
5.9661
6.423399999999999
5.842899999999999
6.1847
6.5094
5.6016
5.492600000000001
5.6292
5.785299999999999
5.4922
5.0745
6.528699999999999
6.4978
5.815000000000001
5.7269000000000005
6.328799999999998
6.301699999999999
5.6814
6.280900000000002
6.0885
6.1459
6.013199999999999
6.291199999999999
6.1672
5.809299999999999
6.471699999999999
5.702100000000001
5.6841
5.790799999999999
6.089900000000001
5.9293
6.1316
6.115600000000001
5.922299999999999
5.2177
4.7643
5.390499999999999
4.903300000000001
4.904400000000001
4.1323
4.3064
5.1542
5.0684000000000005
5.505199999999999
5.6026
5.6737
5.598200000000002
5.487
4.9314
5.573600000000002
5.496
5.3199000000000005
4.6186
5.471200000000001
5.453
5.2425
5.561099999999999
5.590000000000001
5.228399999999999
5.137900000000001
5.374099999999999
4.958899999999999
4.4221
4.8522
4.881000000000001
4.8514
5.889599999999999
5.7461
5.324699999999999
5.1031
5.281600000000001
5.0054
5.627999999999998
5.5158000000000005
5.4037
5.3833
5.897700000000001
6.444500000000001
5.719600000000001
5.635999999999999
5.8395
5.717399999999999
5.820899999999999
5.690000000000001
6.1508
5.671399999999998
5.797700000000001
5.993200000000001
5.729299999999999
6.425700000000001
6.185
6.1164
6.1949000000000005
6.708499999999999
6.2817
6.1524
6.8744
6.3333
6.313000000000001
6.875799999999999
6.193300000000001
6.342299999999999
6.430199999999998
6.2929
6.426999999999998
6.072900000000001
6.2837
5.6614
6.0444
6.016800000000002
5.898199999999999
6.4031
6.3374
6.180900000000001
6.8266
6.3885000000000005
6.366499999999999
6.230599999999999
6.1759
6.6998
6.488299999999999
6.3971
6.2943
5.9068
6.481800000000001
6.274800000000002
6.589100000000001
6.132600000000001
6.078199999999999
5.7981
5.5951
6.0855000000000015
6.2285
5.9955
6.859299999999999
6.762299999999999
6.911299999999998
7.0440000000000005
6.312600000000001
6.406800000000001
6.974299999999999
7.317600000000001
6.3113
6.421900000000001
7.017799999999999
6.3894
6.217900000000001
6.071700000000001
6.655100000000001
6.4177
6.6058
6.357899999999998
6.391200000000001
6.214099999999999
6.7342
6.1355
6.5184000000000015
6.566599999999999
6.6375
6.3959
6.5152
6.7414
6.806799999999999
6.2537
6.167399999999999
6.1282000000000005
6.480999999999999
6.27
6.4811000000000005
6.000800000000002
6.519499999999999
6.214099999999998
5.494
6.5256
6.542000000000001
6.534200000000001
6.531600000000001
6.116499999999999
6.298100000000001
6.078
6.4576
6.554000000000001
6.4035
6.3728
6.404
6.773500000000002
6.687799999999999
6.4398
6.445499999999999
6.331900000000001
6.444800000000002
6.239599999999999
6.713499999999999
6.296699999999999
6.6945
6.192
6.675599999999999
6.621999999999999
6.420300000000001
6.5785
6.243099999999999
5.9777
6.7212
6.603400000000001
6.4662000000000015
6.1503
6.6755
6.5547
6.628399999999999
6.4899
6.6913
6.6842
6.997600000000001
6.2643
6.580300000000001
6.529599999999999
6.535000000000001
6.6134
6.1974
5.7542
5.5966000000000005
6.181699999999999
5.787299999999999
6.4962
6.403899999999998
6.253800000000001
6.122200000000001
6.146599999999999
6.202299999999999
6.180600000000001
6.3001
6.065899999999999
6.064699999999999
5.6016
5.634399999999999
6.166999999999999
5.7026
5.0672
5.765700000000001
5.9265
5.7138
5.8833
6.399700000000001
6.1062
5.9947
6.342099999999999
6.3097
6.6959
6.173000000000001
6.3143
6.4898
6.631900000000001
6.8109
6.740600000000001
6.721499999999997
6.485399999999999
6.749799999999999
6.729300000000002
6.869999999999999
6.7658
6.5235
6.317100000000002
6.6831
6.198300000000001
6.5832
5.9631
6.2401
5.973299999999999
6.3575
6.493599999999999
6.0859000000000005
6.296
6.2323
6.107999999999999
5.875799999999999
6.0692
6.641
6.3363
6.3323
5.889200000000001
5.9017
6.728899999999999
6.7571
6.9808
6.7620000000000005
6.957499999999998
6.728400000000001
6.6016
6.477199999999999
6.9205000000000005
6.7214
6.821899999999999
6.659800000000001
6.4365000000000006
6.607800000000001
6.3231
6.3497
6.3016
6.261900000000001
5.962600000000001
6.249
6.282
7.2884
6.6918
