0.0
0.1
0.05
0.0
0.05
0.05
0.05
0.05
0.0
0.0
0.0
0.1
0.0
0.0
0.0
0.05
0.05
0.05
0.0
0.1
0.0
0.0
0.0
0.0
0.0
0.0
0.0
0.0
0.0
0.1
0.0
0.05
0.05
0.05
0.15
0.0
0.0
0.0
0.05
0.15
0.1
0.05
0.15
0.25
0.05
0.05
0.05
0.25
0.1
0.45
0.35
0.05
0.4
0.4
0.55
0.8
0.7
0.3
0.4
0.45
1.15
0.95
1.1
1.15
1.85
0.9
1.7
2.3
2.45
2.25
2.75
2.7
3.8
3.7
3.45
2.95
3.65
5.25
5.15
4.65
5.25
5.55
7.0
4.6
6.95
6.35
7.2
6.35
5.85
7.15
11.55
7.85
11.05
11.35
11.4
12.4
11.4
10.6
11.75
14.9
13.3
12.9
15.3
15.8
13.55
16.9
14.6
17.3
15.15
14.3
18.05
18.35
21.55
19.0
21.15
21.15
20.6
23.1
24.95
19.2
26.65
20.55
22.05
27.45
25.6
32.5
23.35
30.5
22.8
25.45
31.8
23.65
29.3
29.35
27.35
29.7
33.6
28.4
33.65
30.2
33.15
29.2
37.65
31.55
31.85
32.6
36.3
30.95
37.8
38.95
31.75
37.95
33.5
36.05
34.7
36.35
37.25
38.4
33.1
35.35
41.1
37.75
36.75
40.6
41.7
44.15
43.25
40.65
42.65
41.35
38.6
40.85
38.4
44.2
41.3
41.55
48.65
44.9
44.7
49.3
46.45
46.15
46.75
45.0
48.5
42.05
49.4
50.5
45.7
43.15
47.1
45.55
47.1
46.45
43.35
45.8
41.05
38.65
43.45
42.1
46.4
41.5
42.5
44.9
46.25
43.8
43.0
44.45
41.35
39.6
38.8
44.6
38.6
38.4
40.25
37.9
35.55
35.55
37.2
36.85
38.85
36.9
40.05
43.35
46.65
42.25
46.4
39.6
40.85
38.7
36.5
42.05
40.55
36.35
36.95
35.65
36.65
33.55
36.7
36.2
35.85
40.25
36.95
34.85
35.8
33.55
33.65
31.1
32.0
35.75
33.05
34.25
31.5
30.85
30.25
31.4
32.5
27.85
30.6
33.3
29.45
30.4
33.35
31.3
31.95
30.85
34.4
35.75
32.75
34.95
32.6
32.15
29.55
33.6
28.4
30.35
30.95
28.05
26.8
27.8
29.7
31.75
29.5
31.5
27.65
25.75
28.2
25.5
25.95
28.2
27.05
25.55
28.05
28.35
30.75
24.1
28.95
27.45
28.55
26.5
27.05
27.75
24.9
27.3
28.0
28.8
27.65
27.45
28.55
29.3
28.75
27.3
24.5
28.35
26.8
29.05
27.05
24.7
27.25
25.55
29.4
31.25
25.45
24.1
25.75
25.05
26.8
28.9
26.65
27.85
25.05
27.35
27.45
29.1
24.65
26.95
25.9
26.3
23.0
25.45
26.0
23.25
26.0
26.8
25.65
25.8
25.6
25.3
23.6
25.1
25.25
25.6
26.85
27.85
28.05
27.8
27.05
26.25
22.3
25.05
24.2
25.15
23.05
23.5
22.4
26.15
21.9
22.15
23.65
24.0
23.5
23.6
28.15
21.05
21.9
19.95
22.8
22.6
20.35
22.5
20.55
23.7
24.75
25.3
22.3
20.1
20.65
21.25
22.7
24.3
22.1
21.0
24.95
20.6
20.7
20.0
19.4
19.5
20.1
21.15
19.75
23.45
23.35
22.25
22.45
21.65
20.95
26.6
20.55
21.95
22.95
22.0
19.85
22.1
23.05
21.85
21.6
23.1
23.05
20.15
21.6
23.95
22.9
19.05
22.55
23.35
24.9
21.9
22.1
20.9
25.15
21.65
25.25
22.45
21.55
22.15
21.4
22.8
24.8
24.8
25.9
21.3
24.95
22.1
21.35
20.5
23.25
24.45
23.3
23.75
23.7
23.15
22.9
23.9
26.95
25.25
24.55
22.85
22.45
23.75
28.85
23.5
22.85
25.3
27.0
23.95
24.25
26.1
24.4
25.35
25.15
25.15
24.95
24.4
27.0
22.8
26.75
25.65
25.5
26.6
26.25
26.1
25.4
22.1
24.75
25.15
26.25
22.35
26.5
23.25
22.25
26.8
23.6
24.45
24.0
26.4
26.5
23.0
26.7
25.0
26.1
24.7
26.1
24.4
23.25
25.9
25.3
22.05
24.65
23.2
24.1
22.3
20.4
19.3
22.8
21.35
23.0
21.6
22.05
23.9
21.5
21.45
22.1
20.6
23.3
23.1
23.05
23.1
21.25
25.1
27.4
26.45
26.5
24.7
24.2
25.5
24.05
23.85
26.7
23.8
24.1
23.65
26.9
24.0
23.1
25.2
26.05
28.7
24.0
26.3
24.35
25.65
27.05
28.25
27.95
28.05
27.2
28.1
25.0
24.25
27.75
26.3
27.15
25.05
27.05
26.05
27.85
27.25
25.35
25.3
28.45
27.4
26.0
24.7
24.0
25.15
22.55
25.0
25.6
26.1
24.2
27.5
24.25
25.45
24.15
25.15
25.05
25.5
23.2
24.25
21.55
22.75
24.0
25.1
24.65
27.8
25.85
29.05
23.55
25.0
23.35
22.15
25.5
21.75
24.05
24.75
22.05
26.0
22.7
23.95
24.25
22.5
22.4
22.9
23.0
24.35
22.75
20.8
23.85
23.95
25.9
21.45
18.75
21.9
21.15
24.75
21.25
24.1
22.25
21.5
23.55
23.6
23.05
22.65
21.95
23.1
24.6
26.45
20.9
20.5
18.7
22.1
22.7
24.0
22.65
22.7
24.65
20.45
25.25
21.85
23.5
23.1
22.95
25.55
26.1
28.25
24.8
23.0
26.85
25.1
23.2
24.6
23.8
23.05
25.65
24.6
24.45
23.85
23.55
27.15
25.15
25.8
24.2
24.85
21.55
21.95
23.45
21.05
21.25
25.0
22.75
26.4
23.35
23.15
24.1
22.0
23.95
24.2
23.65
19.0
24.4
19.55
19.5
19.55
20.05
19.05
21.15
20.6
18.8
19.05
20.15
21.45
20.8
20.55
17.5
22.6
23.15
22.95
18.7
21.8
18.55
21.35
20.85
20.15
23.1
23.05
24.15
22.35
23.25
24.15
24.5
23.4
24.95
23.35
23.3
20.7
24.05
23.75
22.3
27.3
25.35
22.6
23.25
22.45
27.45
23.7
23.0
22.05
21.3
23.05
23.05
25.15
20.7
21.7
23.3
24.3
27.15
25.15
25.4
27.65
25.45
25.55
23.25
25.05
22.35
25.6
23.8
22.6
21.5
22.85
24.1
23.5
22.05
22.6
23.8
25.35
22.45
22.55
22.1
21.7
24.3
25.75
21.9
25.25
24.15
23.15
24.5
22.5
24.6
26.4
22.15
24.75
23.2
24.25
21.65
21.7
22.6
22.8
22.0
22.75
21.75
21.05
24.6
24.4
20.55
23.45
26.5
23.3
21.0
23.4
23.05
24.0
24.75
24.6
24.9
29.05
23.95
22.05
25.85
23.65
27.95
27.8
27.0
26.15
28.05
29.0
26.75
29.4
27.3
26.0
25.0
27.3
32.55
30.4
27.4
30.1
30.4
27.8
31.2
28.65
26.85
29.3
29.15
30.25
30.75
29.35
31.6
28.4
31.95
32.9
34.0
25.35
31.6
27.6
30.65
26.25
28.3
26.1
25.85
27.3
24.95
26.65
28.95
28.15
24.1
31.55
23.4
28.5
27.55
27.55
28.5
26.05
27.3
24.55
26.8
26.25
26.35
24.45
26.65
26.55
24.2
26.4
24.3
25.2
25.65
27.65
28.1
24.8
28.15
24.15
26.0
24.85
26.45
25.3
25.5
23.1
23.85
26.3
23.15
23.8
24.4
24.0
23.7
23.25
23.9
22.7
25.35
23.4
21.4
22.7
27.2
22.6
21.85
22.8
22.0
21.7
23.95
20.9
19.5
23.4
21.45
21.15
22.05
20.05
22.6
20.9
20.5
24.35
21.85
22.3
22.7
22.85
21.7
21.5
21.45
21.25
22.25
23.05
21.9
24.35
22.75
17.9
22.6
24.7
23.85
21.95
20.9
21.85
23.0
20.85
24.3
24.15
23.25
22.5
20.05
23.45
25.25
26.3
24.35
22.25
23.7
23.6
27.8
23.45
22.95
22.4
27.2
25.9
24.0
24.85
25.25
25.45
24.4
27.35
28.55
28.8
26.25
26.6
24.05
24.7
28.7
28.6
29.3
24.25
29.6
25.95
28.2
26.05
29.45
23.85
26.7
26.05
27.55
23.5
28.7
24.4
27.6
26.2
24.75
24.9
26.15
20.5
23.05
26.7
25.25
24.5
23.4
26.7
27.15
23.0
26.4
25.0
23.0
25.25
23.35
21.75
21.8
24.3
20.15
22.35
23.8
23.9
23.95
22.75
24.8
24.95
23.55
27.45
21.85
21.85
25.2
22.75
23.7
23.45
20.45
20.25
19.8
19.75
20.35
21.7
23.85
18.3
19.75
18.45
17.7
21.7
19.35
21.25
21.65
19.4
19.7
20.05
18.5
16.15
17.1
16.8
19.4
19.2
18.95
19.05
19.3
17.15
19.65
20.1
22.9
19.4
19.3
21.8
18.65
19.25
21.4
22.3
20.2
22.0
22.15
22.0
20.9
20.0
22.85
18.95
17.95
19.85
19.85
21.35
19.65
21.35
19.6
20.8
20.7
23.9
24.3
23.0
23.45
22.8
24.1
22.95
22.6
25.65
20.4
24.6
25.05
21.45
23.95
23.95
27.45
27.05
30.05
26.35
29.85
26.5
26.4
27.9
28.05
24.85
24.15
26.05
25.5
25.95
28.35
25.55
28.3
26.9
29.8
27.6
29.55
28.55
27.8
29.4
27.8
30.7
29.85
28.7
28.75
30.9
29.35
29.6
30.9
30.05
32.1
29.35
28.4
26.3
27.9
27.85
28.9
26.6
27.75
28.45
30.45
29.9
26.6
31.6
30.15
34.1
29.45
31.5
28.4
29.6
31.75
27.1
25.65
25.25
27.9
32.9
28.8
29.9
28.3
26.55
29.4
27.6
28.85
28.6
27.6
27.85
26.2
28.2
25.5
28.35
26.9
24.15
31.85
27.0
30.1
26.85
27.3
24.1
26.85
26.1
23.45
27.2
25.05
23.75
22.25
20.45
23.55
20.9
23.95
23.15
19.95
20.8
22.1
20.9
21.35
19.15
20.25
20.95
24.4
20.1
21.9
22.85
18.8
18.5
22.85
19.35
22.75
18.5
18.45
18.8
17.15
19.35
19.1
17.05
19.5
22.1
17.25
20.15
17.6
19.55
17.7
19.75
21.6
18.35
20.3
17.75
18.75
16.8
20.9
19.45
18.15
19.65
18.45
19.2
19.0
20.05
20.35
19.35
21.65
17.85
19.35
16.75
14.55
15.9
18.5
17.35
18.55
15.9
17.3
19.25
16.1
17.25
18.8
20.2
17.15
14.7
18.85
22.75
19.1
18.6
19.3
19.35
19.2
23.2
19.85
18.85
16.4
18.7
20.55
21.55
21.2
19.7
24.15
22.8
21.95
25.2
21.45
21.05
23.0
22.0
23.75
21.1
21.55
21.5
18.8
22.25
21.3
20.75
23.1
24.4
20.6
22.9
21.95
20.4
21.35
21.55
20.8
20.95
22.35
19.95
22.75
20.9
18.7
19.95
20.5
17.2
21.2
22.45
17.15
19.55
19.95
24.5
19.5
19.65
20.65
19.75
19.35
20.05
17.65
21.35
21.6
19.35
22.6
21.65
23.25
23.45
25.3
23.2
23.6
22.75
24.5
23.75
27.05
24.5
24.05
29.3
26.5
25.95
28.95
26.2
31.3
24.2
30.8
30.8
28.15
29.25
27.05
27.85
27.05
28.4
32.45
26.35
28.6
27.35
30.0
28.45
27.75
26.15
29.35
29.5
27.9
32.45
31.95
31.75
32.35
32.8
33.1
32.65
30.25
32.55
31.65
32.2
31.0
35.15
32.9
30.1
31.95
30.55
31.75
29.3
30.3
30.8
33.25
30.65
29.2
27.0
30.8
31.45
32.8
29.8
25.0
34.8
30.4
34.05
32.3
32.55
29.75
32.75
29.3
36.4
28.85
34.25
32.75
32.3
33.8
30.4
29.85
27.8
27.7
28.8
30.15
29.3
32.0
33.1
29.65
28.65
31.25
30.35
33.2
31.1
32.3
32.35
30.7
28.2
28.6
29.6
31.95
30.6
28.65
27.1
26.55
25.9
28.6
25.45
22.0
24.15
29.0
22.75
27.9
31.1
24.35
25.5
24.15
27.35
24.05
22.4
23.3
24.15
22.45
23.4
21.6
27.7
23.6
25.4
24.2
23.75
25.15
21.25
25.0
25.2
24.1
23.95
23.2
22.6
20.85
25.4
24.5
22.25
24.05
21.8
21.4
20.55
20.85
23.6
21.8
24.5
20.8
20.1
22.65
20.3
21.95
20.15
22.6
23.25
21.3
21.75
23.85
19.95
20.6
25.55
21.15
23.05
21.7
20.55
20.8
20.7
22.05
19.65
21.05
21.25
21.1
17.4
