0.0
0.0
0.0
0.0
0.0
0.0
0.0
0.0
0.0
0.0
0.05
0.0
0.0
0.0
0.0
0.05
0.1
0.15
0.0
0.1
0.05
0.1
0.1
0.0
0.1
0.0
0.3
0.1
0.3
0.2
0.4
0.45
0.25
0.65
1.15
0.8
0.95
0.7
0.95
1.45
1.75
3.9
4.55
5.15
3.7
4.5
4.05
5.8
5.5
7.2
9.2
10.55
8.15
12.65
13.6
10.95
9.85
15.55
10.95
15.15
16.15
19.95
22.95
23.45
23.8
22.55
23.6
25.2
26.6
25.6
25.5
28.75
29.85
28.25
30.25
29.7
29.5
21.45
24.5
27.65
27.6
27.95
33.25
27.6
26.95
32.9
31.6
33.55
36.0
35.85
33.8
36.55
34.35
30.05
32.05
30.15
33.8
37.65
36.6
32.2
30.25
33.7
34.55
27.75
32.8
30.3
32.45
35.2
33.9
31.15
32.0
33.5
33.55
29.25
33.8
34.65
34.95
35.55
39.5
32.75
34.2
34.95
36.35
42.1
38.5
42.95
41.05
43.05
39.45
38.7
40.75
40.95
40.9
39.8
41.8
39.45
41.45
39.15
38.95
34.3
33.0
33.05
32.75
32.05
37.55
36.75
35.4
40.0
37.7
34.75
35.9
32.55
29.55
30.7
33.85
35.95
31.9
28.5
30.5
32.0
33.1
37.15
36.3
32.15
34.4
31.25
27.05
27.0
27.25
29.15
24.35
29.7
26.65
26.15
25.6
26.05
27.4
27.25
25.15
23.6
24.15
28.05
25.25
23.55
27.3
23.55
22.65
22.0
17.7
20.55
19.0
17.3
19.1
14.8
17.25
15.45
14.95
17.35
18.25
18.4
19.7
17.45
19.8
19.65
19.6
16.45
18.5
16.6
14.95
14.55
17.4
17.05
14.0
15.05
14.05
12.65
16.0
12.75
12.8
14.45
15.55
13.1
10.85
14.4
13.45
12.9
13.9
12.6
14.2
17.15
16.2
16.6
17.15
23.55
25.4
21.6
22.15
14.9
15.05
13.95
15.35
15.95
15.15
15.9
19.2
21.55
20.0
19.6
19.1
18.95
16.85
19.3
16.9
20.55
18.3
19.35
25.35
22.8
19.25
21.2
17.2
17.25
17.7
22.1
22.3
22.2
21.45
23.95
26.5
18.05
18.05
20.3
20.1
20.7
20.45
20.1
23.7
20.95
20.2
18.3
21.25
21.2
21.45
20.7
20.05
19.4
20.35
22.2
12.75
12.3
13.6
15.75
15.7
17.0
16.75
16.3
17.85
15.4
14.6
16.3
20.5
22.8
20.0
25.75
25.45
21.7
18.95
21.7
21.25
23.85
22.6
28.15
23.2
27.5
28.6
31.65
30.15
30.3
31.0
29.4
26.0
23.55
15.95
17.5
16.25
20.6
17.7
17.8
20.0
20.55
20.5
16.1
16.35
19.0
21.7
22.4
31.25
35.05
26.9
26.9
26.65
27.8
25.25
25.85
26.25
26.4
24.65
34.25
29.65
30.6
24.05
23.25
23.55
26.0
23.15
23.85
29.4
35.45
38.0
36.0
25.35
26.75
24.6
26.25
27.95
29.6
22.85
22.55
23.1
25.05
28.05
18.75
18.05
22.25
29.75
34.6
33.7
34.35
30.8
29.25
28.4
23.75
25.0
27.5
25.4
30.7
28.25
27.65
29.0
27.05
21.9
19.5
19.35
26.15
24.35
17.05
17.15
21.3
18.3
19.45
24.35
22.85
19.85
28.75
28.5
27.45
23.2
23.6
26.45
31.05
24.15
24.4
21.35
22.65
21.3
22.05
19.3
26.0
27.65
19.75
20.95
22.6
20.35
20.55
22.05
18.05
26.6
29.7
29.3
22.7
22.15
22.95
25.45
26.4
27.35
22.15
26.1
22.15
24.3
25.6
23.15
24.6
23.45
31.3
34.5
32.5
28.55
25.5
23.95
21.0
24.7
25.6
23.45
25.9
25.6
24.25
26.15
24.45
25.55
22.75
20.75
17.05
22.2
20.35
22.4
23.25
22.15
20.75
21.9
21.0
18.15
18.35
17.9
17.45
19.35
15.9
17.35
17.85
14.75
24.0
26.1
24.75
18.6
19.35
20.5
29.15
30.6
24.3
30.2
31.25
27.3
28.7
27.6
27.55
26.05
20.0
22.4
26.45
28.85
24.9
24.05
16.65
14.9
18.85
19.35
20.65
19.95
22.6
22.35
25.4
30.85
27.2
25.8
23.85
24.25
19.7
24.1
24.95
32.6
25.55
16.8
16.25
18.45
14.6
18.5
20.3
19.9
20.75
19.45
19.65
19.55
20.75
23.15
29.05
25.75
18.0
16.3
13.2
12.35
13.45
16.15
16.2
23.05
22.65
23.4
24.65
23.9
26.55
27.3
27.25
25.6
25.05
22.9
23.65
28.85
24.05
30.65
30.75
24.8
30.1
31.9
31.05
34.9
35.25
30.85
32.75
32.3
31.55
35.4
29.65
30.05
29.1
29.0
29.05
24.0
28.75
23.7
23.7
27.4
31.15
30.15
26.05
22.65
21.45
23.15
23.2
20.7
26.65
24.35
26.95
27.5
27.35
23.7
27.75
27.15
26.75
29.1
27.7
27.05
27.35
29.05
34.05
29.55
26.5
24.3
20.05
25.75
23.25
31.25
26.35
23.45
29.1
31.55
28.75
27.05
25.15
22.95
25.45
25.85
24.45
24.15
23.6
19.3
19.5
22.4
19.0
19.75
20.85
21.15
25.45
23.85
22.3
20.8
21.25
20.2
19.55
21.6
19.45
18.4
20.15
16.85
17.1
15.05
15.55
17.45
16.35
17.0
14.0
19.5
13.4
14.3
13.9
16.2
22.95
23.9
21.65
24.25
23.15
25.7
21.1
12.15
7.9
12.25
8.5
7.55
8.8
12.55
11.15
16.6
18.35
18.3
19.95
16.65
17.05
19.3
16.75
19.1
19.35
25.55
27.05
26.8
25.9
25.75
28.65
31.1
31.5
29.65
26.0
29.5
33.1
29.45
31.0
30.9
31.7
28.15
31.5
37.7
32.85
30.85
32.0
31.0
34.15
34.8
36.2
34.45
39.45
40.65
40.65
36.75
29.85
19.35
14.95
19.65
18.9
19.6
22.1
28.6
29.5
28.6
21.65
18.15
17.7
17.95
19.9
22.75
26.85
29.7
27.15
27.85
24.4
18.05
21.7
18.35
22.7
21.05
16.9
14.95
15.55
16.65
18.65
22.9
22.0
23.5
23.65
20.15
17.95
16.3
18.15
19.55
20.15
22.85
23.75
22.3
24.5
29.3
32.15
29.1
26.05
32.9
27.5
26.15
22.1
20.1
17.8
17.65
20.85
18.6
19.8
26.3
28.4
28.95
28.6
29.15
30.9
33.55
31.7
26.35
31.3
35.45
36.15
31.15
34.4
29.05
29.55
34.3
28.6
22.6
17.35
18.6
17.25
16.0
18.85
20.25
22.25
23.2
23.3
23.35
22.85
18.55
16.3
14.85
16.95
19.15
18.7
20.5
24.85
28.15
31.2
28.55
27.55
25.95
22.5
16.95
16.95
14.25
13.85
17.1
16.35
13.85
13.0
14.75
13.95
17.25
18.0
17.7
24.05
22.5
24.8
29.3
25.05
24.95
28.35
27.85
31.75
31.4
27.2
33.85
30.6
27.8
34.2
28.3
21.6
19.5
18.0
19.5
20.55
16.85
16.65
15.7
14.55
20.15
21.5
16.2
18.85
25.75
27.8
34.4
29.7
23.15
24.45
29.5
30.9
29.75
29.65
24.45
21.8
20.25
17.9
20.8
23.3
26.5
30.05
35.6
33.4
35.05
26.6
27.35
25.1
21.55
28.6
25.65
24.2
26.2
29.9
25.25
26.25
24.1
26.6
31.35
25.45
25.4
25.45
23.3
23.15
25.3
27.7
24.85
26.75
24.4
21.2
24.45
23.85
22.65
27.3
24.05
30.2
25.45
24.65
26.6
32.75
23.5
22.5
22.45
19.25
17.2
23.35
19.95
28.05
22.25
23.75
21.65
27.5
24.75
22.7
24.3
16.75
16.25
18.15
13.9
16.2
14.55
16.15
12.5
14.2
17.5
20.5
23.55
26.1
26.05
26.25
28.15
30.0
26.4
25.55
25.65
24.8
23.6
25.6
22.15
18.95
23.7
22.65
20.55
20.8
22.55
17.1
24.25
23.55
22.45
20.45
22.1
17.7
19.1
18.85
18.85
25.05
25.0
26.25
30.3
27.15
24.6
25.65
23.1
21.65
16.4
19.8
20.35
27.9
27.1
30.55
25.85
22.75
22.75
19.8
16.2
16.75
13.85
17.05
16.15
19.0
18.0
20.5
21.35
18.5
18.0
19.4
26.7
30.0
29.75
38.35
29.0
30.5
33.1
25.95
20.55
22.4
21.45
26.5
26.2
21.6
23.65
19.65
20.3
20.0
23.1
21.2
21.55
25.7
17.65
21.25
28.95
27.65
30.3
32.85
39.1
41.2
35.55
34.55
28.7
25.0
24.35
20.1
25.55
30.65
33.1
38.35
30.25
24.1
23.0
23.4
21.6
17.95
16.15
15.95
15.5
15.15
18.45
21.05
22.8
19.35
22.65
20.75
18.55
23.4
23.5
25.65
21.75
27.65
31.7
33.7
30.55
26.05
19.75
21.2
21.9
21.2
20.85
22.6
30.2
33.7
30.3
27.45
29.45
31.55
25.9
28.6
25.15
25.1
22.85
17.4
17.35
18.35
19.05
17.55
15.7
15.25
16.85
16.25
18.1
15.7
13.45
13.3
19.6
19.9
22.05
20.7
22.5
17.85
22.0
27.0
32.95
26.8
26.1
30.55
33.85
35.5
32.8
31.05
33.4
28.95
30.4
34.3
29.1
22.7
26.3
24.15
22.9
25.7
25.6
19.5
21.75
21.6
22.65
27.65
29.2
26.25
24.0
22.35
20.1
19.05
19.0
17.35
22.7
25.8
18.1
14.85
17.15
15.1
15.5
14.5
16.2
19.55
24.05
21.0
24.9
25.75
25.75
21.5
24.15
30.25
32.7
28.2
25.4
22.2
17.3
16.95
19.7
23.95
24.95
19.55
24.25
19.9
19.4
23.25
23.65
30.1
32.75
27.1
25.55
29.35
25.3
25.7
25.2
21.8
21.1
24.7
26.9
27.1
21.15
20.8
22.1
20.6
21.75
22.6
21.15
20.55
22.3
15.9
19.35
18.3
21.4
24.15
22.25
23.35
23.85
23.15
25.4
24.2
24.1
18.65
20.9
26.05
22.55
27.5
35.45
27.6
26.15
27.3
31.25
25.8
28.0
28.45
32.5
28.1
21.55
20.3
22.25
23.1
28.15
27.95
26.9
28.5
31.6
34.05
37.45
33.7
29.05
31.05
24.75
28.95
27.65
30.0
26.1
25.0
25.3
28.7
23.4
25.7
25.85
28.55
25.85
24.3
22.3
24.85
26.8
29.1
29.6
28.95
30.85
25.05
23.55
26.9
22.05
24.95
21.25
20.4
21.8
31.3
30.7
28.4
27.6
25.2
17.8
16.85
16.4
16.65
21.55
25.55
24.3
26.45
25.55
27.0
22.4
22.8
23.4
24.85
30.0
24.85
22.0
19.9
21.5
15.45
16.7
16.55
16.9
14.05
13.7
17.05
15.55
22.9
28.9
34.25
32.2
22.95
24.25
21.1
22.7
23.55
20.85
19.75
20.35
22.45
28.15
27.2
24.6
32.45
31.05
23.55
22.2
18.25
22.25
23.85
22.0
26.1
25.45
23.2
20.0
23.55
26.3
23.3
29.05
24.5
26.8
27.2
24.55
24.5
26.8
27.5
26.35
24.9
24.45
26.05
23.15
26.3
29.35
34.95
29.6
30.35
28.05
21.55
21.55
20.95
22.45
20.55
21.2
28.65
26.8
33.9
30.85
28.3
30.1
24.35
20.75
25.5
25.45
25.55
18.1
17.05
15.35
16.55
15.75
16.85
20.4
20.5
23.1
22.25
29.0
30.15
28.6
23.95
22.65
19.8
18.4
17.65
15.75
17.6
20.65
13.7
15.55
18.3
17.15
15.75
19.65
20.9
21.65
21.55
20.4
17.65
20.7
21.9
21.45
21.3
22.6
22.45
23.15
25.25
28.0
26.2
25.8
25.9
19.95
22.05
20.0
22.0
17.35
21.2
26.1
24.35
23.75
24.1
18.45
29.8
28.5
31.25
37.55
38.9
33.3
32.25
30.25
32.45
37.85
34.4
35.45
34.8
31.8
26.9
25.4
28.15
22.45
23.55
22.45
25.65
25.75
22.9
24.1
27.05
22.3
24.75
31.9
25.5
21.75
20.05
20.7
26.65
25.65
26.9
25.25
23.1
25.2
24.9
25.6
25.75
19.65
17.0
13.85
15.85
14.1
16.6
18.65
25.45
22.35
24.45
20.4
16.7
18.25
15.25
13.45
13.3
18.1
18.0
18.8
26.85
30.45
28.3
35.15
31.5
25.6
29.7
24.65
27.7
34.3
32.0
33.0
31.2
22.9
28.1
24.35
25.2
17.2
22.0
23.1
28.4
25.4
33.05
26.9
24.25
24.25
24.85
27.25
21.05
