-335.21289942652305
-352.75532306615247
-322.53502902338323
-324.6111301837796
-308.8402808028586
-307.5139997232813
-316.6307528895685
-295.0331507971569
-255.14470580041552
-267.6557164232314
-254.32962771417579
-273.7187741521631
-219.7847200589536
-247.09515528250313
-197.70727486363512
-186.70714459211166
-193.4320843076435
-155.81265666479618
-175.73348653886165
-149.0134218814653
-142.8678171571181
-115.65171252009705
-119.51630363380532
-72.806289785124
-74.68883491000729
-50.29083947069582
-45.280494334623555
-27.23607312488922
1.4871645833168532
-5.521081238021928
43.63458476778009
23.203165555261037
35.392936783446096
52.14871933469162
98.65309774377874
126.88030054486444
130.0940453678416
151.59396596207387
173.19816602164863
176.51078196130987
196.04265638632833
224.34863715564012
255.50938684899126
247.4889543930382
273.54774689744784
274.637383630139
294.8633630413948
297.7498208948225
337.48144710714485
347.3178648375644
324.65135825086924
380.0692353840874
350.6445513509465
392.53636319345856
406.49450715645764
437.95484452397994
430.9761010772715
460.5608190748065
466.47767008744876
474.71961309405253
464.1577998699968
488.71287656824626
521.314803067745
479.6908765915409
555.681830681304
546.509667456349
532.0956371036096
534.9505013815849
579.3470341457122
583.3462329152418
598.4774505453681
622.2146196976153
594.9355077882013
629.062891338901
637.5776014271994
648.513235639985
646.9360496056685
659.1966220407322
648.0068691379977
691.8045051118951
670.6809489706895
703.9310737013759
710.8533213391922
695.7749304669453
739.4947154489166
728.3591116689979
744.1213574701737
745.3156251828384
761.8863111204389
767.7340000242104
771.3451317582212
763.0222050159334
805.482277014162
811.1408509137567
796.4171748828654
818.0308322588446
826.7861697274515
830.1345274805057
837.6546401545323
856.8846495451938
853.4724966615962
875.5433049886185
871.6878833511953
878.8174889770523
900.9771934985678
896.087639173862
891.0305592754934
901.5049430029243
933.6299571856262
927.2406362642325
923.9648696152884
930.2240907397442
940.7745552987328
940.3500306830989
937.7955428046123
946.3452506347334
961.2641438728618
981.0380049182893
982.5461486210368
985.5180423268375
997.9245329172087
986.2699719738382
997.7802586204504
1012.1925928739411
985.1670214718831
993.8930762098864
997.2856175918796
1013.6199364952633
1033.9692725881814
1014.8394001527588
1006.4822633743606
1013.2848317448603
1029.1062812546293
1033.8005333146473
1055.4295759823763
1013.3585543552501
1032.5709992508737
1057.2863154127513
1044.1569327992938
1071.6249228903957
1075.278891650372
1083.4499470477542
1066.3216068607624
1008.9087290211068
1081.8501949072956
1080.3230421878445
1106.9913345188302
1108.1515077656557
1025.3879825221993
1105.7954493443804
1125.3540319751914
1105.7310525093928
1117.174204900648
1102.1028884539498
1119.6304923522598
1129.1040637725212
1114.5751855345084
1130.436855317235
1120.8826138023474
1142.3680995021878
1142.417329073918
1136.6708187409672
1088.4378686397636
1147.5935104276518
1151.3349885804469
1152.8156978882519
1154.2110994369518
1159.2961048999337
1151.5282704811975
1146.6475832270326
1168.4226113928223
1150.429632692385
1164.7194201606028
1167.767561885678
1170.5760201444093
1173.6671148086912
1177.7537509975023
1175.7302899345018
1191.5020499801508
1180.1132990598471
1194.3085361959297
1035.159579637942
1199.6300325512427
1195.019612163137
1182.6612030126175
1204.0287246544387
1203.3676513278394
1198.1299697069448
1215.0047392637225
1229.9210684338846
1217.5385287763122
1197.3223555838545
1161.6582517347304
1189.5451794367832
1204.852029700128
1208.0082782787836
1226.0433965231064
1225.2504345331977
1137.806317671544
1225.6332100686138
1240.735101483377
1213.17072207084
1220.5748979536424
1241.8100806578705
1226.8046570647705
1230.905588009447
1223.6751630668182
1227.6100938753707
1248.9067165122856
1234.276537795282
1256.005846226964
1246.9808508276224
1252.1333629051098
1245.6694411173687
1246.2986572289756
1261.8527962653427
1256.4886626278949
1257.5637240590454
1172.1692549836607
1255.0222393880672
1267.175836637376
1265.23333333977
1263.9244012913484
1262.4375108092504
1282.3880785258912
1261.6122437811855
1260.7767910832047
1267.842772680011
1249.8795631504204
1258.1264243360104
1274.4099013144482
1264.0592820492868
1257.8455076997216
1273.5481288647766
1268.5984386107991
1278.5465045322348
1273.1775654547785
1267.5809179349294
1284.0403426129783
1266.7005026122242
1301.498636586955
1273.6542344791671
1282.6549411593928
1281.1772316672
1278.8169527050618
1278.1502964711458
1269.452257217273
1284.8634104168536
1289.0249433396277
1269.8082538192605
1210.6350748104364
1281.0398185556935
1274.3147184686065
1274.583209252537
1287.8487488002725
1201.5779158389325
1291.1996575928074
1293.500134563462
1301.5659396626338
1287.6674024515753
1291.8882339527652
1299.0276965737798
1286.927048450079
1291.3764066321942
1300.1365090792358
1288.296488473923
1299.395714442962
1300.3662579928846
1289.583184891516
1292.980868229492
1306.0795317220247
1296.9917342068543
1304.753173167055
1305.160208053118
1295.381547577152
1308.2390644763059
1304.351513641091
1317.5095889311074
1303.5361478997136
1322.7536455522272
1319.2589883985092
1307.8541552644724
1321.2962004455292
1335.1826595461957
1319.1807361215106
1336.331683044009
1313.5983234564983
1318.0623070325757
1310.254694808416
1304.8197809582182
1320.7857512311216
1312.8706620535233
1330.6875490123152
1321.5260451449722
1326.0978161629284
1317.8766202782076
1317.3279977344434
1319.3412763232411
1322.1149100280845
1320.5041506809912
1327.9180380975706
1338.3907432100264
1333.5133955018014
1336.1348576505793
1331.6727440541854
1336.8291213250882
1357.1675040689765
1255.4622213819869
1349.7563060909413
1316.4378876153755
1345.1112576909704
1334.0366371165335
1338.8432658000106
1337.597131088709
1358.0718305602934
1352.3098322732762
1359.4957903830668
1346.8547030304094
1344.7293888090257
1343.7093870518688
1358.0191426617225
1257.3303248510535
1366.4478293375928
1362.7961955914116
1343.4250634315067
1357.1191764843093
1352.2488431796269
1344.9005904787762
1361.7983778428766
1354.0977275875057
1351.9131448500343
1365.8382633578267
1358.2178606806888
1365.8157485193956
1373.800302521331
1363.9000110898862
1364.7526126643108
1361.745571529545
1373.8331250902402
1352.0682070484654
1365.629769010065
1357.9213009423822
1367.2624780811304
1367.1750068936865
1367.7140999639937
1363.194959575724
1365.3428584394574
1367.7090027732054
1382.9591606045446
1358.9277871237246
1267.845889413857
1350.530387063152
1374.638855379139
1366.5601230219868
1375.2881320016156
1347.6200144404663
1371.0386291864897
1356.2295130454609
1379.3659704765964
1371.7825734780163
1375.923239815807
1357.470290161522
1368.7422724173107
1361.519614059439
1275.027770679893
1381.6290272010729
1358.2212266028964
1363.224376628083
1376.3072203108009
1365.7576131278338
1358.8612583546596
1367.9968960897372
1369.0412050987557
1367.5505209703558
1366.8151571927547
1363.3840256617214
1379.173027788352
1272.0923407704322
1366.709519720164
1370.9206292161282
1366.5111367077577
1361.989721263751
1293.9277269565077
1293.314670068486
1377.1972802192697
1351.5117459603493
1269.7924178146536
1364.2768341840342
1375.7401857851964
1376.6618472805662
1380.662807181819
1374.4676074164
1383.5544869795215
1375.3332317664158
1369.3062610419506
1365.8910275423252
1380.1373255424262
1368.680687312188
1277.5963874037384
1396.4258331107028
1365.8230282052386
1286.5738469131795
1376.6010303474964
1377.5927737709198
1372.683401660764
1384.5536474344115
1379.5726908646245
1390.1839401009988
1395.133564901478
1384.7935656043842
1373.9127909067527
1394.6543472107726
1394.0670430258028
1397.433150704662
1393.0617546353174
1395.1782092399712
1384.5437812521814
1386.4058695177105
1381.1904714529899
1389.5531156031288
1396.1288397080316
1390.7067778209573
1394.4401690787624
1393.6335415741555
1389.3403123863611
1374.7059987277357
1393.5387487796763
1405.9410084944668
1394.7010134117024
1377.0496973646177
1402.8565345317802
1387.0924609165484
1387.7783967098346
1388.9142922435901
1379.7535392174486
1379.1199076023825
1376.4052515526498
1396.1407854264323
1414.219474602859
1390.4244000033073
1395.150408449697
1379.7590121642809
1384.9870228931454
1407.4865665292343
1294.8859281964776
1384.5114546779134
1398.8622382686117
1395.103489458887
1379.935760244659
1395.1271868908
1373.3781224252457
1392.3426238024333
1400.688202016801
1401.9633860424597
1384.7332726128916
1403.782403777396
1407.7707525239368
1396.5139803171833
1355.9984417872668
1403.3296514827412
1397.9632133959294
1406.3696842398267
1406.443080780177
1407.80536163026
1396.642289418996
1416.686678895627
1416.4852423779043
1394.1029884397217
1414.0856890394004
1406.1382398210906
1396.137419512565
1398.0045774879472
1425.2639103719353
1415.2787803649817
1398.95936941747
1417.2926768362083
1391.9350428949315
1432.01289225161
1410.0684124815052
1420.2696444453397
1397.7306598450782
1313.6033889278237
1398.7532573337976
1419.4106999240398
1404.9478371156076
1409.851518676956
1238.3079917697994
1415.7783022401036
1400.9035600143995
1422.9874894659702
1412.9085165927506
1405.5737922722558
1389.1815337179853
1416.2640209549886
1396.782045652929
1411.5733453139278
1412.6418652850803
1412.2590002877594
1412.2746153072974
1419.047535851312
1408.8917974081771
1408.424948348922
1394.7813425772906
1413.1393059042662
1415.8430403697985
1407.496064206966
1417.9952116128525
1412.081326692382
1410.3421342709246
1319.6651416573827
1401.1570354925764
1424.5890909296627
1407.0991476254767
1423.9002624684513
1434.5570678512902
1418.501923257973
1433.058620328234
1406.4700954327175
1412.0845442336708
1429.6817435540988
1418.7490646041565
1423.7637294088522
1317.1631753029355
1428.9307184366658
1396.7578269742933
1417.9800176976557
1323.1223124825215
1419.9693503100023
1415.25505445507
1427.124270233115
1420.8505350791013
1409.8979191420092
1419.5940853710974
1415.3145790001347
1420.7396915060108
1433.4987298915726
1428.8222789011745
1413.8738136272837
1416.151316599773
1410.6129855789436
1422.486503095883
1434.4959646283564
1410.38365674883
1418.7940824154596
1435.4975642330724
1417.6818829113784
1327.5037676137686
1418.6976871604056
1435.8459823593535
1422.4752934486573
1332.3194952073193
1430.2469979626005
1429.5540108158455
1425.8927646413024
1432.7893628511904
1411.5937629263397
1325.7724271762222
1431.1343617366417
1431.3439858468494
1428.888564363365
1424.7134165905018
1443.0997133754731
1435.4261685910355
1443.2407028418302
1422.0197007825668
1427.8070231530114
1340.441151230774
1437.9995343425153
1435.0122672598984
1431.6863011768585
1412.5929498870778
1315.4509982961858
1425.099610298733
1425.9387310829038
1421.3059503913169
1420.2478422241843
1424.5444120165057
1426.5154640256228
1426.3518715943128
1447.3340928271653
1429.5511854439367
1435.8188290634066
1424.9731219552027
1441.3147859753012
1425.9738365418043
1440.4041815775402
1426.795273878602
1427.2932875801157
1347.8634010751625
1442.589953616515
1416.82608055627
1421.5065226450492
1427.6101719157145
1422.6416428713003
1431.9903471377058
1417.5051248679588
1426.5166280393219
1430.0738647510068
1448.7201359865446
1442.018208056215
1436.9200907450736
1435.8558273482263
1451.2668822548992
1442.2574691687582
1435.6060143502375
1437.60720436547
1431.5062285954698
1418.5792755695034
1433.3683614206986
1431.9580038554159
1448.7152654425822
1437.5161288398378
1436.6344110391053
1441.5391938609673
1451.2014033426317
1435.2197574836289
1418.6628115020303
1427.3580414232697
1437.8532387254502
1442.9793198467053
1434.8390606945254
1426.9155649490115
1433.5487418888151
1441.2073700311448
1442.3406377890753
1447.441964321659
1424.1198538524077
1454.19439089034
1445.914145439085
1451.7306652619882
1447.972375601054
1449.7211994939532
1443.3433550540353
1447.9122838534104
1433.4789102900581
1457.3294236896725
1441.7902627122598
1446.1836023092044
1452.0121696769074
1444.8651590829127
1446.5281293226808
1457.0464500292005
1445.9364660610404
1452.843294190647
1441.7209551590795
1437.4121064648193
1441.6642933569144
1434.7479617125553
1450.8012037074386
1443.899258658963
1439.5088283460434
1444.5875129606673
1443.9880910349455
1443.03834356847
1456.0080082956522
1465.2666838939242
1374.8480281198777
1459.3432308253664
1435.8800799410342
1453.8604430498092
1449.8346709511056
1438.470378934213
1454.2984138084685
1455.9910650917955
1460.0442040633784
1461.102963825774
1461.346184226347
1461.447975872262
1443.079324086491
1464.7181750906343
1456.4953012535177
1415.0162614712904
1448.139141860144
1467.4564834254672
1452.7574277803267
1459.479590699156
1358.1352827047979
1476.0782986784507
1464.4829160416211
1359.0035078782726
1464.117565952964
1447.6234393081718
1448.3461294715323
1361.9941222721282
1454.032266518127
1455.7421015829727
1460.4012318430032
1371.3486273115475
1440.3646031567566
1465.3180451496432
1461.8769233683652
1471.6420944085917
1467.9415221261233
1450.357325402394
1468.4901830120493
1464.5785040995772
1461.706665955805
1484.1532723068008
1462.1883844471463
1467.9820955762978
1471.946018826717
1467.780395247382
1457.1561554426603
1469.8116499827886
1456.9071321056774
1447.9892366654688
1445.0676711775711
1450.2934597680255
1453.4959120086464
1462.9528591984256
1467.2572087529147
1470.3928278936644
1471.8533323501094
1477.5884475733699
1472.5557502973802
1465.9804765798638
1466.973181795948
1447.3496062590589
1459.0703188647576
1462.5184923566915
1456.0986281852925
1452.3956346345863
1444.1371600752016
1477.168271266818
1372.443956477151
1461.0361238023347
1459.0453706855446
1449.2956412547583
1380.0403033307553
1456.2958710632356
1359.111559885569
1475.831862681591
1451.2268630164651
1473.3283266255617
1451.6438489950292
1468.973634582671
1465.6987086545678
1466.0301426863452
1447.7424376549502
1472.0348871043975
1443.6815661333226
1444.2709489220142
1478.445739903355
1457.2192559505988
1458.3121467359806
1467.2984104848113
1455.6824127628058
1375.5784170231907
1483.0223476863791
1456.8847570587936
1476.3312630335117
1392.0038619902627
1473.8871369702395
1472.8176097874646
1466.7125069922795
1470.8704776646512
1476.3485076758752
1475.6607070674004
1466.7357369455544
1471.6395437034982
1481.6190918642092
1491.3689392290585
1472.2820821986618
1469.3308500391418
1495.6841946047407
1473.012053788596
1479.0694897272099
1457.0788905765535
1485.6893918360665
1487.801354035673
1460.8890984385366
1388.871405341513
1474.2070820848235
1479.3971374317273
1484.9350974507433
1466.185930730952
1496.6132212161206
1459.7143987397212
1466.1246232079477
1473.7478115264014
1466.590316647099
1472.5507280248628
1374.5567341848969
1476.7691792450642
1473.544518445476
1473.5764016398061
1457.6885703205792
1493.7921431512434
1484.9024755756072
1456.0554670882966
1486.7441064686775
1477.88596730259
1482.4916144577442
1472.2071662890492
1473.6416877765387
1476.388330798397
1369.0998570629667
1477.7627192673076
1494.1985508139344
1483.734409489078
1481.9250364405175
1511.6444219277892
1493.2437087965363
1479.007787764764
1473.0862790197784
1486.3277350802625
1500.216982592226
1485.2044599998264
1468.8443404475638
1485.8982747021157
1484.202440598539
1387.7249358292956
1485.9010227151655
1475.6801578837628
1497.29583950605
1486.0043198756262
1484.3871803899551
1478.227895956484
1465.051595214805
1478.312047437373
1485.1350808149937
1491.1557716712964
1475.566176167045
1495.8682199241393
1488.8740505810426
1483.7462193502602
1483.0355294813446
1482.6367689194528
1484.4188235072968
1503.9913697921124
1473.1770211371615
1476.8615777919993
1478.0988505398193
1480.5492393223035
1483.44738469524
1484.5185257914545
1390.5144995306096
1481.1329205097218
1491.3519327581257
1484.4665695969595
1489.131259885446
1495.059331796518
1480.165996701528
1498.39615842462
1483.5228495477136
1475.400201544593
1481.209733194634
1461.5715922943486
1482.4395047913447
1494.3963599010547
1480.6354923995773
1502.1667853856256
1488.5587691436003
1509.408310409304
1485.2288063764656
1502.9405111259969
1484.6763904614431
1498.596230014811
1471.536294504565
1489.900814147462
1500.4996442266229
1492.1336580792718
1504.4948227085729
1410.4317080558903
1510.9205399196967
1490.947468351876
1510.4148229702919
1497.563502567607
1502.6389647654723
1495.6061425614578
1482.0913067617107
1499.5907628573118
1502.8245929040982
1484.3939305523631
1492.9683239855842
1482.3511106945566
1504.21659619557
1513.553283501116
1476.4058197926458
1518.8978549361366
1413.4630935738664
1498.2090089916833
1473.382994634293
1484.3775373669532
1503.564043867899
1413.6466181883486
1500.9956653255856
1499.3574431722493
1502.525727076711
1422.885733810086
1484.3635710438477
1498.2547105816986
1494.5885667813363
1515.562746405212
1516.5365138453935
1467.431165233902
1490.1981702511555
1505.5266545336635
1495.0868062566724
1512.7929530637593
1491.6597664201252
1501.6930926412676
1472.894143803059
1492.3930538529182
1511.4974270795205
1503.7816653705618
1505.9171285653508
1491.1731590273098
1501.6115083014083
1497.6315764919777
1485.2305447283659
1514.9209836474538
1507.9201922861332
1488.4964376799796
1478.1053640141513
1407.1646016299078
1494.2836777014186
1508.403509676959
1523.8141639606602
1485.728849640655
1415.945276993842
1490.7292154486356
1489.5723559368353
1500.1308335861033
1506.9765085518834
1510.9825409655186
1494.2011744358367
1409.9722628056147
1417.1982291219142
1478.2143484896942
1520.8590439003126
1493.187541098766
1506.5037720885368
1418.6013793956095
1493.8270618655667
1510.00190288241
1505.5654245606133
1498.6779501425303
1509.965560656268
1521.8143743009819
1504.1539285328777
1413.198745134143
1512.7254924814072
1500.3560259589376
1522.5587940138582
1496.7908736527434
1501.8952994506212
1507.7765918049522
1511.3857025759435
1499.1573183062403
1500.3883382240638
1502.3199629280675
1505.2316047420657
1471.4289185775976
1522.5514710789928
1496.7504011860758
1511.8991958532042
1517.6795960794122
1494.0457201953013
1508.8756678814673
1494.6647414897102
1514.1474720604576
1495.682391823178
1487.0261034382934
1501.2659011067099
1520.1038345616173
1516.0890962881915
1509.8587705475709
1512.4126094340008
1494.9719921311098
1500.0466952430168
1523.5084388610994
1503.575490752924
1518.3691972519623
1516.414924822969
1499.3632685776047
1503.9435495466282
1510.1076920814578
1403.0252642158948
1508.895218480969
1505.7008510780677
1514.740015447711
1506.3556503186135
1512.20106491082
1516.3495528246092
1488.9359130733728
1515.8898625892875
1519.7695968776113
1510.2210903105952
1516.1619704088498
1404.8657018477702
1508.5390261959399
1496.5566619725207
1516.9803236636312
1522.3005291992629
1416.7245427734874
1420.644925567632
1427.0717803141692
1494.5137753699833
1515.900954719196
1427.4467029079428
1509.482015222943
1518.621787981304
1525.082260292634
1499.9812751617987
1504.737951177712
1482.0838783630704
1511.8441182583288
1507.2746167018079
1530.2627367150885
1499.2197823099668
1511.4884421734916
1510.0868868630582
1513.3970625420511
1505.7145198075445
1507.2385055494992
1501.890557988661
1446.9810032568432
1524.3263014001586
1510.2926262847554
1415.4005375082925
1526.4904940850806
1516.6807436923891
1518.1082040235292
1524.7730785228416
1430.109715499512
1519.7073720016592
1509.2878972787303
1533.1752864084367
1485.6165598634518
1509.8173969230836
1441.5525986501939
1529.3890745569574
1531.604524572154
1508.6329360726822
1514.511591248498
1533.9357253967485
1516.6951539514944
1522.4640542302068
1525.2283364488183
1541.784676725095
1518.1553763053964
1534.6479671788084
1431.133957098403
1526.653592342026
1499.512985019998
1525.4641753554554
1535.4473220495206
1512.1603666966387
1513.5974310236356
1527.5441906006297
1508.4464519832622
1530.8730794087
1539.5051834226851
1530.4165935878257
1538.3557441950866
1514.9785228862395
1506.8137212426686
1522.5292589428068
1518.2597561964217
1433.7976203246321
1539.9174429016534
1518.558790629499
1434.7700730399886
1539.4149243927611
1541.2389987973768
1528.4470677702525
1428.492647315315
1435.0624941037242
1435.1690260840016
1552.0038604392134
1542.5269112359074
1538.3712633037705
1529.4893045620538
1543.7171530130825
1529.8291929336706
1537.6251117052743
1528.5767402748695
1526.231293363531
1511.9394410167672
1512.1456090566567
1524.6925633598194
1527.8192138456466
1518.034034968408
1440.5051521324426
1546.3408789375014
1437.0258476506374
1553.9419672095974
1537.0102950743526
1442.5266722463764
1533.4895412266706
1544.526085172132
1541.6303168960499
1527.3411316091574
1535.028772601477
1551.29492253688
1528.5976452727923
1552.8526072189748
1528.5583101618843
1525.9976179286105
1535.931943822642
1536.0901620402285
1542.6212072803446
1545.7357016675344
1541.5161145059424
1535.5663814784664
1450.1751719156462
1534.4725853008606
1451.2904051519758
1548.1749397376234
1538.9841482169547
1544.8993035207018
1524.812045369311
1534.1445747377288
1530.7314985386827
1526.1615805859456
1522.7415188261039
1449.2416664948064
1553.6571713156106
1535.3088351710521
1546.6548938543085
1509.8945000177202
1547.2302928370095
1538.714486917745
1522.7964505714335
1540.8185584961236
1530.4675509349179
1559.7007013342177
1554.2368872974102
1533.499270665714
1535.5777030799725
1538.7470931682872
1544.3422058955568
1556.2592941200937
1421.8944448359712
1558.6702481010557
1548.824027432815
1547.280551801024
1536.8768600244432
1448.1956599069968
1563.237702124431
1541.0438624898172
1567.2969918990434
1545.8022289184387
1538.1375184512492
1549.9724261140432
1544.4304606899195
1327.1241131562952
1529.3827774658416
1546.7632289949245
1558.157143281061
1524.116134994994
1542.1086937851244
1535.2866233151585
1530.2398667813077
1428.7294259501998
1534.7448723559087
1540.4844854933565
1546.0905005412574
1544.4938281556147
1539.1600032657402
1547.3708753355563
1556.6283735084637
1544.7224031659666
1535.2754282633673
1452.6212747785262
1536.6926203909575
1520.4460033898965
1551.1705979761157
1552.7231328398223
1540.1339131802383
1545.4176597516882
1539.141625369818
1446.4038405650278
1556.846522673992
1548.473776627371
1451.8724666992744
1438.3198568526675
1550.4581835652768
1547.4259637648538
1462.2726282508734
1543.5610688529218
1549.5459135412102
1537.5935443752337
1540.6489910886073
1534.4522696499557
1530.736077580451
1547.3031790673133
1540.2707575915401
1475.1765411840884
1529.0433220670861
1534.4045787809175
1541.455306160327
1552.2928366466633
1547.9798249701391
1537.3911072061348
1547.4229225580755
1547.6201805021806
1549.2247630578916
1527.2568251624205
1544.5635895523205
1544.8525464882928
1559.4683689128765
1365.366228908308
1544.0062499491582
1526.4055741602579
1434.4256631894923
1544.3012909599122
1546.2490504916009
1542.0060852197853
1449.758204514727
1538.1380881254113
1546.2086405209745
1460.4643195729914
1543.8065960300119
1564.860861026053
1539.3572015335562
1545.3967229803895
1552.6043424136758
1338.1114499808084
1542.693789100344
1532.868126276349
1445.387543641887
1541.0031260820522
1541.4767702944791
1535.9836931712302
1540.9276052757425
1540.687541171184
1527.3212407526669
1548.5501459498241
1463.0461881599913
1443.800416826698
1544.0103958594552
1542.1084557287413
1545.6243979758165
1535.97498166822
1535.8486869070657
1555.532431285567
1541.9216218647812
1536.994433377423
1536.2090036427503
1526.7524721227105
1531.3717307574448
1552.6845425752992
1560.0163550482966
1540.3847220180921
1527.9192504022644
1545.503446579546
1543.7051786802617
1466.119298041196
1540.1181130805712
1555.8258968664022
1548.085868368801
1548.1088587676122
1553.2304517801879
1547.649306988054
1531.211229482727
1551.6419881933593
1550.8026864520123
1545.8484158710546
1543.0755903863887
1532.0506299861158
1553.7500104103651
1554.0101061996972
1538.008450399434
1524.4067123921723
1542.2759974871817
1540.2563293623145
1529.0533669499152
1538.2022018750702
1554.24537643019
1548.7074311640913
1554.7151691275685
1550.7504692416483
1566.2333207574832
1547.6026364640518
1459.1177306400127
1552.9597455853163
1556.68231181094
1535.614111716998
1557.194998210322
1546.1937270522762
1545.3899978254844
1537.9449584679164
1569.133531391706
1526.467097086204
1551.6968349469596
1539.938510279737
1538.9026508453524
1550.967922149976
1453.1076872765857
1536.8061404095056
1544.626157265
1455.6669168426895
1549.1945485854535
1546.8683401556661
1449.2683544020433
1539.4728000735943
1533.4667519986756
1562.0511770329933
1550.9747266819304
1551.6338460960244
1566.7372874126158
1550.8798487786898
1553.1280883112606
1549.8762218026584
1557.400712608857
1556.9358126957975
1560.8360345743208
1548.8529749309068
1564.4172564116093
1557.5477646892343
1364.3894587797263
1542.628652564423
1562.456101114337
1560.9008905433052
1550.1146604610403
1550.5845429501253
1559.3517124121497
1560.1560742749623
1568.0553145877584
1563.2044795873305
1559.5397629383094
1555.5386342493914
1562.0261005570835
1575.7995831020944
1459.3758044601836
1547.400486514343
1551.7392867990466
1562.2748611297939
1541.891801911081
1546.078138536605
1572.22075246608
1563.331272536037
1550.7606758777843
1556.5582531292703
1572.263849688846
1489.2708122305978
1575.9485687758763
1584.7029557129679
1582.6760387188824
1368.589471428349
1472.4294785109896
1570.137372617411
1556.721431014284
1563.9776691072532
1548.3451964867538
1561.9926801656773
1550.5407475068612
1558.201156862779
1569.6523210388991
1546.3919937877686
1492.1289824538749
1562.9540427028685
1562.2625707011002
1553.4215148042483
1556.2538017579911
1560.4400317649122
1567.418145041703
1559.973595698005
1557.136028266095
1565.4287673688077
1467.5677118049764
1554.4042105281198
1563.2507237501782
1555.995245754616
1570.4108339806735
1547.5618907592807
1570.5642798448882
1564.1515523113508
1555.708398041719
1562.1140286226566
1469.4762646051113
1461.240268447532
1562.0865024296747
1561.4699154439354
1468.6883657908186
1470.161394408034
1570.39569172858
1572.22531060615
1561.1928469336704
1554.7083506356955
1558.8101838572618
1551.449007766466
1553.7992790674903
1564.8893753004966
1560.9419272289058
1570.6197247442904
1578.6029271128011
1561.3956864410484
1570.2953302249994
1588.0859237464838
1554.37830911863
1570.9093418581792
1466.1437125843038
1575.5774389763797
1575.5980297691017
1555.9766849495259
1560.4383550903106
1555.511434770086
1569.8171985015024
1577.3126349660872
1560.4215735625469
1566.005724594017
1574.9346194464654
1564.9902881278772
1571.2138252807786
1571.6031331829422
1582.5175947197347
1579.6024899572622
1590.277513659109
1562.5594378279145
1465.9296455946276
1574.8489378514328
1480.2480656789883
1567.0749561768803
1554.9711004054304
1563.07921535975
1569.1464165876441
1556.374644247151
1544.9581933872228
1553.9270132638092
1570.240867553711
1560.4151285134471
1560.0436413390971
1381.270477235325
1548.176846762119
1547.23698921573
1561.609990008721
1374.6650457867124
1550.426901877158
1567.0731822665325
1558.0881945476622
1566.2984520937591
1567.20405669077
1577.3680656356582
1571.752924299015
1577.911674691793
1486.203427811017
1577.3563847261303
1540.391723303065
1553.9327554917754
1570.8025583060057
1574.9081168222567
1549.0295092437705
1558.9762852041436
1563.7852751227688
1563.044888630381
1579.7314227497614
1570.7640919638322
1572.024729072809
1561.0113615391729
1557.0942034578989
1546.4053007294744
1561.4919921026476
1586.7048519710818
1574.3985393899718
1567.874059035042
1575.2245390165458
1551.4851768108206
1569.2634000391222
1573.715406992651
1571.2357119037144
1579.9778181791528
1571.662409165771
1570.4247968719983
1541.7314715769007
1572.1907566111122
1559.3063048911833
1539.15016108075
1573.0628346042104
1568.965722772899
1558.2260627100782
1577.6402015014792
1489.107128915893
1578.2358304420964
1569.725302339982
1592.912610016612
1571.0834391101218
1465.7947113348168
1563.3414956824715
1587.6666094849784
1589.3313047752813
1560.864280020324
1562.7202548033104
1588.9842313505064
1591.7428203157206
1575.1035808619506
1583.143661561907
1570.368420120187
1571.8876468528035
1556.751638212711
1563.0888857638151
1577.2397570520907
1580.4499708688616
1561.2089207213157
1578.2512995405646
1576.4828984785543
1571.632129926137
1473.8912952378273
