8.84
5.69
13.93
16.49
7.03
13.9
13.8
6.87
8.81
12.05
4.69
11.4
6.77
10.95
7.49
13.04
8.23
8.22
11.93
14.67
10.92
14.76
10.43
10.49
12.0
5.9
15.34
14.63
7.5
7.63
12.63
15.95
8.84
18.27
11.65
12.33
9.09
9.42
5.73
7.94
9.47
13.58
12.57
11.3
5.34
13.71
9.56
7.09
7.47
6.38
9.71
10.03
13.0
9.08
13.31
14.71
13.23
13.97
13.27
6.83
9.09
14.1
8.08
12.74
9.28
9.65
17.12
15.48
11.02
8.86
13.86
8.43
13.19
8.4
11.85
10.95
14.79
6.8
10.59
13.5
8.9
8.09
9.68
9.44
9.42
8.96
9.34
12.77
8.53
9.21
7.18
9.45
11.31
11.35
11.74
14.36
10.5
6.74
10.4
22.17
