-8.430381732669593
2.185216499167591
3.077696358907873
4.634648194347821
3.781304153675127
1.0034500085171645
0.8282079964330561
2.950459696200724
1.1890005982712466
4.76897725719554
7.285612107375617
0.7445049475677024
5.185639474754288
4.681251264925697
5.263957875827376
5.531471945540516
2.6922183062395235
4.900708822259248
3.569776008134789
5.670783102708018
3.4587995450420363
3.153624543931511
5.122686251066646
2.1115312888153714
4.826189885380572
5.838061549493693
5.260707650287612
3.665104154047784
4.8188903306706665
4.9937326417016905
3.5297321553969137
2.3060380337842683
3.148441569488973
2.8337058198843867
4.304545018719475
3.6098272156426345
4.036775953554479
2.833248618552482
4.684700166937461
3.649200735545557
3.297345474850409
3.661571482836198
4.573294770814815
6.267937232311786
3.3921499655517997
4.767135271228791
3.919261762134951
5.715644575472059
5.104465804770349
1.501831891624378
4.373516009013918
3.155446806896618
5.106113234270225
2.6955241384113657
4.032911213171204
3.219583875046341
3.976069291343901
4.538436097549167
5.159084551728054
5.479168421840448
5.032646381469441
4.622955637058958
5.370364649698752
4.227620170240006
5.179737732974323
3.696788119584527
3.6875610686587663
1.3148668608364087
5.512544468144486
4.112039672073013
1.0053898839287645
7.018371285710154
5.835917049034391
2.8768398953280814
3.8089193423793097
1.6722756841762625
6.21831969900301
2.7813880325545903
6.066516017791024
2.0585059088410502
4.494198030127162
6.028268107547245
5.938295910210951
3.975238683516858
5.096847948109929
5.148271304442639
3.3705352306403387
1.1613210151686153
4.996446514017541
3.923886994389248
2.527918216696675
0.6764423867083693
0.087463372443176
2.846054932945031
4.439279399773716
-0.9676216224364516
4.538612939076652
4.279025122286319
5.790464678882752
2.057291186688432
