9.68
10.10
11.33
18.80
13.05
22.83
7.94
16.80
11.65
13.94
15.67
19.03
11.01
17.98
10.00
9.25
12.74
8.14
15.22
11.11
12.31
15.15
7.72
12.65
9.91
13.70
7.10
10.21
15.40
16.19
12.00
12.64
20.33
14.21
14.46
16.74
9.79
10.58
13.30
16.38
9.12
6.78
9.51
6.01
7.30
12.22
7.43
9.96
18.38
14.99
16.43
7.31
8.49
13.56
9.15
9.39
9.71
15.38
17.55
12.96
12.94
19.71
13.70
15.86
11.29
13.09
11.62
22.36
15.46
14.95
17.38
18.68
16.07
15.26
17.02
14.30
10.93
12.91
18.85
12.66
13.66
20.66
18.25
16.77
15.69
11.56
15.59
15.00
15.30
20.01
15.50
15.09
15.79
15.53
15.48
12.81
17.27
20.10
20.23
18.61
19.55
10.72
17.45
16.44
17.34
18.10
11.19
15.89
14.39
12.36
21.96
18.16
13.61
16.90
13.64
16.29
15.72
17.54
15.93
15.84
16.04
17.44
14.33
13.01
15.90
12.54
19.85
14.49
14.40
14.00
18.59
12.56
18.15
14.35
14.01
19.16
14.89
15.75
11.17
13.60
13.01
12.93
12.66
14.20
16.01
14.91
12.26
14.72
14.06
11.89
14.15
18.85
15.36
13.62
13.59
11.04
18.61
16.98
13.54
13.22
13.64
11.83
15.50
16.70
19.41
11.66
13.36
13.06
12.94
20.01
18.23
17.19
16.39
16.54
15.10
16.24
12.60
9.85
12.93
14.57
13.06
18.61
14.16
14.69
16.46
16.92
15.38
9.62
17.65
18.59
14.90
7.89
16.14
15.10
15.46
15.41
25.07
17.06
16.91
18.45
18.65
14.94
16.25
11.46
16.96
17.96
20.67
20.51
18.02
15.72
16.10
12.36
11.54
16.56
18.14
16.32
13.27
13.60
14.47
14.95
13.80
19.96
19.57
16.65
19.59
13.31
12.99
17.66
21.92
20.72
15.06
13.59
13.06
14.75
10.82
18.91
18.96
12.45
18.55
20.45
21.04
15.41
17.98
14.75
17.76
10.32
15.58
15.61
16.60
14.33
16.75
14.56
17.99
10.53
16.64
22.20
17.05
12.45
13.34
18.81
17.70
19.95
19.56
18.24
17.46
17.09
13.93
13.71
13.60
17.56
20.46
15.49
16.27
13.89
15.71
11.59
18.62
14.19
17.46
13.59
12.71
18.81
18.46
17.88
12.25
16.89
15.02
13.90
16.41
14.71
15.02
15.49
17.36
15.70
17.06
14.35
17.43
19.66
15.43
12.10
19.77
10.66
17.86
19.31
21.25
20.56
14.42
16.90
19.46
16.89
11.59
17.43
17.07
20.25
19.36
14.95
17.52
14.18
17.75
15.10
17.31
15.19
19.80
16.62
20.02
16.19
18.93
17.99
14.44
12.51
14.99
15.30
16.32
13.62
19.77
15.71
13.31
15.79
12.18
14.10
15.62
14.57
16.69
16.91
10.88
16.32
16.05
16.50
15.46
18.75
16.86
20.74
19.44
19.10
17.59
15.99
14.10
19.89
16.53
14.49
18.69
15.89
14.72
21.36
15.74
17.51
17.20
19.05
22.09
14.21
15.76
14.33
14.12
19.62
16.59
15.48
15.62
15.84
15.08
14.94
15.45
17.12
16.01
15.67
14.07
18.82
12.91
17.69
13.12
11.17
15.89
13.03
17.36
14.26
16.26
16.96
15.65
17.14
20.45
13.14
19.46
15.89
12.99
14.91
15.60
18.90
14.99
16.68
16.89
17.56
15.24
17.68
9.60
14.69
15.39
19.90
16.18
16.45
12.25
14.81
13.12
12.82
16.65
13.01
18.29
13.14
15.35
13.08
19.06
16.56
13.83
16.43
14.31
14.50
17.89
15.75
14.04
19.66
17.62
15.86
14.35
15.69
16.46
16.16
15.96
12.91
15.77
14.38
18.36
21.32
16.24
14.47
19.46
17.04
16.89
17.99
18.96
15.49
14.94
21.97
16.56
15.39
14.05
17.80
19.95
16.90
12.79
17.99
16.39
14.29
17.25
14.42
17.76
17.00
13.59
18.30
13.30
16.00
16.77
15.97
12.81
14.07
17.46
17.81
17.07
18.08
18.40
14.34
15.64
20.04
17.46
18.75
14.65
14.14
18.01
15.29
15.96
15.95
17.93
18.40
19.75
18.44
16.79
17.86
15.46
14.31
16.19
18.16
16.04
21.71
17.48
15.45
17.62
18.20
17.96
21.61
15.19
14.99
15.85
13.73
16.65
19.16
16.62
13.85
10.66
16.19
18.76
16.32
16.75
13.77
17.79
18.27
13.56
18.11
18.96
15.82
15.36
20.45
19.05
24.00
12.58
15.14
16.14
14.36
16.76
19.50
17.36
18.75
18.25
16.90
19.79
19.75
14.33
12.07
18.60
17.15
21.23
15.76
16.81
18.54
16.48
21.24
20.33
17.74
21.49
18.71
16.16
17.31
19.39
11.49
18.98
18.04
15.28
15.12
14.80
17.27
17.25
13.75
13.99
13.70
19.98
12.86
15.96
16.88
18.31
15.69
11.66
16.11
18.52
15.38
16.43
17.59
11.70
15.71
18.09
12.74
16.75
13.85
15.91
18.17
