-3.626041395013072
-3.6340595365310215
-2.4772132855574434
-2.257894849117049
-1.46689564517647
-1.0476702201475643
-0.6752955609222269
0.18463064380714136
0.2009109236466642
0.13816229760233417
0.20723731063535455
0.291094628981474
0.7389287782003098
0.6304977520735021
0.8437243525597675
0.7836770530481544
0.9368758920757405
0.38958894309010994
0.7249430107909793
0.9126896215041265
0.6041115149798
0.9814672431544468
0.7696425597558042
0.849775368805533
0.7825112033140289
1.0716535415354158
0.9246999451586201
1.2359615206728631
0.929685379646353
1.097824233070603
1.0960409925770573
1.1778579269338207
1.288710271053456
1.0062714112541273
1.2602202822480768
1.3703318117745298
1.2018181045891994
1.3690012129201425
1.3286235435948226
1.1616795610394204
1.1523320152212881
1.4563361922189397
1.062553466809897
1.4832170285876964
1.4759423137166934
1.501436249157323
1.3465741870608519
1.3960602921137195
1.5135502446116829
1.5896805471753257
1.8965860115929654
1.5392582766255745
1.603126149541597
1.5634366085860645
2.063247912959319
1.6079604998352388
2.2222894539219453
2.041702142861527
2.1501890607874468
2.5059958923283454
2.208133823454922
2.5177286237428116
2.267798409790127
2.5410058624572773
2.4712891181147847
2.4681898907745077
2.4107759006727445
2.480709338806412
2.635917462321236
2.2778274440096697
2.8251787474485206
2.4746486512116026
2.138788581538346
2.746632628156158
2.4951631697649943
2.314968887088735
2.684341208571513
2.6487207532364176
2.8945765503592233
2.701975848228385
2.4643897066352536
3.1956758032077226
2.711826497406168
2.7502738518170258
2.7024103414064404
2.974585297736957
3.236056855379946
3.3094334228423965
3.4252875977201644
3.244138566401833
3.1669433887043312
3.5540639309189093
3.593088300812873
3.4084260326327787
3.6278193596964554
3.8041730871838926
3.692527374878243
3.528486308336869
3.363865736773696
3.614972414863814
3.8635438851453645
3.5513551572269524
3.738314005396497
3.3170114067194456
3.950794478899041
3.769165742309279
3.9928810125136462
3.882238937952873
3.9727271912074
3.6517538202723383
3.5650455621800883
4.109601584937167
3.833663687091926
4.055574651550328
3.935081468036131
3.709196244057836
4.423166867676356
4.049555335420745
3.8304575467139945
3.858943739090617
4.139620715858394
3.7689625141872565
3.9213987158498043
4.048563101930342
3.728336544461451
3.432048919965677
3.740691153782671
3.829217475427792
4.270456344790712
4.232136309205378
3.9726387347516106
4.164773542917902
4.229440057648122
4.319811299951444
3.977397990185191
4.007138082529557
4.25490917543186
4.291783307194207
4.394398146331486
4.231666879528888
4.126276202480597
4.111683332769668
3.932199414352965
3.8259807393795597
4.604272398917485
4.58545218864785
3.970804209657109
4.55717584083272
4.432165445280461
4.465553185907132
4.4866048718369935
4.488805084939733
4.465728660891894
4.839917306544572
4.747853350259973
4.7188046718725065
4.420341010790096
4.556660460420861
4.666685510762438
4.743160650282346
4.380618115775019
4.644332640696736
4.485938497886755
4.832270314838814
4.745123160540811
4.672810686853712
4.638753032693505
4.181154676524513
4.719043844850208
4.697088749076181
4.640359281452573
4.441462451629693
4.53578288171523
4.867211638767761
4.528100852815941
4.5955186741299165
4.53757815960624
3.9020464564114237
4.312900534397475
4.132012120822924
4.201966416736435
3.871626012442004
4.153902906834661
4.215988044137869
4.579345320070458
4.4155160232336526
4.692198888255953
4.650891383237111
4.698165438018855
4.592780487651947
4.638316101010707
4.60196962430399
4.482106013779271
4.137178747100547
4.578213305680197
4.884540584084168
4.842195317028074
4.946305998790839
4.7272083189745455
4.942804669920004
5.010201648988306
5.163758236810723
5.136537271002284
5.3148900120031755
5.410944240121727
5.1316950507276236
5.494255037406324
5.098210248860397
5.292408713245409
5.399274733195002
5.415227852492653
5.187097539368421
5.204870336161308
5.0384554928623295
5.072920799144334
4.924858902870197
5.348688304831408
5.04275774970943
5.179787227096794
4.8359353505427265
4.921315400164313
5.028398090917789
5.285153831816734
5.382788361981987
5.573636836639192
5.445173903646326
5.267563110136467
4.737736820724473
5.155696218183793
5.596160499184476
5.264238179993927
4.864234168144883
5.079589538395096
5.065986660497037
5.447276929958694
4.827941674828655
5.131162783769861
5.4749651899025
5.337567549645411
5.1182280543501495
5.281322961432069
5.283547483334128
5.261010785008606
5.418819527530754
4.96001001723869
4.956797933328796
5.370325367978433
5.390995216751954
5.066154284128001
5.020700606011515
4.906110845849296
5.09853726126859
5.2014706447054415
5.151354223997549
5.089136914314192
5.1522101573608206
5.244839739030871
5.260821292729561
5.147994779649717
5.117962896051573
5.286498139208279
5.049106733466366
4.889209461387575
5.0970508405080865
4.744803240782865
4.944549556327751
4.670984388195345
4.928656176448471
5.484580881330834
5.3863718419125926
5.360030407476546
5.255680062605747
5.139078497066397
5.4515240669059875
5.533627727357308
5.441239904021103
5.4892021235383
5.2375900719991435
5.412752918544501
5.01263207889718
5.620962904899147
4.870105250267519
5.469407641996696
5.559328114900063
5.460043256641448
5.762352733017763
5.592250258919008
5.598040009814102
5.701008609806622
5.734797600000713
5.88500791551086
5.695724517056391
5.809381257803046
5.405191745846676
5.567910314504874
5.225113524016491
5.535304379864385
5.579887625694817
5.602693730483137
5.578461941562808
5.70028568935517
5.588599458671541
5.392685147657802
5.800394916151613
5.4603584588570815
5.4011787897998955
5.7623214440094435
6.082205169329852
5.625677647919588
5.3198708885459665
5.865313548675868
5.619304165385909
5.7578712337214615
5.713442413848863
5.67430351636292
5.531453751735906
5.562200042708544
5.58092242458253
5.560649796739095
5.3628973530827775
5.534169168217166
5.290650051072037
5.277778671939063
5.518100128978508
5.422128429789081
5.336459178264577
5.731022075980526
5.514080646474566
5.9551173733208715
6.052255365570618
5.731896242215815
5.7918124042210755
5.741403131311052
5.696201948564618
5.6196303582973215
5.760339329952092
5.758692968588502
5.407661267483439
5.781933755079229
5.778819390348374
6.083378786306404
5.818164274553702
5.983116027078103
5.569886434826285
5.810810698948459
5.689680334824227
5.375371756372694
5.7845712718779545
5.9745972073710645
5.727868762969237
5.4125508376354174
5.243416333710158
5.3424876472337255
5.602918423960739
5.647870740500005
5.451769772509162
5.814505296777144
5.280977360910159
5.276539757766941
5.36502475168533
5.04260057542445
5.500286397444964
5.846585696598376
5.2926682077769165
5.188361701567337
5.691001535427824
5.723528203296796
5.886030756519254
6.010751989204434
5.909798660663624
5.462219100548447
5.711064443631497
5.351457516824042
6.01175894666667
5.564659026147579
5.7559140061062415
5.685100122117468
5.568892500654749
5.807383497484383
6.182496161957507
5.744597547811824
6.23336377680916
5.994379410216615
5.930382507740805
5.520648052892073
5.722078105331378
5.414274868391613
5.545763995784013
5.9569522557250645
5.484337365913739
5.514184733024475
5.956101145164279
5.807173133433363
6.369783241277579
5.582074470300874
5.482048908377166
5.871212113598208
6.137457606741084
5.241407322027572
5.741941126449894
5.979944003187611
6.133336405290389
5.952973812457776
5.689072491350229
5.730072803915623
6.0818616867953175
6.171689499996312
5.9254904325435716
6.259709152751249
6.374553585855728
5.751015464165391
5.720923695697653
6.0460435568397655
5.615495120538778
6.095963156590506
6.061201823778306
6.16499780352813
6.310986549792077
6.152216086645252
6.046230266310866
6.001880701250216
5.963058464173479
5.927949585078837
6.13787357558267
5.742461193573873
6.030484325850446
5.75890107319807
6.038376736386586
6.2391997495144
6.004784583494824
6.490428440588918
6.020262878117097
6.146791042267079
5.959930811154814
5.932476650188772
6.3183031631215005
6.014016786069917
5.802191437725807
6.3959849563148055
6.696863066789627
6.039029636081864
6.390907661503298
5.835771468000843
5.922792253030381
5.725988142212236
6.1094625029574345
6.2073452232895185
5.904983857518552
6.208805077900042
6.274947538925583
6.293493460225101
5.776002786917825
5.7900517902477056
6.46389484463193
6.207937009057946
5.761837576269267
6.207822559098076
6.457683007452797
5.938868314359936
6.049438540138663
5.738552622876681
5.78446574192093
5.946987244364325
6.348207107220455
5.637591081921863
5.551412376562354
5.541148436635322
6.060146479726925
6.443595461575325
6.213826867691194
6.2563353377018265
5.822147957032721
6.3391557605522735
6.068364846814773
6.053002654063477
6.404874190100723
6.303660462382186
6.400763471712883
6.186687788668575
6.494754444010286
6.3457475787586795
5.838278942673115
6.137258225035192
6.218476072263083
6.274643976494125
6.229433556638317
6.771050695806796
6.018544068443016
6.341093233804036
5.819199529201923
5.951859800992116
5.893535405274254
6.119540138948408
6.191466492648027
6.016940332192336
6.084569439312669
6.614367280504216
5.736207871585779
6.3144927752374524
6.549191542938172
6.4602118466543885
6.117276200359461
6.1322613278620475
5.798443645532145
6.3118535588145495
6.089962830758891
6.189967550977484
6.37791421569407
6.007190570876709
6.137645463676843
6.4208696311708335
6.316710452782397
6.388370251874713
5.997703721242995
6.260141659290407
6.0615886620151835
6.119628715428414
6.14079450911675
6.413791105640244
6.000027632370447
6.211255587475861
6.181168966093379
6.275777491236137
6.02833756078963
6.163335081877165
5.7521659773577465
6.515382521959385
5.8984662326413275
6.211898208947908
6.020391105079286
6.085022287067586
6.349080701120907
5.937618887055635
5.897094569894878
6.380378381081415
6.679250313600852
6.41127425933276
6.002058577908974
6.08071539411124
5.683362512722521
5.882654939361974
6.368469056976368
6.760710119656878
6.367457711610952
5.871374238652369
6.251859583088648
5.750622364160495
6.050248716716723
6.412186729240266
5.832642389569283
5.650239425244586
6.096845944845513
5.929502345439922
5.830413661950346
5.75436047491514
5.957245702437099
6.250090542197147
5.551431299904394
6.04601147614967
6.048870470317608
5.7487394580918485
5.624223156618747
6.37657691371771
5.745241360085434
6.1740910392491175
5.936247020296051
6.332997365292491
6.4703687915714445
6.068103122130506
6.171262791633006
5.796818767606267
5.773041545861002
6.165068309375348
6.505904530855966
6.174565925176804
6.2296587993533805
6.6321385408685
5.999261312417578
6.34953170253743
5.889406634501482
6.4356918709869175
6.386710711812508
6.41736833149598
6.236266796338036
6.599676669512893
6.416531380224442
6.39695726869148
6.526684972782889
6.3664431602967255
6.333321306859597
6.107237451807302
6.24840241023025
6.400127312931991
6.5445977862797
6.205387322241309
6.209274854128536
6.309006643252057
6.246190612049335
6.419274001112016
6.160178728243924
