44.49
71.57
152.48
178.12
184.35
196.15
190.37
184.16
173.64
141.97
103.82
89.84
83.89
48.59
40.48
39.8
27.9
19.45
20.28
22.8
33.52
14.82
16.87
14.24
14.7
18.79
20.54
22.88
27.3
25.52
28.41
27.24
20.82
25.93
17.89
18.71
17.44
21.78
18.71
20.09
18.22
19.56
8.66
7.9
10.47
12.97
11.63
7.72
10.71
13.6
19.35
9.73
6.8
4.37
9.52
3.39
14.94
14.12
17.14
17.03
15.77
14.3
15.12
17.55
11.71
11.15
19.08
30.9
29.15
16.31
20.46
33.65
21.0
17.9
13.97
18.66
20.11
30.61
16.84
17.72
23.42
16.99
23.91
13.22
15.14
9.93
13.88
17.95
25.32
21.75
15.89
16.01
12.06
11.11
7.13
10.97
5.79
6.86
8.94
13.6
7.81
14.77
14.58
17.84
9.79
7.66
4.61
4.15
5.77
10.0
8.47
9.25
9.12
9.01
4.82
8.87
12.89
13.95
9.24
7.32
10.12
45.14
1.8
3.37
4.92
3.97
4.97
15.28
1.96
4.75
7.39
10.32
8.47
15.54
11.65
9.46
13.06
7.06
5.34
5.81
8.62
7.96
7.36
10.4
9.28
6.62
16.26
19.42
19.8
14.76
16.57
11.76
14.1
21.98
21.37
19.12
26.63
25.54
19.13
14.83
13.7
9.08
12.75
22.04
14.39
16.46
11.59
10.62
7.31
9.77
15.05
18.29
14.61
11.06
11.72
12.35
11.27
11.62
15.12
15.58
5.33
10.09
10.77
14.14
19.67
17.07
7.39
6.78
13.66
13.14
6.28
40.84
44.13
42.39
48.83
47.7
46.89
49.16
49.91
44.58
44.9
45.68
40.79
45.07
45.68
42.17
42.32
39.19
43.78
42.25
38.12
40.35
39.83
43.4
47.99
43.35
46.21
42.98
44.81
44.52
51.21
52.48
46.33
44.84
42.11
45.52
44.11
42.87
39.76
40.03
41.27
41.53
42.92
35.26
36.84
42.7
31.04
39.34
43.42
46.22
34.13
37.65
41.54
40.91
37.08
37.61
46.32
36.57
34.69
38.97
40.66
36.86
34.72
49.51
51.62
44.24
36.96
29.95
32.94
27.27
31.89
32.43
32.96
33.29
35.34
31.83
32.2
31.87
34.68
35.93
34.69
41.18
33.31
37.46
41.04
33.99
39.31
36.34
30.04
30.7
26.26
28.63
32.08
35.19
26.94
25.37
27.64
21.56
21.5
32.61
41.83
36.04
28.79
25.7
22.71
23.13
22.1
23.54
22.67
27.6
25.62
20.64
17.04
12.65
9.07
6.4
9.17
12.24
8.41
13.54
7.02
9.85
8.1
7.71
12.74
10.17
11.27
13.58
14.51
10.82
8.73
16.43
10.77
12.82
11.74
5.6
8.9
7.74
2.44
5.73
8.41
11.61
6.54
5.81
8.95
4.0
11.33
11.36
10.92
9.08
14.78
16.08
9.67
10.23
10.51
6.65
6.18
7.02
9.65
11.15
13.18
8.86
15.47
17.46
20.49
14.17
13.33
7.43
8.37
15.79
13.98
10.46
10.99
13.59
14.05
15.19
19.52
18.47
14.5
11.28
5.48
9.27
13.52
10.54
13.06
12.15
16.06
17.11
18.07
18.38
12.39
13.94
13.2
12.75
11.13
10.73
8.73
8.63
5.71
10.94
10.14
7.26
7.8
10.5
9.95
8.76
9.36
5.65
8.05
9.95
15.13
15.39
6.76
8.66
5.97
9.96
10.19
5.38
8.02
12.89
8.3
9.49
11.69
15.1
12.18
8.54
11.46
5.75
6.19
10.64
12.7
13.05
12.42
15.43
13.44
10.43
13.36
7.67
11.44
16.34
8.39
9.54
9.98
9.78
7.22
7.95
12.7
10.77
16.86
17.47
14.61
11.62
14.65
18.07
12.54
10.69
10.37
11.47
15.79
14.29
14.68
11.18
11.41
16.03
12.89
14.19
9.79
10.81
10.79
14.39
17.94
11.81
16.54
13.0
10.13
11.57
6.55
8.74
3.67
10.4
12.37
14.53
17.49
25.36
23.42
17.44
13.19
14.28
15.97
11.12
10.31
8.71
4.32
9.11
6.95
3.61
8.98
8.71
4.8
16.61
18.38
11.32
11.04
10.95
15.79
10.18
12.54
8.77
5.3
8.91
11.86
12.88
4.46
8.43
5.9
7.01
8.82
3.94
12.84
17.01
15.9
12.77
11.13
12.34
7.53
8.67
12.88
14.67
16.5
18.12
14.22
19.18
30.55
29.89
28.23
29.64
33.27
28.84
29.24
25.91
21.46
18.11
21.67
17.37
24.39
23.04
12.69
20.02
17.82
15.98
7.44
1.56
9.16
6.96
4.25
8.58
9.54
8.85
4.21
6.9
9.2
8.79
7.9
9.04
9.64
13.31
7.28
8.0
4.77
8.67
11.78
13.71
14.43
15.6
15.98
18.98
14.41
12.07
12.9
9.55
12.5
8.14
3.57
8.05
10.69
10.29
10.18
9.99
13.21
7.89
12.89
5.88
10.84
6.85
12.77
6.88
6.28
6.11
1.86
5.98
3.44
5.88
5.72
6.72
11.93
11.21
10.31
9.04
12.56
13.48
