111.94
135.13
179.46
196.81
185.41
192.59
179.52
145.53
97.36
27.66
0.76
0.93
0.17
0.9
0.9
0.0
0.06
3.89
7.26
11.54
23.42
36.72
38.97
37.76
46.19
59.38
61.66
66.78
79.13
87.68
89.86
81.29
73.04
64.45
52.18
54.44
53.68
30.2
18.43
16.11
15.31
12.56
9.36
12.04
8.19
5.44
9.81
12.76
10.12
8.33
9.71
10.6
9.92
7.78
8.62
9.76
9.01
9.14
13.41
14.64
13.53
11.1
10.24
12.48
13.49
16.73
19.98
20.59
18.0
13.04
11.37
10.49
8.02
9.55
14.37
16.57
17.64
18.32
12.4
13.57
13.52
8.47
12.84
14.4
12.13
13.29
28.4
48.97
46.31
32.44
20.68
13.76
10.67
9.58
9.42
7.79
8.96
10.16
14.15
12.46
10.91
18.12
23.06
23.73
17.25
9.22
4.22
3.16
4.51
7.52
17.09
21.53
18.89
15.98
10.05
5.76
7.28
8.71
8.04
5.74
6.73
9.06
8.3
10.13
8.82
10.13
14.18
9.66
5.83
7.94
8.19
6.63
5.23
7.62
12.86
19.02
19.1
12.44
9.61
11.6
13.21
11.41
8.71
5.31
3.14
4.05
11.57
17.27
13.92
12.03
11.4
13.47
19.68
17.67
13.31
10.63
9.33
13.42
14.45
13.72
14.73
10.58
6.55
7.24
8.98
16.34
17.07
12.21
13.18
14.08
15.8
18.31
14.08
7.42
9.21
14.23
14.69
15.47
16.53
9.31
3.3
12.1
18.99
20.78
22.28
17.64
10.67
5.2
9.56
14.02
10.29
8.61
14.41
18.76
18.31
20.78
22.82
14.2
6.51
13.42
14.32
10.42
10.61
17.53
22.26
14.4
12.81
13.14
14.25
10.57
6.2
8.74
10.96
11.97
14.95
15.96
15.12
12.67
9.09
9.79
12.58
20.2
17.78
13.83
15.17
11.1
8.61
8.75
9.89
9.13
11.44
14.01
11.56
9.53
5.94
3.53
6.27
8.43
9.68
10.3
11.98
9.88
8.19
9.38
8.55
12.27
11.07
9.18
9.14
7.81
8.56
12.61
19.68
20.53
19.39
24.64
19.14
9.95
7.63
9.11
13.93
13.33
15.23
15.35
9.05
7.25
12.72
12.33
9.58
8.81
6.48
5.26
3.09
34.51
43.99
22.64
22.01
20.88
22.79
13.84
9.45
11.8
11.15
10.24
8.34
10.67
9.89
7.86
11.03
14.92
19.72
18.23
11.55
9.98
10.89
13.7
15.93
15.2
17.25
18.61
18.99
23.11
23.07
21.27
14.6
11.82
13.99
11.4
10.56
11.31
7.65
5.36
15.2
23.87
17.89
8.81
7.51
10.37
10.87
13.82
18.84
20.24
22.4
25.82
21.44
10.32
4.86
3.2
2.76
6.06
12.52
13.4
10.2
14.67
14.42
11.7
17.37
19.74
14.44
13.87
15.01
11.56
9.86
8.69
6.13
6.98
7.84
10.64
11.37
14.26
19.76
21.29
33.21
53.3
50.91
30.93
16.72
7.8
9.39
8.39
3.69
4.83
8.95
16.45
19.51
19.97
30.48
26.73
11.24
7.62
6.6
6.03
10.18
12.9
11.0
11.71
10.46
9.65
14.16
20.92
19.06
9.84
7.24
8.64
13.25
14.58
10.81
8.93
11.65
15.6
14.52
11.89
11.87
11.57
11.95
12.55
12.83
11.55
9.46
11.73
9.22
6.49
13.09
15.7
14.11
13.6
11.39
12.99
13.05
11.05
8.02
5.06
11.43
15.06
10.84
7.39
6.91
7.59
10.7
13.11
13.69
22.81
27.3
26.71
27.51
22.29
19.84
15.69
17.61
20.78
15.41
13.42
12.9
14.62
13.03
14.73
15.97
9.38
9.41
9.92
10.02
13.67
12.7
20.43
19.08
8.6
8.06
16.01
27.12
27.83
22.2
17.78
22.01
23.92
21.05
15.13
8.94
9.07
11.44
17.24
24.71
30.35
27.32
17.55
12.64
11.47
9.63
8.18
6.27
6.64
12.02
14.07
13.25
33.43
46.29
27.88
16.49
16.25
16.71
12.35
5.14
2.55
2.62
3.14
5.44
6.3
10.22
14.5
10.99
34.54
40.22
15.89
13.31
13.13
19.22
17.79
12.34
12.67
9.6
10.51
13.52
10.63
6.02
7.33
6.33
5.74
6.0
4.56
6.8
35.63
36.55
11.6
15.04
16.2
15.89
14.0
10.77
12.2
16.25
14.72
10.63
11.17
19.7
32.31
32.13
35.9
40.93
36.73
30.27
26.27
15.35
2.71
1.89
2.0
5.86
10.63
9.57
15.09
15.37
7.18
6.74
5.91
4.86
5.22
7.76
12.09
13.68
12.46
12.24
13.37
14.51
10.03
10.15
12.45
13.11
12.06
6.86
4.04
2.55
9.34
21.34
35.52
30.91
33.38
53.56
48.64
27.36
11.8
4.69
2.3
7.84
8.87
6.35
7.57
8.1
6.23
7.08
11.14
10.71
12.62
14.59
12.01
15.06
17.65
12.16
7.09
6.5
6.12
2.95
4.11
5.07
5.64
12.83
20.05
28.53
33.84
32.53
27.82
20.7
16.31
