25.0
53.07
100.01
117.3
131.97
147.02
148.74
175.51
197.68
170.69
105.42
90.89
98.63
59.77
61.6
69.02
28.85
3.1
0.97
0.25
1.4
1.63
3.37
3.89
4.39
5.8
4.36
7.21
9.82
9.7
7.84
4.77
3.53
3.31
4.97
5.48
5.6
6.2
8.22
12.87
22.73
18.24
5.77
4.98
4.09
4.46
4.12
2.65
1.29
19.95
49.38
32.35
3.86
2.88
5.16
6.19
6.41
9.45
11.31
12.82
14.09
9.13
14.57
20.92
15.91
18.81
29.39
49.64
52.82
43.85
55.39
56.44
48.14
43.76
36.41
38.03
35.92
29.74
38.26
49.88
54.71
56.14
48.27
29.04
18.24
20.38
17.26
14.46
11.35
10.44
12.41
12.72
14.01
12.18
8.51
6.08
5.79
7.31
10.87
10.49
9.15
6.87
8.87
11.78
10.33
10.34
11.83
8.01
5.17
7.63
7.44
6.87
4.28
3.11
5.08
7.0
10.57
14.55
13.52
12.76
11.89
7.74
5.43
3.21
1.79
1.8
2.0
1.41
1.45
4.43
8.81
15.27
19.95
21.75
18.96
10.06
4.75
5.02
4.1
2.69
7.21
9.07
7.33
10.68
11.42
14.23
16.4
25.3
21.43
6.58
8.53
6.27
6.1
17.62
25.07
25.55
19.63
26.02
32.75
28.06
27.74
18.49
8.53
6.73
11.9
13.92
13.37
14.79
16.06
13.87
6.62
5.54
10.98
9.12
9.38
16.78
15.82
11.95
15.43
11.64
5.98
5.62
4.47
4.32
20.32
20.69
2.38
14.28
36.09
27.14
8.9
8.79
13.83
9.83
7.16
13.03
13.09
22.42
21.49
16.49
19.07
16.22
13.14
7.23
4.48
5.03
7.28
7.55
9.5
13.31
10.85
8.03
6.77
7.13
8.77
11.53
11.91
8.97
16.06
19.94
30.31
30.76
11.0
5.53
6.3
9.75
22.55
23.55
12.75
16.59
16.41
8.18
4.63
5.08
7.08
12.96
19.58
24.9
17.45
8.19
10.5
6.49
20.44
30.42
14.97
4.8
4.11
5.56
6.19
13.0
24.94
18.52
5.69
47.09
69.16
35.8
20.77
14.94
7.21
4.53
8.5
12.08
13.67
12.09
17.05
15.7
5.4
3.41
5.94
6.27
20.97
30.97
16.35
9.11
7.21
12.79
15.26
12.9
10.7
5.19
7.27
6.67
31.61
33.28
7.21
14.89
13.38
4.5
3.32
38.19
67.62
54.75
32.77
11.08
4.84
5.18
4.71
6.51
10.46
17.25
18.94
10.96
4.66
4.92
8.8
7.02
5.37
16.71
21.09
12.68
14.92
11.71
1.55
1.03
4.39
5.78
3.3
5.62
15.7
23.69
16.18
7.14
7.43
8.75
9.53
6.64
6.64
15.6
14.53
5.4
13.17
21.63
12.44
4.36
3.68
2.87
17.52
21.51
10.73
12.08
33.85
37.07
25.34
19.81
11.15
9.9
5.8
7.78
11.73
15.62
13.8
11.13
17.97
15.45
11.87
13.69
8.73
9.84
13.37
22.74
26.14
20.72
21.19
24.67
23.57
20.97
21.71
23.2
24.27
19.41
13.71
15.24
19.02
20.52
19.09
16.83
18.81
19.53
22.12
25.16
22.71
23.64
21.11
14.41
17.7
13.86
8.46
6.25
3.1
7.29
5.95
2.69
3.07
3.45
6.15
5.35
3.67
4.43
3.63
15.37
28.74
16.23
3.44
3.87
3.58
15.29
19.51
8.88
9.68
12.51
9.86
8.15
19.4
24.36
14.95
11.26
9.75
7.96
9.2
10.81
10.09
11.05
15.36
17.87
20.27
20.39
14.14
11.2
11.84
11.61
12.13
10.76
9.94
10.06
12.04
14.7
15.77
15.75
14.71
18.69
19.74
16.05
14.23
16.43
15.73
13.19
14.71
17.62
16.65
12.64
12.59
12.28
13.77
22.81
28.1
27.18
28.96
29.96
30.99
26.79
19.79
20.57
24.8
17.41
6.45
8.34
8.18
11.82
16.01
10.34
10.16
13.35
11.97
13.51
14.74
17.6
21.44
21.05
21.52
17.76
12.29
12.66
14.13
9.87
7.26
9.37
9.41
8.37
13.78
22.92
26.22
20.76
17.95
19.36
16.38
14.26
17.11
14.01
10.34
13.57
18.09
22.52
16.5
10.63
11.12
9.19
7.86
7.67
14.4
18.66
14.8
11.43
10.69
9.7
6.2
3.57
3.98
7.63
15.19
16.5
11.8
26.96
56.64
59.61
53.56
64.43
69.21
64.96
62.08
60.73
60.11
61.02
61.2
59.85
61.85
58.06
49.39
51.48
49.8
38.53
20.82
6.91
3.92
4.83
3.39
4.77
5.7
5.51
6.38
3.97
4.35
5.11
5.0
4.94
4.34
2.9
3.43
3.17
3.5
4.55
5.56
6.75
7.72
8.24
4.94
3.09
5.42
5.37
3.38
3.7
3.98
3.75
2.9
2.94
3.53
4.76
5.09
4.15
4.18
3.94
4.31
3.97
4.6
6.33
7.6
6.21
6.06
7.46
6.7
5.6
3.54
3.49
4.69
9.32
13.12
10.88
10.85
10.58
8.78
25.95
