43.22
74.3
151.98
179.83
177.47
194.23
188.02
177.0
170.0
140.49
105.91
87.77
85.36
50.63
40.54
40.61
31.47
22.43
26.99
21.65
32.89
20.71
12.62
17.36
15.5
14.23
19.09
20.62
20.58
28.0
26.46
33.08
23.33
26.79
17.36
10.88
21.39
27.27
13.66
18.35
22.76
18.81
8.49
13.0
11.89
9.32
11.47
8.22
11.25
13.71
17.11
16.77
5.61
8.39
6.42
10.07
9.1
9.56
14.35
20.95
16.12
17.32
11.26
12.03
11.1
13.61
22.61
26.92
24.32
13.72
21.35
32.03
16.3
15.53
14.47
19.05
26.03
30.18
16.94
22.04
21.93
16.87
22.55
13.49
14.21
9.78
15.31
19.38
22.1
20.59
18.79
12.87
14.2
5.85
8.24
8.69
6.44
7.11
8.86
8.2
14.47
11.06
14.32
18.78
12.75
7.37
8.03
9.77
5.78
10.41
10.89
9.16
6.09
7.18
6.95
6.94
14.2
10.74
14.76
5.45
7.64
48.56
1.29
4.85
2.04
0.0
1.45
13.91
6.18
0.89
8.31
4.17
11.13
18.88
9.54
13.9
10.91
4.64
5.41
4.69
7.51
8.56
8.04
12.82
12.57
9.54
14.67
14.6
17.88
17.19
16.19
14.51
13.98
24.32
21.45
20.0
23.5
25.28
20.83
12.52
16.19
9.24
11.46
22.12
14.81
18.52
9.22
9.4
5.91
4.3
17.34
18.41
18.35
7.85
10.27
8.8
13.14
15.92
15.8
14.48
7.86
5.04
8.92
9.41
18.37
21.42
10.04
6.38
10.59
9.93
6.65
42.36
43.04
46.0
45.92
50.13
48.05
50.81
42.86
47.56
45.12
42.2
43.99
46.17
42.57
40.62
45.48
41.27
43.23
41.41
39.31
42.63
39.89
41.02
45.06
48.84
43.24
41.79
42.47
49.8
45.91
53.58
44.08
39.76
40.05
45.63
47.05
42.32
39.22
39.61
42.67
37.69
35.06
35.84
40.32
35.31
37.92
36.93
43.44
44.44
37.0
38.25
34.63
38.19
33.18
35.29
47.9
32.1
37.21
38.66
43.36
38.86
34.44
47.79
48.75
42.8
38.19
32.11
34.21
29.0
35.1
36.11
36.88
34.33
34.31
35.08
30.83
30.8
31.74
34.23
38.28
41.31
33.32
31.2
41.35
38.66
37.71
34.12
33.1
35.24
30.16
28.41
35.8
37.95
27.24
28.02
24.01
19.72
25.62
30.18
40.23
39.94
32.85
26.43
30.65
23.17
22.82
21.6
20.13
25.73
21.38
20.66
16.73
3.91
9.16
6.07
7.49
9.84
12.4
14.07
8.22
7.99
14.08
10.43
9.49
4.98
11.9
11.47
13.5
11.13
9.64
9.18
9.07
14.61
9.47
5.45
6.47
8.06
7.61
3.24
7.34
12.98
11.14
5.75
8.19
9.09
12.17
8.22
8.16
6.65
14.68
12.64
11.34
8.0
8.29
3.46
7.01
11.92
13.28
11.36
12.27
7.83
16.73
21.2
22.96
13.73
10.64
10.37
10.64
15.68
11.46
10.62
15.48
14.45
15.2
12.65
18.99
19.16
15.37
12.22
3.13
9.45
15.22
11.88
11.19
10.94
16.17
15.84
12.18
19.53
12.4
14.28
7.87
10.42
11.09
12.9
6.53
10.35
5.49
8.23
11.56
7.99
4.97
12.73
7.3
6.24
9.64
7.08
8.42
7.45
14.57
11.92
7.5
8.71
9.55
10.51
8.52
11.3
3.86
8.63
12.47
7.45
12.4
14.24
6.63
6.2
11.75
8.65
9.05
7.92
10.33
14.99
16.91
13.43
14.13
15.12
12.83
5.33
12.68
11.49
8.52
5.77
11.39
6.41
11.01
6.19
8.66
11.02
16.67
13.79
14.48
13.21
14.06
18.9
16.16
11.8
14.94
18.09
19.24
18.22
12.11
12.15
17.03
15.49
12.66
6.98
8.08
8.55
14.69
14.15
13.61
15.92
12.66
16.99
4.02
9.47
7.37
4.29
10.16
7.67
15.62
12.85
17.6
17.76
19.95
17.55
15.63
20.3
17.68
12.54
12.81
11.05
7.23
5.53
9.19
2.18
12.33
9.02
12.02
22.43
21.15
12.17
14.34
10.97
11.35
12.34
13.13
11.22
6.89
5.88
9.96
6.46
6.84
7.96
8.34
8.4
7.58
7.26
10.0
19.46
19.05
11.79
11.08
9.63
13.54
10.18
11.99
13.07
13.55
18.08
13.93
14.77
30.15
27.99
29.88
31.29
31.38
30.6
28.49
31.04
22.45
17.97
20.71
18.33
16.31
23.85
18.46
17.54
17.78
11.37
9.53
11.87
3.82
1.97
4.39
7.6
8.64
8.39
3.87
6.85
7.48
5.24
9.66
8.54
6.31
11.07
4.89
6.49
8.18
4.4
11.27
17.91
11.63
17.71
15.32
18.15
12.02
12.98
6.59
10.5
9.63
11.94
8.16
8.64
11.55
8.69
10.85
6.35
6.98
9.14
13.12
5.12
13.91
6.83
8.1
6.1
2.25
7.36
1.79
4.37
4.36
6.43
4.23
9.99
11.79
13.23
14.88
10.75
7.52
9.39
