16.75
75.11
102.15
175.36
148.56
176.67
208.9
223.91
230.45
228.19
193.52
168.51
146.97
49.91
29.37
13.76
15.06
10.4
9.48
20.01
22.75
24.78
16.69
22.15
13.29
10.06
9.04
2.24
4.18
7.95
8.11
11.19
5.29
24.11
16.03
6.43
10.72
19.76
11.59
18.9
25.6
20.93
9.3
10.32
9.5
8.1
5.11
11.81
8.47
12.72
8.07
10.36
5.13
4.82
9.82
8.18
16.78
10.25
8.32
14.25
6.3
3.23
6.08
9.54
7.85
11.2
17.55
30.69
19.29
3.28
2.12
57.67
5.53
5.03
4.58
5.91
4.55
31.86
6.49
16.9
17.79
13.88
13.0
7.73
6.76
4.07
6.47
10.43
12.82
14.66
24.08
26.05
15.14
2.87
3.48
32.87
7.15
7.78
5.73
12.35
9.51
10.36
9.26
10.37
12.76
5.9
3.29
4.42
8.82
17.86
12.95
3.07
4.82
4.44
12.44
15.33
7.4
8.63
6.45
8.38
6.32
157.46
1.08
1.38
1.34
0.96
0.55
39.27
1.83
1.31
1.35
0.0
0.37
39.07
0.21
2.28
12.88
2.78
2.73
6.72
3.81
4.18
7.26
10.72
10.51
11.01
14.45
21.47
22.74
23.82
22.12
22.55
26.98
34.01
35.42
34.91
41.63
38.5
5.92
4.3
4.88
4.5
41.89
71.91
49.13
45.16
14.24
6.93
0.56
1.5
40.56
56.72
51.35
24.47
20.62
11.28
6.89
7.35
10.76
6.78
8.68
6.69
6.8
10.97
23.53
20.1
10.64
1.81
1.81
3.1
2.8
153.17
140.12
136.17
159.87
158.4
159.59
154.85
153.85
151.1
150.88
147.68
144.35
142.67
138.03
141.4
139.91
136.55
136.2
135.82
138.43
135.9
139.21
138.32
140.4
137.18
136.04
133.78
130.67
138.74
132.36
134.55
129.98
128.31
129.02
131.12
131.77
127.19
127.17
123.27
122.09
117.74
120.46
121.09
118.5
117.18
114.64
115.34
113.8
114.82
114.77
116.84
113.86
112.82
110.89
108.7
110.54
109.06
108.78
108.51
108.22
104.81
106.84
106.88
102.22
103.76
103.3
101.17
102.23
98.2
101.81
100.52
103.47
97.03
97.93
100.25
95.84
99.69
94.15
91.46
94.63
94.36
95.35
91.18
90.74
89.5
93.19
91.03
86.65
86.93
76.08
76.96
71.53
70.73
69.84
71.38
66.72
70.06
68.47
66.64
64.9
65.67
64.59
62.1
62.42
64.41
64.52
59.87
53.71
47.91
44.53
36.28
27.43
0.0
0.0
0.0
0.0
0.0
0.26
0.66
0.77
3.0
0.15
1.67
1.61
0.0
0.0
1.08
1.1
0.13
0.0
1.34
0.34
0.0
1.42
0.5
0.0
0.0
0.0
0.58
0.61
0.29
0.09
0.29
1.61
0.57
0.78
0.26
0.17
0.19
0.5
1.01
0.79
1.14
1.9
0.03
0.98
0.62
0.4
0.33
0.85
3.1
2.26
2.97
1.85
0.71
1.66
1.32
2.49
4.82
3.55
1.71
4.29
1.58
2.69
1.3
2.48
3.45
2.99
3.93
8.3
8.35
9.93
4.25
8.71
10.22
6.07
8.02
6.52
5.19
7.1
6.77
9.13
9.15
3.89
8.57
3.66
3.53
1.42
4.61
5.44
1.87
1.55
2.62
4.0
6.96
6.16
5.01
7.39
5.57
4.23
6.11
4.54
2.41
3.44
2.06
1.61
1.78
2.09
1.78
3.99
2.63
3.17
3.47
3.69
7.31
5.22
5.02
6.26
5.91
4.9
12.27
10.54
8.0
4.47
5.38
10.09
7.06
4.67
3.6
5.07
3.0
1.55
1.55
4.05
2.01
0.57
2.17
3.23
2.96
1.67
2.67
2.83
1.65
2.52
1.51
2.22
1.97
1.62
1.64
4.86
3.8
2.65
5.84
3.2
3.51
3.88
5.38
3.21
1.53
3.16
2.61
3.22
3.31
0.66
5.01
1.22
1.22
0.98
3.8
3.06
3.01
3.57
2.38
2.61
3.13
2.35
3.95
3.09
3.8
5.29
3.57
6.25
4.06
3.91
4.03
2.6
2.18
4.41
3.57
3.59
1.19
3.25
1.46
2.3
3.67
2.6
2.28
4.99
3.71
3.71
3.73
5.06
6.7
3.78
2.33
3.29
4.83
1.46
3.16
1.39
2.85
1.99
1.99
2.72
1.2
1.92
3.19
1.27
2.54
0.82
4.77
1.64
3.67
4.39
3.56
5.28
3.73
2.27
2.18
3.41
3.09
2.16
3.67
1.33
2.59
1.75
0.97
2.6
3.08
2.35
2.83
4.06
0.83
3.3
3.42
3.87
3.05
3.97
3.92
5.43
2.95
5.66
5.17
6.57
3.63
1.9
2.52
0.84
3.64
1.84
1.5
1.74
2.46
1.46
4.1
4.43
2.36
3.14
3.98
1.76
1.76
2.71
1.6
2.06
3.74
3.01
3.02
2.6
2.51
2.18
1.93
3.39
4.23
1.45
1.41
1.76
2.22
1.36
2.82
3.56
4.02
4.77
4.27
1.61
4.18
4.32
4.01
1.63
2.72
