20.25
30.04
236.53
229.82
253.54
275.36
208.54
180.76
157.19
129.24
114.48
98.04
94.91
91.82
82.07
86.49
79.21
83.16
81.78
59.62
76.64
0.28
0.0
0.66
0.48
0.79
0.21
1.21
3.99
0.36
3.96
11.11
11.52
1.92
1.27
3.61
14.99
24.42
27.55
17.03
18.67
25.54
13.24
17.56
23.58
22.73
25.67
10.68
13.92
5.94
8.56
7.33
14.29
17.45
8.39
12.46
17.41
28.05
27.97
27.54
25.5
27.38
17.03
20.55
19.22
14.38
8.18
11.32
13.44
8.14
12.57
6.71
12.34
7.45
7.17
5.76
24.9
21.78
14.0
7.81
7.12
4.37
8.73
8.06
10.17
8.27
6.0
8.38
18.26
21.23
26.65
14.9
14.32
14.56
10.32
6.71
4.84
8.79
6.42
16.46
18.52
11.78
19.3
27.23
8.52
3.87
6.56
5.66
4.39
6.34
4.0
7.66
9.76
12.99
9.18
7.9
18.03
16.87
6.77
4.47
5.19
3.72
3.35
3.28
6.54
6.99
12.64
19.81
10.67
7.49
9.91
16.03
14.49
11.22
7.05
4.01
4.19
1.56
3.62
5.59
6.99
7.16
10.26
15.37
16.38
17.74
20.93
11.34
17.16
12.05
13.88
11.45
15.1
8.78
16.03
13.53
26.25
18.82
26.12
14.41
12.64
9.87
6.63
5.73
5.12
2.85
4.28
3.06
1.64
3.53
4.43
3.14
3.06
4.39
6.04
11.99
18.04
12.87
23.74
18.64
12.51
7.68
10.74
10.7
11.41
9.18
7.18
5.1
3.39
3.23
4.3
6.59
7.21
6.86
11.76
6.54
11.15
11.37
7.25
4.91
3.61
2.9
3.3
5.3
12.15
11.84
6.75
8.68
6.51
3.8
6.13
4.98
6.19
7.88
17.91
19.15
20.18
18.1
20.38
23.67
23.42
19.51
18.37
16.68
16.41
19.62
13.91
6.74
11.15
3.61
17.17
16.79
13.06
9.9
9.41
6.62
6.49
9.26
44.84
41.7
2.55
5.73
4.72
6.38
7.38
18.93
69.94
14.97
16.16
27.14
43.27
11.89
16.61
13.43
12.51
11.3
10.26
6.93
5.84
5.92
6.45
9.86
6.43
9.19
10.8
6.97
8.95
9.69
19.61
27.84
26.4
24.06
16.37
13.07
16.43
13.69
17.91
19.59
13.25
22.99
24.32
22.58
13.71
20.45
19.18
10.29
12.36
11.56
9.33
9.74
9.91
7.81
6.58
16.2
8.69
6.59
6.87
9.92
10.79
13.48
15.62
17.6
16.62
13.56
9.13
11.71
15.42
8.57
13.46
16.67
14.86
19.98
20.41
23.26
20.5
16.03
23.18
21.75
22.23
19.7
13.57
11.67
9.93
10.08
14.3
16.5
13.28
4.15
5.82
6.21
4.84
11.14
7.01
4.61
4.67
10.73
11.55
11.16
8.11
12.96
6.57
12.64
14.31
14.07
17.02
16.31
12.17
12.4
13.08
16.8
14.88
11.73
13.8
11.64
21.68
14.13
8.17
9.88
13.43
19.55
18.56
18.71
19.65
9.58
9.6
11.78
8.34
11.06
11.13
12.67
13.56
18.25
10.26
6.49
15.99
14.57
18.62
19.36
15.81
16.76
13.06
17.24
13.2
15.58
11.59
17.01
10.06
12.72
11.55
12.72
11.23
12.58
12.7
15.68
19.17
16.44
18.81
12.55
17.47
17.86
12.49
19.31
19.11
12.79
14.52
9.87
9.52
13.5
11.55
15.75
18.66
18.11
10.21
16.22
15.48
18.42
15.6
14.3
20.5
18.34
14.6
13.64
18.55
16.16
12.19
12.02
9.7
5.45
16.1
13.77
11.19
13.25
8.99
7.98
9.84
8.07
7.47
14.86
19.41
29.03
24.6
24.47
23.01
20.1
20.8
22.88
20.28
22.88
20.9
17.35
10.82
9.41
8.88
12.27
4.01
4.76
5.51
5.43
4.94
3.45
3.32
3.36
8.28
10.57
6.49
9.25
13.74
9.77
8.51
18.5
27.26
17.4
26.85
28.55
24.54
27.21
18.71
14.23
19.0
15.9
16.13
15.39
10.96
13.08
7.47
10.48
12.24
10.57
12.2
15.1
15.82
13.39
13.36
9.82
10.93
14.1
18.01
13.39
16.06
9.34
12.71
11.9
11.08
12.09
12.02
16.31
10.84
7.14
13.21
13.72
12.87
11.26
17.11
19.71
18.31
20.64
25.52
31.71
33.59
40.67
36.45
32.49
32.63
35.16
29.81
18.27
18.37
13.06
16.44
7.62
8.27
6.19
11.98
7.7
6.29
6.32
9.03
6.63
7.99
10.13
7.2
11.08
9.1
6.06
9.66
8.54
9.04
6.94
8.58
9.54
9.11
10.99
11.34
11.13
10.99
14.32
10.84
12.41
15.12
10.52
14.02
15.39
20.45
18.35
19.47
22.11
22.83
25.43
26.16
29.45
24.86
19.84
19.58
19.84
25.06
24.23
19.29
18.26
16.22
13.17
14.65
12.35
11.41
9.55
7.38
7.99
5.76
5.51
7.25
4.35
4.69
6.47
4.67
6.17
8.6
4.53
4.21
5.76
8.34
5.91
