-0.0349345105826504
3.257844333501994
5.032605893693383
21.27505831821744
18.794682650044475
23.824779225077524
29.554277105505022
36.11237972580909
40.99602488271115
42.43245997296266
48.97912891234792
49.97118805101324
49.29753094002635
41.33643455557973
40.58649804494988
39.33974314412737
39.81658602601541
40.32725182294387
40.32643081733806
41.95577379757167
42.60886102382032
42.94841853476419
43.15060915134476
43.544946134330594
43.35397012215457
43.62181628492625
43.3697054929812
42.73641143379373
42.38568065819345
43.98300703442465
43.47375880020831
43.94150284408275
43.3893905134039
45.0203679086332
44.5972554252004
44.015927777288944
45.03975119858256
45.5185954078055
45.26202349133105
46.159017422048215
45.76331761526801
44.84746745682215
44.52795754881627
44.71030178125215
44.950929699780446
44.876731082286106
44.706246233788114
45.50766467261303
45.825859773266735
45.818468136401926
46.05405326636015
45.67916891523175
45.05813581117693
45.126948746582144
46.04407616605958
46.064048734158206
46.60290690648034
46.31292935199664
45.83871936165755
46.633526348526594
44.992979625533536
45.06335246437617
45.41527146054827
45.95655482892857
45.58164055639487
46.33516501786568
46.85911658059279
47.576073948414
40.07210053869798
36.01446750442744
37.74260072668969
45.20089574720533
42.3523040524906
43.39920808437808
43.249483319773645
42.79179424532324
43.46420472010628
46.56920910973873
45.07682859094453
45.86088735566568
45.59785620933333
45.727420859942846
45.83400614614936
45.35274620623019
45.4931701295559
45.07781106723849
45.64908388720583
46.28783207489809
46.60097998522255
46.65204147076822
47.13904249321257
47.46110668516969
45.03810709466527
44.43548882805595
44.32754484982022
47.09798494328136
45.99813418004026
45.69554404895983
45.84276769085016
46.352101039558455
46.18190269325139
46.452516029408834
46.254335475222106
46.19432978585886
46.49394110527292
44.45936210299688
45.810731638951545
45.96293460353474
46.383217462258905
47.10603047213948
47.00007068243024
45.75208287377551
45.84062130690276
46.09777528197821
46.57987181346152
46.61395939588396
46.49971770068383
46.55415698532978
46.43085884568752
46.419246647940014
46.39111039094965
51.1315472836547
43.69746406748281
43.250572329801614
43.26094723092344
43.33756558715445
43.20766952467704
46.20835925102303
38.21676080763273
38.084190258066194
37.97938732446488
37.49995136180081
38.24835162098156
42.01189936790104
23.061431316638103
15.91624354471719
16.66719438536285
36.26352254763416
36.212249109527285
37.389220579848285
37.67888988516701
37.71132018743217
38.83599047102168
38.80312598303593
39.03350528035272
40.16773214629594
39.98786542501431
40.30422688439435
41.355954891109214
41.19364823289617
41.151675874766696
41.44729611943448
41.83204049348955
42.14576535845932
42.79703079940106
43.0087107559057
43.393626331939394
43.24114969620385
41.844302774566806
42.16328832641571
42.14038250119565
41.96352151776247
43.6142259859504
47.61825832921867
45.592816046553615
45.22912446910841
43.89859179059437
43.34225244695476
42.18680432459487
42.47736169754986
44.676813029188
45.84719455116068
45.94798360039087
44.74639170024807
44.66181994602735
43.90747011158701
43.53561443090884
44.08194586893931
44.12834889698046
43.32690589836489
43.28441512812819
43.97605575326621
44.12684841049872
44.60489961435477
45.133970002204016
45.23163974197014
44.0310702049284
42.69244700584233
42.67875609788063
43.32284805971495
43.616914126629325
46.19922559794821
44.88256391868558
45.16049211702491
42.290524550733664
42.96601343744451
43.52323249534913
43.58008735685762
44.10460289874225
44.40887884854738
44.5200706393945
44.45397567199696
44.50042033548547
44.23492682626741
44.65505731545675
44.39163197441976
44.45350204518003
44.64047994938085
44.22767992083338
44.930862023030606
44.736871976281016
44.90869663351999
45.167620061654006
45.51180828009144
45.19302186100621
45.38059281875017
45.351012040780354
45.075344001238975
44.92778061442536
45.38161648022165
45.079482051159495
45.358175408277965
45.23703500133252
44.51076798645676
44.74002619663995
44.459274762880185
44.91784666443196
44.9793521935696
45.01149676555805
45.09511747683293
44.49568340610193
44.20967325772981
44.179984418773365
44.33901300905824
43.76597425487876
43.73994061074485
44.0853789321998
43.77777827195168
43.44880675522088
43.87061451476678
44.00698762028403
43.82771756361789
43.48402140418805
43.23163142253202
43.25503243727797
43.496972836779385
43.72289601042301
43.66510704211542
43.12861672992658
43.32071359002341
43.136623617717234
43.32166528476233
43.34864318976901
43.145763593913536
42.27406366384734
42.885504686368606
42.511158328497935
42.271132314233725
42.44536650315129
41.90379424631423
41.96285956611113
41.627614124665335
41.80862848594269
41.843571533914464
41.26249177362811
41.95118964513458
41.481043274332905
41.894918224144966
41.51302913225204
40.79862509447789
41.464847406727706
41.15680985997589
40.97903368719368
40.97999018766938
41.19073343852611
41.0480039267798
40.39418171454687
40.90936095054287
40.979419247026186
40.844436466822245
39.67881647239814
40.38616738816596
40.17928904751686
39.74984106274872
40.28526430767649
40.18435992399976
39.93917633013452
40.11169238764956
40.28766449316462
40.2905224917133
39.74138574373826
39.72614094889549
40.14075463392483
39.99171975336087
39.46514641839125
39.96531807322095
40.20423919301445
39.96716958303928
39.22007301445652
38.98716144626884
38.570664082476505
38.590359194009615
37.754114185907405
36.93961040559601
35.456241561924706
35.45562020560405
35.83438799324098
35.61803276682317
36.14414608122127
35.9963257516286
36.50226992071904
36.5505207563473
36.70359768544096
36.81059545938708
36.26955994320879
36.37927876805622
36.48283002909171
36.5247826625388
36.94233966024959
37.01692103294214
36.76689539075876
37.186213633963
36.88565635272436
36.95270313426993
36.75260443783765
36.692676565608224
37.173120100706086
37.38318945325096
37.09382883657762
37.28967673079318
37.38679632534639
37.69042712373903
37.94177621301462
38.2402162028806
38.40688444879237
38.264911794776
38.38472905902957
38.27407191782758
38.50719910249081
38.72235215656801
39.07118040601393
38.60308602437326
38.9798743651865
38.992009170113526
38.99649876004975
38.94818184135595
39.19749463426452
39.309396748282346
39.28877937689029
39.310611048545226
39.598313072073296
39.67395534611911
39.86780750369755
39.730329233562806
39.57336579758464
39.51419697692959
39.48574195857845
39.93305441018095
40.21294218881798
39.98183501962695
40.1409502670626
40.26435102215149
40.52966823409725
40.051889124268016
39.92495339925994
39.97235059707284
40.26344875593892
40.12067959839948
40.42345045176442
40.12285874785432
40.517981345380974
41.02641091037162
41.02011476087672
40.59926898064346
41.358430468510925
41.596245750478765
41.49859574988082
41.363476669958175
41.55393420294831
41.30825588576759
41.30711788498469
41.56988293506027
41.44645445852135
41.4766338536997
40.69495381483291
41.17914261585051
40.501272688418
40.02481074430464
39.85129379206322
40.61694411982198
40.48212537335406
39.69749628405826
39.664793182172026
39.71853174392682
40.0662083613759
40.97816503380072
40.70075075301777
41.00220644198855
41.348221667761806
40.82916795841159
40.6985992022096
40.81937882439458
41.11747177032056
40.676229530682384
40.441502062764805
40.08499661509574
39.5256217556216
39.720053859066255
39.28437194357789
39.52042805784462
39.86964851508437
39.6590820338342
40.018458140479936
40.33660710045851
40.78556743497454
40.886507471120346
40.88059685301252
41.21273896211655
41.1692645389161
40.0080301612457
39.83772397672144
40.976428166650194
40.99654071778789
40.60621091506785
40.7286213025229
40.444709203393685
40.7829180568575
40.71004095994627
40.68375440225336
40.626172355979946
41.15522112963309
40.48433476202689
40.37972307278291
40.67754890457091
41.07689156539478
40.445789717593314
40.20000816225881
40.771389549155536
40.79506479373638
40.7632274255397
40.689676375735154
40.806684388640576
40.5097728562541
40.479214268980186
40.58087324764459
40.747076843349824
40.77630334480504
40.67898872124013
40.91087263906197
40.776594866298
40.98989879835537
40.99115666667638
40.53562682541029
40.84382956726012
40.9875283803823
41.34651524987098
41.033168838632406
41.11625469509156
41.26641106337621
41.058527245577096
41.10183269265716
40.93205123399457
41.06645370069171
40.91954422803079
40.87812535841917
40.98604200631684
40.95919035898779
40.7958765921044
40.49690626540987
40.76333197120279
40.539120662056064
40.74532277547227
40.9080039113118
40.5831401679679
40.82902757257476
40.6583925472925
40.853880331202085
41.06638372932737
40.92433304067111
41.46365331890671
41.25352990959973
41.63152640958235
41.81641976405601
41.830368017796175
41.6355927356977
41.88429710698509
41.62309863162275
41.32985165003443
41.92211262092169
41.967009670495806
41.82144862138551
41.51581862732938
41.73646341156197
41.544771440318506
42.183008844198646
42.341717911465366
42.010043296739184
42.14636018154364
42.5153958172176
42.6073934059538
42.34207011473121
42.31744627100832
42.829514350304834
42.81658550188577
42.4418592449961
42.80324201214493
42.51793060782207
43.07785267513289
42.73486102450508
42.759028519987694
42.8411187137069
42.89776350533806
42.5684638800335
42.82648781679204
42.914611414764366
42.52563283326607
42.88028451323634
43.21943548237887
42.94687854849415
42.882052063365
42.97485151382975
42.94059861355108
42.78252785687108
43.1191513393954
42.99552385141007
43.1127240668401
43.303508225608105
43.0264026677706
43.30999103957267
43.001061651945726
42.86014722289767
43.10873333145475
43.0636343033216
42.95166087145188
42.899654469032704
43.06828777887999
43.06836751718679
43.1894939359231
42.92407449243805
43.11893075021105
43.05705660899636
43.12113487694285
43.10780243481656
42.71535746719727
42.88740380718182
43.012365056298165
43.401365585564136
43.11065846739266
43.50519121828416
43.38745465746865
43.66582954861264
43.32941709897094
43.27450496259666
43.375030008142666
43.78760334596578
43.27506476141591
42.991786134749866
43.5113294688453
43.13956924872012
43.40699188701816
43.37580785030354
43.32958909863185
43.28199890679911
43.2035915781967
43.34194540871288
43.71091470429696
43.52451860143297
43.531386298071695
43.28361977572978
43.447380860943376
43.41897114080273
43.32235585170373
43.46985418005147
43.44617104463494
43.27951016767633
43.69713040750068
43.267834546361925
43.30972368539936
43.50862417933936
43.39567826371585
43.23631084953344
43.47172375708195
43.53690497217047
43.627248356233885
43.42298615992966
43.20423599391188
43.572361202000586
43.27578009960207
43.14940052187109
43.38560245846828
43.58361932026369
43.55588746476812
43.498331682615806
43.410353708693016
43.555172712763934
43.40811785020736
43.78442409199966
43.515343556061936
43.40928762275011
43.5272945703461
