0.4800058191097174
4.416242962097153
8.470280546569649
12.600260135839791
19.83392981818979
25.078165466267755
29.23591066971269
34.579283354023595
38.893522253776375
40.72698227167965
38.620333464148345
38.72472781101772
40.74223461951776
38.55567733617987
36.82889731463764
39.21926307292359
38.02155026947803
34.117164593354445
33.65315896132856
33.61750693208985
34.51024354799551
35.537588059586284
36.560300045939805
36.20216022263939
36.55514296543915
37.75617687401721
37.863674564904194
38.47406143877642
38.87305092208177
38.1404549864293
38.3846859316247
38.260969471101
37.98751301438111
38.573427181362746
38.37408884228418
38.04735867774788
38.30309550995428
38.90416168120717
39.2560553605478
39.83287199784768
39.818280655821226
39.18877496711208
38.99276402304868
38.90199433151516
38.91008938726516
38.781076253666
38.79900623534913
39.021374004896415
38.83509925883988
40.6787345076452
43.59788748342831
41.11713213549272
37.7193468411702
37.99945388612462
38.22801923124991
38.04633216850072
39.08193215145126
39.79826978469279
39.37559942792512
40.60238148600211
41.43488639530411
40.63369872310097
41.26716640208059
41.93698204536136
41.73307367910655
42.14343234272477
43.0192999725163
44.80910608690641
45.158612387381815
44.51309822040159
45.27690540678497
44.96230524200786
43.86472092420584
43.19821230694655
42.795549018247335
43.29951467251439
43.468271081106266
43.25084922096006
43.84838069509689
44.74445620908451
44.91703914434434
44.85248510814391
44.46111185059476
42.836148745957736
41.7624196155046
41.992167497084985
42.2723219309285
42.290555647282766
42.20476056394409
42.048260734589206
41.71823035839545
42.00236168241703
42.2578059182698
41.64574087759687
41.19671924775499
41.15623233742488
41.05247786204895
41.2866963067922
42.05869490446905
42.07124062023142
41.558965882301166
41.43610725672566
41.77393490723294
42.08260283048415
42.18155648096118
42.07474513232408
42.05711827767774
41.68209932524162
41.37906302974972
41.59537949441165
41.72896691715928
42.11329831766356
41.26400081332469
40.5616646838174
41.02048183455408
41.43169701408156
41.74307904745562
41.93745807634852
42.06735572641546
42.19022651930407
42.40265209071482
41.94141401980983
41.04315635124195
40.90556683151886
41.1017378929494
41.333379216063165
41.6089945782464
41.39421045285646
41.51101354842072
42.24765133915496
42.38177329620415
42.68403608986234
42.99028157122164
42.289102738428376
41.48524642408965
39.45112169074419
38.31903132477541
39.48393312695735
39.97087550607446
39.9005117586473
40.79730268853396
40.82371590626138
39.67188689795802
40.47538523671008
40.94227870930913
41.38425610735332
42.18640097476669
42.40359539762208
41.74897524794493
41.20188381135684
41.89058366568497
41.37458135363642
41.291698518330975
42.43393953198798
42.98990656136415
43.38806071523007
43.69667010484853
43.91803762718104
44.14489444233237
43.88398289112938
43.78889482358241
43.2918023778522
42.85864788106164
42.937634172587565
43.31854485318812
43.263896602616896
43.065950806607255
43.50631615282844
43.66789310838544
43.74593577967025
43.32527224763341
43.10540769001246
43.53323481168945
43.56950780535616
43.83289809458343
44.10302427213843
43.96685090330226
43.79563112153055
44.183530966388986
43.64728748181123
42.84407400231878
42.871087944258846
42.95472082825326
42.9275529889191
43.96457506018413
42.76866564789276
40.03660636920518
42.03032268727997
44.964807532206926
44.34644201010822
43.23943412352792
43.843109778582566
44.36146895284477
43.6486034228085
44.12702542157733
44.695925601266026
44.12066485341413
45.03411809408137
44.54998721777867
43.65582125253926
43.68016141465103
44.21608962234306
44.78566560621377
44.16792072158332
43.74248682822544
43.74805684855857
44.48071817465672
44.23615455197396
44.31474791276645
44.94422137956314
44.667162977972936
44.77672499448403
44.82356400064669
44.738727564698735
44.77839080374695
45.04547800457349
45.31190146097294
45.18989129669206
45.794745848840265
46.09967737355136
46.39610628261976
46.29492427354658
44.41938441078026
43.67397667122096
44.10867067899937
44.90207928433187
45.61038552346496
45.47761963254297
45.39710639728266
44.57975258283789
44.35075163849313
44.89247110364253
44.47507907511581
44.38317768575007
44.80262672563575
45.4812166533745
46.03271745855345
46.27825440628652
45.384996333346514
44.85689446405448
45.34672479680398
45.10961125436397
45.599098264523946
46.036541600055735
44.93449663776512
43.891871773492056
43.91115393752847
44.40993041220736
44.73223385538225
45.213189204769805
45.639225738599656
44.46886243776754
43.69419430843267
45.34524058889643
46.94958403359213
47.08686536660145
46.66977684307079
45.56618403949211
44.49434339769077
44.64957446946781
45.10844203438273
45.603270613346176
45.73980901953864
45.62947512203033
46.00173460327853
44.99825807521717
43.95057441669055
44.63380719963146
45.23641888907621
45.25455501185452
45.23846554021111
45.86123801630516
45.58856253466103
45.22055099562569
45.30817994841562
45.57798478265264
45.55539347804588
45.19473130978066
45.01748680286096
44.90773440435827
45.00524552556482
44.69802747421684
45.89118319094902
45.43841211321896
44.430284975932224
45.41115019241726
44.60586828706027
43.60592650816937
43.4921069133707
45.02428446430699
46.251297791674176
45.495848134793874
44.77776454911138
43.85459614597152
43.685050159727886
44.30195009672997
44.60208624089748
44.58831511477062
44.50620432058089
44.81059580453724
44.34159396397629
43.60683147141516
43.21980972270207
43.27748421882709
43.8524439513057
43.32274962683096
42.85432161068332
43.90097282285686
44.44220386986295
43.603436067367895
43.1656586169072
42.18508074306568
40.728041888697256
40.63186909252232
41.6240020713245
42.48289703295616
42.63325007630133
42.89717040118518
43.19640344010196
43.62585801220749
43.64096040088284
43.34925521803053
43.56935711449605
43.883504414334205
44.04941427210088
43.77936860095001
44.18140145207454
44.415322359929775
43.79331861576244
43.768767384275854
45.072658097221534
45.77139508106344
45.01642632112989
44.376287985246655
43.84383981577801
43.93334056082183
44.65393159821611
44.8127295892399
44.36394306568141
44.22566771347979
44.80868250985194
44.61195203958236
44.41361814414491
44.65211887606656
44.611325400894096
44.56442390568428
44.67542888397099
45.23500210222275
44.975057908660034
44.63280246475552
44.63035067171177
44.74766693081825
45.15914455755892
44.85595963462316
44.70265614019962
45.02501941928388
44.60144707318039
44.702406962044094
45.40201356373853
45.77458782391981
45.56898263419989
44.99517265301724
44.85746156264096
44.89285608185728
45.00176967949472
44.87804066402805
44.8749460800118
45.21244216089355
45.03425135710957
44.72065049762133
44.801930056217614
45.219637123938895
45.47535613582421
45.31878084186947
44.35440655089074
43.51933486134573
43.92909085550011
44.3169954844078
44.48656327974257
44.74866288116104
44.51605734342061
44.48455561973538
44.72674525117236
44.55312131057936
44.55001865076287
44.11665831583263
43.34653008291898
43.22234574876884
43.487288289108
43.38277620846407
43.0551110387153
42.91574242828012
42.90408784066254
43.047284583831015
43.3553412451241
43.47324901199811
43.580965504364194
43.63609929954246
43.34411201641348
43.52006594909288
43.30758679580547
42.13712000900727
42.018820931427655
43.132871933976254
44.09401811776783
44.33224796709939
43.87635017535067
43.611136022118224
43.4480601383441
43.22122410970631
43.4008117146239
43.46512671671305
43.35329588999244
43.48123824999328
43.53313659845697
43.74990413306404
43.79241196963271
43.6073661632973
43.93696678483446
44.14758607404951
44.10643674578423
44.65567855072135
44.77027084369431
44.17452824128973
44.413764398151486
44.73263946742234
44.37341949466535
44.2763326705664
44.33506198988149
44.481451202406895
44.45599182076021
44.347254000197616
44.51542155574236
44.7308577517233
44.30336573244942
44.30437405663894
45.130152053393424
44.94983455208567
44.48973664845626
44.53290395533808
44.90367713619418
45.14884981489276
45.03700860994087
45.01598761460048
44.97407157737195
44.794746947552575
44.76814101843027
44.891370181811816
45.08879550775846
45.01855938885264
45.090417970074775
45.22019187858084
45.20290879460165
45.602312007755465
45.6089413561538
45.40450635866334
45.45946798125602
45.453490415452016
45.47398514029066
45.25468438373972
45.143024337651305
45.6082598725536
45.527076664653286
44.794383155520265
44.26723897372789
44.18984970898884
44.26045698838968
44.63235614195244
45.23684258235596
45.28463436154717
45.3933479194811
45.48108123125357
45.50601686494188
45.53540093183389
45.48754154983333
45.7131028390057
45.71599279720467
45.41479846790126
45.222825474005205
45.28221103933118
45.217099019353576
45.43967340867048
45.50240828730505
45.14884802058068
45.05989977533186
45.14622290728956
45.27851063708422
44.97364493437329
44.86654146452212
45.38262619177656
45.67882136542894
45.714599467954464
45.76549080915333
45.49356384514898
45.34494488752137
45.64098062819903
45.62740929023195
45.26763280049133
45.22352703203156
45.23987717767777
45.27547911648253
45.10636478237926
44.576233667793005
44.355972867860125
44.434280108683176
44.62707128000245
44.43123484361434
44.20265139433037
44.12242749010982
44.034362391995984
44.20015219383911
44.12587741499487
43.97001938409991
43.88300075477215
43.665527532743
43.44248408805934
43.40497897923429
43.44481831827854
43.82883166960162
44.11490352488292
43.991097333688266
44.19598052375861
44.65883886522284
44.39418902959397
43.57957975105565
43.10055108928776
43.06701251469983
43.09991669931806
42.98902418995639
43.13257875860743
43.32214866274339
43.59351317750819
43.65420195318289
43.602112650428936
43.70519427123443
43.64715766732645
43.65524946492138
43.63994418288345
43.555961063543
43.308839780848615
42.78068334482583
42.54115370124402
42.45837700089858
42.16296282344905
41.73872765931184
41.73818502381815
42.01559557015649
42.37839413547636
42.30036525359119
42.016292163747615
42.4768758898252
42.636255080231386
42.48866141434401
42.66563871009346
42.88615086462619
42.92001608110972
42.856090750872575
42.67670106314634
42.66718053121014
42.76004406129356
43.01663247785362
43.27423380530991
43.31964786055708
43.48275945452451
43.31649074070408
42.99318404693673
43.05376880832089
43.26521702098951
43.123795370025846
43.01090133405526
43.25816452028548
43.29564368191964
43.23695928416414
43.268622263947975
43.285598167858986
43.43486424082421
43.38231602622858
43.28622248830986
43.50752814319384
43.655630376174905
43.69505785595622
43.82526329176233
44.08784904419124
44.124382541610665
43.88094741039065
43.618686978329976
43.41380620014807
43.46621646564941
43.609105720474325
43.55637074435507
43.38040906941925
43.50019540479072
43.84481434017283
43.88757276430424
43.72723368448881
43.52694619894984
43.56577197020157
43.84729928999368
43.72959375132056
43.8349256661472
