0.0322114266749653
1.4865181011742994
11.071258627840612
10.93872555072868
12.577718660003526
25.3756744321068
36.85163537099146
44.95538515602576
46.69105003435867
43.57483356289312
43.937735410081686
43.06564288001768
43.23622827056173
43.62925170500408
43.57644214381123
43.97669525112558
43.72673684360201
44.33458552370384
43.27852344018813
42.974518565187466
35.33897902200093
29.980148882740867
30.32484076355508
30.80075669794262
31.326674576491985
34.1290174199912
35.15349764546822
35.49314159178181
36.151407275492566
35.344532459253095
35.956760591799686
35.86721548422183
37.91483948979095
37.310486083412655
37.425057034821485
38.8137106458016
40.05581491697374
40.72308197777686
41.57438820607163
41.05718399279296
40.87695201874873
41.81094412680876
41.06634460635647
41.93342895977607
42.36587171869291
42.20632525226698
42.520486804481386
41.81372886858976
41.64557787027553
41.632310013162495
41.60364084014525
41.62449197384393
41.461019061700114
41.89529751493008
42.08875001172984
42.67517352980598
43.13829370402056
43.6192425071312
43.79973153094332
43.89755592086592
43.60600839977809
44.02807257271368
43.00776880133811
43.74330829787826
43.71727926996169
43.26194238185015
42.60010207104628
43.45792475225098
43.276147044146285
43.15496552903309
43.43501660173377
42.8710924955372
43.482297934630985
42.94705913973601
42.97305036446883
43.1314553120781
44.70545893244263
44.67435349252642
44.27589626792493
43.45592191932021
43.124430260638434
42.80238403954253
43.82483145404635
44.18379213684879
44.26697426642629
43.55312713314261
43.6554840240354
43.79992268299178
44.81545719810151
44.92659781971371
45.49667583743634
44.51861551855849
44.68396460050046
44.91206843818061
44.24553433477178
44.297475031134745
44.135391515489125
44.29473096105657
44.47158464587789
45.0781859903875
45.62253274772593
44.99093524791337
45.56269537274333
46.15871309746559
43.63290659307808
43.441570104832095
43.22247484009721
42.90766575917169
43.45948792702155
44.0133532248457
43.969890435176346
44.46852370098593
44.88375091432107
45.02118146878127
44.66715035634301
44.68869987658572
45.2406979170724
45.29243005069688
44.686820788475394
43.93432111383802
44.38210114112107
44.13640063439162
44.11894755114944
44.28511692810898
44.41078522547758
44.71688989991812
45.3642629372108
45.33677919736673
44.853279941441095
44.63779967189741
44.75708799806944
44.68637077722413
44.791106222594095
44.5920806044402
44.56252265877015
44.26751907829192
43.931853737968304
43.84103264680256
44.336560353846544
44.33612525753857
44.36538695356903
44.500464106494256
44.89159955048356
44.93555423732425
44.75536501261494
44.84367988237598
45.150608859948846
44.55543626428061
44.97714132855826
44.750836236063385
43.97703051417164
43.992943616274296
43.79306514111051
44.22917278297802
44.65910200299488
44.422744386547
44.93407497404629
43.95140319391512
44.22703184943473
43.73613571446295
43.68381338301695
43.64530145277588
43.579501991097366
43.49351646080429
43.53473545503257
43.82405690211812
43.68549226530103
43.08668251572446
42.92934128355453
43.01037103583927
43.50164443995063
43.20558598047391
42.69876549001933
43.33675390999211
43.38682363990163
43.38590727685693
43.64876904366552
43.510532179245565
43.79412614745706
43.70200980187794
43.54521769208219
43.37766016402318
43.41751845022158
43.50055531755141
42.884178890533214
43.17868307488301
42.417156733379215
42.69848236427992
42.51404653961472
42.67223569920163
42.77969246359285
42.94697249427365
43.14038364848158
42.583783990945776
43.27972834883345
42.9276386607351
43.15659879612762
42.95551491917184
43.07031535387301
42.7135833045344
42.74573818266202
42.49731736744594
42.62999293450972
42.826468097087854
43.22910721056461
43.38248967946245
42.84336970799798
42.8929146708537
42.90097696483333
42.768209212498114
43.073806232434926
43.30130819219545
43.39063796666247
43.372790296435525
43.44902757602598
43.77763110992106
43.86651346731165
43.307695570751655
43.60680695389361
43.91460613225747
43.9287977897175
43.546856197829
43.653062218053016
43.38116676218138
43.11359529092815
43.501038706445485
43.287579807318615
43.07899408933746
43.13171199880288
43.18307297215797
43.498926367192034
43.19594144559498
43.28765642755258
43.12018923743042
43.48294453778944
43.4821535737555
43.50756503958127
43.65203981454797
44.38655344442126
43.81560814966692
43.21300326967143
43.40438591952647
43.37486623445759
43.237873878415975
43.5238821701628
44.38476064402328
44.99372108120995
43.37975682507005
43.65105687719815
43.67995447847299
44.851093696480966
43.89128928896564
43.537159568991264
43.82670694617212
43.95496174581658
43.757250146038494
43.79431811281309
43.87521417919772
43.994822980601455
43.91952914939917
43.44416235473631
43.59205696654043
43.457591575315526
43.50783239951159
43.500566794679
43.71268778553356
43.50623006859323
43.69094614188918
43.675905208075655
44.10918795431397
43.687869940804575
43.68700537777302
43.68756421886414
43.52543830045633
44.005446515300285
43.90462549819975
44.08908066605993
43.99980094678154
43.94180649930328
44.11839845797636
44.39247647406734
43.74503768665448
44.12879493151
44.35078926529466
44.47886679416472
44.13303314875209
44.32522331745371
43.94891648752994
44.25805017060422
43.87137100105912
44.19608482820024
43.91717407958924
44.184881876366056
44.45523316947183
43.990653259027575
43.89030847535309
43.81532885460154
44.588769373433166
44.79608874201203
44.6954111006486
44.93670470132878
44.73691787586969
44.85827888636339
44.55500694130013
44.59883430081016
45.10637583517099
45.12358249212455
44.738030337907766
44.85700745952192
44.97260307423621
45.26525734431882
45.49380900448964
45.31789491929724
45.407656434486015
45.47983695989319
45.20375047810197
45.23625513393336
45.10697425526516
45.24511783826596
45.18051430205091
44.96278579805366
45.14872303781671
45.1129920837568
45.32157991646557
44.97480930421505
44.88632841074621
44.59473752061901
44.254870278340285
44.48226302242769
44.42225577846948
44.204285437679566
44.59040026595997
44.4570679802648
44.492523634468
44.22157460182429
44.44389257740198
44.40835407139687
44.514416267878914
44.39333277705009
44.60321874656249
44.46397494828954
44.73025950534488
44.60021590861437
44.83046294122605
44.84081305046632
45.04196549113982
44.84703256765784
45.16596694209631
45.08775646714834
45.23773073661865
45.03972402995465
44.974050292138784
45.00394676926759
44.93560522927852
44.94842535810019
44.89105697716961
44.7684579603628
44.8062535679496
44.976104466771865
44.72364308943786
44.61818195322023
44.42965240171549
44.52351552502435
43.9820583089378
44.23413347672391
44.42654197957654
43.905420973265066
44.37444691902994
44.421407948932185
44.55766652718678
44.92880597208633
45.04905688145302
44.61747852545557
44.65808499859129
44.85956166419748
44.76313795622932
44.85685047612291
44.80395221752584
44.83051881125218
44.98184608416293
44.70295210148839
44.87577748504889
44.79809858258645
44.91457606719957
44.64473578897566
44.72784400370856
44.93405415140703
44.60770838032768
44.65034823975593
44.7009607111554
44.5556972147007
44.81458904801502
44.92359601595921
44.47690526337425
44.72492353734388
44.58505007846411
44.95504303702956
44.7430303052037
45.04785575337934
44.730195411581605
44.75058812881021
44.72205260779716
44.99024513831476
44.95360538372202
44.85439270281142
44.74995765814707
44.84180179723965
44.87060526998412
44.96409344425578
44.77112402582071
44.938876586898274
44.98170890483684
44.75148147854861
44.98978616994697
45.12615645435435
45.04670862396752
45.03957438286412
44.7656649528482
44.86124519975368
44.91366823134889
44.69975535351941
44.495658050182286
44.866217880456425
44.53590813465358
44.73111239388589
44.54466670262365
44.49626242770417
44.57236951994393
44.41932408297446
44.50281903088373
43.89026033946376
44.18844544872624
44.16643801517907
43.9701590100248
44.04284165734218
44.22350378565916
44.367240900436585
44.400135320083024
44.40225833571581
44.26707171305945
44.55220238077848
44.46189848381852
44.24068284834776
44.31409561191815
44.22590538680832
44.29815792877341
44.23753682384588
44.27727104255619
43.96312536342877
43.97427373520743
43.75990874290692
44.18006210862204
44.10865298317088
44.18530607629718
44.23615644346692
44.150243942994855
44.19289799862722
44.1373582866871
44.008118146509005
44.1450248559429
44.22202559075118
44.19232783077954
44.28797589073165
44.16927112989208
44.508736663374656
44.38349030944037
44.56573955392618
44.25024612555521
44.1929812582691
44.64766646705161
44.33796115406236
44.3088808560522
44.3603684233103
44.2932347241814
44.20377531594363
44.33491964021776
44.14714889312428
44.10948734566469
44.16175107876406
44.27058901105491
44.09551919227172
44.02102637236392
44.205009451625074
44.23184481187807
44.119689540900254
44.31393112364273
44.32034295218451
44.30158726090118
44.38465774017263
44.34850032262423
44.38623148700912
44.32490770188182
44.21086690585107
44.23017949784382
44.37233161982784
44.05138609429199
44.33717480793466
44.16645247703232
44.29489235847317
44.18823205892448
44.438818981596434
44.03956373139513
44.308833153655065
44.2155077694418
44.27147026897406
44.47870041331577
44.4343533057911
44.204666658349296
44.32601828445858
44.21382318484649
44.16438460850577
44.21443413639591
44.39545467812399
44.21914066369016
44.35072097578183
44.01893667236239
44.02484743816575
44.41368725876971
44.20347330504241
44.45207057703786
44.32369335026757
44.14657144284329
43.94063637023758
44.2812418900738
44.11168403193415
44.20382854832711
43.90030814782254
43.86422562390177
43.540623215594366
43.55614305012564
43.78690982913791
43.64691518056716
43.82067546476508
43.783383343174464
43.67264879105247
43.76501840706569
43.84024747780979
43.63529701705804
43.74178250723993
43.85762077138481
43.71468478645203
43.47389131650892
43.75182055313115
43.51823935068731
43.7045515253737
43.50729894077824
43.14723292314625
43.59070079048375
43.3630504976301
43.28191914780453
43.71259900696201
43.55861923620682
43.39832807818362
43.5132875179184
43.53822962829472
43.49358116490836
43.69613547371387
43.81420290133299
43.42628120388883
43.46970884057109
43.54127187034527
43.38477827842173
43.16894614052773
43.61980273865811
43.53628112281929
43.59682306157983
43.61269619258162
43.33034565949034
43.53953408202446
43.78555861466528
43.696944671593904
43.49678859315889
43.69101088864256
43.5523911345207
43.65534588937479
43.49782560596039
43.73915225706972
43.6559638531257
43.37141475530467
43.5763563400034
43.73127309921172
43.60815880024289
43.48568320915157
43.54912299221338
43.54002974422405
43.51783830256645
43.5182852259546
43.71895112652293
43.59861406172168
43.65199227179252
43.33951676188324
43.54115243131881
43.51130963655123
43.44463999493746
43.71771934420686
43.63966430411405
43.4702428095563
43.45908056691216
43.699667873069394
43.40984503492884
