-0.6495829071774021
1.8578677058290203
7.438961030079305
14.000101001151936
16.76945505765091
23.09950934459666
28.56904092961046
34.86767259426532
39.66096934179852
39.515314103897325
40.27592615911103
40.5686025244856
40.99510256016872
37.054117699927694
37.96583451285351
39.60338779197821
39.51693721617542
39.5650422199384
38.46239010621912
39.126386324161956
39.835189615835006
38.210088528989886
37.23548114742961
36.73845493145929
38.307756202891056
37.57193165115494
39.52712186810042
40.38187360687048
40.58407583679826
40.48180989192382
40.76549722110477
38.90247447407718
40.45785199996355
39.75835537273436
41.47600413856223
40.169983117873606
41.2366502264376
42.09016084218938
42.58752433860561
43.049134926544085
43.482997894412264
41.69783278683226
42.0042132239177
40.89182931103662
40.881169217329585
42.441192537858214
41.26101420776001
42.09648272323817
41.807624054489835
43.337676472791564
43.922168339184125
42.42664191896522
40.09762030800195
42.472741952672095
43.14452651867858
42.642808090181475
42.051285891477086
42.22246761880299
42.7161757676976
44.0922056649611
41.502666075689284
42.82430280522834
45.14888731985436
43.45070191960669
42.9704509933279
40.92433705275373
42.24986797453221
42.18519061158672
43.09173456350828
40.706614634397894
42.60213274856061
44.11531085241224
44.26351286570929
42.77561137766497
41.39316277532474
43.99390841618029
43.267314288642005
44.21612967884907
44.335366116529826
43.18212053088932
43.883585172019124
43.50626733944998
44.179840432246046
43.97678692063572
43.75078696574574
44.017253857712106
41.99045007539364
44.25626757247708
44.40980296222525
43.985549236645994
44.14198697049052
44.695574345297146
44.49091480525575
42.704069185696106
43.38554429437123
42.902420980381535
43.309402495993716
44.06201433524653
42.59785548822454
42.614039823313576
43.67633451652347
43.90729643094077
42.72956952926043
43.81647586766053
43.78671521075053
43.035709658343066
42.559786121514755
43.997004393815885
44.10595484016711
44.72947988388791
43.04985183964208
46.093673666731654
43.47925539112073
43.72564050957881
44.21566325433359
44.45403946743231
44.623735309180475
44.82288326131811
43.56456358347924
42.55796177400204
44.93566373413496
45.26749966975016
43.730878513230536
42.19970675695187
42.947356705898706
43.48620909091155
43.88065940089136
45.22331274359064
42.73430555250153
42.58050123340679
43.08596129781584
41.71425024446741
41.825833184510564
42.39141499912266
37.987642305977516
35.22036388618211
34.8238197506823
40.36265877731289
41.12412287005668
40.87313867028994
42.09176047917701
41.92513846176916
41.1264517522577
42.303795994216465
43.11847097538531
44.030077251129065
43.23774190556111
44.082683861181536
42.300399407995116
43.37034873548279
43.44856109879155
42.79888025298843
43.74915376276572
43.92418586046246
41.83084331376949
44.42193400478904
42.358628810997914
42.03143347822986
43.10240477181114
45.18329243051038
43.318039949376306
43.370522124320885
43.32750821245584
43.31072454112655
43.54535508748345
45.786446623232784
43.92173668437325
42.848015524686275
42.921568807569884
43.26681964129144
42.8602405092726
43.13551824410345
45.16592607070646
44.14665140903042
45.31933731247725
43.01500927163957
46.29655176918114
43.778143572450155
44.795181053018
42.935044836299376
43.79403849467907
42.94659580307966
43.26392155774063
43.28046884453293
44.30919401218123
43.52831379284905
43.38199650064326
42.11926258821755
43.974875846980055
44.050623626590806
43.37143063304086
44.38793190507444
45.286516875951534
45.35315945990346
44.604654606131824
44.19544503082396
45.355690306627196
44.55442905620403
44.11437070167435
45.07493871383649
44.976764446560786
44.94647828023449
43.03918975084995
44.59068153581598
44.12521945764435
44.96137977885387
45.54710156952044
44.03180816262693
42.468728756749734
44.576363666481996
44.84334166152457
43.83988537504649
43.9032802513099
42.852743456477704
45.29779116027301
45.00959798426429
42.81439340456481
46.39241210329868
45.19024447359185
45.0941889660168
45.01314139069275
45.73761975594514
44.66532965977509
45.02423728515954
45.365598859619844
44.717330237828094
44.23215900157528
44.946365534428004
46.35727885107424
45.396021131285636
45.98280110860704
44.962229303402516
44.788148747590625
44.23433808360582
45.26348723355383
44.98737066387961
44.92420336625563
44.97128374021888
44.98595018222527
44.568186420093
45.117121950504874
43.71219280648953
46.45394825382442
44.34974544902924
42.66502608281447
45.01267497226861
45.0461110562962
43.75691659472971
43.528893738476654
43.149728231624536
44.85699148565662
45.01430080283009
44.37556331823782
44.7285635507053
44.712459734931144
44.59941512662895
45.021529292182805
44.208670324177135
43.10916356734913
46.014251297192416
44.594863585756784
43.37475473470546
41.39792030351417
45.40983964245815
43.211065078871115
43.81463310602084
45.03554403751473
44.16801394681101
43.598784801418574
43.45345115480731
45.539909073258094
44.75428814831325
44.344501268995614
43.092961556817514
44.43131058691729
42.666537985658294
43.62112544606559
45.06019758155219
44.407373978658754
42.65911603283179
42.27213909947237
43.21318319751133
42.35095420569327
41.51727867913051
44.19261427753999
42.28723204027348
42.46967552984301
42.69978587049484
43.96389876682899
43.2310175605423
42.95612672586155
46.44655248415819
45.80359303280584
43.421090043095504
44.230274018625956
42.84690481956055
44.12375796867921
44.799681888815826
43.26185811889887
45.441613450171936
44.523759161554
41.735095995549685
43.542249054163314
41.320817691291644
43.29872282863637
40.386163248199345
41.58594330509418
42.40377279546525
43.535730448883655
42.50861058026658
43.18189300497673
44.11165497408535
43.1463391930934
42.81500761851582
43.52108195301554
40.852082474236425
44.14413458851485
43.424525450621864
43.84524142536393
43.43310977779296
42.88578849003624
42.53229270831544
42.55839359515792
42.53933545386799
43.869241891879916
42.0799561755839
43.33411031081174
42.91624426215606
43.19176070828801
42.36716398868823
43.089498351339984
44.26110319560534
42.31417112916766
43.55070604941318
42.60297826512789
41.7192978011194
42.53097149474612
45.014782391308735
42.586273454147246
42.62949052011682
42.01916487505289
44.57384580632356
42.502020927431545
43.472862913202086
44.25586041410923
42.40423195735293
42.34536777830722
43.01265332581095
44.42230012606031
43.850266558169096
43.57306458148987
44.890696680756676
45.30338528014646
44.896167414605166
44.02708817244227
44.16347802039965
42.80654758556576
43.37170157630816
44.78527221987747
43.87343038845242
44.99493982916743
42.75543545408866
43.3683234352494
43.434816427862685
42.722228837230055
43.97278992781636
45.0282511507663
44.16650100562558
43.97905138535553
42.97562381949914
44.09375948869547
45.614228097960584
45.31318229258924
45.25534246324352
44.20892610876459
43.16321728242761
44.089458878541606
43.902260232216854
45.16037076408441
43.56242187936576
43.90008412197919
42.792632693448724
43.31338775442165
44.17180731152704
41.8291100833403
44.24100862021761
43.95533551001661
42.56718401403201
42.57574889238075
44.07337155779454
42.33912920004248
42.68562058590312
45.135912384378074
44.04196118108005
41.76941813432124
41.96129524269703
42.740110822719025
43.819523670847545
42.4288432894228
43.714786731147015
41.7582838753226
42.69479746297893
42.635762452533605
43.42187624579163
43.75617277319388
43.636265842738865
44.399499607540996
43.64841578253623
42.431247221314024
43.10267565358403
41.806352820959454
43.36487455456287
42.94787224121912
43.02061113874537
44.39987162187172
43.587684507829444
43.50361034258641
41.063945692068586
45.69029611243734
42.5702956097788
42.837692713452704
45.155810821562596
45.536265730657114
44.81891843656189
43.63646754657282
43.513062249921106
45.45809528844101
43.81330058776038
44.10129012042078
44.113909861566036
42.59283636638351
42.92871742558832
42.449752171884455
45.68162013098628
46.06739901589058
42.678058908702404
44.24615982400138
42.63303201797778
43.22794368487748
44.234083226131595
43.91624264594152
44.767119308475024
43.14305904661782
43.014769204126175
42.09846934245102
41.86127137693092
45.16902251679399
45.54521094759334
44.64323134816514
45.03675748548222
42.828313588346404
43.70781959771947
43.8623332323679
43.73256281993178
43.48877591982203
44.58194737314621
44.31725959530796
44.445242836735844
43.87586557481626
44.05637293486656
44.39943648588006
43.13363165772829
43.534890807097
43.313266580489085
42.827174822170164
42.794311726517485
41.35380406516663
45.48045793610014
45.61980570570628
43.714916694799186
42.71419760563175
42.32482734061794
43.18262699273887
44.12342511737107
44.026601898621195
44.49348661188171
44.68079637122084
43.55908971431451
43.230286821856446
43.71176271267133
43.119152071373165
45.60864854645632
44.42910574076668
43.54880906121982
44.071723797799734
44.102567163493596
44.62943738781463
43.920403430521276
43.99958136452413
43.9163572724272
43.68454956831306
44.376707861432145
44.758248100723215
44.245144324174
43.77655199205754
43.14753265500108
44.56369367544049
43.84320983818067
42.621377279677766
44.14316911329103
45.1129323235934
43.19455712309569
45.03928248039035
44.05099373975585
44.4073765541081
42.96670648212598
44.103032608338125
42.46335417352232
43.15127344510574
43.78326780149631
44.848316674843886
43.72502261661704
41.97146527027316
41.991766907022246
42.772426074910655
44.04501472270223
44.858463031368004
44.50640464765045
43.06241640957687
44.639816656505374
43.96110374446375
43.85215412878074
43.66895157109032
42.36318306030326
43.78658438238824
44.57467503466562
43.95095610345623
42.303749339403716
42.82667947448097
44.00734461244196
42.269075573345795
44.564008065416026
43.864291922650715
43.80698882757137
43.85747333691215
42.80065304065789
43.84058169567345
45.07581266792321
43.89695780425413
42.61741977808947
43.812742924268335
42.84187752142241
43.374050323548886
44.17493092349865
42.127892794102785
42.18823173070566
43.11978538796023
44.32735265320439
41.847167007290814
43.830285694950824
42.69535632468563
41.85680584511874
43.001407037206995
42.19750569893653
43.75940518675104
42.12714943689075
42.43749098818238
44.40045178527128
43.7152169520713
43.043729005705345
44.58870887195798
43.029213473420036
43.25780260047388
44.63925804006077
43.31932506732317
45.765063694781894
42.8988237390887
44.94092162221405
43.149047617211764
42.98857342923773
44.066406182225755
43.7940815173405
42.041113895562106
42.61212785359343
43.48848511921735
43.26526887730175
43.344780589321644
44.244745523447854
42.49098510571888
44.63553111864614
45.34195976884962
43.423789790282626
43.111717971285856
46.081042685092186
44.2950989673888
43.185705211860615
43.36427140716301
43.6273710129188
42.03764984605423
43.878563023635806
42.95356173969816
43.39783053242765
42.356037481154644
44.49157543384976
41.51626114945536
43.73402260434246
44.265295304195234
44.047868427978905
42.80950778578638
45.298497328371994
