46.14
45.69
47.87
53.3
52.16
47.75
51.2
62.55
37.47
48.91
45.44
46.21
40.76
47.23
41.21
44.72
44.81
42.79
31.04
44.58
44.86
55.92
50.6
34.92
46.08
53.83
44.08
44.98
49.67
50.51
48.38
49.7
46.81
42.99
43.1
50.87
43.51
43.45
41.49
54.25
43.97
48.22
43.0
31.34
40.95
35.26
40.29
42.86
46.85
40.63
42.97
46.28
44.75
41.43
35.33
33.91
40.91
44.12
34.76
34.55
34.25
36.09
30.13
36.14
34.36
34.37
43.7
36.39
34.46
40.63
38.54
36.02
31.29
28.86
32.1
31.86
30.98
32.81
43.29
34.2
33.78
33.98
34.04
38.47
32.55
36.92
29.93
28.21
31.45
30.64
39.54
30.36
35.87
33.59
31.29
34.15
31.95
31.46
33.54
31.11
39.53
29.03
32.58
31.79
30.14
29.29
30.58
36.88
29.29
33.17
31.76
33.21
34.89
30.12
36.35
25.81
30.58
30.82
38.96
38.93
31.49
35.39
28.65
40.63
31.3
36.38
27.8
31.57
32.78
35.0
32.04
26.06
30.53
34.18
37.78
30.49
33.11
31.11
26.71
30.81
30.49
28.14
31.9
26.88
34.11
30.91
33.26
32.78
32.82
28.24
32.68
33.77
25.62
28.92
28.87
36.55
26.11
35.25
30.25
28.62
35.06
37.67
31.74
29.92
30.62
39.12
32.62
28.86
30.11
28.93
24.1
28.38
32.74
31.59
32.05
31.1
30.63
33.79
31.55
34.94
32.72
27.42
28.64
26.46
30.8
36.82
27.47
27.66
27.86
22.87
34.66
36.66
29.47
26.51
34.11
28.28
30.9
29.62
36.64
32.58
30.48
26.66
31.21
30.36
34.55
32.56
33.45
32.84
30.88
26.73
28.56
33.69
28.73
26.11
31.17
30.43
36.09
32.36
32.08
25.94
36.75
27.15
31.15
26.64
35.3
32.24
30.62
27.36
30.98
30.08
28.66
29.99
29.63
27.6
32.28
31.02
26.96
30.86
30.56
35.8
29.28
33.15
33.46
26.46
27.02
33.0
28.33
33.37
33.09
32.86
29.06
23.9
31.89
35.35
30.95
30.89
28.86
26.09
29.18
27.02
34.98
27.27
26.59
30.82
39.19
29.08
38.23
28.66
36.38
30.38
24.57
30.98
33.45
25.97
33.34
34.09
29.97
26.56
29.04
25.84
31.72
30.03
30.55
27.93
29.62
30.8
27.98
26.04
29.38
28.94
30.34
33.51
30.96
36.13
31.48
28.07
33.52
29.18
27.51
32.5
30.94
36.14
25.77
30.18
34.45
28.76
25.71
29.18
26.79
32.86
26.58
29.64
29.22
32.96
31.06
29.74
30.56
27.48
28.06
30.8
28.71
25.76
28.19
35.67
31.49
27.51
33.15
34.38
30.41
31.06
27.9
27.06
30.85
32.47
34.63
36.42
27.28
34.15
25.07
30.22
26.18
34.66
31.3
29.02
34.05
34.09
31.97
31.91
32.99
35.25
30.56
31.85
31.73
36.36
25.81
33.48
28.76
34.64
29.77
28.34
23.67
32.44
28.23
29.25
31.35
27.93
27.78
37.91
33.56
27.7
36.49
33.49
32.84
37.3
30.16
33.82
29.92
29.09
27.77
32.22
28.98
28.55
34.82
34.09
26.11
33.18
29.53
30.6
34.47
28.23
34.58
24.81
30.44
28.84
31.7
30.65
34.59
29.49
22.39
31.85
24.97
31.77
35.35
29.01
30.32
35.74
31.98
26.2
37.05
34.09
27.73
32.93
24.68
28.7
38.24
28.02
38.18
29.16
34.68
32.73
27.01
30.55
28.95
26.31
31.75
30.4
29.82
30.11
32.87
29.6
25.79
31.03
32.57
30.29
29.87
26.53
33.23
32.53
33.94
29.57
29.21
31.74
26.45
33.55
31.32
40.91
33.66
33.5
32.94
33.32
31.73
25.39
29.23
32.52
28.17
27.59
26.9
34.63
25.28
29.55
35.99
31.73
31.35
36.1
23.46
26.76
26.19
29.12
31.84
31.14
27.04
25.81
27.68
31.4
31.58
32.48
30.41
34.16
31.63
31.88
28.69
28.55
31.8
29.97
31.39
29.2
28.81
31.38
26.18
31.24
29.14
31.05
29.35
31.59
25.53
33.29
27.32
29.92
24.99
26.49
28.67
30.87
23.62
25.94
23.25
29.6
33.89
30.33
31.36
30.52
37.52
31.56
32.23
28.34
30.66
33.3
28.34
31.44
30.97
33.71
32.49
32.82
29.04
30.39
27.03
29.36
27.04
32.04
29.41
31.95
26.43
28.16
21.06
29.71
27.95
32.21
29.05
32.94
29.61
30.01
30.15
26.0
33.41
27.5
30.57
31.07
25.07
28.77
32.23
29.68
29.53
25.03
32.72
25.43
31.63
29.39
27.86
33.22
30.6
27.69
33.86
32.25
38.64
29.59
25.16
27.2
30.41
30.5
40.06
30.59
32.36
26.66
26.51
29.06
30.98
24.5
32.46
33.5
28.28
30.02
25.37
26.99
33.42
32.36
29.14
24.28
33.55
28.14
26.59
30.37
28.15
29.6
28.25
26.08
27.88
23.45
23.81
28.38
22.31
26.77
