11.94
25.78
34.76
69.33
83.64
110.95
92.32
59.68
81.25
31.84
49.43
53.57
45.69
52.7
51.49
58.11
55.49
36.19
39.73
54.08
37.79
46.95
57.35
50.1
49.04
48.24
45.75
35.44
50.04
47.73
50.28
50.92
48.58
44.19
41.62
45.7
43.65
46.87
45.2
33.6
44.97
48.32
35.82
43.82
39.49
46.89
31.68
63.02
54.72
46.21
55.42
30.03
46.56
36.72
38.98
41.03
53.43
46.38
50.69
46.73
52.97
55.21
48.07
53.52
49.12
42.06
59.21
46.48
46.39
61.72
59.19
55.9
58.94
48.69
51.78
53.54
45.6
55.3
43.97
49.87
42.85
57.54
52.13
47.47
49.97
45.77
53.93
50.28
44.92
44.41
46.47
41.08
53.6
48.49
54.86
56.5
48.28
41.35
43.3
38.88
38.9
36.59
46.72
40.99
45.58
43.82
48.88
48.07
46.02
36.21
45.63
36.83
48.58
51.63
45.65
48.54
40.99
40.52
38.09
42.0
41.84
37.3
42.11
42.42
28.82
39.46
44.94
41.84
33.5
37.29
33.49
36.15
39.52
35.51
35.4
39.42
48.17
35.93
37.9
40.89
33.61
40.08
35.78
39.43
44.34
40.3
39.16
38.25
36.58
43.04
30.93
45.59
43.26
38.76
32.91
33.26
40.81
35.32
28.5
36.8
33.25
34.41
44.5
33.04
47.07
32.95
47.27
26.67
32.86
36.12
43.29
31.76
47.4
36.57
37.41
32.52
37.04
30.93
44.17
32.8
42.6
37.64
42.23
30.88
39.46
34.62
33.42
47.54
39.39
28.6
28.01
37.93
31.36
39.0
35.94
32.51
42.16
54.32
37.87
51.57
43.51
40.12
45.06
32.07
38.1
28.19
39.66
40.86
33.34
41.02
34.09
38.66
37.05
34.19
45.52
38.48
36.42
34.7
33.86
34.03
34.6
30.6
33.1
39.2
31.07
41.41
30.85
45.31
28.76
30.98
38.18
44.89
42.44
33.27
32.71
44.36
33.76
37.97
38.66
33.78
24.06
38.7
36.78
46.67
44.79
29.47
30.99
32.98
41.92
33.19
35.97
42.14
37.8
39.66
29.82
45.94
35.19
29.4
33.49
29.57
37.08
41.24
36.0
36.92
34.5
29.04
37.5
28.52
31.72
47.09
33.91
31.73
34.27
47.75
39.11
23.16
27.95
40.51
37.07
30.98
35.98
30.91
37.04
35.0
31.17
39.0
27.92
37.41
31.86
24.21
31.95
28.09
27.94
35.03
30.43
38.24
49.26
38.17
37.23
34.86
34.13
23.68
38.6
33.82
34.3
34.5
26.66
34.98
29.55
27.93
32.57
48.25
30.48
35.07
30.51
31.63
33.24
43.68
35.55
36.44
49.44
35.22
31.04
38.46
40.75
30.96
37.61
33.34
32.07
38.79
37.08
41.81
28.17
31.39
26.55
26.91
27.29
29.94
32.1
34.88
33.08
38.48
39.85
34.85
28.46
27.12
32.07
33.18
34.62
29.11
29.59
26.18
26.08
31.73
30.76
38.11
31.99
32.25
30.3
25.08
26.86
36.98
27.87
28.65
21.89
22.51
26.18
38.08
28.57
42.05
29.34
29.75
36.94
28.97
42.12
40.3
30.84
40.26
36.85
27.22
29.71
37.1
33.63
26.64
29.19
35.93
33.71
23.37
30.35
34.13
38.45
30.65
33.68
28.85
31.93
26.74
31.09
37.34
30.44
32.82
41.65
33.34
31.4
36.07
37.7
36.01
24.21
30.74
27.18
23.06
33.73
27.75
28.51
29.74
29.83
36.42
32.9
31.47
31.58
26.12
27.5
32.5
34.72
29.42
26.23
24.67
31.23
25.77
28.48
27.49
28.94
29.56
33.23
36.29
31.38
34.68
32.56
20.13
29.79
31.36
31.48
30.74
33.97
26.09
34.6
35.82
29.19
27.13
34.78
29.19
27.38
36.41
30.38
29.83
35.22
30.89
33.68
30.02
29.69
26.3
33.41
30.34
29.09
32.86
27.64
26.4
26.2
27.01
28.26
30.43
31.13
26.02
29.31
33.49
30.25
25.93
24.75
36.48
33.28
29.03
25.41
27.65
32.77
27.35
28.58
28.89
30.17
27.3
27.65
30.48
27.73
27.79
34.9
29.56
21.73
20.3
31.98
27.09
29.87
32.75
27.82
32.36
32.45
30.12
30.89
30.49
21.12
33.39
29.11
30.24
33.4
25.78
27.05
32.84
29.65
30.39
35.31
27.6
31.65
31.07
31.64
26.31
30.21
30.47
28.33
28.63
30.07
34.67
27.29
28.2
27.25
27.4
30.35
31.65
29.29
33.56
29.52
30.7
27.88
37.01
26.48
29.52
30.61
26.99
24.58
27.97
33.05
29.53
31.22
30.62
29.9
23.63
28.67
32.56
37.55
35.28
30.42
29.27
25.83
30.97
31.41
30.34
27.68
26.9
30.44
30.68
27.82
23.53
29.55
37.76
28.9
29.63
29.28
28.63
31.27
21.62
27.19
31.07
25.67
31.41
31.95
27.99
27.7
30.07
26.87
29.13
26.63
27.44
31.75
23.99
28.64
24.84
29.13
32.27
26.95
33.09
29.37
28.32
27.0
33.16
