23.9
21.37
35.02
28.19
80.15
87.84
74.01
52.23
59.53
53.36
51.94
54.96
41.09
50.62
46.47
40.32
29.34
25.43
51.08
50.6
46.2
48.49
48.51
59.58
41.45
55.74
44.6
46.41
37.29
43.07
66.8
45.38
48.86
56.84
62.33
51.98
48.92
61.89
64.7
54.05
51.75
55.25
50.99
47.77
49.95
65.36
64.92
55.7
40.5
59.87
48.59
58.45
54.99
64.48
52.15
57.8
74.14
52.59
61.57
47.7
64.99
54.73
61.44
48.17
57.56
56.54
51.0
43.38
42.56
66.31
62.19
52.19
48.3
62.98
53.68
46.97
64.3
50.84
72.83
70.03
63.97
66.31
52.84
71.98
73.19
46.01
64.9
65.19
56.63
41.28
34.73
66.48
48.6
60.56
47.66
64.54
32.48
44.92
65.96
60.04
56.11
48.04
43.79
34.48
56.9
41.46
49.51
51.09
39.6
54.79
41.31
46.54
47.3
57.12
44.75
60.32
46.26
75.5
56.62
62.81
41.8
50.12
31.69
42.1
49.9
45.91
45.87
39.72
54.15
38.47
54.24
47.63
60.59
51.02
44.65
37.11
52.73
76.2
46.4
43.3
61.31
44.82
72.95
38.94
51.43
54.17
42.0
61.81
76.96
49.15
66.31
71.88
57.67
42.88
47.6
53.53
48.88
55.5
64.44
55.0
58.29
50.38
45.86
44.89
44.63
51.98
48.65
53.99
53.14
47.74
42.76
38.98
40.93
51.53
56.41
39.77
55.23
51.99
46.19
45.02
43.17
40.56
48.27
43.7
49.65
45.69
44.43
42.45
44.38
36.74
39.63
38.95
34.59
39.34
36.66
40.46
41.65
39.22
40.29
38.36
38.76
49.46
35.37
45.71
43.42
42.67
29.09
42.03
42.5
42.21
46.93
42.93
47.1
38.17
36.97
32.84
44.9
45.08
42.88
53.95
42.74
37.54
44.46
30.65
42.32
42.92
30.98
33.93
28.9
34.94
41.54
32.71
37.79
25.3
38.56
34.27
41.02
27.7
32.14
37.82
36.15
37.3
48.13
37.78
26.2
39.81
27.64
36.82
41.34
41.18
47.51
47.39
37.86
36.7
38.2
35.53
34.02
32.71
35.51
31.75
37.14
35.45
36.64
24.78
39.06
36.47
37.49
36.06
35.3
30.45
35.19
34.65
33.66
38.34
32.04
30.84
32.35
38.12
29.34
31.54
34.01
37.12
31.69
32.27
32.07
31.36
32.11
34.01
34.31
29.4
32.04
37.96
36.9
36.81
29.84
38.13
34.28
38.95
38.3
39.25
31.8
42.22
30.78
34.54
32.16
30.97
29.85
26.88
42.65
35.1
28.09
33.13
30.45
37.69
32.43
27.84
33.9
36.71
36.87
38.27
34.83
25.45
29.37
33.66
33.04
30.23
26.68
35.15
35.54
36.51
32.08
32.25
34.15
35.77
24.64
42.79
33.25
34.13
31.58
33.54
25.99
31.13
27.66
31.97
35.36
26.78
27.23
25.86
28.17
33.87
32.54
36.4
38.02
31.97
31.19
28.53
36.48
38.03
32.67
41.95
33.99
34.12
38.12
30.2
32.3
31.79
32.07
34.9
37.28
30.53
29.88
34.29
25.5
31.19
31.34
24.81
29.87
27.27
26.88
30.1
29.63
26.64
29.43
33.06
30.91
25.49
28.15
32.02
33.9
31.75
30.83
29.5
29.64
32.86
30.64
34.94
26.63
28.36
20.77
36.03
26.0
30.24
28.64
31.43
32.26
27.75
26.35
26.91
28.81
27.29
28.26
30.74
32.56
35.74
30.74
28.65
37.38
32.76
34.73
30.97
28.74
29.98
29.41
33.1
31.02
33.44
28.36
27.04
29.79
34.44
28.67
35.59
33.53
32.42
31.17
24.88
32.5
34.44
32.72
34.66
35.65
28.88
36.36
36.8
31.31
30.82
33.58
40.07
31.84
31.47
32.56
30.17
33.07
35.12
35.16
40.51
33.35
29.04
29.6
32.08
38.84
39.64
33.43
27.87
33.36
32.01
31.43
32.03
32.51
35.74
35.31
35.77
27.97
29.67
31.28
26.02
31.55
31.72
38.28
26.95
32.65
29.77
33.67
26.64
36.39
31.05
36.23
28.6
29.81
32.21
29.0
29.1
33.57
28.54
33.41
29.52
32.55
36.06
29.01
36.39
34.51
34.77
29.17
33.87
28.26
27.58
34.67
35.49
32.97
30.18
30.84
30.41
32.0
31.14
26.79
33.79
29.3
33.08
32.64
25.85
33.35
32.27
30.8
29.83
37.42
33.06
23.23
33.42
32.11
32.78
27.48
30.83
32.72
35.89
33.97
32.61
30.96
31.03
29.07
33.05
34.45
35.11
36.86
35.61
33.8
33.95
37.7
34.13
28.27
34.31
35.32
35.13
38.62
28.98
33.29
33.31
32.41
32.29
33.06
26.17
34.86
32.27
36.05
40.89
37.83
30.42
32.78
32.44
34.18
34.18
36.49
30.94
32.51
34.88
29.55
32.31
31.38
39.04
31.96
33.18
32.87
29.23
33.88
35.61
26.65
34.35
28.32
29.78
37.38
29.29
27.21
29.06
29.4
30.33
25.0
31.79
35.32
36.46
36.18
35.56
