-5.975899999999999
-5.4879
-3.6226
-2.4882000000000004
-0.9854
0.0501
0.2604999999999999
0.5626000000000001
0.7039000000000002
0.8103999999999999
0.6
0.7407
0.362
0.5913
0.6242
0.7247999999999999
0.7708999999999999
1.0857
1.2205
1.4672
1.5663000000000002
1.497
1.6359
1.8661
1.9116999999999995
2.1844
1.9803
2.1499000000000006
2.4032
2.5954
2.8279
2.396
2.8071
2.8572
2.9249
2.9716
2.950600000000001
2.6579
2.8236000000000008
1.9419
2.8786
2.5771999999999995
2.4776
2.8171
2.8103
2.8444
2.8791999999999995
2.864099999999999
2.8258
3.3133000000000004
3.816
3.897
3.7088
3.3542
3.5834
3.3994
3.8289
3.7344
3.8012
3.8049
3.826
4.0847
4.2516
3.8414000000000006
4.1107000000000005
4.5055
4.6397
4.1412
4.153
4.1668
4.348
3.8935
4.563400000000001
4.030200000000001
4.1319
4.3242
4.536699999999999
4.8291
4.4745
4.4939
4.477
4.8035
4.7551
4.9142
4.650499999999999
5.2374
4.099200000000001
4.4828
4.4425
4.096499999999999
4.684900000000001
4.2812
4.3392
4.459199999999999
3.822
4.160100000000001
3.902800000000001
4.1738
4.5558000000000005
4.9246
4.9182
4.797899999999999
4.7348
5.249799999999999
4.8806
5.0074
4.9477
5.0579
5.1303
5.0612
4.8188
5.1624
4.9979
5.2235000000000005
5.4
5.214
5.4239
5.3352
5.327299999999999
5.421199999999999
5.271199999999999
5.1539
5.085299999999999
5.404499999999998
5.316500000000001
5.4901
5.125699999999999
5.347
5.414100000000001
5.222
5.7525
5.5825
5.612900000000001
4.9359
5.291900000000001
4.768699999999999
5.527200000000001
5.417999999999998
5.375600000000002
5.481299999999999
5.9048
5.9779
5.8729
5.4106
5.989300000000001
5.685600000000001
5.772299999999999
5.9751
6.0078
5.867300000000001
5.6139
5.527200000000001
5.433200000000002
5.6693
5.551100000000002
5.9365000000000006
5.9956
5.769400000000001
5.490499999999998
5.9547
6.0969
5.227399999999999
5.6359
6.0961
5.968500000000001
5.245799999999999
5.5421
5.3044
6.315
5.473599999999999
6.0106
6.183599999999999
6.286000000000001
6.411700000000001
6.3367
6.0075
6.640200000000001
5.6416
6.053700000000001
5.9661
5.6726
6.084199999999999
6.7997000000000005
5.851399999999999
6.0762
5.7346
5.8918
5.5209
6.252199999999998
6.453699999999999
6.175700000000001
5.345600000000001
5.643299999999999
6.225599999999999
6.199999999999999
6.2858
6.2906
6.2425000000000015
5.7924
5.4708000000000006
6.100199999999998
5.805400000000001
5.8923000000000005
5.773000000000001
6.259399999999999
6.131899999999999
6.3975
6.6002
6.107200000000001
6.623100000000001
6.5252
6.330700000000002
6.4886
6.192
6.6607
6.3042
6.459700000000001
6.5199
6.4638
6.446799999999999
6.119299999999999
6.6849
6.335800000000001
6.182799999999999
6.752499999999999
6.542700000000001
6.6375
6.7254
6.275099999999998
6.540500000000001
6.812800000000001
6.6325
6.4754
6.790299999999999
6.6015
6.5731
6.7
6.503299999999999
6.792999999999999
6.8756
6.678299999999999
6.788
7.3038
6.930599999999999
6.6857000000000015
6.646599999999999
6.652200000000001
6.576600000000001
6.2033
6.217899999999999
6.6705000000000005
6.922999999999999
6.849399999999999
6.699199999999999
6.717199999999999
7.2149
6.954199999999998
6.9031
6.677699999999999
6.7065
6.773200000000002
7.259100000000001
6.771599999999999
6.4563
6.5357
6.454
7.0549
6.9567
7.2905
6.998099999999999
7.0709
7.5735
6.944299999999998
7.3223
7.078600000000002
6.748500000000002
7.056499999999999
6.965599999999999
7.0811
6.6716
7.155700000000001
6.978
6.3992
6.673099999999998
6.3601
6.9821
6.8199000000000005
6.7567
6.836600000000002
7.415
6.9265
6.768400000000001
6.7867
6.959700000000001
6.702099999999999
6.8729
7.273300000000001
7.1829
6.725599999999998
7.1317
6.7489
7.434500000000002
7.356699999999998
7.179499999999998
7.094499999999999
7.089499999999999
7.325799999999999
7.0502
6.979999999999999
7.0438
7.223299999999999
7.009600000000001
7.1958
6.670900000000001
6.7798
7.0406
7.0999
7.248300000000001
7.029399999999999
7.130999999999999
7.230399999999999
7.165300000000001
7.415000000000001
7.1349
7.2753
7.067899999999998
7.363499999999999
7.3251
7.0281
7.0492
7.2101
7.692400000000001
7.290699999999999
7.334800000000001
7.057099999999999
7.1113
7.1869
6.8427
7.249700000000002
7.514799999999999
7.390100000000001
7.3062
7.234500000000001
7.204300000000001
7.439499999999999
6.9671
7.0544
7.214000000000001
6.990199999999999
7.5544
7.310499999999998
7.119199999999999
7.1219
7.1945
7.0434
7.1431
6.756600000000001
7.1189
7.348700000000001
6.6602
7.285799999999998
7.560499999999999
7.143599999999999
7.291200000000001
7.343
7.765099999999999
7.400399999999999
7.408100000000001
7.068
7.4663
7.105
7.276300000000001
6.8964
7.768299999999999
7.124099999999999
6.9632
7.0506
6.9947
7.048699999999999
7.009400000000002
7.3774000000000015
7.444400000000001
7.4371
6.9776
6.824799999999999
7.606700000000002
6.961799999999998
7.112
6.590600000000002
6.517800000000001
6.6377
6.500800000000001
6.5345
6.6136
6.854400000000001
6.522499999999997
6.846699999999999
6.944299999999999
6.981600000000001
7.1191
6.961400000000001
6.8385
7.1301
6.9368
6.5964
6.444999999999999
6.5042
6.5202
5.809200000000001
5.570499999999999
6.0795
6.6401
6.7813
6.8180000000000005
6.895100000000001
6.627999999999999
7.025199999999999
7.295799999999999
7.326299999999999
6.898399999999999
7.1351
7.076299999999999
7.107199999999999
7.3135
7.0177
7.2
6.9648
6.815499999999999
7.058199999999999
6.970700000000002
6.652900000000001
6.8959
6.360399999999999
6.7033000000000005
6.6328000000000005
6.7378
6.3929
6.7084
6.7749
7.2025
7.0183
7.041899999999999
7.054199999999998
7.0352
7.2254999999999985
7.3158
7.354400000000001
7.0857
7.143700000000001
7.6463
7.606800000000001
7.603299999999999
7.2463
7.0427
7.381600000000001
7.1586
7.3365
7.2761
7.364800000000002
7.4411
6.9327
7.1803
7.2036
6.917299999999999
7.1606
7.200500000000001
7.682800000000001
7.0942
7.082300000000001
6.677800000000001
6.739199999999999
6.926800000000001
6.640099999999999
6.727299999999999
6.875800000000001
6.9362
6.8225
6.727499999999999
7.1387
7.004899999999999
7.3332
7.542899999999999
7.1294
7.196499999999999
7.494300000000001
7.582300000000001
7.608499999999999
7.5412
7.6263
7.4576
7.039100000000001
7.091000000000001
7.431799999999999
7.419099999999999
7.191499999999999
7.2984
7.510699999999999
7.4673
7.5276
7.443599999999999
7.5175
7.226600000000001
7.5581
7.582800000000001
7.355100000000001
7.181899999999998
7.7078
7.3831
7.4398
7.532700000000001
7.2051
7.1534
7.474
7.3527999999999984
7.2194
7.0753
7.325800000000002
7.928000000000001
6.912799999999999
7.5983
7.450800000000002
7.270200000000001
7.428300000000002
6.888899999999999
7.244199999999998
7.418999999999999
6.9863
7.1488
6.989
6.6859
6.941099999999999
6.4161
7.129200000000001
6.823800000000001
6.8525
7.063
7.427100000000001
7.4434
7.2696
7.4042
7.455100000000001
6.871700000000001
7.041
7.611999999999999
7.364600000000001
7.320400000000001
7.144499999999999
7.1617000000000015
7.829400000000001
7.2418
6.870699999999999
7.352900000000001
6.911200000000001
7.205900000000001
7.3862999999999985
7.241100000000001
7.4628
7.2279
7.1436
6.864400000000002
7.009599999999999
6.939299999999999
6.814399999999999
6.619700000000002
6.764399999999999
7.4594
7.601199999999999
7.2939
7.4337
7.4673
7.6948
7.431599999999999
7.806999999999999
7.4994
7.4038
7.1435
7.2269
7.552500000000001
7.602099999999999
7.535000000000001
7.240199999999999
7.0166
7.721200000000001
7.3475
7.745299999999999
7.397500000000001
7.2296
7.6371
7.5267
7.323399999999999
7.569199999999999
7.218999999999999
7.466799999999999
7.421800000000001
7.288099999999999
7.364599999999999
7.251999999999999
7.177500000000001
7.226000000000002
7.373100000000001
