-2.5973999999999995
-1.7791
-0.7224
0.0074999999999999
0.5174
0.5015999999999999
0.6386000000000002
0.8532000000000001
0.6049000000000001
0.6636000000000002
0.606
0.2420999999999999
0.3553
0.3091
0.4298
0.6561
0.3518
0.4422
0.6911000000000002
0.6409
0.6627999999999998
1.0309
0.8902000000000001
1.1301
1.227
0.7431
0.8545999999999999
1.0173
1.03
0.9509
0.8469000000000001
0.5093000000000001
0.7768
0.8579000000000001
0.8906000000000002
0.8389
0.7203
0.7365000000000002
0.9116
0.8279000000000001
0.8711999999999999
0.7883
0.6916
0.9444
0.8969999999999999
0.9235
0.7817999999999999
1.018
0.7883
0.9213
0.8878
1.1438
1.0482
1.0092
0.8428000000000001
1.208
1.2180000000000002
1.1368
1.7313
1.6577000000000002
1.3643999999999996
1.3884
1.6278999999999997
1.5275000000000003
1.5785
1.9248
2.327
2.0951000000000004
1.8298
2.2528
2.2388000000000003
2.1192
2.3559
2.4029
2.2844
2.1584
2.4989
2.6242999999999994
2.5409999999999995
2.1305
2.4733
2.2219
2.4461999999999997
2.3333
2.5528000000000004
2.7427
2.8948
2.7469
2.8671
2.8771
2.4052999999999995
2.4886
2.802000000000001
2.8277000000000005
2.768
2.8397
2.9989
3.3854
2.5484999999999998
2.5751000000000004
2.6864
2.5924
3.1208000000000005
2.9289
3.1112
3.5472
3.5139
3.1506
3.1648
3.51
3.3449
3.1983
3.318
3.6474
3.5734
3.7868
3.3076
3.6411
3.861100000000001
3.790799999999999
3.9702
3.5308000000000006
3.3328
3.5729
3.511000000000001
3.3552
3.4588
3.614500000000001
4.041
3.973599999999999
3.8389000000000006
3.7145
3.954
3.6952
3.521499999999999
3.8906
3.6849
3.4841999999999995
3.2477
3.3505000000000003
3.997
3.9063
4.3386000000000005
3.8772
3.82
4.004999999999999
3.9911000000000008
4.0968
4.1343
4.0842
4.3507
3.845
3.3209
3.9216
3.9809
4.4262
4.1982
3.8743
4.1486
3.5457000000000005
4.0204
4.1863
3.908100000000001
3.708700000000001
3.925
3.9012
3.267299999999999
3.5258000000000003
3.999
3.8238
3.2233
3.3052
3.5406
3.6708
3.821
3.506
3.4774000000000003
3.5469
3.5387
3.3713000000000006
3.5183
3.3819
3.0609
3.3670999999999998
3.5752
4.012599999999999
3.5241000000000007
3.1825999999999994
3.1899
3.0052000000000003
3.0157
3.0013000000000005
3.3433
3.0586
3.1717
2.9403
2.3664
2.6842
2.8481
2.8555
3.4329
3.4367
3.7369
3.2109000000000005
3.069799999999999
3.647300000000001
3.3628
3.6385
3.3861000000000008
3.2588000000000004
3.2846
3.0405
3.8028
4.0817
4.033100000000001
4.3756
4.209700000000001
3.7059
3.8571999999999993
3.663299999999999
4.209700000000001
4.3338
3.9003
3.6669
3.4376
4.2232
3.412799999999999
3.3597
3.8347
3.9583
3.4268
3.5653
3.3028000000000004
3.592599999999999
3.7573
3.5773
4.2797
4.345
4.021
3.714
3.8279
4.3238
4.736000000000001
4.5903
4.3813
4.439
4.6186
4.663899999999999
4.465800000000001
4.5187
4.1462
4.2631
4.5972
4.807
4.7047
4.402
5.008400000000001
4.691600000000001
4.8165
5.1463
4.7143000000000015
4.5571
4.4139
5.0294
4.7299
4.695099999999999
4.7484
4.917000000000001
5.254300000000001
4.662100000000001
3.8481
4.4702
4.2338
4.3147
4.2753
4.5553
3.9222
4.3803
5.155899999999999
4.8507
4.409800000000001
4.881600000000001
4.6353
4.4426
4.5768
4.3363
5.1775
5.4464
5.0299000000000005
5.2221
5.066999999999999
5.0608
4.613
4.9447
4.9858
4.922700000000001
4.9122
4.6014
4.6745
4.9363
4.6401
5.0222
5.043
4.9984
4.6478
5.346800000000002
5.458000000000001
5.6038
5.179200000000001
4.776399999999999
5.488200000000001
5.310100000000001
5.0791
5.2734000000000005
4.841600000000001
4.930699999999999
4.639600000000001
4.7984
4.9095
4.7493
4.615100000000001
5.089
5.477799999999999
5.228400000000001
5.4571000000000005
5.423299999999999
5.371199999999999
5.6618
5.1021
5.562099999999998
5.364599999999999
5.6611
5.4574
6.142
5.4768
5.8635
5.527700000000001
5.6864
5.774500000000001
6.1082
5.9621
5.204899999999999
5.3964
6.053
5.681800000000001
6.3929
5.6183000000000005
6.179599999999999
5.956899999999999
6.0214
5.5833
5.624200000000001
5.9743
6.146400000000001
6.048399999999998
5.5812
5.4758
6.0738
6.647399999999999
6.3717
5.5425
5.9211
6.0865
6.0856
6.004300000000001
6.445200000000001
6.3137
5.665200000000001
5.5999
5.471099999999999
5.7488
5.682
6.097700000000001
6.172199999999998
5.977799999999999
5.644799999999999
5.683400000000001
5.486999999999999
5.0111
5.4299
6.3021
5.7575
6.065500000000001
6.2685
5.801500000000001
5.9283
6.497999999999998
6.1549000000000005
6.7638
6.5288
5.5175
6.2529
6.869
6.9212
6.5334
6.566099999999999
5.9596
6.430599999999998
6.737399999999999
5.984400000000002
6.668300000000001
6.855500000000001
6.2224
6.1429
6.593800000000001
6.702800000000001
6.990299999999999
6.686600000000001
7.3565
6.556700000000001
7.0006
7.2522
7.0251
6.405899999999999
6.8216
6.5522
7.478599999999999
7.2039
6.7923
6.754499999999999
6.991099999999999
6.888800000000001
7.2452
6.7571
6.8138
7.185500000000001
7.337900000000001
7.226599999999999
6.7029000000000005
7.3571
5.991700000000001
7.0231
7.5221
7.0789
6.8288
7.1497
6.965299999999998
7.267
7.4765
7.3267
6.8713000000000015
7.3487
6.924300000000001
7.290799999999999
7.356700000000001
6.4324
6.7578
7.1931
6.9796
6.3443000000000005
7.1112
6.782700000000001
7.8947
7.2038
7.1323
7.3666
7.384699999999999
7.7161
7.5588
7.4321
7.2257
7.6167
6.9031
7.112799999999998
7.5914
7.2758
7.670699999999999
7.810999999999999
7.8989
7.5749
7.8964
7.647399999999999
7.795700000000002
8.0173
7.949899999999999
7.376500000000001
7.8724
7.8185
7.889100000000001
7.523299999999999
7.682900000000001
7.737599999999999
7.8584
7.985399999999999
7.322599999999999
7.015699999999999
7.521400000000001
7.529399999999998
7.436999999999999
7.1853
7.335199999999999
7.116600000000001
7.5811
7.452099999999999
7.570000000000001
7.7062
7.6687
7.831500000000001
8.303799999999999
7.540699999999999
7.986999999999998
7.780999999999999
7.887600000000001
7.6977
8.0049
7.8803
7.401499999999999
7.8965
8.4905
7.486999999999999
8.6869
8.6006
7.9589
7.8346
7.7951
7.879099999999998
8.1619
8.0111
8.1198
8.550899999999999
8.287900000000002
8.317099999999998
8.329500000000001
8.1981
7.9155
7.930600000000001
8.1653
8.603299999999999
8.4871
8.2798
8.585600000000001
8.6102
8.561100000000001
7.694699999999999
8.378800000000002
8.0944
7.762
8.0104
7.903200000000001
7.9899
7.9727999999999986
7.3795
8.013499999999999
8.105500000000001
7.991399999999999
8.0424
7.8497
7.995599999999999
8.28
7.9952
8.1769
8.1108
7.7936
7.2117
7.4399000000000015
7.363199999999999
7.267799999999999
7.16
7.015
7.2776
8.151999999999997
8.0373
8.435899999999998
7.708899999999999
8.2125
8.3802
8.078299999999999
8.207300000000002
8.8385
8.158400000000002
8.6157
8.3178
8.0617
8.1183
8.203
8.183699999999998
8.2392
8.8118
8.2403
8.585600000000001
8.2408
8.2591
8.099200000000002
8.4517
8.1549
8.1369
7.825599999999998
8.030700000000001
7.832299999999999
8.0331
8.081
8.1508
8.061900000000001
7.9311
8.3699
7.505100000000001
7.8647
7.314899999999999
8.1795
7.313399999999998
