-0.4308999999999999
-0.1384999999999999
0.0372999999999999
0.4772999999999999
0.3975000000000001
0.7071999999999998
0.4439
0.6899000000000001
0.8036999999999999
0.7497
0.825
0.7794
0.8893000000000001
0.7212000000000001
0.7354999999999999
0.9732999999999998
1.1644
1.340600000000001
1.2059
1.4005999999999998
1.6121
1.3953
1.5674
1.6026999999999998
1.7739000000000005
2.0236
2.0889
2.4221
2.6023999999999994
2.4166
2.4949
2.9833
3.0139000000000005
3.3241
3.2832000000000003
3.6657000000000006
3.434199999999999
3.6785
3.7466
3.7217000000000007
4.6751
3.7161999999999993
3.9367
3.9725
4.0905
4.4409
3.655
4.019
3.8226999999999993
4.4201
4.4855
3.761999999999999
4.8134
4.842099999999999
4.5163
4.8468
4.8432
5.3718
5.1676
5.068099999999999
5.648299999999999
5.381
5.4064
5.5123
5.512400000000001
5.347800000000001
5.589300000000001
5.898799999999999
5.769500000000001
5.369299999999999
5.9077
5.2562
5.7254
5.4382
5.4106
5.736500000000001
5.860200000000001
5.7822000000000005
5.9063
5.4265
5.9978
5.6511000000000005
5.492699999999998
6.1645
5.755
6.093599999999999
6.0481
5.980700000000001
6.4047
6.201699999999999
6.1804
6.2918
5.7308
6.513400000000001
6.011
6.479799999999999
5.921199999999999
5.9617
5.642700000000001
6.3627
6.285299999999999
5.8728
6.196700000000001
6.403
5.994000000000001
5.634499999999999
6.4635
6.551899999999998
6.571600000000001
6.6671000000000005
6.547700000000001
6.6638
6.561699999999999
6.579799999999999
6.637200000000002
7.1462
6.3608
6.377399999999999
5.435499999999999
6.052999999999998
5.468599999999999
5.409000000000001
5.2882
6.259399999999999
6.192800000000002
6.784
6.369699999999999
6.6383
6.775100000000001
6.486999999999998
6.3931
5.8658
6.432900000000001
6.5839
5.9143
7.066
6.5998
6.829099999999999
6.359
6.705500000000001
6.764499999999999
6.5764
6.471699999999999
6.675799999999999
6.881799999999999
6.3786000000000005
7.036999999999999
6.860200000000001
6.5844000000000005
6.830900000000001
6.3368
6.749099999999999
6.8638
6.4297999999999975
6.604199999999999
7.0597
6.6656
7.128799999999999
6.938200000000002
6.479499999999999
6.431100000000002
6.5318000000000005
7.114400000000002
7.1217
7.101599999999999
6.881499999999999
6.6704
7.039499999999999
6.721799999999999
6.5489
6.621700000000001
6.562700000000001
7.3244
6.618599999999998
6.935600000000001
6.803
7.066400000000001
6.905600000000001
7.1655000000000015
6.8585
7.192800000000001
7.045799999999999
7.1622
6.7561
7.224500000000001
7.410099999999999
6.9518
7.131599999999999
6.6661
7.337
6.983900000000001
6.5292
6.933299999999999
7.1101
7.077300000000001
7.3786
6.6800000000000015
7.651999999999998
7.119400000000001
7.214699999999999
7.001
6.9534
6.748700000000001
6.696300000000001
7.1673
6.885400000000001
7.095
7.174799999999999
7.1458
7.394699999999999
7.219099999999998
7.0513
6.917599999999998
6.9654
7.304899999999999
7.441099999999999
7.2016
6.905899999999998
7.126900000000001
7.186200000000001
7.2187
7.1324000000000005
7.1014
6.9769000000000005
7.3716
7.808599999999999
7.327999999999999
7.3152
6.706400000000001
7.005999999999999
7.296800000000001
7.5269
7.138199999999999
7.2339
7.175
7.4994
7.120500000000001
7.536899999999999
7.457000000000001
7.584099999999999
7.2472
7.4309
7.1251
7.38
7.558400000000002
7.0966
7.4136000000000015
7.4217
7.5586
7.487499999999999
7.280100000000001
7.6301999999999985
7.8740999999999985
7.4956
7.260499999999999
7.918100000000001
7.5448
7.8743
7.409200000000002
7.961299999999999
7.316599999999999
7.696700000000001
7.517099999999999
7.2749
7.2484
7.027300000000001
7.110799999999999
6.612599999999999
6.5825
7.2375
7.3766
7.1364
6.9326
6.581900000000002
7.342099999999999
7.8834
7.900500000000001
7.3325
7.0253000000000005
7.021699999999999
6.9583
7.330900000000001
7.367599999999999
7.390599999999999
7.4327
7.520899999999999
7.319500000000001
7.623100000000002
7.297699999999999
7.617099999999998
7.8549
7.834899999999999
7.793899999999999
7.737999999999999
7.5418
7.765700000000001
7.691
6.9606
7.611599999999999
7.835199999999999
7.6409
7.4881
7.9157
7.622499999999999
7.7043
7.647500000000001
7.574200000000001
7.6397
7.928000000000001
8.384599999999999
8.002
7.871099999999999
7.723299999999999
7.876000000000001
8.172599999999997
7.8619
8.008600000000001
8.1234
8.0521
8.228000000000002
7.788499999999999
8.271
8.0634
8.0043
8.004100000000001
7.657899999999999
8.005
7.922
7.888900000000001
7.6888
7.647800000000001
7.150899999999999
7.259999999999999
7.148199999999999
7.2622
7.271099999999999
7.408199999999999
7.687699999999999
7.983599999999999
7.526000000000002
7.8530000000000015
8.0687
7.7067
8.457199999999998
7.918200000000001
7.804900000000001
7.7485
7.7785
7.9628
7.413499999999999
7.790699999999998
8.0754
7.8627
7.3718
7.586100000000001
7.451799999999999
7.8793
8.0972
8.0873
8.093699999999998
7.499800000000001
7.972199999999999
7.1957
8.009400000000001
7.620400000000001
7.880099999999999
7.682199999999999
7.8003
7.8427
7.806799999999999
7.761400000000002
7.051799999999998
7.395499999999999
7.4978
7.737999999999999
7.9487999999999985
8.4971
8.125599999999999
8.1361
8.039700000000002
8.1163
8.185400000000001
7.821299999999999
8.046499999999998
7.898699999999999
7.9362
8.006599999999999
8.0746
8.4309
8.297099999999999
8.0309
7.8831
8.116
7.6008
8.188600000000001
8.1714
7.8746
8.0233
7.902100000000001
7.885800000000001
7.9639
7.696499999999998
8.479999999999999
7.836299999999999
8.123899999999999
7.575299999999999
7.7094
7.589699999999999
8.006400000000001
7.5351
8.0851
7.59
8.528
8.1685
8.185300000000002
8.5555
8.348800000000002
8.1822
7.988200000000001
7.887500000000001
7.913500000000002
8.0585
8.1119
7.936199999999999
7.9123
8.050299999999998
7.752999999999999
7.6972
7.871400000000001
8.141100000000002
7.782700000000001
8.1481
7.704800000000002
7.5559
7.673499999999999
8.0008
7.7592
7.8834
7.9102
7.895600000000002
7.976199999999999
7.9638
8.1607
8.086500000000001
8.0755
7.9292
8.026900000000001
7.880400000000001
7.504099999999999
7.3088
7.7945
7.5112999999999985
7.7204
7.8913
7.731899999999999
7.9136
8.207699999999999
7.7895
7.3441
7.464599999999999
7.903399999999999
7.808499999999999
7.5455
7.615800000000002
7.556800000000001
7.255
7.690099999999998
8.0478
7.803199999999999
7.893399999999999
7.588200000000001
7.366500000000001
7.709499999999999
7.646700000000001
7.705799999999999
7.8471
7.754400000000001
7.6921
7.765199999999998
7.8308
8.219100000000003
7.670999999999999
8.0196
7.408
7.7801
7.6352
7.4975
7.428800000000001
7.464600000000001
7.7401
7.849499999999999
7.921000000000001
7.4998
7.500900000000001
7.409300000000001
7.323199999999999
7.9505
7.499199999999999
7.7353
7.8142
7.320100000000001
7.760100000000001
8.0404
7.9152
7.9709
7.8088
8.001500000000002
7.596699999999999
7.6985
7.633299999999999
7.431700000000001
6.9079
7.162000000000001
6.821200000000001
7.1038
7.0078
7.2672
7.1747000000000005
7.202199999999998
7.0857
7.069399999999999
7.283899999999999
7.2555
7.503299999999999
7.1229
7.5828
7.435300000000002
7.5821
7.7423
7.6962
8.019499999999999
7.784300000000001
7.786099999999999
7.500000000000001
7.8809
7.8494
7.8775
7.965599999999999
7.696899999999999
7.439000000000001
7.589699999999999
7.397300000000001
7.5493000000000015
7.0745000000000005
7.089299999999998
7.594700000000001
8.1878
7.599200000000001
7.425099999999999
7.595600000000001
7.730599999999999
7.848199999999999
7.536799999999999
7.482900000000001
6.938900000000001
6.953099999999999
7.4924
7.6414
6.9441
7.038499999999999
6.6256
6.106599999999999
5.6402
6.3647
6.323800000000001
6.928999999999999
7.009999999999998
6.4117
7.0161
6.763400000000001
6.854300000000002
6.5592
7.1677
6.651600000000001
7.101699999999999
6.9357
6.8156
7.1893
7.694400000000001
7.288699999999999
7.3083
7.7309
7.893799999999999
7.577999999999999
7.864400000000001
7.540799999999999
7.6358000000000015
7.746500000000001
7.5592
7.977099999999998
7.7839
7.763400000000001
7.650499999999999
7.758899999999998
7.623500000000002
8.1304
7.703099999999999
7.8252
7.854000000000001
7.905599999999997
