42.02
42.51
46.74
73.68
98.31
103.57
105.29
93.39
82.41
85.16
86.46
81.33
73.83
70.69
72.46
75.51
74.32
65.63
60.82
65.52
66.69
63.48
64.82
64.01
64.81
68.1
67.49
65.46
64.38
66.14
68.13
65.73
62.28
62.24
62.34
61.24
63.78
66.28
66.49
69.96
70.05
67.39
62.26
56.74
60.14
64.66
65.9
65.31
65.43
61.84
60.36
66.25
70.5
66.99
65.03
70.42
76.09
77.27
68.72
66.1
67.08
61.72
60.34
57.2
58.73
65.43
63.48
58.7
56.95
56.89
65.71
67.84
64.06
67.74
64.65
66.32
64.53
61.8
62.28
57.63
61.85
59.16
55.75
62.87
65.78
66.11
63.9
61.6
61.05
59.19
60.82
62.31
58.28
65.05
66.27
56.51
59.54
64.69
66.59
70.24
65.42
62.53
64.13
64.35
68.57
70.1
61.37
53.15
58.21
65.36
64.7
61.17
62.9
64.93
61.78
60.85
62.34
63.65
67.48
66.13
61.99
64.31
62.98
65.32
73.0
73.93
71.75
67.67
67.58
67.89
65.35
61.46
60.75
68.68
72.51
68.06
68.46
72.68
68.91
64.89
70.6
64.51
58.59
69.9
71.66
67.36
71.86
75.45
71.13
69.91
70.48
61.79
58.48
60.49
63.52
62.86
61.55
62.25
65.83
64.25
63.26
64.93
60.94
64.33
68.0
63.41
59.85
64.2
66.8
66.64
64.48
63.98
66.06
66.05
63.87
64.42
67.81
65.56
62.66
63.76
72.35
69.21
57.14
61.74
65.45
65.78
66.93
72.64
70.0
61.41
64.35
60.4
58.34
61.31
60.38
66.35
71.6
66.6
68.24
69.27
63.53
59.25
61.0
66.65
62.26
61.34
67.01
69.7
63.7
56.23
63.58
70.51
66.2
62.6
65.28
67.26
65.49
64.99
67.64
63.21
58.88
60.9
59.37
62.07
60.07
59.03
62.77
60.65
60.45
64.6
60.4
56.27
59.21
63.42
68.93
63.95
59.42
64.03
65.58
62.54
63.25
67.26
64.15
62.88
61.58
61.47
62.31
58.93
65.19
64.81
62.14
63.99
64.52
66.72
66.58
66.75
65.02
60.96
63.67
68.16
61.95
61.13
61.51
60.42
70.17
68.86
62.14
65.96
69.8
68.37
61.68
60.28
63.9
62.79
61.17
63.59
61.29
59.22
60.18
66.61
66.01
60.02
60.45
55.12
55.05
58.73
62.92
66.53
64.28
63.6
63.95
63.04
66.31
66.0
65.55
65.28
58.7
57.45
59.95
65.21
66.04
64.95
63.75
64.58
67.0
64.96
65.07
65.67
65.46
67.63
66.31
57.44
57.64
67.27
66.47
57.75
55.96
59.28
61.94
59.13
57.05
61.48
66.92
64.78
66.6
70.33
63.47
62.86
61.07
58.3
61.79
63.3
65.03
63.7
62.78
60.19
61.36
64.45
62.46
65.88
65.38
57.41
59.51
63.2
59.85
59.07
60.63
61.7
64.21
64.28
63.66
65.27
54.64
55.92
64.6
59.72
60.08
62.42
65.73
64.25
62.67
63.65
65.8
65.2
59.53
61.14
60.96
56.89
58.88
64.0
63.37
64.11
64.81
63.44
66.64
66.27
66.58
66.85
59.36
58.46
61.06
57.91
59.2
59.56
61.86
67.81
68.35
65.4
64.37
60.02
59.55
58.19
58.73
65.13
60.69
60.49
67.02
65.1
58.45
54.4
59.04
61.76
59.74
59.9
58.97
63.75
64.78
59.32
59.47
66.45
68.99
63.04
61.15
65.72
66.48
60.3
59.5
60.21
59.55
62.77
63.41
64.52
60.58
56.66
57.64
60.74
61.26
59.31
58.04
60.71
62.2
56.69
54.81
57.22
56.01
52.39
56.34
63.96
65.76
63.04
64.16
66.6
68.61
63.69
58.98
63.82
65.68
60.74
61.19
65.73
64.74
66.39
67.39
61.28
57.89
64.37
68.98
60.45
58.28
64.4
67.12
63.98
56.71
57.08
63.35
66.88
62.48
64.02
65.65
63.64
57.53
57.19
62.38
59.34
58.83
62.16
61.83
60.36
60.58
60.09
60.79
65.15
62.08
56.63
58.04
62.97
64.95
59.49
57.83
55.69
57.06
61.57
65.85
64.03
64.2
70.01
67.14
61.9
60.78
54.87
55.96
59.88
59.45
60.37
60.79
67.44
66.2
59.16
56.56
59.81
62.51
61.37
61.83
61.67
61.89
58.56
56.76
60.85
61.67
60.36
61.92
61.41
57.31
61.42
62.48
58.16
61.55
59.52
61.28
68.57
66.42
63.67
63.27
62.64
61.77
60.55
66.06
68.73
65.58
61.64
56.56
57.64
61.41
63.45
60.5
62.9
69.13
64.91
60.67
60.18
64.13
63.3
61.49
62.84
63.13
66.26
59.69
53.35
57.68
59.99
64.55
68.81
62.55
62.51
63.81
60.67
62.63
63.56
64.71
64.73
63.77
63.38
61.23
62.22
62.56
62.88
61.62
56.02
59.68
64.25
63.24
61.37
62.62
60.86
61.08
64.98
58.51
58.19
60.46
62.99
64.97
58.49
57.78
65.56
66.91
63.47
62.6
61.54
64.33
63.07
