27.44
30.74
40.49
63.45
81.29
87.06
99.7
105.92
93.08
92.32
89.0
81.15
75.79
74.16
72.07
72.44
69.73
63.33
67.58
67.08
71.34
68.43
67.24
70.42
71.58
71.97
67.99
63.79
67.43
63.02
66.01
68.39
65.74
64.27
63.71
61.95
68.71
63.86
66.03
65.81
65.97
64.81
67.91
64.7
59.81
63.82
64.88
64.95
65.45
61.91
65.28
63.4
67.47
63.35
59.87
66.04
65.67
64.58
62.01
66.54
63.15
55.83
60.6
65.6
62.96
59.81
63.5
60.8
58.18
57.34
61.49
61.22
65.46
66.95
63.92
65.41
61.08
62.79
60.84
57.72
60.96
64.0
62.36
63.65
66.43
67.18
67.76
60.65
63.55
65.54
60.78
60.12
63.75
64.76
61.92
64.24
60.02
66.67
62.68
64.12
60.21
62.16
63.03
57.13
62.25
63.32
61.54
68.09
63.84
66.02
60.65
62.11
64.14
62.85
60.93
65.73
65.89
59.9
67.02
63.26
61.58
61.9
62.83
64.24
62.03
65.09
63.48
64.67
67.79
66.02
63.38
62.8
60.88
65.8
70.09
68.36
64.11
64.88
57.89
61.0
68.51
68.7
63.9
65.85
64.96
64.42
61.45
65.59
65.5
62.23
63.06
60.45
62.1
64.22
61.24
60.9
56.0
60.32
61.5
61.28
68.72
66.08
61.27
64.9
63.66
62.93
61.59
61.56
64.94
65.13
62.26
66.21
65.22
60.23
60.21
60.14
68.27
62.91
57.5
63.06
63.48
60.61
58.04
59.73
66.89
58.03
69.44
62.49
62.56
62.78
60.28
62.87
60.71
61.29
62.81
61.9
61.61
60.54
64.55
61.68
59.33
57.43
62.69
66.03
59.33
66.96
63.19
59.1
60.11
63.48
57.89
63.65
65.75
64.14
65.33
62.7
62.42
67.46
67.32
67.43
60.98
59.12
60.45
61.08
60.17
58.65
65.0
62.24
62.32
61.7
61.56
62.02
62.97
60.24
61.19
67.11
60.15
59.21
58.85
59.0
59.67
63.94
62.77
61.36
62.26
63.65
59.53
61.16
61.46
59.4
59.73
59.93
65.0
64.54
63.21
64.59
64.32
59.09
57.72
62.18
65.36
63.4
66.28
63.38
58.41
66.91
62.48
64.69
61.42
60.72
62.25
57.43
62.56
60.92
63.29
65.7
59.18
55.98
61.57
59.9
65.15
62.07
56.51
60.08
58.32
66.14
62.41
60.16
60.78
60.41
62.66
67.79
66.68
64.61
62.34
62.81
60.03
63.91
57.95
64.99
58.2
59.53
57.82
64.47
59.61
63.66
64.35
61.83
69.29
65.31
59.94
60.87
61.93
62.86
64.99
55.32
59.52
60.08
58.08
65.88
64.46
58.89
62.54
64.36
59.52
64.02
60.37
64.81
63.76
61.92
59.22
58.26
61.75
62.66
60.63
57.12
60.92
60.26
65.26
59.33
62.44
59.59
61.48
60.52
57.66
61.07
62.91
61.78
59.5
61.69
64.93
64.79
59.63
63.41
62.61
63.02
60.84
61.14
62.41
65.25
65.85
65.81
62.52
63.72
60.79
67.26
59.41
60.4
61.57
59.77
61.52
58.85
60.87
58.33
57.9
61.59
60.37
64.6
60.5
53.3
57.73
57.99
60.33
59.61
60.59
64.67
64.02
61.5
61.8
65.99
59.3
58.0
60.57
64.88
61.46
64.19
65.86
60.78
60.59
59.14
60.41
58.91
63.44
65.04
63.7
58.91
65.43
62.03
60.52
63.62
66.53
63.67
61.53
61.51
67.42
62.9
59.39
59.7
62.66
63.92
56.17
65.67
60.41
62.57
62.78
62.59
65.36
63.32
59.45
65.92
63.36
64.53
61.11
60.92
58.85
62.66
62.89
60.35
64.98
62.92
57.58
62.42
67.34
63.14
62.88
65.24
61.4
64.7
57.68
64.41
61.84
65.26
60.17
58.03
59.15
62.26
60.14
60.03
64.34
66.46
63.8
63.74
60.31
61.25
57.13
59.89
63.77
59.12
59.25
66.18
58.34
51.41
61.51
63.79
59.49
62.54
65.05
63.06
59.19
59.91
59.95
63.13
63.5
59.53
63.61
60.79
60.42
61.25
58.79
67.26
63.68
61.22
66.23
59.95
62.01
66.17
61.71
56.36
65.67
63.35
64.43
59.8
65.29
59.82
60.53
64.06
64.07
63.77
61.29
61.88
60.89
62.04
66.68
60.02
59.59
65.62
61.49
64.06
64.97
65.3
62.18
58.77
60.32
57.2
62.56
65.42
61.07
59.38
57.41
63.22
62.56
65.5
63.85
61.28
59.08
65.23
59.75
59.1
62.64
60.68
60.1
61.19
59.69
62.32
59.03
64.03
60.34
54.84
59.57
59.57
55.35
58.45
58.61
65.93
63.91
63.94
61.97
58.8
57.87
60.09
60.65
60.91
59.09
56.78
66.34
63.26
63.96
61.96
63.41
60.39
61.82
62.33
62.92
62.52
54.87
58.46
62.96
61.41
61.76
64.98
60.34
53.61
57.95
59.61
59.5
58.92
66.63
60.99
60.69
65.15
64.74
61.54
57.19
64.99
68.91
66.86
64.15
56.56
63.23
62.75
