25.83
28.78
39.07
68.11
81.93
82.08
99.64
99.32
90.1
91.84
84.92
80.07
72.74
70.43
72.83
75.91
69.72
65.82
69.63
70.4
68.76
59.63
63.12
72.76
66.71
73.13
66.83
68.06
69.76
63.6
65.53
65.6
63.65
62.47
63.82
59.32
64.55
64.41
66.33
69.53
67.12
62.62
63.13
62.75
58.12
62.76
65.36
59.7
64.31
63.76
69.95
58.71
65.95
57.46
62.49
66.23
66.67
68.14
63.76
66.44
59.9
59.26
63.42
63.23
64.5
66.24
65.42
61.3
60.8
55.9
64.11
59.94
65.3
64.0
62.43
65.3
63.46
60.18
63.11
55.85
63.91
64.33
64.37
59.09
64.83
64.47
61.52
63.02
60.45
62.29
63.17
64.54
63.59
58.17
60.93
64.59
63.49
69.18
62.32
64.06
61.39
59.88
63.54
60.88
60.88
66.27
63.59
65.63
67.53
63.93
62.49
63.81
60.72
62.27
58.11
65.42
66.35
63.27
64.23
62.09
59.94
61.95
63.33
63.3
67.57
61.95
64.3
64.29
67.58
64.03
64.75
66.69
58.62
67.45
65.14
65.69
64.74
60.79
59.55
65.29
68.64
68.35
63.54
62.01
64.71
61.66
65.15
64.46
62.83
62.75
65.22
63.96
60.53
64.67
63.3
62.9
60.29
61.26
61.61
64.72
63.03
66.06
58.55
67.23
69.0
61.42
61.52
60.81
68.46
63.64
60.33
63.02
63.25
61.65
63.41
62.0
65.89
60.0
60.37
59.86
62.94
60.55
63.43
59.83
65.02
58.7
65.94
63.46
62.81
65.47
61.05
56.53
63.06
57.83
59.64
62.89
63.28
59.98
64.11
61.46
61.39
61.44
62.01
70.42
62.55
63.35
59.0
59.21
68.63
63.77
60.18
64.19
66.26
67.39
66.46
58.58
61.14
65.77
70.87
59.68
63.22
60.72
57.65
60.74
66.25
57.49
66.74
61.58
60.38
68.39
60.72
60.46
58.69
59.67
62.72
63.6
66.66
66.02
60.14
63.3
63.31
61.01
62.11
63.08
60.07
65.21
63.91
61.71
60.93
57.33
62.41
66.12
65.82
69.18
68.19
63.49
64.09
63.1
63.76
63.15
62.54
64.43
62.15
63.64
64.16
61.56
65.68
64.46
61.48
63.74
62.33
62.54
62.5
64.44
65.14
66.72
66.67
56.86
60.8
59.37
61.39
60.45
57.91
57.97
61.42
61.21
65.82
60.93
60.94
63.24
60.07
67.35
66.44
65.07
65.66
63.52
56.68
60.9
59.04
64.51
61.23
62.46
63.59
58.32
61.15
61.51
62.83
64.64
67.07
63.37
59.67
58.56
57.98
60.88
66.93
60.53
64.01
59.35
62.73
60.67
61.5
62.39
63.26
62.95
61.77
62.13
61.48
65.95
63.17
59.72
58.88
61.1
61.57
58.77
63.78
55.54
61.73
62.45
59.01
60.44
60.98
62.17
62.27
58.51
61.65
61.63
61.36
63.51
62.27
59.35
65.14
64.74
57.55
63.96
61.25
62.89
58.49
58.71
59.46
62.02
66.19
69.82
65.19
67.21
59.26
63.0
57.79
60.09
61.76
61.31
61.78
57.95
62.54
62.92
64.78
62.81
62.69
65.32
59.74
59.49
54.94
55.8
64.83
59.16
61.1
62.94
62.23
59.32
63.1
67.03
59.85
57.74
57.67
62.62
65.67
67.92
63.41
60.5
57.58
61.78
58.92
58.83
62.6
59.13
59.32
60.23
58.38
60.6
59.98
61.69
63.12
68.22
62.03
62.97
65.68
64.45
61.04
61.41
64.27
60.14
57.78
63.97
62.79
64.47
61.19
61.29
61.26
62.15
64.69
62.3
65.53
58.63
62.46
61.64
58.45
59.23
62.5
61.27
64.37
63.23
59.23
61.17
61.68
70.56
62.62
67.27
63.74
66.96
61.4
64.49
60.27
65.82
64.39
60.52
57.34
65.21
61.26
61.94
59.3
67.57
66.93
61.85
58.07
60.61
54.6
58.34
61.06
61.64
62.4
59.93
55.42
54.09
62.78
62.97
58.79
59.54
63.21
66.64
58.87
62.4
58.51
59.7
59.1
63.03
61.74
62.94
64.05
66.24
61.3
60.17
66.14
59.14
64.26
61.73
59.51
69.85
62.26
57.04
63.85
61.01
63.69
62.69
65.45
64.35
63.87
68.51
61.57
63.59
63.29
62.0
57.49
56.63
57.23
59.29
61.12
56.63
57.79
63.16
64.67
64.37
60.6
58.76
58.57
59.25
60.84
60.86
58.31
61.94
65.5
64.85
64.12
63.5
62.49
67.32
59.98
61.44
59.46
60.86
65.06
61.31
62.68
67.61
59.72
65.24
57.37
65.68
61.75
57.31
61.3
61.29
64.15
55.25
59.64
65.87
64.32
63.07
67.21
58.02
59.87
59.77
61.4
61.36
59.3
60.63
60.19
64.42
59.52
64.57
64.07
58.33
64.81
60.76
63.5
60.15
57.01
60.63
58.82
66.5
60.61
62.86
64.48
58.46
59.19
59.12
59.19
62.76
67.48
61.68
62.97
61.12
64.91
62.13
62.41
61.23
65.16
61.36
58.44
60.6
62.81
62.43
