-4.6788
-3.8599
-1.8994
-0.0421
1.0658
2.0283
3.1947
4.2124
5.435299999999999
6.9361
8.2863
9.9741
11.947400000000002
13.610600000000002
14.8928
16.0443
17.2246
18.2494
19.1853
19.9877
20.4675
20.915800000000004
21.469300000000004
21.900799999999997
22.4603
22.8297
23.0952
23.2962
23.4108
23.85110000000001
24.0354
24.0724
24.2381
24.4899
24.8006
25.0427
25.173899999999996
25.196
25.234900000000003
25.359500000000004
25.5647
25.604599999999994
25.5801
25.7132
25.743
25.752499999999998
25.8074
25.8574
25.9398
25.9758
26.209
26.3532
26.325799999999997
26.3962
26.326000000000004
26.281700000000004
26.4247
26.3873
26.320900000000005
26.352200000000003
26.310799999999997
26.3906
26.421299999999995
26.5059
26.6298
26.5632
26.4435
26.344300000000008
26.445100000000004
26.608099999999997
26.65019999999999
26.6479
26.68379999999999
26.807300000000005
26.8162
26.6562
26.7047
26.8589
26.7992
26.7704
26.835500000000003
26.718300000000003
26.7778
26.975900000000003
26.8492
26.7659
27.0095
27.0519
26.8268
26.673400000000004
26.8833
27.1758
26.991100000000003
26.9212
26.9975
26.9854
27.0694
27.070500000000003
26.852
26.9485
26.909399999999994
26.769499999999997
26.975600000000004
27.006500000000003
27.026300000000003
26.9412
26.903
27.0524
27.06
27.0251
26.9576
26.9169
27.037899999999997
26.964900000000004
26.960400000000003
27.072699999999998
27.051600000000004
27.004699999999996
26.8975
27.0086
27.220999999999997
27.1624
27.016400000000004
27.1171
27.1801
27.038400000000003
27.0215
27.112
26.96560000000001
26.774000000000004
26.8862
27.0726
26.9743
26.856
27.023300000000003
27.0593
27.028500000000005
27.169100000000004
27.07260000000001
26.9848
27.0678
27.0085
26.895599999999995
26.978
27.065000000000005
26.986
27.0757
27.090000000000003
27.0569
26.9923
26.9615
27.114500000000003
27.143300000000004
27.0046
26.9512
27.0846
27.0859
27.0969
27.181999999999995
27.0588
27.0287
26.965200000000003
26.888900000000003
27.0151
27.1894
27.2311
27.172
26.9988
26.848900000000004
26.719400000000004
26.7086
26.8995
27.0205
27.076500000000006
26.999399999999994
26.9635
26.9851
27.193900000000003
27.238699999999994
27.18340000000001
27.086900000000004
26.9251
26.860700000000005
26.95630000000001
27.262600000000003
27.383400000000005
27.2134
27.1389
27.0819
27.145100000000003
27.1706
27.211400000000005
27.1879
27.028900000000004
27.0022
26.941900000000004
26.9457
27.0799
27.2586
27.1022
27.128300000000003
27.19860000000001
27.088400000000007
27.0288
26.992400000000004
26.95
27.0227
27.1226
27.0335
27.0118
26.9678
26.9938
27.1107
26.9604
26.885299999999997
26.8812
26.8679
27.005599999999998
26.9985
26.952300000000005
26.8593
26.7975
26.8936
26.9391
27.10800000000001
27.2381
27.139
27.069600000000005
27.0653
26.99440000000001
27.0575
27.20030000000001
27.163199999999996
27.3125
27.2723
27.1685
27.1987
27.2226
27.287199999999995
27.2134
27.0939
26.939699999999995
27.0087
27.155899999999995
27.148200000000003
27.1908
27.230100000000007
27.126
27.201400000000003
27.3755
27.148100000000003
26.9673
27.0224
27.097300000000004
27.268600000000006
27.2383
27.1972
27.2126
27.275400000000005
27.2104
27.129300000000004
27.3011
27.205600000000004
27.1276
27.1047
27.0856
27.2279
27.294
27.367200000000008
27.21
27.1518
27.266800000000003
27.2133
27.2399
27.1607
27.105200000000004
27.192
27.094800000000006
27.063800000000004
27.094000000000005
27.0636
27.024799999999995
27.0132
27.1221
27.0651
27.116699999999994
27.1494
26.970500000000005
26.9653
27.0544
27.1336
27.18499999999999
27.209100000000003
27.28250000000001
27.1212
27.1429
27.216200000000004
27.1569
27.168699999999998
27.0984
27.1323
27.201400000000003
27.1655
27.108500000000003
27.142899999999997
27.20359999999999
27.163400000000003
27.122699999999995
27.1943
27.2049
27.1572
27.1172
27.2069
27.2555
27.2398
27.350099999999998
27.3154
27.218
27.265099999999997
27.2271
27.0064
26.8742
26.9837
27.142000000000003
27.2152
27.1803
27.1841
27.2672
27.439400000000006
27.416899999999995
27.202599999999997
27.104400000000005
27.147
27.120099999999997
27.0567
27.04059999999999
27.1201
27.213800000000003
27.0162
27.0707
27.213599999999992
27.1916
27.1748
27.2252
27.3683
27.267299999999995
27.0732
27.105300000000007
27.14980000000001
27.0844
27.101099999999995
27.0464
26.9659
27.068200000000004
27.2085
27.102000000000004
27.100600000000004
27.0492
26.9993
27.075
27.0874
27.1005
26.976700000000005
27.071400000000004
27.215300000000003
27.1596
27.095300000000005
27.0021
26.947900000000004
26.9806
27.108000000000008
27.0885
27.145200000000003
27.1901
27.0829
27.04480000000001
27.0081
27.08900000000001
26.9853
26.9428
26.9638
26.8381
27.051
27.0874
26.8174
26.9036
27.07360000000001
27.0891
27.0335
26.843000000000004
26.7666
26.93810000000001
27.027400000000004
26.957199999999997
26.9929
27.1536
27.114700000000003
26.8613
26.6884
26.9457
27.160300000000003
27.1079
27.085
27.0026
27.182
27.149400000000004
27.012400000000003
27.16980000000001
27.155900000000003
27.0288
26.993100000000005
27.0717
27.057799999999997
26.9451
26.901000000000003
26.882600000000007
26.8943
27.1045
27.07
26.861
26.843000000000004
26.893899999999995
26.919500000000003
26.9399
26.964199999999995
26.9385
27.0766
27.096000000000004
27.0063
26.9959
26.986200000000004
26.9128
26.867200000000004
26.9231
26.888499999999997
26.825
26.704700000000003
26.6137
26.811300000000003
26.8364
26.8189
27.000100000000003
26.8942
26.8754
26.7847
26.7694
27.037699999999997
27.0466
27.1848
27.132100000000005
26.800500000000003
26.857500000000005
27.071400000000004
26.9341
26.886000000000003
27.0851
27.018100000000004
27.0051
26.9415
27.0096
26.9919
26.8497
26.851900000000004
26.867000000000004
26.914699999999996
26.7378
26.7212
26.7914
26.7596
26.8722
26.8428
26.8067
26.9611
27.0268
26.866299999999995
26.8737
26.920800000000003
26.9874
27.042700000000004
26.9289
26.905700000000007
26.855500000000003
26.966600000000003
26.910900000000005
26.7224
26.782400000000003
26.793500000000005
26.780500000000004
26.824
26.8678
26.8499
26.9377
26.9701
26.9516
26.93500000000001
26.677899999999998
26.6063
26.853600000000007
26.8385
26.7899
26.818
26.63209999999999
26.834800000000005
26.8494
26.6998
26.7664
26.6868
26.676300000000005
26.673699999999997
26.7436
27.0241
26.8361
26.465399999999995
26.6072
26.67330000000001
26.532
26.4283
26.464900000000004
26.5274
26.607499999999995
26.71560000000001
26.6738
26.606500000000004
26.7885
26.819000000000003
26.7538
26.816599999999998
26.827400000000008
26.715799999999994
26.501300000000004
26.70669999999999
26.7645
26.651300000000003
26.7067
26.6057
26.5297
26.635
26.8391
26.7997
26.628
26.797200000000007
26.8098
26.861200000000004
26.9203
26.790800000000004
26.8284
26.875300000000003
26.8574
26.786700000000007
26.806000000000004
26.9366
26.862
26.902300000000004
26.9746
26.801199999999994
26.7528
26.788200000000007
26.821000000000005
26.9653
27.0013
26.9707
26.9424
26.893599999999992
27.030199999999997
26.9652
26.8721
26.8353
26.7524
26.9329
27.0312
26.9223
26.875
26.8947
26.971699999999995
26.977500000000006
26.998999999999995
26.8615
26.817
27.0002
27.0116
26.952800000000007
26.933100000000003
26.862800000000004
26.9227
26.9702
26.7881
26.873300000000008
27.02990000000001
27.034199999999995
27.1023
27.1304
27.0977
27.1746
27.21230000000001
27.049699999999994
27.0622
27.173500000000004
27.360799999999998
27.402400000000007
27.1484
