-0.6492
-0.384
0.4951
2.0124
4.214300000000001
5.845700000000001
6.863900000000001
8.365300000000001
10.271999999999998
11.5166
12.3843
13.4464
14.3093
14.924600000000003
15.114999999999998
15.8638
16.499100000000002
17.018500000000003
17.314
17.643500000000003
18.2143
17.9623
18.3744
19.1749
19.474
19.6443
19.7269
20.2063
20.7079
20.765200000000004
20.7681
21.1653
21.2761
21.400499999999997
21.7744
21.6305
21.8091
22.1551
22.1208
22.187700000000003
22.4235
22.5379
22.5619
22.3766
22.4522
22.783099999999997
22.702299999999997
22.6199
22.724299999999992
22.881200000000003
22.8587
22.763100000000005
22.637400000000003
22.7616
22.9485
22.7769
22.8321
22.8893
22.968400000000003
23.017
22.9165
22.8647
22.8186
22.7025
23.052899999999998
23.233999999999995
23.0412
23.116900000000005
22.890600000000003
22.874900000000004
23.2765
23.4024
23.3382
23.2059
22.9894
22.905600000000003
22.9395
23.269500000000004
23.3764
23.209099999999992
23.381200000000007
23.3024
23.0525
23.214600000000004
23.381400000000003
23.5656
23.4727
23.4261
23.702500000000004
23.5303
23.3699
23.33
23.0806
23.156900000000004
23.212900000000005
23.364200000000004
23.4652
23.412499999999994
23.447099999999995
23.4508
23.4058
23.315700000000003
23.4424
23.4985
23.452
23.3814
23.3618
23.395
23.5322
23.4803
23.4577
23.635000000000005
23.5145
23.300600000000003
23.2155
23.3052
23.732499999999995
23.749299999999995
23.704
23.945200000000003
23.6608
23.4961
23.415199999999995
23.4897
23.67730000000001
23.601000000000003
23.6831
23.9626
23.991900000000005
23.6751
23.632600000000004
23.6936
23.5877
23.48690000000001
23.63920000000001
23.8926
24.054199999999994
23.973499999999994
23.8145
23.7751
23.8235
23.7504
23.6687
23.717
23.4811
23.746900000000004
24.044400000000007
23.793900000000004
23.6556
23.8842
24.0588
23.8966
23.9489
23.9345
24.108
24.1975
23.993500000000004
24.0292
24.0268
24.198100000000004
24.3231
24.184299999999997
24.397
24.6655
24.5633
24.6444
24.640000000000004
24.6627
24.6242
24.2801
24.5634
24.638
24.554800000000004
24.3557
24.3336
24.8365
24.8644
24.8677
24.8136
24.6621
24.6076
24.65600000000001
24.794
24.75960000000001
24.527300000000004
24.6352
25.0516
25.1519
25.034900000000004
25.034900000000004
24.994
25.0158
25.2958
25.4069
25.3377
25.2759
25.1801
25.179900000000004
25.1997
25.3066
25.403499999999998
25.4109
25.3213
25.289800000000003
25.3445
25.455400000000004
25.5634
25.378
25.3741
25.459000000000007
25.3927
25.363699999999994
25.413
25.5647
25.7326
25.7733
25.5715
25.6272
25.7059
25.6563
25.613200000000003
25.4282
25.4212
25.3849
25.6345
25.6626
25.675500000000007
25.8981
25.8152
25.8321
25.7401
25.7344
25.9203
25.795500000000008
25.6589
25.638
25.8704
25.9802
25.8539
25.865800000000004
25.7474
25.8523
25.785300000000003
25.440700000000003
25.497000000000003
25.8176
26.0126
25.832
25.6561
25.687199999999997
25.773800000000005
25.933499999999995
25.972900000000003
26.0449
26.095
25.8748
25.5337
25.5521
25.7677
25.898800000000005
25.8679
25.8074
25.960400000000003
26.0039
25.9667
25.722700000000003
25.73390000000001
25.9136
25.7455
25.9148
26.0972
25.9969
25.9394
25.995
25.954
25.761099999999995
25.7148
25.8538
26.1242
26.11970000000001
26.07350000000001
26.1524
26.15149999999999
26.042199999999998
26.004700000000003
25.984300000000005
25.83750000000001
25.9637
26.01430000000001
25.791899999999995
25.4362
25.4937
25.7206
25.6546
25.8968
26.1012
25.8936
25.9601
26.2575
26.2379
26.114
25.9248
25.9412
26.1271
26.1474
26.0565
26.129900000000003
26.138500000000008
26.0763
26.2124
26.2464
26.1549
26.1794
26.136800000000004
25.987299999999998
26.0497
26.0261
26.2005
26.2284
26.23529999999999
26.400199999999995
26.203500000000005
26.1369
26.1765
26.2058
26.0794
26.056199999999997
26.0295
26.1077
26.387000000000004
26.381500000000003
26.455099999999995
26.345599999999997
26.348400000000005
26.3294
26.1708
26.3088
26.4512
26.4995
26.353400000000008
26.373800000000003
26.343100000000003
26.210500000000003
26.285900000000005
26.412099999999995
26.46569999999999
26.2051
26.1426
26.36780000000001
26.5842
26.4612
26.147099999999995
26.2573
26.4487
26.3431
26.3125
26.471699999999995
26.371800000000004
26.23840000000001
26.437900000000003
26.496800000000004
26.2858
26.0695
26.1357
26.4904
26.213099999999997
26.08740000000001
26.4287
26.267700000000005
26.294
26.4344
26.4211
26.4627
26.318100000000005
26.284400000000005
26.37560000000001
26.1622
26.1285
26.2624
26.368700000000004
26.5585
26.4436
26.3131
26.2675
26.2042
26.3108
26.3943
26.54469999999999
26.3895
26.2695
26.320799999999995
26.1938
26.2839
26.3121
26.27
26.2304
26.1299
26.17590000000001
26.4524
26.1882
26.286800000000003
26.596200000000003
26.354099999999995
26.4893
26.5595
26.494
26.4175
26.2434
26.314799999999995
26.502
26.517699999999994
26.4331
26.3251
26.2507
26.2918
26.427899999999998
25.9052
25.935200000000005
26.4867
26.4112
26.4794
26.426800000000004
26.2372
26.413199999999996
26.4914
26.3035
26.4779
26.4555
26.4141
26.7143
26.627099999999995
26.3397
26.2982
26.599100000000004
26.542800000000003
26.2905
26.418499999999995
26.279299999999992
26.1346
26.3312
26.4011
26.4491
26.4982
26.368500000000004
26.4841
26.491
26.3629
26.1285
25.87090000000001
26.287499999999994
26.168499999999995
25.9058
25.5027
25.6265
26.405199999999997
26.2406
25.9051
25.9651
25.894600000000004
26.012
26.38790000000001
26.129
25.9307
26.1395
26.298900000000003
26.2126
25.9235
26.0319
26.2064
25.8934
25.9737
25.8438
26.079
26.5338
26.516700000000004
26.4247
26.1718
25.9468
26.0514
26.224100000000004
26.233999999999995
26.226500000000005
26.21569999999999
26.5077
26.1913
25.964
26.318100000000005
26.4734
26.510600000000004
26.4161
26.397099999999995
26.1603
26.1432
26.2371
25.981600000000004
26.277600000000003
26.7317
26.4907
26.274100000000004
26.331000000000003
26.3394
26.3198
26.234900000000003
26.344
26.540799999999997
26.518
26.412299999999995
26.376000000000005
26.4309
26.339900000000007
26.373700000000003
26.6753
26.268899999999995
26.115900000000007
26.4611
26.23070000000001
26.1787
26.278900000000004
26.452800000000003
26.4278
26.1969
26.273900000000005
26.562
26.643700000000003
26.335600000000003
26.337100000000007
26.1919
26.2024
26.5583
26.5872
26.566999999999997
26.490099999999995
26.327
26.223300000000005
25.7031
25.878699999999995
26.4261
26.2557
26.253500000000003
26.084799999999998
26.1677
26.4069
25.90440000000001
25.83600000000001
26.3633
26.2217
26.178
26.3929
26.397399999999998
26.316800000000008
26.156400000000005
25.9936
25.956900000000005
26.0247
25.8494
25.8822
26.23670000000001
26.297
26.2836
26.2743
26.1679
26.2671
26.2909
26.2155
26.2032
26.367700000000003
26.395100000000003
26.231999999999992
26.1309
26.2722
26.408500000000004
26.3226
26.370200000000004
26.3159
26.370700000000006
26.242
26.0947
26.3969
26.347300000000004
25.9757
26.104
26.243400000000005
26.1751
26.16
26.1914
26.323400000000003
26.350500000000007
26.2328
26.327800000000003
26.2268
25.974200000000007
25.952800000000003
26.0392
26.2447
26.274300000000004
26.209299999999995
26.1443
26.2192
26.2251
26.140300000000003
