-4.723687769927691
-4.292712227416336
-0.3778296548748731
-0.765485812389102
1.0694826370872912
3.741005207623222
4.42443759104277
6.290484751664534
6.45915295853649
9.992723196913623
10.432918004328128
10.279536328432565
12.931948325232238
14.278928623189895
15.449363396029725
14.555600820441114
15.423487894686527
17.84873739107786
15.908365984663941
17.74092572289118
19.46932678247648
18.38118912124927
19.103603561317563
20.88400809254434
20.18097062128728
20.324397273295602
19.597025963052765
21.696344471589523
21.039926918170988
21.653977887814015
21.366251078170347
22.470193727552857
22.84408879916709
23.670121628390017
23.392383530732495
20.950637392821847
24.233628650129553
21.728350666460354
23.38968134557795
24.962508695680793
25.20491229871696
22.68717651647458
23.363388785140707
23.638227714657962
24.109594659213435
24.325719649029594
25.049819628510402
25.387372529035392
25.033683163413105
24.282529554457483
23.95253037152059
26.55455636498386
23.392661147087097
23.129748740068884
25.63684840973817
26.1634303963424
25.008046093702227
25.85704197465721
24.298667952161942
25.047418740094948
25.982128025368297
26.030890140829683
23.35367577407778
24.65821644297059
25.717474252489495
25.216843752267657
26.00799071808159
24.34035019613778
24.408820636546643
25.442468691476012
25.736046370669953
24.6870207500081
25.892353526927526
26.05415572683129
25.337161601738174
25.598643067490194
26.0969594255047
26.31019635952786
24.526101008238157
25.117843021156393
26.68948157782441
24.64775842898228
26.656220539255543
25.7696571659829
22.693154747729597
25.555200311249333
26.9437763554562
25.93363201715016
24.84402475772414
25.059528466239705
26.629307166352202
25.408221333118053
24.83065642346386
25.571761678952903
24.95827153611507
26.087313690901027
27.394338679057803
26.369890532651038
26.02684068289964
26.404002155018127
26.036590935579078
25.021875281579337
25.606850349360496
24.648681042084597
23.986803258210255
26.35306691295694
27.393650347775
25.605697795319394
25.846107774064468
27.11771625643849
24.678564768516953
25.45148179558962
26.114877622116346
25.299101177562214
27.40322816222561
26.214713728534274
27.25735243444671
26.468125372129332
25.90886252688466
26.585307024253154
26.87973852172172
26.0625206619238
24.139213549938813
25.85681334757502
25.534295097524478
25.770980678950004
25.867802808775235
27.504352509011635
26.829956836893057
24.846774866502273
25.517245207010767
25.60638608955562
24.334949305311177
27.187670558996256
26.156040065252775
26.898937963475454
25.81774850369927
26.324987115276684
26.670024819687434
23.924944179093742
26.70987914825785
24.71689289117033
24.900781018411912
25.429229868689305
26.57504791350214
26.318067427814423
25.69747352474938
26.815122456856635
25.93362675928297
27.04827664136288
25.596079760830648
25.14680051654087
25.78390753145937
25.918471695738855
26.278097427027028
27.08161982794607
24.785734473491065
25.167780564600232
26.593966912361754
25.961091049021565
25.32601412664314
26.33709897039133
26.337703102126824
27.019343036615133
24.759499117548778
26.835549353457317
25.99616216128471
25.429524749602496
26.4032422905435
25.542156758324868
25.9518358987466
26.22483403312439
25.721902158856512
26.767112989587332
25.949038255631756
28.237704917271508
26.244844493784427
24.336730363437095
25.06694844927955
26.35051973752521
25.38692745839301
26.451082111911063
27.221542243018643
26.186345574858564
25.004520649533436
26.69128288439211
25.977862976157798
26.35848656740807
27.323332524345933
25.727156420030873
25.724466626357902
26.409615323261647
27.965769209437138
26.23455967220649
25.645541382791084
26.96522848715628
26.477809260412464
27.096634577350567
24.941204127643868
25.96254272461666
27.36205697642011
25.317390598834876
27.719382518365297
26.700583390872794
24.99063453371189
27.861505295225555
26.758422594698025
26.808200604157868
25.78537824109669
26.96278374036792
24.442865087706192
26.47321814041794
26.984472954652393
27.099844568552307
26.818509721354268
25.50966308064011
26.65762574311075
25.72716194988202
26.32898812989091
26.695835107626785
27.384964630550762
27.436905759495232
26.053329287212524
26.954343083545535
26.415231397594958
28.576873878291792
26.302823388795172
26.16731055712727
25.983792582423472
25.736083603410275
26.94445892448282
25.97992586209441
28.521606916195015
28.0238533318976
25.19860437868588
25.256225548030475
27.39413451980214
25.911188450755027
27.707697313535
26.52219507754159
26.143627263252675
26.256962068734566
26.242042670348063
26.974167694970184
27.794620792036035
27.325896738554086
28.673147153525008
28.167531389912075
26.770176582379673
27.83623529922942
27.65425452250015
27.817840838156588
26.629071174616495
26.64444765931978
25.129169149757058
26.568653874858928
26.984527102154033
26.824909829015013
27.435003568015606
27.290660130479818
27.295020567263567
27.04663646175721
27.802943176108602
26.890500411192043
27.147200824471884
28.195882412379085
27.958987589580442
26.427263215612385
28.07958194302874
27.14071277598141
25.89324093272112
25.966415969194838
26.734045657903692
27.309477233125
25.908879138163467
27.013683425085077
26.76815605700931
27.175074286885046
24.718249175930204
26.66404973332835
28.353677939258887
26.25828015491199
26.713130215558408
26.58074962537936
27.588656999646652
26.69193596008959
27.287738109907423
26.239099509121377
26.4695376580163
26.43435565420919
26.043812308691116
26.842336114187212
25.60649730522322
27.192802779062514
27.509838901427532
27.40834188117325
28.07196152752175
26.509077634165095
26.91236504230733
27.44834563933204
27.202135653529815
26.749775987730896
26.282959878697294
26.085851348864047
27.415913968296092
25.800050910679033
26.774064076606344
26.722832150377076
25.03705000377772
27.55345277392903
27.23723470069972
26.35363293032497
26.114688198402547
27.90481248016072
27.945500477729173
27.26417539081212
26.222761690971584
27.027030601977117
27.276481323034727
26.96497473106327
27.578109125412265
25.808797507691043
27.214369225852614
26.53705331818269
27.518763358296052
27.102700118716303
28.399698591511832
26.63334740451604
26.276194548260413
26.583146432227352
27.847548836944505
28.315458950570566
24.524320749910665
26.1095042647214
26.777090937126502
28.255098542272968
26.852741094714816
26.718017668404883
27.03533319791466
27.757017956734853
25.80195346948052
27.929985228130825
26.014927809707565
26.359324999443327
24.5307674965454
27.441414332460738
25.85923295301768
25.9832269703664
25.825414285852606
26.297628603783743
27.621926435896842
26.686265371405124
25.34005405190385
26.40685783693626
27.815705503005347
27.294916119872475
27.152829474471588
27.46800398467925
26.84359041360969
26.170828010654013
26.937547252901606
28.26214038935567
26.878557695810038
25.8274186096047
26.44516381551069
26.913913887080078
25.751807799142636
26.345563718890325
27.165727806723886
26.819995325889245
26.102709080688765
28.798331376509317
27.28117065374908
26.742093583537933
26.47157447948274
27.913601355367888
24.922668998390602
26.26125029415643
27.005619760083697
27.487291283682897
27.04560273121736
26.907118115287346
26.088240922065598
26.443884458418115
26.18076363298594
26.241582335265843
27.661494999911856
27.757396786349524
26.1547495999557
25.95728749307373
28.675220300858474
27.03526613632606
25.853848271211763
25.091872033408094
27.14910249944047
26.11779368411838
26.231647552440258
26.796250752549973
26.39127189091014
26.423611415074948
26.53491019989759
26.14111837485741
26.49379556779641
27.966305973895174
26.124793132196242
25.870879577217444
26.79760605673071
27.591405081215534
26.82751191883433
26.587057304469727
26.889832836237368
27.675323830340538
26.593501636665223
27.964601846698645
25.55684721680637
26.180594850984598
27.565865864003108
25.13181349056272
26.097690237507827
27.366454735965373
25.848238630478114
26.324098913675932
27.317433041524033
27.65720540914213
27.558844983228965
26.703095651785816
26.19493176491425
26.951098389319178
27.737064072653858
25.825847876535608
26.527576496552786
26.483093182345545
27.3333134670724
27.499183828251027
25.93311019887492
26.28893334658636
24.985498985513857
25.94918660098913
26.762910624009788
26.491985246078094
27.94776841253178
26.792009460715605
26.358764556584475
26.176412807392524
26.193458817124842
25.272253262047645
27.759061947106225
27.45357047201229
26.260995930428663
26.775584159132517
26.831031206412966
26.247715460059897
27.834031685848373
26.862814863076316
27.194748648082395
27.45439964418628
27.567367163263746
26.705068977062133
27.232485765700762
26.111053704660247
26.342856963411897
25.098603510151946
28.602211350069677
26.372074770302778
25.176971194608658
27.747697987315057
26.877637300832173
27.766124974468177
27.261229540945884
27.865578368231166
25.88695531589686
25.226142940383944
26.293290492279233
27.54744199096735
26.49788963004995
26.73047214119015
26.285494593579433
27.395512497125754
26.08863709691324
26.886577896640823
27.195628322640157
25.80679200995944
26.69728866780049
27.20057127294117
26.349165210346758
27.335030202911174
27.963140595448255
26.990650210629042
26.61511544381522
27.978173387552317
27.466394580739745
25.68357107097786
26.586080797332727
26.427629482177917
27.25314570826246
24.779435952235886
25.75601756626437
25.704250666354778
25.824823319344127
26.575131625396022
27.198385526357743
25.69967122579382
26.56281274269412
26.104474843699553
28.431386217709775
27.932252119654056
26.472276994583375
27.42692608333971
27.037908651486884
25.86425433571611
27.17036835749037
27.31422952983745
25.51117730690863
26.48424194027529
26.001480312247583
26.719974678430027
26.007667277213443
26.733508339052786
26.036897481522704
26.254484009417194
25.605948589348138
26.72764789082778
25.962826078168696
28.27836689596496
25.856656001478502
27.101179449672987
25.788175512791714
27.30214124680674
26.304715418829637
28.62516489551756
26.819325012479993
26.859441806968533
26.4564352668146
27.08800112298055
27.275306204877324
27.550166490289634
27.919616037253945
26.508691443397463
27.115041028029292
26.749424621986446
27.25821355576308
26.42321666331133
27.56073318571481
28.267025495973677
25.2459767006926
26.980458778666435
26.961488496647156
26.125238360006602
25.30298694377976
26.145853394279783
26.518200226789663
25.78803667413562
28.3517088646064
25.22446878934922
27.461452593597308
27.625225318181037
26.83715931741571
27.36421291043228
26.249437271257854
27.13140473527926
26.91592210623807
26.020514603598315
28.0068754464799
27.21657695596137
27.02708178837645
26.55353798261114
26.173964020312248
26.790496150987273
28.301006949721817
27.935112638801392
26.22104381391282
26.413607382594023
26.31808460692414
27.08937362467438
26.21948366146423
26.472476275183872
25.74651051032682
26.638096871789195
27.919329782655346
25.75898061062759
27.33280934146064
27.387037634757974
26.360761040951864
26.472305891618987
27.202881516185336
25.483336301704373
27.32907534475376
27.050807181734854
26.452117983721774
26.231088017315795
27.213783841888652
26.71758955140797
26.90532426538715
26.802789219662724
24.763490547121307
27.022859091388824
26.24983005195542
27.25480403942227
25.40104419900258
26.952027541217625
