-10.586199999999998
-9.1172
-5.266900000000001
-2.2512000000000008
-0.7855999999999997
0.4743
2.1284
3.8048
5.6095000000000015
7.1995
8.0864
9.1889
10.2366
11.1603
12.3904
13.9055
14.6648
15.1529
15.776799999999998
16.576699999999995
17.2782
17.6813
18.2444
18.839
19.362
19.73
20.0138
20.2496
20.5185
20.8294
21.06
21.1197
21.1222
21.4293
21.6133
21.662500000000005
22.035
22.401
22.375800000000005
22.764
23.250099999999996
23.157899999999994
23.277600000000003
23.3325
23.3255
23.5977
23.6779
23.619099999999992
23.6675
24.0145
24.4361
24.632099999999998
24.7586
24.8256
24.6441
24.5651
25.0096
25.2368
25.232
25.1054
24.9174
25.1366
25.423500000000004
25.3918
25.2693
25.190900000000003
25.2251
25.4161
25.638199999999998
26.0285
26.078000000000003
25.7673
25.6556
25.601700000000005
25.7434
25.94260000000001
25.9109
25.8457
25.8837
26.0498
26.022300000000005
25.982700000000005
26.1105
26.085800000000003
25.9829
26.1549
26.3275
26.228499999999997
26.1683
26.218599999999995
26.278099999999995
26.165400000000005
26.062900000000003
26.123100000000004
26.3214
26.3174
26.207200000000007
26.3149
26.4336
26.4403
26.3149
26.4253
26.4719
26.357900000000004
26.3857
26.3205
26.451899999999995
26.6335
26.6418
26.7095
26.6996
26.564100000000003
26.5226
26.691
26.7539
26.693100000000005
26.8107
26.6968
26.461
26.5365
26.527800000000006
26.499800000000004
26.51570000000001
26.603
26.6223
26.6165
26.7691
26.6478
26.531
26.7177
26.787900000000004
26.7779
26.5558
26.570300000000003
26.6939
26.684400000000004
26.8837
26.8398
26.8467
26.9436
26.7764
26.6201
26.6884
26.8308
26.8405
26.9566
27.05530000000001
27.0378
27.0082
26.9603
26.877299999999995
26.816399999999994
26.7996
26.8228
26.890500000000003
26.896600000000003
26.983799999999995
26.9904
26.951600000000003
27.032200000000003
27.0089
26.9108
26.945200000000003
26.828000000000003
26.7569
26.7692
26.796599999999994
26.889800000000005
26.9133
26.7834
26.8819
27.0081
26.8803
26.9023
26.8758
27.0128
27.0576
26.933000000000003
26.7537
26.832000000000004
27.043000000000006
26.864000000000004
26.8813
27.0269
27.020399999999995
26.967
26.9624
27.0853
27.027799999999992
26.989100000000004
26.935399999999994
26.9139
26.9952
26.9179
26.9573
27.1272
26.966500000000007
26.6782
26.9196
27.2054
27.006699999999995
26.7847
26.8192
27.054700000000008
27.2376
27.1214
27.076200000000004
27.0548
26.9973
27.022800000000007
26.8991
26.87
26.9513
27.0185
27.1519
27.0816
27.0406
27.044
26.896599999999992
26.8894
27.0246
27.115700000000007
27.2234
27.168900000000004
27.0187
27.1158
27.019400000000005
26.9986
27.2217
27.353499999999997
27.1865
26.9158
27.014100000000003
27.151000000000003
27.0174
26.8284
26.8668
27.047600000000003
27.205400000000004
27.1916
27.1877
27.2689
27.1301
27.0923
27.300299999999996
27.172200000000004
27.080800000000004
27.0856
27.05540000000001
27.1066
27.1877
27.12250000000001
27.0249
27.0781
27.1254
27.0885
27.0861
27.1028
27.0663
27.1336
27.0619
27.0094
27.2117
27.229599999999994
27.1196
26.989099999999997
26.8698
27.0565
27.1959
27.1397
27.096599999999995
27.1239
27.004700000000003
26.938800000000004
27.0295
26.926600000000004
26.9192
27.192800000000005
27.2372
27.046599999999994
27.0449
27.0415
27.0285
27.0741
27.0423
27.0592
27.119800000000005
27.1745
27.1819
27.2342
27.2513
27.169
27.150600000000004
27.224100000000004
27.2131
27.3795
27.417399999999997
27.269500000000004
27.1296
27.1162
27.1872
27.1076
27.1057
27.1991
27.3833
27.3349
27.228300000000004
27.1217
27.2504
27.42589999999999
27.2514
27.0598
27.003
27.0978
27.218200000000003
27.1643
27.1292
27.1993
27.1953
27.119399999999995
27.011800000000004
26.9395
27.088
27.258000000000003
27.2381
27.2196
27.146400000000003
27.0657
27.132300000000008
27.1546
27.149799999999995
27.2596
27.2988
27.351000000000003
27.289499999999997
27.296499999999995
27.3081
27.0533
27.0094
27.145100000000003
27.0384
26.9501
27.0265
27.1403
27.1805
27.3435
27.2968
27.1276
27.3926
27.2718
27.0346
27.207
27.2993
27.1322
27.0641
27.116700000000005
27.103
26.9734
26.984900000000003
27.21080000000001
27.3173
26.9659
26.781400000000005
27.1946
27.2898
27.0992
27.0823
27.094
27.1753
27.3232
27.350400000000004
27.163
27.0847
27.1034
27.1503
27.0974
26.9836
27.0495
27.0772
27.0037
26.938700000000004
27.1397
27.304600000000004
27.3345
27.236100000000008
26.9726
27.0694
27.2567
27.201200000000004
27.197800000000008
27.2307
27.2518
27.0137
26.9255
27.092699999999997
27.203
27.1111
27.062
27.147700000000004
27.1246
27.209
27.1739
27.1969
27.275399999999998
27.1815
27.2082
27.3015
27.2004
27.1037
27.177
27.2236
27.1366
27.108100000000004
27.048199999999994
27.1346
27.2502
27.2885
27.244099999999992
27.293099999999995
27.447699999999998
27.2744
27.237100000000005
27.2794
27.179800000000004
27.1481
27.0316
26.915399999999995
26.8626
26.9126
27.1126
27.098500000000005
27.0629
27.002
27.0128
27.036800000000003
27.099999999999994
27.2543
27.1135
27.094300000000004
27.2161
27.3409
27.441600000000005
27.3651
27.13760000000001
27.163400000000003
27.44860000000001
27.302900000000005
27.1594
27.201400000000003
27.235000000000003
27.3263
27.15460000000001
27.114700000000003
27.4336
27.4107
27.1238
27.0988
27.2671
27.2892
27.2632
27.14129999999999
26.9861
27.0205
27.094899999999992
27.1851
27.1439
27.0403
27.26740000000001
27.3466
27.1896
27.2047
27.118400000000005
27.184500000000003
27.2586
27.234
27.2268
27.093
27.0319
27.0057
27.0407
27.2691
27.1227
27.015000000000008
27.1351
27.05
27.1701
27.326600000000003
27.3079
27.334099999999992
27.214700000000008
27.1977
27.1753
27.1104
27.1107
27.1885
27.3161
27.283400000000007
27.3433
27.368099999999995
27.487500000000004
27.437400000000007
27.0444
26.937400000000007
27.1668
27.217300000000005
27.2242
27.222
27.145600000000005
27.049199999999992
27.161
27.293700000000005
27.1417
27.265200000000004
27.481400000000004
27.3521
27.184
27.146999999999995
27.245400000000004
27.2286
27.2297
27.315300000000008
27.3097
27.1994
27.2563
27.296599999999994
27.174799999999998
27.135899999999992
27.07260000000001
27.1763
27.262
27.3098
27.264899999999997
27.202
27.3804
27.533
27.303299999999997
27.053800000000003
27.124199999999995
27.1848
27.1743
27.116700000000005
26.9429
27.0109
27.0529
26.9915
27.15770000000001
27.264
27.2797
27.227199999999996
27.186100000000007
27.2141
27.162300000000005
27.2348
27.2365
27.3118
27.3096
27.1459
27.1507
27.1305
27.1251
27.14689999999999
27.3514
27.4047
27.3916
27.30090000000001
27.0436
26.9263
26.9161
26.966400000000004
27.1153
27.2149
27.004
26.98340000000001
26.991100000000003
27.0262
27.3402
27.401000000000007
27.322
27.27399999999999
27.20320000000001
27.08
27.10419999999999
27.30769999999999
27.33140000000001
27.3292
27.2436
26.910500000000003
27.01930000000001
27.2076
27.1928
27.0622
26.936499999999995
26.9866
27.007
27.100900000000006
27.019
27.0567
27.279100000000003
27.1815
27.032499999999995
