-3.56117811548687
-1.5569530857267309
-1.8349856584140913
0.19931444977270718
3.0272499665776342
3.0036044627100615
5.115155000536653
6.831251556535731
8.03258517394033
10.34429545082555
11.18024643546848
12.549415876811967
14.01077101366766
13.708044003462811
15.10152203736938
14.934122482807869
16.083419157196253
16.349963244219737
16.460343215799693
19.213490095944458
17.574384641312673
18.141136114229468
18.457548913878213
21.209184650516796
20.576090830638815
20.759801557767048
18.966699154635624
22.722484528263532
22.014459934195536
21.273900628167247
21.418288767986525
23.16483357533515
23.15310034005257
20.57702918546955
23.505528551257925
21.5019760704805
25.028667657356493
23.655508681438768
21.869655139392776
24.734601534805634
25.733467060496373
24.175004260221172
23.797140399484498
23.853991683676696
25.97557859325915
21.62671369035395
24.9997394629551
24.217469646083657
23.950235627793734
26.282306848409956
24.91806730455888
23.933934386714554
24.07348569284323
22.68557187848408
25.252959322322965
25.549388538575684
26.469699164003135
24.80292357145187
23.584801465649104
24.641705444753946
24.857791513505724
25.25354931503309
23.495374242927205
24.55006964129835
25.15345929388168
25.131677811475758
26.558200004191683
22.861811373827045
26.337222375961865
25.7208683074863
25.25053705097954
25.170787393552004
26.491596981187598
25.13688102654284
26.28208913232632
25.732409189035163
23.672144794028412
26.88230340056738
24.721146694676204
26.204123917493988
25.9832155959728
24.755133093215
26.429732543326494
23.44085664852523
25.257925739933732
24.14793616700402
26.26830046516695
27.18291278691057
27.75946420639118
25.637313076083622
27.509021692770652
26.950634675644338
25.434588852114416
27.215976318507373
25.38059167153662
24.7530450994894
26.10497315412026
26.311216878105306
26.82756411773102
24.402790821372854
27.62529216742497
24.969099635801232
26.83847479202211
25.560629039176572
24.259546681293756
25.45420252511494
27.913155274675262
24.445558293979943
27.21899679276226
26.439154568747792
25.417316370114737
27.007545094070757
26.39767975540806
24.82137269664952
25.822581092871342
26.88278801416605
23.09241148358106
25.64080451381788
25.47878807903357
26.12272969649125
28.121044731177975
27.600420325422682
23.461288484194995
26.577585324790007
24.65987313434782
25.9751433318718
27.044517665042815
25.243580521003228
25.53539047389235
25.585940076867992
25.30470665547545
24.732498587553106
25.30543374672514
24.692594277801803
26.70874858621903
25.23574876762279
26.493190506985968
26.52618070506002
23.70519664951577
25.438179812729143
26.75732827004096
26.517452190660393
26.907107278810482
24.607363806815933
27.401847420587455
24.90194719894819
26.59785302743027
27.213626622778367
27.953394347914365
26.734803361763706
25.275247108646077
25.408357198253626
25.69744767697468
26.662084569124453
27.811602258730666
26.23450511366893
26.4803671920035
27.49747084422686
26.682763306769065
25.649066551443042
26.948851486981948
25.920758637628236
24.997920785595344
25.969822118415532
27.09490158705469
28.617232291018873
24.297886643308004
25.370397199114606
26.522980623435068
25.712598759125072
26.874763339333217
26.496613706594637
27.330467740868812
24.77157589936962
26.623449388622284
26.220279046525974
28.260741502636005
26.840877444230987
26.257508345847427
28.543843807274534
27.426312824403983
25.826344535254933
26.011487568544283
24.65110101040515
26.35078796454848
25.77213234709928
26.348219094896873
28.640658963065675
25.57252471263105
27.324661489530207
25.815481834036923
25.687142561387077
27.16063647028726
26.238192477443743
26.34849945785111
26.19417983513421
25.88623083916498
26.699182171400363
25.822437636803613
27.5661578248435
26.7283133619352
26.621843052949636
26.72483388054239
24.21728457546739
24.588104790049925
26.709129316673636
26.91496748556758
25.002781269453877
25.429035576967692
26.151541393804596
25.69755572311832
27.574339759243777
26.98259174087879
27.934684494724465
27.621486160161616
26.069872811491237
28.100242800888264
25.173489964333953
27.441179688223638
27.492062437137754
26.951848397282006
28.716086046302795
25.433772737024704
26.527121479952147
26.50805980543649
28.749947783294576
27.87232018706042
28.088522860879813
25.996457775685084
26.510146654267032
27.360784215608724
28.352888089777096
27.783319559465557
25.126436580744144
25.70466931951973
25.367596622109517
27.29719255349806
26.26903626222739
25.548178335283154
26.698214999593503
25.874084688443283
27.663449763858033
28.510288841855466
24.892022758453365
26.649670775454254
25.323019240058265
28.315520766601885
26.205876133788983
27.19921151403875
27.61511858237407
26.6326002121998
27.835123078230176
27.502744045596174
26.063902291124975
27.012445761549245
26.160725025623243
26.990887734878875
26.781515748323894
27.93280706154947
27.120383533561757
28.657246876071113
26.12550531264523
27.5858220786034
25.822395235294145
29.452978058979205
26.631784021083977
26.921206076470945
26.529559287112892
27.171180694895877
25.142508952459004
26.74366351359286
27.766289891147636
25.72799278244637
26.910537496004213
25.244065028466196
25.447014602093116
26.56045459984317
27.2366379239254
25.65866458413832
25.90285977510248
25.841520560293684
26.806615635729813
25.92231594196516
28.103329341290806
27.8607790021879
27.50083900257588
26.04572054087784
25.086554252375535
26.664531650387175
27.291305829850565
26.564189153227556
26.717308254005083
24.775309249146495
25.7942154421216
27.113230571345902
26.702897641433008
25.5885058392696
26.18121238247724
26.161890303526643
26.60455998506168
27.718463417423017
26.78837094042879
27.99899505906097
27.02275068664008
28.079725902862037
27.560872455490713
24.77546522769443
26.420297111924416
24.99479732832068
26.5263114986295
26.83846015240399
24.807949810702542
26.640555729235572
27.25195326033691
28.355108811491043
26.80827972329784
25.970773055635853
27.12918489148305
26.648069145253217
27.370323732663508
24.963685109389125
26.519475547341326
25.806499114829347
25.90898791456431
27.637702494438088
26.29607775799496
28.779171015284028
26.544094169197702
25.73542665906901
26.92514520641918
27.415473379569875
27.54245678095633
26.82593298041568
25.50130524652456
27.81070603316539
26.93158248321465
26.704699075829602
26.274100129169913
29.314608876579182
26.974426936449326
26.5432104519479
27.409970954394332
26.728835952923454
26.426088726606384
27.390086612119283
27.2236645105437
26.996745476630643
27.443385678451772
27.524186933109522
28.382151226469347
26.3475712386559
27.725995140813538
27.85980391322724
27.928075899063842
27.401327630114807
24.89087355986377
27.581518628120946
25.618784896993834
27.308921032618947
26.480727530534303
27.593598546624683
27.976277752090613
27.082239082034256
26.894156531542944
27.469796283911148
26.85478687851114
25.779411881861197
26.095928060107163
27.98433177263244
27.701817863823308
25.196912336361034
26.81710980332697
26.657721183994518
28.261669957980097
26.558756056092918
27.344477438761814
24.941034443253013
25.804771682865592
27.45251390786743
27.16454494285458
24.520078475600464
25.597770707149362
27.61632707529176
26.68700154738694
28.840211907117766
26.488632097700776
29.510018764259776
26.424689378044814
26.381777704962726
26.287795875296915
28.799502258567493
27.147936022707263
27.22468357848575
27.634363876494408
27.24863268779795
26.213731453451313
28.030026322691032
27.054819268156432
26.284119192187433
26.90609558995945
27.32996667128704
27.497098615914492
27.291091625118142
27.982759231543692
27.152724840334372
28.066349685003246
26.24464566745605
26.597227966855673
26.38504777543231
27.78703463619089
27.780613415011395
28.31918746503887
28.055074804424358
27.199619152930897
26.652278517661475
25.299745102785007
26.32022457461728
26.98437367418906
24.493184770777347
28.29305175100222
27.28830579904843
26.175784391555204
28.19502656891498
25.984363686823883
26.542060894951874
27.319119833337478
27.222617276716154
26.046659280666272
28.738936693374985
26.158559149844933
27.91781249708518
27.152957679877495
27.8014864615459
27.53445203040767
27.48159647729074
27.23852037297353
26.754097768560914
25.567221250968572
26.472566047933995
28.14858308419396
27.02927040777603
26.877859414207315
26.682957932727017
26.677177832104153
26.734530153949997
26.208864320064997
27.663422190199235
28.05166755796132
26.29653970881182
25.25537828263111
27.150371492552303
26.097222921019174
27.0028245798472
24.635844620807045
26.6434277784643
27.243700613337634
26.543519717024964
27.564580469955924
26.57435571719384
24.590002352782605
27.28608618279489
26.546949929214417
27.22647564041816
25.6435345252071
27.671582601524953
27.20166121116602
27.473024212267156
26.55478994120707
26.49863791735811
27.034697702081008
28.563337740306213
26.93521164141799
26.1360826929509
27.171268344716257
26.39227799752462
26.417028690402425
27.5059942029783
28.461082828155707
26.628126198317524
27.311021885008508
28.43589036838247
26.448370780553404
25.825625863833174
27.517879023380747
24.434210337337372
25.79043789619802
26.4201302089862
27.660583015292893
28.32986166324419
28.418081703355046
26.65275133790086
26.159581263648686
27.384186781458098
26.571082553707708
27.424187242412202
25.970048004941354
27.02074318638769
27.546100037361008
26.682608349755252
26.438163942120973
25.19709340781698
28.796248044130273
26.50989657775065
27.35787924755166
28.62304064364184
29.195761294524594
26.510930664457856
25.685997011466213
26.108437635101705
26.14224377042072
27.16463260952861
26.012953491670608
24.75425619940134
26.811323238618623
28.34822925271172
27.33820265409784
24.332133366882086
26.743124388803423
25.985279384408372
26.44479059765097
26.80690258543004
26.352406872765787
26.688491213479505
27.183129976055305
27.647442362860446
27.129415005212547
27.45128947914923
25.715343584320685
26.78710490922909
26.566311452525525
25.34631869383084
27.205570635839436
27.04234322587996
26.577388486196337
25.800023285242585
26.251652635029345
28.297596728135915
27.271406436033214
26.836215104708053
25.59323696476915
26.79414753042869
28.466920662813557
24.861879880140737
26.35181611277176
25.43441041800533
24.74387435163654
26.655598943112224
28.266394274488857
24.76446754070245
27.25570732097171
26.643984120628105
27.490395392258076
25.660243683668043
27.14948824910124
27.453939718881628
27.886686961012053
26.996037153869217
25.430144865934743
26.476312155198933
28.83390111031608
25.21357996812041
27.090445829805073
27.39202461645962
26.2588337417599
28.027937422883376
27.484157207899354
28.58913739511321
24.644750644759398
27.07388740728826
29.602015628747854
26.47030573593306
26.46985491028525
27.941696196004955
27.923497978379213
27.733765284094453
27.40686430801678
27.133030459615597
25.991160161355182
27.110350104350708
25.85313956093497
27.08329522485717
27.783769027272
26.326480455008248
25.823647405996653
27.43167177248946
25.33945928996076
27.115204700249397
27.61924769235665
28.452073512829653
26.243340431269385
27.93575494078206
27.123182922355767
27.337847046757382
25.78362209466828
27.209614137063717
27.035279949355576
27.4134506120827
28.178047870715545
26.844693955676192
28.400326148271898
