0.0
0.050000000745058
0.0399999991059303
0.0199999995529651
0.0
0.0199999995529651
0.0599999986588954
0.1000000014901161
0.0599999986588954
0.0799999982118606
0.0799999982118606
0.0599999986588954
0.0599999986588954
0.2000000029802322
0.3799999952316284
0.5400000214576721
0.4600000083446502
0.6000000238418579
1.3200000524520874
2.220000028610229
2.819999933242798
3.640000104904175
5.940000057220459
8.4399995803833
11.140000343322754
14.5
16.0
18.780000686645508
18.399999618530277
20.3799991607666
24.34000015258789
28.34000015258789
30.899999618530277
31.020000457763672
36.459999084472656
36.86000061035156
42.0
49.63999938964844
56.900001525878906
60.81999969482422
65.66000366210938
71.26000213623047
82.95999908447266
99.16000366210938
101.62000274658205
103.16000366210938
105.55999755859376
106.66000366210938
114.23999786376952
114.08000183105467
103.3000030517578
87.77999877929688
74.69999694824219
66.87999725341797
58.58000183105469
52.2599983215332
49.18000030517578
47.380001068115234
38.63999938964844
29.040000915527344
28.57999992370605
31.5
36.560001373291016
36.880001068115234
32.939998626708984
27.63999938964844
26.76000022888184
28.920000076293945
31.440000534057617
33.79999923706055
32.439998626708984
32.939998626708984
31.68000030517578
28.979999542236328
26.07999992370605
23.81999969482422
28.700000762939453
32.119998931884766
35.279998779296875
34.13999938964844
32.060001373291016
31.239999771118164
32.939998626708984
34.439998626708984
32.439998626708984
29.899999618530277
28.020000457763672
27.940000534057617
28.3799991607666
29.34000015258789
28.26000022888184
30.440000534057617
30.84000015258789
30.63999938964844
31.700000762939453
39.959999084472656
40.880001068115234
37.43999862670898
34.58000183105469
34.63999938964844
33.58000183105469
34.70000076293945
36.59999847412109
34.439998626708984
36.91999816894531
39.59999847412109
40.18000030517578
37.36000061035156
37.459999084472656
36.77999877929688
36.720001220703125
34.63999938964844
29.420000076293945
25.799999237060547
25.299999237060547
28.700000762939453
28.31999969482422
26.63999938964844
25.21999931335449
25.21999931335449
23.36000061035156
22.21999931335449
23.059999465942383
21.57999992370605
20.799999237060547
19.559999465942383
19.3799991607666
17.440000534057617
15.579999923706056
15.65999984741211
18.899999618530277
20.71999931335449
22.200000762939453
23.86000061035156
26.700000762939453
27.799999237060547
26.899999618530277
25.15999984741211
24.18000030517578
23.31999969482422
22.440000534057617
24.21999931335449
29.020000457763672
31.31999969482422
31.57999992370605
29.65999984741211
29.239999771118164
29.600000381469727
30.84000015258789
26.8799991607666
24.420000076293945
23.940000534057617
24.76000022888184
23.959999084472656
23.3799991607666
26.84000015258789
31.420000076293945
28.8799991607666
26.280000686645508
26.200000762939453
28.780000686645508
30.399999618530277
29.3799991607666
28.280000686645508
28.65999984741211
29.520000457763672
29.059999465942383
30.520000457763672
31.540000915527344
33.18000030517578
33.70000076293945
29.700000762939453
26.86000061035156
26.34000015258789
27.899999618530277
30.239999771118164
32.65999984741211
38.540000915527344
39.79999923706055
38.119998931884766
35.15999984741211
35.84000015258789
34.08000183105469
32.97999954223633
32.70000076293945
35.7400016784668
34.91999816894531
32.2599983215332
28.780000686645508
27.81999969482422
26.299999237060547
25.459999084472656
21.420000076293945
21.200000762939453
23.3799991607666
27.15999984741211
28.34000015258789
27.280000686645508
26.239999771118164
26.200000762939453
26.299999237060547
25.979999542236328
23.059999465942383
22.100000381469727
21.780000686645508
25.57999992370605
24.200000762939453
19.020000457763672
15.420000076293944
12.420000076293944
13.15999984741211
14.100000381469728
12.279999732971191
9.34000015258789
8.460000038146973
11.0
12.380000114440918
13.31999969482422
15.579999923706056
18.26000022888184
19.440000534057617
20.540000915527344
20.059999465942383
18.81999969482422
19.0
21.020000457763672
21.1200008392334
21.0
23.780000686645508
25.36000061035156
22.84000015258789
20.799999237060547
20.600000381469727
19.459999084472656
18.71999931335449
18.440000534057617
19.600000381469727
22.76000022888184
24.76000022888184
25.57999992370605
17.760000228881836
10.300000190734863
8.0
9.640000343322754
32.68000030517578
38.65999984741211
33.41999816894531
28.13999938964844
28.040000915527344
31.21999931335449
35.959999084472656
33.63999938964844
28.34000015258789
29.520000457763672
30.700000762939453
20.040000915527344
7.599999904632568
1.340000033378601
36.20000076293945
36.119998931884766
16.559999465942383
0.2000000029802322
0.7400000095367432
1.5
1.940000057220459
1.4199999570846558
0.8399999737739563
0.5600000023841858
0.3199999928474426
0.1800000071525573
0.1000000014901161
0.1599999964237213
0.4000000059604645
3.7799999713897705
61.36000061035156
69.16000366210938
42.13999938964844
17.8799991607666
12.9399995803833
9.039999961853027
7.539999961853027
12.220000267028809
16.760000228881836
39.08000183105469
39.29999923706055
105.5
136.24000549316406
113.87999725341795
50.20000076293945
21.020000457763672
15.619999885559082
18.100000381469727
14.039999961853027
10.4399995803833
10.31999969482422
9.4399995803833
7.559999942779541
7.760000228881836
10.699999809265137
12.020000457763672
24.520000457763672
20.07999992370605
10.279999732971191
2.319999933242798
2.5
5.519999980926514
6.199999809265137
6.260000228881836
20.520000457763672
20.200000762939453
33.20000076293945
26.540000915527344
24.100000381469727
25.559999465942383
30.299999237060547
25.959999084472656
37.58000183105469
66.9000015258789
58.15999984741211
29.21999931335449
47.2400016784668
54.97999954223633
40.619998931884766
26.86000061035156
34.70000076293945
26.040000915527344
88.73999786376953
96.73999786376952
67.72000122070312
38.119998931884766
102.94000244140624
125.23999786376952
89.66000366210938
36.77999877929688
6.199999809265137
0.8600000143051147
1.5199999809265137
5.599999904632568
10.65999984741211
8.539999961853027
5.28000020980835
0.9800000190734864
0.9200000166893004
1.3799999952316284
1.9600000381469729
2.5199999809265137
2.619999885559082
2.220000028610229
1.8799999952316284
2.559999942779541
3.400000095367432
3.9800000190734863
5.079999923706055
5.78000020980835
5.599999904632568
4.880000114440918
5.099999904632568
5.360000133514404
4.300000190734863
2.640000104904175
1.1200000047683716
0.6000000238418579
0.6600000262260437
4.320000171661377
11.380000114440918
14.039999961853027
13.100000381469728
11.020000457763672
14.880000114440918
23.86000061035156
21.13999938964844
13.84000015258789
14.640000343322754
23.0
22.780000686645508
16.260000228881836
14.020000457763672
28.100000381469727
32.400001525878906
31.57999992370605
23.479999542236328
20.540000915527344
53.84000015258789
49.18000030517578
54.15999984741211
60.619998931884766
46.0
32.29999923706055
39.43999862670898
53.18000030517578
39.91999816894531
20.899999618530277
10.800000190734863
13.600000381469728
21.81999969482422
19.13999938964844
53.43999862670898
85.19999694824219
71.08000183105469
42.900001525878906
23.299999237060547
23.86000061035156
23.899999618530277
23.780000686645508
19.31999969482422
27.5
38.2599983215332
44.380001068115234
32.599998474121094
16.540000915527344
61.7599983215332
108.0199966430664
82.4000015258789
40.400001525878906
69.23999786376953
130.5
138.0399932861328
101.23999786376952
53.29999923706055
23.959999084472656
7.119999885559082
3.220000028610229
1.559999942779541
0.699999988079071
0.1000000014901161
0.2800000011920929
1.100000023841858
6.539999961853027
8.699999809265137
7.119999885559082
5.760000228881836
7.260000228881836
5.579999923706055
2.559999942779541
36.959999084472656
37.0
18.520000457763672
1.8600000143051147
2.3399999141693115
2.5199999809265137
2.440000057220459
2.119999885559082
10.640000343322754
10.0600004196167
6.519999980926514
2.1600000858306885
2.180000066757202
8.5600004196167
14.199999809265137
10.84000015258789
3.759999990463257
0.5199999809265137
0.800000011920929
3.039999961853028
4.559999942779541
8.359999656677246
7.400000095367432
5.480000019073486
5.360000133514404
6.360000133514404
6.78000020980835
9.899999618530272
15.260000228881836
17.420000076293945
24.440000534057617
56.52000045776367
89.4800033569336
65.22000122070312
89.27999877929688
194.8600006103516
163.3000030517578
80.5999984741211
26.31999969482422
21.020000457763672
9.65999984741211
17.479999542236328
15.220000267028809
18.6200008392334
8.5
10.920000076293944
6.400000095367432
4.019999980926514
0.2199999988079071
0.1400000005960464
0.1599999964237213
0.1800000071525573
0.1800000071525573
0.1199999973177909
0.0599999986588954
0.0
0.0
0.0199999995529651
0.0199999995529651
0.0599999986588954
0.1599999964237213
0.1199999973177909
0.1000000014901161
0.0399999991059303
0.0599999986588954
0.6000000238418579
1.4600000381469729
1.4199999570846558
2.5199999809265137
2.539999961853028
4.519999980926514
4.679999828338623
4.239999771118164
4.119999885559082
3.380000114440918
10.140000343322754
19.57999992370605
22.780000686645508
21.799999237060547
19.200000762939453
13.279999732971191
8.399999618530273
6.059999942779541
5.059999942779541
3.7799999713897705
2.180000066757202
1.2200000286102295
8.199999809265137
17.860000610351562
19.63999938964844
141.6199951171875
213.05999755859372
195.1000061035156
92.41999816894533
34.540000915527344
32.939998626708984
33.7400016784668
54.540000915527344
58.7400016784668
52.2400016784668
67.62000274658203
55.43999862670898
49.20000076293945
27.799999237060547
27.71999931335449
42.52000045776367
39.560001373291016
20.71999931335449
4.960000038146973
1.7000000476837158
1.559999942779541
2.319999933242798
2.700000047683716
2.400000095367432
2.039999961853028
1.8799999952316284
3.5999999046325684
8.84000015258789
13.859999656677246
29.600000381469727
39.79999923706055
41.34000015258789
38.619998931884766
32.7599983215332
45.380001068115234
56.400001525878906
55.63999938964844
49.63999938964844
57.52000045776367
57.119998931884766
40.880001068115234
19.3799991607666
7.599999904632568
5.440000057220459
8.460000038146973
8.800000190734863
11.039999961853027
11.600000381469728
8.0600004196167
2.859999895095825
3.740000009536743
5.619999885559082
5.300000190734863
4.739999771118164
3.880000114440918
2.640000104904175
1.559999942779541
0.8600000143051147
6.539999961853027
9.279999732971191
7.599999904632568
21.799999237060547
43.720001220703125
45.41999816894531
25.5
8.640000343322754
2.740000009536743
1.9800000190734863
12.899999618530272
28.799999237060547
43.880001068115234
33.939998626708984
14.640000343322754
4.079999923706055
11.65999984741211
16.540000915527344
14.84000015258789
16.260000228881836
15.5
22.71999931335449
20.940000534057617
19.020000457763672
28.600000381469727
33.58000183105469
26.040000915527344
19.040000915527344
18.36000061035156
16.059999465942383
12.779999732971191
16.899999618530273
14.979999542236328
12.640000343322754
61.119998931884766
69.37999725341797
47.70000076293945
24.76000022888184
26.100000381469727
22.21999931335449
15.579999923706056
19.18000030517578
31.5
33.81999969482422
21.57999992370605
12.0
17.8799991607666
37.65999984741211
89.0999984741211
108.36000061035156
78.41999816894531
38.97999954223633
28.920000076293945
29.1200008392334
30.459999084472656
38.79999923706055
38.880001068115234
30.520000457763672
21.979999542236328
15.380000114440918
17.639999389648438
28.979999542236328
51.060001373291016
58.15999984741211
63.619998931884766
78.58000183105469
82.23999786376953
71.86000061035156
70.73999786376953
54.84000015258789
28.280000686645508
12.18000030517578
14.5
15.699999809265137
26.15999984741211
36.060001373291016
31.36000061035156
17.459999084472656
6.579999923706055
2.9600000381469727
2.8399999141693115
3.220000028610229
3.1600000858306885
2.5199999809265137
10.739999771118164
12.31999969482422
9.239999771118164
4.699999809265137
7.139999866485596
10.119999885559082
9.81999969482422
13.640000343322754
19.84000015258789
18.0
12.079999923706056
9.039999961853027
7.079999923706055
6.619999885559082
6.320000171661377
7.619999885559082
9.279999732971191
7.380000114440918
12.039999961853027
29.0
32.900001525878906
29.68000030517578
17.739999771118164
12.739999771118164
8.760000228881836
9.079999923706056
9.199999809265137
12.5600004196167
15.960000038146973
14.460000038146973
16.239999771118164
19.76000022888184
20.239999771118164
26.81999969482422
30.15999984741211
27.479999542236328
16.700000762939453
19.200000762939453
17.440000534057617
12.579999923706056
12.539999961853027
11.380000114440918
6.320000171661377
2.720000028610229
2.559999942779541
4.679999828338623
8.4399995803833
9.460000038146973
10.140000343322754
13.68000030517578
26.979999542236328
39.400001525878906
66.5999984741211
88.37999725341797
61.65999984741211
23.86000061035156
12.739999771118164
22.040000915527344
21.8799991607666
16.639999389648438
16.540000915527344
16.5
22.31999969482422
29.920000076293945
30.299999237060547
18.21999931335449
37.31999969482422
44.459999084472656
88.37999725341797
87.77999877929688
63.040000915527344
53.52000045776367
43.86000061035156
28.899999618530277
23.71999931335449
34.119998931884766
37.63999938964844
103.16000366210938
97.22000122070312
56.97999954223633
40.70000076293945
44.65999984741211
35.70000076293945
30.26000022888184
29.36000061035156
36.65999984741211
36.81999969482422
30.799999237060547
20.68000030517578
26.020000457763672
24.959999084472656
21.059999465942383
15.279999732971191
17.299999237060547
16.219999313354492
16.139999389648438
33.58000183105469
48.040000915527344
49.47999954223633
44.58000183105469
41.560001373291016
39.31999969482422
35.63999938964844
33.47999954223633
47.79999923706055
42.720001220703125
28.36000061035156
40.7400016784668
44.84000015258789
30.81999969482422
15.239999771118164
8.920000076293945
5.760000228881836
3.799999952316284
4.079999923706055
8.300000190734863
13.800000190734863
16.600000381469727
15.380000114440918
12.579999923706056
12.020000457763672
12.31999969482422
12.100000381469728
10.460000038146973
10.81999969482422
10.4399995803833
11.460000038146973
16.959999084472656
28.959999084472656
32.619998931884766
28.63999938964844
23.8799991607666
24.399999618530277
29.15999984741211
31.799999237060547
29.71999931335449
23.76000022888184
19.6200008392334
18.5
20.63999938964844
21.65999984741211
20.6200008392334
19.86000061035156
20.700000762939453
69.4000015258789
70.76000213623047
36.36000061035156
4.980000019073486
0.4199999868869781
0.2599999904632568
0.3400000035762787
0.2599999904632568
0.3400000035762787
0.3600000143051147
0.1199999973177909
0.0199999995529651
0.1000000014901161
0.5600000023841858
3.059999942779541
4.659999847412109
5.480000019073486
5.639999866485596
5.099999904632568
4.78000020980835
4.619999885559082
4.579999923706055
5.760000228881836
7.0
32.279998779296875
32.58000183105469
19.81999969482422
8.5
9.9399995803833
17.399999618530273
23.6200008392334
55.79999923706055
50.97999954223633
29.68000030517578
18.479999542236328
23.200000762939453
27.15999984741211
29.100000381469727
26.600000381469727
27.0
33.63999938964844
32.040000915527344
33.97999954223633
40.86000061035156
40.13999938964844
35.459999084472656
33.91999816894531
32.619998931884766
45.880001068115234
175.24000549316406
163.89999389648438
87.23999786376953
47.619998931884766
46.02000045776367
29.36000061035156
12.84000015258789
12.520000457763672
11.779999732971191
49.58000183105469
51.31999969482422
28.8799991607666
8.520000457763672
11.039999961853027
19.600000381469727
24.780000686645508
24.459999084472656
21.1200008392334
32.65999984741211
25.559999465942383
14.760000228881836
8.859999656677246
16.079999923706055
55.84000015258789
57.220001220703125
36.20000076293945
15.300000190734863
15.31999969482422
28.440000534057617
27.0
18.440000534057617
9.979999542236328
19.780000686645508
21.0
16.200000762939453
9.920000076293944
41.43999862670898
40.52000045776367
41.0
38.09999847412109
29.239999771118164
13.279999732971191
6.559999942779541
11.65999984741211
12.100000381469728
11.300000190734863
30.540000915527344
28.920000076293945
22.440000534057617
11.600000381469728
12.68000030517578
9.31999969482422
7.980000019073486
9.31999969482422
12.199999809265137
14.0600004196167
14.359999656677246
16.079999923706055
26.71999931335449
26.31999969482422
21.979999542236328
21.57999992370605
21.959999084472656
139.36000061035156
178.9199981689453
123.55999755859376
39.880001068115234
19.700000762939453
18.459999084472656
19.979999542236328
18.15999984741211
35.68000030517578
30.399999618530277
17.479999542236328
7.360000133514404
17.1200008392334
20.68000030517578
30.81999969482422
22.020000457763672
16.100000381469727
8.079999923706055
7.300000190734863
6.099999904632568
11.300000190734863
15.100000381469728
12.15999984741211
13.699999809265137
22.63999938964844
21.34000015258789
14.960000038146973
11.420000076293944
16.360000610351562
18.200000762939453
32.91999816894531
32.599998474121094
25.15999984741211
19.71999931335449
22.5
19.020000457763672
22.600000381469727
33.099998474121094
31.100000381469727
16.719999313354492
5.940000057220459
2.720000028610229
3.200000047683716
10.739999771118164
21.68000030517578
22.899999618530277
20.84000015258789
18.8799991607666
19.299999237060547
42.27999877929688
39.119998931884766
26.1200008392334
22.5
24.739999771118164
95.66000366210938
85.95999908447266
48.880001068115234
27.200000762939453
26.57999992370605
62.81999969482422
52.34000015258789
33.459999084472656
9.880000114440918
6.71999979019165
4.71999979019165
6.21999979019165
6.539999961853027
6.039999961853027
5.940000057220459
5.559999942779541
5.480000019073486
4.900000095367432
5.5
6.179999828338623
5.800000190734863
4.880000114440918
4.739999771118164
5.239999771118164
5.5
6.380000114440918
7.800000190734863
10.739999771118164
76.37999725341797
100.13999938964844
64.76000213623047
17.780000686645508
3.759999990463257
3.4200000762939453
3.4600000381469727
3.140000104904175
2.7799999713897705
3.740000009536743
4.78000020980835
5.099999904632568
4.880000114440918
6.119999885559082
6.980000019073486
7.579999923706055
7.980000019073486
8.0
7.079999923706055
6.460000038146973
6.28000020980835
7.480000019073486
10.640000343322754
15.100000381469728
18.71999931335449
19.84000015258789
19.280000686645508
18.1200008392334
12.9399995803833
9.4399995803833
8.140000343322754
7.5
42.97999954223633
58.220001220703125
76.37999725341797
48.380001068115234
20.71999931335449
30.200000762939453
32.040000915527344
17.31999969482422
41.36000061035156
41.13999938964844
23.100000381469727
4.28000020980835
11.18000030517578
11.859999656677246
9.220000267028809
6.059999942779541
6.28000020980835
6.760000228881836
6.960000038146973
13.140000343322754
16.579999923706055
14.520000457763672
11.039999961853027
9.619999885559082
9.4399995803833
9.380000114440918
9.18000030517578
9.5600004196167
9.859999656677246
9.34000015258789
9.800000190734863
11.119999885559082
11.600000381469728
11.520000457763672
10.68000030517578
10.4399995803833
10.260000228881836
9.920000076293944
10.15999984741211
10.760000228881836
10.800000190734863
10.68000030517578
10.220000267028809
8.819999694824219
6.579999923706055
5.78000020980835
6.699999809265137
7.699999809265137
8.640000343322754
8.960000038146973
8.960000038146973
8.539999961853027
8.760000228881836
8.739999771118164
8.420000076293945
8.140000343322754
25.299999237060547
29.200000762939453
25.700000762939453
19.940000534057617
21.200000762939453
21.899999618530277
35.81999969482422
56.119998931884766
73.5
72.5199966430664
66.66000366210938
65.22000122070312
54.31999969482422
43.20000076293945
36.79999923706055
39.70000076293945
37.59999847412109
37.08000183105469
37.060001373291016
29.81999969482422
53.880001068115234
51.7599983215332
39.560001373291016
57.2599983215332
59.36000061035156
40.81999969482422
29.020000457763672
41.84000015258789
57.41999816894531
62.720001220703125
50.7599983215332
34.540000915527344
33.779998779296875
39.20000076293945
40.81999969482422
42.08000183105469
37.560001373291016
27.899999618530277
20.920000076293945
36.52000045776367
40.09999847412109
30.899999618530277
17.559999465942383
13.979999542236328
15.18000030517578
15.0600004196167
13.84000015258789
13.640000343322754
14.0
14.779999732971191
14.979999542236328
15.479999542236328
15.239999771118164
15.18000030517578
16.81999969482422
18.100000381469727
18.540000915527344
17.31999969482422
17.239999771118164
16.940000534057617
17.639999389648438
17.579999923706055
18.15999984741211
21.520000457763672
29.479999542236328
29.5
25.020000457763672
30.940000534057617
26.84000015258789
18.36000061035156
13.119999885559082
13.920000076293944
15.4399995803833
16.600000381469727
18.76000022888184
19.21999931335449
18.81999969482422
18.600000381469727
18.76000022888184
17.579999923706055
16.579999923706055
16.739999771118164
17.559999465942383
17.68000030517578
16.559999465942383
16.399999618530273
17.399999618530273
17.780000686645508
17.979999542236328
19.3799991607666
20.899999618530277
23.81999969482422
23.940000534057617
21.420000076293945
19.15999984741211
17.860000610351562
14.18000030517578
9.479999542236328
5.519999980926514
11.260000228881836
17.15999984741211
18.86000061035156
10.5600004196167
4.519999980926514
9.899999618530272
12.079999923706056
11.140000343322754
9.0600004196167
8.420000076293945
8.760000228881836
8.380000114440918
9.0
9.34000015258789
8.5
8.020000457763672
7.880000114440918
8.119999885559082
8.680000305175781
9.619999885559082
9.960000038146973
9.859999656677246
16.040000915527344
23.600000381469727
28.68000030517578
29.520000457763672
31.979999542236328
34.31999969482422
37.15999984741211
37.959999084472656
37.7599983215332
40.540000915527344
43.7400016784668
44.84000015258789
45.220001220703125
47.0
46.68000030517578
48.02000045776367
45.43999862670898
42.13999938964844
40.27999877929688
41.540000915527344
43.59999847412109
42.47999954223633
41.619998931884766
32.040000915527344
22.280000686645508
18.1200008392334
17.780000686645508
20.299999237060547
23.65999984741211
26.299999237060547
27.299999237060547
26.63999938964844
24.479999542236328
23.899999618530277
30.26000022888184
38.79999923706055
44.18000030517578
44.63999938964844
42.959999084472656
37.380001068115234
35.939998626708984
33.31999969482422
32.70000076293945
32.2599983215332
32.70000076293945
32.400001525878906
32.47999954223633
24.8799991607666
17.920000076293945
14.5600004196167
14.5600004196167
13.760000228881836
13.460000038146973
12.899999618530272
12.760000228881836
11.800000190734863
11.239999771118164
10.5
10.84000015258789
11.420000076293944
11.420000076293944
12.979999542236328
13.899999618530272
13.9399995803833
14.520000457763672
15.279999732971191
14.579999923706056
14.34000015258789
14.81999969482422
14.979999542236328
14.380000114440918
15.640000343322754
15.420000076293944
15.779999732971191
15.760000228881836
16.18000030517578
16.15999984741211
17.3799991607666
18.959999084472656
20.15999984741211
20.68000030517578
22.57999992370605
24.600000381469727
39.52000045776367
54.880001068115234
58.63999938964844
54.02000045776367
49.59999847412109
49.0
47.70000076293945
46.77999877929688
44.540000915527344
43.47999954223633
38.380001068115234
33.2400016784668
29.57999992370605
30.5
31.420000076293945
32.84000015258789
32.439998626708984
31.020000457763672
31.899999618530277
33.119998931884766
35.060001373291016
39.70000076293945
40.540000915527344
39.86000061035156
37.959999084472656
39.060001373291016
39.7599983215332
40.93999862670898
38.79999923706055
37.13999938964844
35.70000076293945
34.439998626708984
33.880001068115234
34.880001068115234
34.84000015258789
34.0
32.63999938964844
31.07999992370605
28.86000061035156
25.959999084472656
25.940000534057617
26.459999084472656
26.36000061035156
26.34000015258789
27.940000534057617
27.1200008392334
26.940000534057617
25.15999984741211
25.739999771118164
25.81999969482422
28.799999237060547
29.1200008392334
29.8799991607666
29.600000381469727
29.100000381469727
28.739999771118164
27.420000076293945
26.0
23.940000534057617
23.8799991607666
23.3799991607666
24.959999084472656
24.959999084472656
25.020000457763672
25.059999465942383
24.459999084472656
23.399999618530277
22.8799991607666
22.65999984741211
22.780000686645508
23.540000915527344
23.63999938964844
23.8799991607666
24.299999237060547
23.5
23.739999771118164
23.559999465942383
23.63999938964844
24.36000061035156
26.280000686645508
25.920000076293945
26.76000022888184
26.86000061035156
27.280000686645508
27.799999237060547
28.440000534057617
27.6200008392334
26.799999237060547
27.540000915527344
28.71999931335449
27.540000915527344
28.100000381469727
29.600000381469727
32.279998779296875
33.63999938964844
33.119998931884766
32.65999984741211
32.29999923706055
31.440000534057617
31.780000686645508
34.34000015258789
33.880001068115234
33.02000045776367
31.18000030517578
31.780000686645508
32.779998779296875
32.0
30.979999542236328
30.899999618530277
31.040000915527344
30.559999465942383
29.899999618530277
29.76000022888184
30.07999992370605
29.36000061035156
30.059999465942383
31.31999969482422
34.41999816894531
33.20000076293945
32.2400016784668
31.040000915527344
30.479999542236328
29.1200008392334
28.920000076293945
26.920000076293945
26.780000686645508
26.57999992370605
26.57999992370605
25.940000534057617
27.31999969482422
28.540000915527344
27.739999771118164
25.700000762939453
24.57999992370605
24.399999618530277
24.440000534057617
24.8799991607666
24.959999084472656
26.739999771118164
27.31999969482422
28.21999931335449
28.739999771118164
29.280000686645508
28.940000534057617
29.020000457763672
30.559999465942383
29.920000076293945
28.26000022888184
28.1200008392334
27.6200008392334
26.8799991607666
27.0
26.920000076293945
26.040000915527344
25.81999969482422
26.100000381469727
24.8799991607666
25.059999465942383
25.3799991607666
25.600000381469727
25.5
24.899999618530277
25.15999984741211
25.65999984741211
25.21999931335449
24.540000915527344
24.15999984741211
24.18000030517578
23.959999084472656
22.86000061035156
21.459999084472656
21.280000686645508
22.020000457763672
22.940000534057617
21.739999771118164
21.07999992370605
20.459999084472656
19.36000061035156
19.5
19.84000015258789
19.540000915527344
18.84000015258789
17.559999465942383
15.979999542236328
16.6200008392334
16.479999542236328
16.920000076293945
17.260000228881836
17.34000015258789
17.760000228881836
17.040000915527344
16.940000534057617
16.760000228881836
16.420000076293945
15.65999984741211
15.239999771118164
15.979999542236328
17.6200008392334
17.5
16.860000610351562
16.31999969482422
15.81999969482422
16.200000762939453
16.440000534057617
