0.0
0.0
0.0
0.0
0.0199999995529651
0.0399999991059303
0.0599999986588954
0.0199999995529651
0.0199999995529651
0.0
0.0199999995529651
0.0199999995529651
0.0199999995529651
0.0799999982118606
0.1000000014901161
0.1599999964237213
0.1199999973177909
0.2000000029802322
0.4399999976158142
1.059999942779541
1.6200000047683716
1.6799999475479126
2.5799999237060547
3.0999999046325684
4.079999923706055
6.78000020980835
7.079999923706055
8.020000457763672
8.960000038146973
10.739999771118164
13.079999923706056
15.5600004196167
15.300000190734863
17.34000015258789
22.21999931335449
25.07999992370605
30.040000915527344
37.63999938964844
46.5
44.459999084472656
41.540000915527344
45.29999923706055
60.540000915527344
65.41999816894531
69.19999694824219
79.5199966430664
86.44000244140625
96.5
117.94000244140624
116.76000213623048
113.5199966430664
115.58000183105467
118.23999786376952
117.62000274658205
115.81999969482422
108.45999908447266
95.0
81.27999877929688
70.87999725341797
61.400001525878906
55.119998931884766
53.540000915527344
48.27999877929688
44.060001373291016
39.7400016784668
35.060001373291016
25.63999938964844
25.399999618530277
27.07999992370605
30.13999938964844
29.21999931335449
27.81999969482422
27.36000061035156
24.280000686645508
24.559999465942383
24.600000381469727
21.040000915527344
18.399999618530277
17.100000381469727
19.0
19.979999542236328
21.0
21.059999465942383
21.040000915527344
20.57999992370605
19.459999084472656
19.739999771118164
20.020000457763672
20.21999931335449
21.239999771118164
23.07999992370605
24.739999771118164
23.959999084472656
23.36000061035156
22.600000381469727
22.6200008392334
22.76000022888184
24.07999992370605
25.020000457763672
26.200000762939453
27.200000762939453
23.959999084472656
22.059999465942383
22.57999992370605
22.84000015258789
20.520000457763672
18.059999465942383
18.76000022888184
23.8799991607666
28.020000457763672
30.420000076293945
30.440000534057617
29.940000534057617
29.76000022888184
28.71999931335449
27.559999465942383
26.979999542236328
29.65999984741211
33.0
34.7599983215332
31.940000534057617
29.13999938964844
27.84000015258789
27.31999969482422
27.540000915527344
26.84000015258789
28.399999618530277
29.200000762939453
28.18000030517578
26.15999984741211
25.459999084472656
26.86000061035156
28.920000076293945
29.239999771118164
29.81999969482422
30.959999084472656
30.71999931335449
30.34000015258789
28.600000381469727
26.81999969482422
21.8799991607666
21.68000030517578
23.63999938964844
26.479999542236328
28.399999618530277
30.76000022888184
35.099998474121094
37.400001525878906
34.31999969482422
29.959999084472656
28.700000762939453
28.520000457763672
29.059999465942383
28.739999771118164
28.21999931335449
28.979999542236328
28.459999084472656
29.13999938964844
33.02000045776367
35.68000030517578
37.77999877929688
39.959999084472656
42.31999969482422
35.7400016784668
27.63999938964844
24.8799991607666
26.18000030517578
30.059999465942383
29.31999969482422
28.540000915527344
26.3799991607666
26.31999969482422
27.239999771118164
27.71999931335449
27.899999618530277
28.63999938964844
33.0
37.79999923706055
39.400001525878906
38.119998931884766
36.09999847412109
34.2400016784668
34.779998779296875
35.47999954223633
36.09999847412109
33.18000030517578
29.36000061035156
26.440000534057617
26.600000381469727
28.700000762939453
30.65999984741211
33.400001525878906
33.81999969482422
36.86000061035156
38.2599983215332
34.099998474121094
32.0
31.31999969482422
29.700000762939453
27.600000381469727
27.959999084472656
27.21999931335449
26.299999237060547
26.81999969482422
28.239999771118164
26.100000381469727
24.15999984741211
24.700000762939453
24.239999771118164
27.34000015258789
29.540000915527344
29.959999084472656
26.36000061035156
21.520000457763672
18.940000534057617
18.559999465942383
18.540000915527344
19.31999969482422
21.21999931335449
21.459999084472656
21.739999771118164
22.200000762939453
23.959999084472656
25.63999938964844
27.63999938964844
28.5
29.739999771118164
29.479999542236328
28.6200008392334
29.5
30.600000381469727
33.31999969482422
35.040000915527344
34.70000076293945
27.63999938964844
19.440000534057617
15.760000228881836
21.68000030517578
31.440000534057617
30.68000030517578
24.940000534057617
20.600000381469727
21.71999931335449
24.76000022888184
25.200000762939453
24.3799991607666
24.1200008392334
24.299999237060547
24.71999931335449
26.979999542236328
28.239999771118164
28.84000015258789
29.71999931335449
29.700000762939453
27.63999938964844
28.979999542236328
36.5
39.77999877929688
35.0
27.420000076293945
22.13999938964844
23.600000381469727
67.4800033569336
70.76000213623047
51.31999969482422
26.13999938964844
27.86000061035156
23.100000381469727
19.059999465942383
17.719999313354492
20.07999992370605
19.979999542236328
20.979999542236328
19.979999542236328
15.979999542236328
12.140000343322754
8.819999694824219
12.479999542236328
18.799999237060547
18.700000762939453
20.8799991607666
19.979999542236328
15.15999984741211
9.239999771118164
9.34000015258789
10.619999885559082
10.039999961853027
7.380000114440918
10.399999618530272
9.399999618530272
7.300000190734863
7.0
9.420000076293944
9.18000030517578
12.84000015258789
14.279999732971191
14.68000030517578
11.84000015258789
12.420000076293944
13.359999656677246
27.959999084472656
29.34000015258789
56.86000061035156
52.2599983215332
33.540000915527344
15.140000343322754
96.13999938964844
92.72000122070312
47.119998931884766
5.539999961853027
6.380000114440918
4.880000114440918
3.920000076293945
26.68000030517578
28.700000762939453
17.520000457763672
6.900000095367432
21.739999771118164
31.68000030517578
30.3799991607666
18.700000762939453
11.039999961853027
5.28000020980835
5.599999904632568
7.840000152587891
10.9399995803833
26.559999465942383
41.08000183105469
32.52000045776367
16.739999771118164
9.0
9.81999969482422
11.380000114440918
12.600000381469728
42.29999923706055
50.79999923706055
45.15999984741211
30.84000015258789
28.520000457763672
127.36000061035156
122.0999984741211
62.52000045776367
9.359999656677246
7.119999885559082
5.440000057220459
4.619999885559082
6.539999961853027
6.099999904632568
5.239999771118164
7.480000019073486
16.84000015258789
20.420000076293945
42.09999847412109
39.7400016784668
38.91999816894531
25.520000457763672
24.81999969482422
18.8799991607666
19.68000030517578
11.84000015258789
27.84000015258789
33.939998626708984
32.0
26.440000534057617
32.060001373291016
47.43999862670898
39.2599983215332
42.02000045776367
43.720001220703125
39.41999816894531
24.6200008392334
19.15999984741211
29.799999237060547
31.21999931335449
25.780000686645508
25.940000534057617
21.26000022888184
15.15999984741211
12.239999771118164
16.200000762939453
15.0
8.479999542236328
3.539999961853028
33.65999984741211
32.81999969482422
16.639999389648438
0.8799999952316284
1.9800000190734863
2.240000009536743
4.139999866485596
4.159999847412109
16.899999618530273
64.41999816894531
62.63999938964844
35.2400016784668
14.859999656677246
10.760000228881836
14.68000030517578
23.81999969482422
24.280000686645508
16.100000381469727
19.31999969482422
24.18000030517578
38.2599983215332
46.70000076293945
45.2400016784668
55.540000915527344
44.68000030517578
30.6200008392334
32.58000183105469
44.2599983215332
75.5999984741211
59.59999847412109
47.29999923706055
28.059999465942383
16.559999465942383
79.68000030517578
78.0
71.05999755859375
37.20000076293945
54.84000015258789
38.040000915527344
19.6200008392334
19.81999969482422
22.559999465942383
15.020000457763672
6.239999771118164
7.300000190734863
14.279999732971191
16.440000534057617
17.940000534057617
20.899999618530277
24.81999969482422
50.18000030517578
41.91999816894531
29.920000076293945
15.0
10.039999961853027
6.940000057220459
10.84000015258789
25.84000015258789
28.920000076293945
22.040000915527344
10.380000114440918
10.420000076293944
47.09999847412109
47.47999954223633
54.31999969482422
33.41999816894531
21.520000457763672
66.26000213623047
68.95999908447266
202.3600006103516
212.75999450683597
154.9199981689453
122.1999969482422
118.4800033569336
72.16000366210938
23.559999465942383
12.260000228881836
14.199999809265137
54.619998931884766
127.23999786376952
121.1999969482422
87.4000015258789
47.34000015258789
29.479999542236328
25.71999931335449
39.060001373291016
74.76000213623047
90.4800033569336
79.77999877929688
52.400001525878906
26.239999771118164
9.880000114440918
8.380000114440918
9.859999656677246
6.820000171661377
1.8799999952316284
2.1600000858306885
18.479999542236328
21.239999771118164
36.79999923706055
30.559999465942383
18.979999542236328
5.440000057220459
1.8200000524520876
0.5799999833106995
1.3200000524520874
1.7400000095367432
1.5199999809265137
4.159999847412109
7.960000038146973
13.81999969482422
13.779999732971191
11.699999809265137
35.279998779296875
61.18000030517578
54.380001068115234
20.68000030517578
3.0799999237060547
0.1800000071525573
1.7799999713897705
5.619999885559082
4.21999979019165
2.400000095367432
0.800000011920929
0.5600000023841858
0.959999978542328
2.359999895095825
3.299999952316284
2.180000066757202
1.8200000524520876
1.5800000429153442
7.300000190734863
13.100000381469728
13.199999809265137
11.220000267028809
17.280000686645508
13.81999969482422
8.479999542236328
1.0800000429153442
2.640000104904175
5.440000057220459
11.899999618530272
22.3799991607666
23.71999931335449
27.84000015258789
33.099998474121094
38.040000915527344
32.959999084472656
25.100000381469727
24.479999542236328
34.720001220703125
70.55999755859375
70.94000244140625
61.119998931884766
42.63999938964844
47.59999847412109
39.65999984741211
27.040000915527344
11.739999771118164
34.5
45.08000183105469
63.959999084472656
66.94000244140625
53.77999877929688
36.27999877929688
26.100000381469727
16.739999771118164
17.700000762939453
21.040000915527344
20.68000030517578
28.559999465942383
27.68000030517578
17.81999969482422
13.300000190734863
19.0
18.979999542236328
12.739999771118164
7.78000020980835
9.079999923706056
10.359999656677246
12.140000343322754
11.079999923706056
7.619999885559082
12.0
18.26000022888184
17.799999237060547
14.0
11.420000076293944
9.640000343322754
6.260000228881836
3.7799999713897705
2.0999999046325684
1.659999966621399
1.0800000429153442
0.9800000190734864
1.659999966621399
3.3399999141693115
2.8399999141693115
1.8799999952316284
1.1799999475479126
1.159999966621399
1.2000000476837158
1.1399999856948853
0.7799999713897705
1.1799999475479126
2.859999895095825
3.7799999713897705
8.300000190734863
14.579999923706056
17.239999771118164
22.040000915527344
27.57999992370605
24.899999618530277
21.040000915527344
15.15999984741211
15.9399995803833
21.65999984741211
27.440000534057617
25.920000076293945
17.260000228881836
13.579999923706056
20.26000022888184
24.36000061035156
19.71999931335449
15.739999771118164
17.059999465942383
19.979999542236328
19.540000915527344
18.979999542236328
17.600000381469727
21.0
20.65999984741211
16.5
11.380000114440918
9.600000381469728
9.380000114440918
8.079999923706055
6.139999866485596
8.039999961853027
11.0600004196167
11.520000457763672
13.260000228881836
13.859999656677246
10.84000015258789
7.21999979019165
13.119999885559082
20.76000022888184
21.020000457763672
17.959999084472656
13.239999771118164
10.079999923706056
8.739999771118164
26.280000686645508
33.91999816894531
41.97999954223633
37.81999969482422
35.81999969482422
35.2599983215332
32.720001220703125
23.920000076293945
19.399999618530277
17.420000076293945
13.880000114440918
8.640000343322754
4.800000190734863
2.539999961853028
4.099999904632568
3.380000114440918
1.4600000381469729
0.2599999904632568
0.8600000143051147
0.8799999952316284
1.5399999618530271
2.4200000762939453
2.8399999141693115
3.140000104904175
2.359999895095825
2.059999942779541
1.3200000524520874
1.159999966621399
2.220000028610229
3.380000114440918
5.900000095367432
10.880000114440918
22.200000762939453
36.86000061035156
51.0
60.27999877929688
104.13999938964844
167.83999633789062
196.55999755859372
180.27999877929688
188.0
206.9199981689453
217.8600006103516
210.72000122070312
209.75999450683597
199.5800018310547
228.16000366210935
248.5
259.8800048828125
272.6400146484375
263.0799865722656
209.16000366210935
136.4199981689453
117.58000183105467
134.77999877929688
118.33999633789062
66.68000030517578
23.059999465942383
15.18000030517578
11.960000038146973
9.039999961853027
13.9399995803833
24.36000061035156
41.65999984741211
51.34000015258789
51.959999084472656
41.59999847412109
64.13999938964844
83.83999633789062
88.91999816894531
81.72000122070312
64.94000244140625
49.68000030517578
40.040000915527344
34.439998626708984
24.059999465942383
11.9399995803833
6.059999942779541
2.7799999713897705
1.4199999570846558
1.3600000143051147
1.8200000524520876
2.400000095367432
3.319999933242798
3.859999895095825
5.139999866485596
6.0
10.380000114440918
14.100000381469728
12.020000457763672
9.020000457763672
5.900000095367432
4.519999980926514
3.5999999046325684
4.400000095367432
5.460000038146973
5.559999942779541
5.360000133514404
11.039999961853027
18.440000534057617
22.479999542236328
19.68000030517578
16.059999465942383
12.15999984741211
11.199999809265137
9.619999885559082
9.119999885559082
8.920000076293945
9.68000030517578
9.239999771118164
13.880000114440918
17.239999771118164
16.979999542236328
15.140000343322754
14.079999923706056
12.739999771118164
15.31999969482422
17.139999389648438
17.34000015258789
18.780000686645508
21.76000022888184
24.920000076293945
21.63999938964844
16.5
13.479999542236328
17.260000228881836
14.960000038146973
11.279999732971191
8.479999542236328
10.279999732971191
12.5
11.479999542236328
9.68000030517578
22.940000534057617
50.08000183105469
53.31999969482422
36.47999954223633
22.15999984741211
18.459999084472656
26.0
29.200000762939453
30.65999984741211
20.520000457763672
13.0
6.360000133514404
4.900000095367432
6.079999923706055
9.420000076293944
8.720000267028809
11.640000343322754
13.380000114440918
16.440000534057617
18.920000076293945
19.559999465942383
19.8799991607666
19.8799991607666
22.600000381469727
25.440000534057617
30.84000015258789
29.84000015258789
25.700000762939453
22.280000686645508
19.34000015258789
17.3799991607666
19.34000015258789
28.979999542236328
35.68000030517578
38.29999923706055
90.66000366210938
82.08000183105469
80.27999877929688
49.58000183105469
51.81999969482422
41.0
45.7599983215332
34.5
30.5
19.479999542236328
31.76000022888184
33.91999816894531
43.36000061035156
47.08000183105469
40.41999816894531
38.84000015258789
39.93999862670898
27.700000762939453
25.239999771118164
23.420000076293945
18.57999992370605
17.780000686645508
24.86000061035156
19.540000915527344
12.100000381469728
9.65999984741211
63.81999969482422
67.86000061035156
45.79999923706055
19.920000076293945
19.299999237060547
21.21999931335449
20.8799991607666
25.26000022888184
22.3799991607666
15.960000038146973
9.600000381469728
8.779999732971191
9.68000030517578
10.039999961853027
9.4399995803833
9.539999961853027
16.940000534057617
25.18000030517578
33.880001068115234
35.380001068115234
25.71999931335449
16.540000915527344
15.579999923706056
21.479999542236328
22.36000061035156
16.5
10.9399995803833
8.760000228881836
7.71999979019165
8.800000190734863
10.81999969482422
17.700000762939453
18.700000762939453
16.579999923706055
13.84000015258789
13.100000381469728
11.539999961853027
11.0
12.800000190734863
14.579999923706056
17.020000457763672
18.239999771118164
18.459999084472656
17.18000030517578
18.0
23.899999618530277
41.880001068115234
38.119998931884766
29.68000030517578
20.1200008392334
27.479999542236328
25.559999465942383
23.239999771118164
39.380001068115234
37.93999862670898
26.799999237060547
15.960000038146973
15.260000228881836
13.800000190734863
12.779999732971191
12.359999656677246
12.460000038146973
12.84000015258789
13.720000267028809
13.520000457763672
13.100000381469728
12.739999771118164
12.359999656677246
12.9399995803833
13.68000030517578
14.68000030517578
14.239999771118164
13.899999618530272
14.880000114440918
16.780000686645508
20.459999084472656
24.36000061035156
22.979999542236328
17.260000228881836
20.26000022888184
22.84000015258789
30.18000030517578
25.68000030517578
20.520000457763672
27.299999237060547
32.779998779296875
35.79999923706055
31.65999984741211
31.479999542236328
35.7400016784668
34.2400016784668
35.36000061035156
34.040000915527344
31.68000030517578
24.86000061035156
19.920000076293945
20.040000915527344
19.26000022888184
19.34000015258789
20.440000534057617
32.459999084472656
27.440000534057617
22.84000015258789
21.280000686645508
22.65999984741211
21.5
18.3799991607666
15.420000076293944
12.600000381469728
11.399999618530272
19.799999237060547
21.31999969482422
16.959999084472656
12.399999618530272
17.700000762939453
20.739999771118164
25.84000015258789
29.959999084472656
29.26000022888184
24.63999938964844
23.459999084472656
23.959999084472656
20.399999618530277
18.299999237060547
19.1200008392334
20.57999992370605
18.920000076293945
16.31999969482422
16.479999542236328
15.760000228881836
15.760000228881836
15.779999732971191
16.5
16.479999542236328
16.31999969482422
15.300000190734863
13.119999885559082
11.880000114440918
11.18000030517578
11.760000228881836
11.81999969482422
13.18000030517578
16.079999923706055
17.1200008392334
18.540000915527344
21.81999969482422
25.040000915527344
30.21999931335449
33.099998474121094
36.41999816894531
30.13999938964844
27.280000686645508
27.979999542236328
30.899999618530277
26.299999237060547
22.420000076293945
21.299999237060547
21.799999237060547
24.559999465942383
27.1200008392334
24.239999771118164
25.559999465942383
25.899999618530277
29.07999992370605
21.31999969482422
18.280000686645508
15.0
14.020000457763672
35.060001373291016
30.65999984741211
15.640000343322754
7.019999980926514
13.859999656677246
17.65999984741211
16.639999389648438
15.9399995803833
14.4399995803833
14.979999542236328
31.71999931335449
41.81999969482422
29.600000381469727
13.0600004196167
9.18000030517578
12.960000038146973
16.719999313354492
19.920000076293945
21.200000762939453
20.8799991607666
19.700000762939453
19.520000457763672
17.420000076293945
18.239999771118164
38.09999847412109
40.58000183105469
31.959999084472656
25.68000030517578
29.100000381469727
29.059999465942383
20.959999084472656
12.920000076293944
10.4399995803833
12.15999984741211
21.36000061035156
25.6200008392334
28.68000030517578
24.739999771118164
23.239999771118164
24.86000061035156
30.21999931335449
44.59999847412109
50.36000061035156
43.459999084472656
35.459999084472656
30.26000022888184
37.720001220703125
44.20000076293945
47.959999084472656
39.380001068115234
25.420000076293945
16.559999465942383
13.899999618530272
15.15999984741211
20.559999465942383
16.360000610351562
11.380000114440918
6.760000228881836
6.21999979019165
6.480000019073486
6.340000152587891
5.880000114440918
5.840000152587891
6.320000171661377
6.119999885559082
7.400000095367432
7.400000095367432
9.279999732971191
12.800000190734863
17.059999465942383
19.600000381469727
25.13999938964844
27.81999969482422
25.65999984741211
19.420000076293945
19.540000915527344
22.57999992370605
19.559999465942383
14.34000015258789
12.0
11.579999923706056
11.579999923706056
11.960000038146973
15.0
27.799999237060547
32.060001373291016
73.44000244140625
65.30000305175781
37.040000915527344
17.200000762939453
22.040000915527344
19.76000022888184
23.200000762939453
22.36000061035156
16.260000228881836
8.239999771118164
7.340000152587891
8.15999984741211
9.859999656677246
11.420000076293944
36.02000045776367
48.41999816894531
47.560001373291016
29.86000061035156
20.71999931335449
16.31999969482422
17.079999923706055
17.579999923706055
18.57999992370605
18.739999771118164
19.239999771118164
20.520000457763672
20.86000061035156
18.86000061035156
16.059999465942383
14.300000190734863
14.34000015258789
16.600000381469727
19.26000022888184
21.739999771118164
24.18000030517578
27.780000686645508
31.600000381469727
31.700000762939453
31.739999771118164
26.799999237060547
21.959999084472656
20.34000015258789
24.739999771118164
27.940000534057617
28.100000381469727
28.86000061035156
31.36000061035156
32.68000030517578
32.79999923706055
31.940000534057617
31.6200008392334
29.26000022888184
27.63999938964844
27.780000686645508
28.940000534057617
25.65999984741211
23.21999931335449
20.700000762939453
21.07999992370605
20.07999992370605
23.34000015258789
25.18000030517578
29.5
32.68000030517578
34.84000015258789
34.7599983215332
36.2599983215332
40.119998931884766
39.63999938964844
38.0
38.13999938964844
33.13999938964844
28.020000457763672
27.68000030517578
29.059999465942383
30.440000534057617
31.559999465942383
33.58000183105469
33.439998626708984
33.97999954223633
34.099998474121094
32.720001220703125
30.959999084472656
34.29999923706055
37.15999984741211
37.27999877929688
36.79999923706055
35.65999984741211
87.4800033569336
93.33999633789062
71.69999694824219
34.380001068115234
26.34000015258789
27.920000076293945
32.880001068115234
29.899999618530277
24.280000686645508
21.1200008392334
19.799999237060547
18.18000030517578
17.459999084472656
17.81999969482422
18.040000915527344
18.020000457763672
18.239999771118164
20.15999984741211
23.059999465942383
22.65999984741211
21.979999542236328
23.459999084472656
24.13999938964844
25.1200008392334
24.959999084472656
24.020000457763672
23.5
26.920000076293945
31.0
31.200000762939453
30.780000686645508
31.040000915527344
28.040000915527344
24.440000534057617
26.459999084472656
30.34000015258789
32.119998931884766
31.920000076293945
29.63999938964844
29.34000015258789
30.459999084472656
28.920000076293945
31.68000030517578
36.7599983215332
41.63999938964844
44.47999954223633
41.59999847412109
38.31999969482422
39.68000030517578
42.70000076293945
43.68000030517578
42.619998931884766
42.41999816894531
42.15999984741211
40.459999084472656
36.84000015258789
32.880001068115234
29.399999618530277
28.63999938964844
28.36000061035156
28.15999984741211
28.540000915527344
30.15999984741211
34.47999954223633
38.560001373291016
33.400001525878906
25.71999931335449
22.479999542236328
23.399999618530277
22.520000457763672
20.979999542236328
20.399999618530277
22.100000381469727
22.81999969482422
22.71999931335449
23.479999542236328
24.86000061035156
26.71999931335449
29.68000030517578
30.200000762939453
26.739999771118164
24.63999938964844
23.21999931335449
23.280000686645508
23.57999992370605
23.3799991607666
22.399999618530277
21.899999618530277
22.68000030517578
23.020000457763672
25.780000686645508
25.399999618530277
23.420000076293945
18.979999542236328
15.140000343322754
14.119999885559082
13.880000114440918
14.260000228881836
15.079999923706056
15.81999969482422
17.899999618530273
18.459999084472656
18.81999969482422
17.979999542236328
16.739999771118164
15.779999732971191
15.800000190734863
16.219999313354492
17.020000457763672
18.68000030517578
19.920000076293945
21.100000381469727
21.200000762939453
22.200000762939453
23.739999771118164
25.81999969482422
24.600000381469727
21.71999931335449
19.959999084472656
18.13999938964844
18.15999984741211
17.84000015258789
17.84000015258789
16.6200008392334
16.639999389648438
16.059999465942383
17.040000915527344
17.040000915527344
17.100000381469727
18.559999465942383
19.0
19.57999992370605
18.700000762939453
18.780000686645508
18.399999618530277
17.34000015258789
16.420000076293945
17.719999313354492
19.1200008392334
20.780000686645508
20.15999984741211
19.600000381469727
18.57999992370605
20.13999938964844
21.440000534057617
22.15999984741211
21.65999984741211
21.65999984741211
20.5
20.040000915527344
19.739999771118164
19.68000030517578
19.68000030517578
22.239999771118164
23.440000534057617
23.71999931335449
22.13999938964844
20.600000381469727
20.21999931335449
21.15999984741211
21.899999618530277
21.459999084472656
21.940000534057617
20.8799991607666
20.059999465942383
20.26000022888184
22.63999938964844
24.71999931335449
26.799999237060547
28.020000457763672
28.299999237060547
29.280000686645508
28.540000915527344
28.280000686645508
26.8799991607666
26.76000022888184
25.799999237060547
25.520000457763672
26.059999465942383
26.979999542236328
26.200000762939453
25.18000030517578
24.76000022888184
26.68000030517578
27.81999969482422
28.36000061035156
29.68000030517578
30.71999931335449
29.68000030517578
30.200000762939453
30.479999542236328
30.18000030517578
31.84000015258789
32.560001373291016
32.2400016784668
29.780000686645508
27.26000022888184
28.020000457763672
29.18000030517578
28.920000076293945
29.020000457763672
28.15999984741211
27.799999237060547
29.57999992370605
31.280000686645508
32.099998474121094
32.58000183105469
32.41999816894531
32.040000915527344
31.440000534057617
31.21999931335449
32.619998931884766
34.2599983215332
34.29999923706055
34.099998474121094
34.15999984741211
30.799999237060547
27.63999938964844
25.559999465942383
25.200000762939453
24.940000534057617
26.700000762939453
27.979999542236328
28.5
29.020000457763672
29.440000534057617
31.399999618530277
34.599998474121094
36.02000045776367
35.540000915527344
34.060001373291016
33.70000076293945
34.040000915527344
35.040000915527344
35.68000030517578
34.099998474121094
33.79999923706055
35.91999816894531
34.20000076293945
33.400001525878906
33.52000045776367
34.2599983215332
34.619998931884766
35.65999984741211
35.15999984741211
34.58000183105469
35.939998626708984
36.02000045776367
36.0
34.7599983215332
33.5
30.81999969482422
31.5
32.220001220703125
32.880001068115234
33.08000183105469
32.08000183105469
30.239999771118164
28.239999771118164
28.8799991607666
28.100000381469727
26.040000915527344
25.540000915527344
26.6200008392334
26.459999084472656
25.979999542236328
24.1200008392334
24.13999938964844
24.65999984741211
24.36000061035156
22.86000061035156
21.84000015258789
23.100000381469727
23.8799991607666
23.1200008392334
23.780000686645508
24.479999542236328
24.420000076293945
24.57999992370605
24.100000381469727
25.26000022888184
26.81999969482422
28.18000030517578
28.65999984741211
29.07999992370605
27.84000015258789
27.31999969482422
27.8799991607666
28.200000762939453
28.920000076293945
29.059999465942383
30.280000686645508
29.8799991607666
30.1200008392334
28.84000015258789
27.81999969482422
27.65999984741211
28.65999984741211
28.399999618530277
28.57999992370605
29.57999992370605
28.940000534057617
29.420000076293945
29.0
29.799999237060547
29.21999931335449
28.799999237060547
28.65999984741211
30.100000381469727
30.6200008392334
30.68000030517578
30.86000061035156
31.559999465942383
31.63999938964844
31.799999237060547
32.7599983215332
35.65999984741211
35.79999923706055
34.79999923706055
34.099998474121094
35.619998931884766
36.52000045776367
37.20000076293945
36.41999816894531
34.779998779296875
34.58000183105469
35.47999954223633
36.18000030517578
36.68000030517578
