0.0
0.0
0.0
0.0199999995529651
0.0399999991059303
0.0399999991059303
0.0199999995529651
0.0199999995529651
0.0199999995529651
0.0399999991059303
0.2399999946355819
0.3799999952316284
0.4399999976158142
0.800000011920929
1.340000033378601
1.899999976158142
2.720000028610229
3.5999999046325684
5.559999942779541
9.020000457763672
12.31999969482422
16.059999465942383
19.540000915527344
23.15999984741211
27.36000061035156
36.47999954223633
49.959999084472656
64.5999984741211
79.76000213623047
94.9000015258789
107.86000061035156
117.76000213623048
136.86000061035156
157.67999267578125
179.22000122070312
206.67999267578125
215.67999267578125
219.8600006103516
215.0399932861328
206.1000061035156
196.1199951171875
181.5200042724609
152.55999755859375
114.04000091552734
73.69999694824219
56.36000061035156
45.900001525878906
37.040000915527344
31.899999618530277
30.18000030517578
34.58000183105469
37.040000915527344
37.08000183105469
37.47999954223633
34.900001525878906
32.58000183105469
30.65999984741211
28.739999771118164
31.84000015258789
34.560001373291016
36.81999969482422
31.86000061035156
30.059999465942383
30.6200008392334
33.0
39.0
41.31999969482422
41.5
41.77999877929688
40.59999847412109
39.91999816894531
40.7599983215332
39.27999877929688
35.36000061035156
36.619998931884766
38.540000915527344
36.93999862670898
36.18000030517578
40.97999954223633
43.58000183105469
47.040000915527344
50.86000061035156
46.91999816894531
42.2599983215332
40.97999954223633
44.560001373291016
44.08000183105469
42.880001068115234
44.119998931884766
47.560001373291016
46.619998931884766
39.619998931884766
35.599998474121094
33.119998931884766
32.70000076293945
28.979999542236328
28.26000022888184
29.76000022888184
31.0
31.920000076293945
33.400001525878906
32.70000076293945
34.02000045776367
35.2400016784668
37.58000183105469
37.040000915527344
42.18000030517578
47.02000045776367
47.77999877929688
48.900001525878906
49.63999938964844
48.52000045776367
44.040000915527344
41.7400016784668
38.2400016784668
33.060001373291016
29.399999618530277
31.280000686645508
35.939998626708984
37.2599983215332
35.15999984741211
33.939998626708984
31.280000686645508
27.280000686645508
24.84000015258789
27.700000762939453
31.68000030517578
34.91999816894531
39.34000015258789
40.65999984741211
38.09999847412109
34.52000045776367
28.68000030517578
29.899999618530277
34.02000045776367
37.63999938964844
39.08000183105469
35.040000915527344
32.79999923706055
31.86000061035156
33.599998474121094
35.70000076293945
39.02000045776367
40.15999984741211
40.81999969482422
41.08000183105469
42.15999984741211
40.59999847412109
36.5
36.959999084472656
44.27999877929688
51.97999954223633
45.93999862670898
36.040000915527344
30.84000015258789
33.540000915527344
33.08000183105469
34.34000015258789
36.70000076293945
36.7599983215332
32.63999938964844
31.0
31.26000022888184
36.060001373291016
37.81999969482422
34.47999954223633
28.780000686645508
26.1200008392334
27.239999771118164
28.18000030517578
28.600000381469727
41.220001220703125
33.41999816894531
17.440000534057617
9.81999969482422
14.4399995803833
21.420000076293945
24.559999465942383
29.1200008392334
33.7599983215332
34.7400016784668
33.47999954223633
36.52000045776367
34.959999084472656
30.71999931335449
52.77999877929688
56.34000015258789
39.0
28.57999992370605
28.959999084472656
27.440000534057617
55.63999938964844
49.86000061035156
30.6200008392334
14.84000015258789
18.86000061035156
20.65999984741211
24.31999969482422
31.780000686645508
32.2599983215332
42.68000030517578
35.47999954223633
27.420000076293945
19.84000015258789
24.3799991607666
40.540000915527344
35.79999923706055
26.76000022888184
24.299999237060547
46.15999984741211
40.619998931884766
22.81999969482422
8.899999618530273
8.65999984741211
12.539999961853027
14.079999923706056
25.68000030517578
43.43999862670898
38.52000045776367
25.13999938964844
34.779998779296875
29.34000015258789
28.420000076293945
31.799999237060547
68.69999694824219
66.27999877929688
47.58000183105469
19.280000686645508
30.059999465942383
29.3799991607666
91.31999969482422
103.4000015258789
70.62000274658203
31.3799991607666
37.540000915527344
43.29999923706055
46.220001220703125
35.47999954223633
24.299999237060547
38.119998931884766
37.65999984741211
22.920000076293945
30.780000686645508
38.220001220703125
24.31999969482422
7.840000152587891
3.0
8.199999809265137
10.399999618530272
16.540000915527344
13.31999969482422
17.239999771118164
21.07999992370605
23.799999237060547
31.299999237060547
31.8799991607666
19.780000686645508
7.340000152587891
3.380000114440918
25.239999771118164
27.57999992370605
20.399999618530277
9.199999809265137
7.699999809265137
8.039999961853027
8.460000038146973
20.559999465942383
22.07999992370605
22.299999237060547
44.93999862670898
46.20000076293945
36.52000045776367
20.959999084472656
49.81999969482422
56.720001220703125
48.81999969482422
38.27999877929688
66.86000061035156
76.23999786376953
47.400001525878906
16.0
3.539999961853028
2.880000114440918
1.7999999523162842
2.0999999046325684
1.899999976158142
24.18000030517578
32.63999938964844
28.520000457763672
14.119999885559082
27.200000762939453
27.76000022888184
78.76000213623047
80.26000213623047
50.720001220703125
42.7400016784668
36.86000061035156
27.6200008392334
13.119999885559082
70.4000015258789
86.68000030517578
59.34000015258789
29.71999931335449
23.540000915527344
38.34000015258789
35.31999969482422
24.459999084472656
11.5600004196167
41.7400016784668
47.0
32.20000076293945
15.779999732971191
18.700000762939453
49.459999084472656
50.81999969482422
44.43999862670898
28.559999465942383
24.600000381469727
33.65999984741211
36.43999862670898
30.31999969482422
76.4800033569336
96.72000122070312
65.31999969482422
24.13999938964844
21.459999084472656
36.68000030517578
31.34000015258789
24.700000762939453
19.739999771118164
24.100000381469727
35.459999084472656
27.979999542236328
12.699999809265137
22.920000076293945
29.21999931335449
26.479999542236328
17.84000015258789
14.239999771118164
21.07999992370605
18.940000534057617
16.700000762939453
9.81999969482422
7.639999866485596
6.960000038146973
17.34000015258789
17.940000534057617
34.20000076293945
41.86000061035156
62.52000045776367
54.02000045776367
48.0
39.84000015258789
31.440000534057617
48.2400016784668
47.2599983215332
89.12000274658203
92.4000015258789
75.68000030517578
40.29999923706055
21.440000534057617
11.640000343322754
18.200000762939453
23.559999465942383
41.7599983215332
60.2400016784668
48.560001373291016
24.3799991607666
17.780000686645508
17.959999084472656
71.36000061035156
102.63999938964844
97.6999969482422
50.13999938964844
28.6200008392334
27.780000686645508
41.7400016784668
37.13999938964844
30.100000381469727
24.479999542236328
25.940000534057617
22.07999992370605
18.299999237060547
13.399999618530272
17.299999237060547
16.520000457763672
16.520000457763672
21.459999084472656
21.479999542236328
42.77999877929688
36.400001525878906
21.63999938964844
17.299999237060547
19.07999992370605
13.5600004196167
8.699999809265137
10.34000015258789
14.859999656677246
16.780000686645508
18.81999969482422
15.220000267028809
19.18000030517578
17.280000686645508
13.960000038146973
22.3799991607666
24.040000915527344
51.43999862670898
90.6999969482422
71.68000030517578
32.84000015258789
33.220001220703125
33.58000183105469
26.36000061035156
16.979999542236328
31.799999237060547
25.15999984741211
28.920000076293945
20.57999992370605
19.34000015258789
11.800000190734863
57.91999816894531
60.2599983215332
93.13999938964844
64.68000030517578
83.91999816894531
81.4800033569336
98.8000030517578
62.70000076293945
39.52000045776367
18.5
9.979999542236328
4.820000171661377
4.380000114440918
3.839999914169312
3.299999952316284
1.7400000095367432
1.0
0.2800000011920929
3.5199999809265137
4.0
3.859999895095825
4.440000057220459
6.559999942779541
7.420000076293945
10.0600004196167
25.86000061035156
30.600000381469727
21.940000534057617
17.399999618530273
24.200000762939453
28.100000381469727
22.600000381469727
12.9399995803833
5.78000020980835
1.440000057220459
19.959999084472656
37.720001220703125
30.81999969482422
13.220000267028809
2.2799999713897705
0.4600000083446502
0.2599999904632568
1.440000057220459
20.479999542236328
27.1200008392334
20.739999771118164
8.420000076293945
5.300000190734863
5.019999980926514
6.5
13.420000076293944
19.600000381469727
21.57999992370605
15.600000381469728
13.539999961853027
24.979999542236328
27.86000061035156
20.040000915527344
60.459999084472656
65.73999786376953
67.76000213623047
37.959999084472656
84.91999816894531
115.31999969482422
92.55999755859376
49.52000045776367
27.76000022888184
24.6200008392334
109.4000015258789
133.1199951171875
83.5199966430664
21.420000076293945
5.71999979019165
5.260000228881836
3.380000114440918
12.020000457763672
13.739999771118164
9.619999885559082
3.819999933242798
9.079999923706056
10.220000267028809
8.319999694824219
4.199999809265137
1.840000033378601
0.9399999976158142
1.340000033378601
5.179999828338623
5.179999828338623
3.059999942779541
1.0399999618530271
2.259999990463257
2.1600000858306885
2.4800000190734863
4.119999885559082
3.240000009536743
1.600000023841858
5.460000038146973
19.440000534057617
29.299999237060547
24.26000022888184
13.399999618530272
23.76000022888184
32.7400016784668
31.71999931335449
16.040000915527344
10.81999969482422
10.31999969482422
15.31999969482422
23.959999084472656
27.86000061035156
19.1200008392334
8.779999732971191
6.079999923706055
7.119999885559082
5.539999961853027
11.199999809265137
16.079999923706055
19.5
19.040000915527344
22.280000686645508
24.040000915527344
23.63999938964844
15.300000190734863
9.600000381469728
5.059999942779541
4.380000114440918
6.099999904632568
7.239999771118164
5.300000190734863
1.4800000190734863
1.1200000047683716
2.039999961853028
7.0
11.239999771118164
14.199999809265137
17.34000015258789
20.31999969482422
17.719999313354492
16.020000457763672
15.18000030517578
14.65999984741211
19.34000015258789
30.899999618530277
50.81999969482422
54.77999877929688
43.86000061035156
44.900001525878906
65.41999816894531
68.45999908447266
48.31999969482422
42.77999877929688
49.20000076293945
41.31999969482422
26.63999938964844
19.81999969482422
18.559999465942383
40.52000045776367
34.86000061035156
21.36000061035156
28.63999938964844
71.87999725341797
57.7599983215332
25.71999931335449
1.440000057220459
2.039999961853028
4.239999771118164
40.79999923706055
54.91999816894531
40.900001525878906
42.70000076293945
47.84000015258789
43.060001373291016
26.280000686645508
21.0
20.84000015258789
26.71999931335449
28.700000762939453
23.57999992370605
45.2400016784668
61.27999877929688
65.80000305175781
88.05999755859375
82.76000213623047
69.4000015258789
37.119998931884766
43.02000045776367
43.52000045776367
40.68000030517578
39.5
44.2599983215332
40.81999969482422
38.59999847412109
63.2400016784668
64.33999633789062
46.81999969482422
21.0
22.540000915527344
36.619998931884766
46.84000015258789
39.52000045776367
26.459999084472656
48.380001068115234
49.91999816894531
44.41999816894531
33.5
38.560001373291016
26.459999084472656
12.65999984741211
7.28000020980835
7.440000057220459
18.68000030517578
22.8799991607666
17.260000228881836
11.600000381469728
8.680000305175781
9.15999984741211
19.31999969482422
39.31999969482422
32.58000183105469
16.799999237060547
19.65999984741211
23.5
21.0
17.239999771118164
11.960000038146973
33.779998779296875
34.36000061035156
22.059999465942383
10.65999984741211
18.1200008392334
17.920000076293945
19.65999984741211
16.15999984741211
13.239999771118164
9.720000267028809
9.720000267028809
12.520000457763672
13.920000076293944
19.76000022888184
25.799999237060547
27.959999084472656
24.71999931335449
30.6200008392334
34.7400016784668
23.520000457763672
18.700000762939453
31.1200008392334
28.280000686645508
16.639999389648438
12.699999809265137
31.86000061035156
31.979999542236328
22.57999992370605
23.5
26.81999969482422
35.84000015258789
40.43999862670898
27.959999084472656
13.15999984741211
12.359999656677246
14.979999542236328
13.279999732971191
19.979999542236328
17.700000762939453
15.220000267028809
8.520000457763672
10.260000228881836
18.18000030517578
20.34000015258789
27.040000915527344
25.21999931335449
26.3799991607666
23.36000061035156
21.540000915527344
14.15999984741211
9.960000038146973
18.780000686645508
47.70000076293945
52.81999969482422
45.5
29.799999237060547
27.059999465942383
22.34000015258789
15.18000030517578
7.820000171661377
4.320000171661377
6.639999866485596
37.20000076293945
59.20000076293945
98.12000274658205
110.23999786376952
86.91999816894531
51.08000183105469
26.399999618530277
23.780000686645508
19.600000381469727
15.5600004196167
49.81999969482422
64.23999786376953
50.119998931884766
26.200000762939453
23.18000030517578
28.36000061035156
26.34000015258789
31.799999237060547
48.29999923706055
47.900001525878906
29.739999771118164
15.779999732971191
15.65999984741211
34.02000045776367
37.93999862670898
30.979999542236328
57.31999969482422
68.72000122070312
56.52000045776367
39.400001525878906
28.21999931335449
44.77999877929688
42.720001220703125
38.93999862670898
66.54000091552734
77.22000122070312
46.2599983215332
13.399999618530272
15.880000114440918
30.8799991607666
31.57999992370605
28.479999542236328
30.399999618530277
31.239999771118164
101.04000091552734
134.6199951171875
97.23999786376952
38.09999847412109
23.26000022888184
18.040000915527344
10.859999656677246
24.979999542236328
34.880001068115234
44.619998931884766
45.68000030517578
67.33999633789062
52.58000183105469
31.040000915527344
19.799999237060547
15.100000381469728
13.220000267028809
15.399999618530272
15.399999618530272
15.0
21.200000762939453
27.799999237060547
30.5
25.36000061035156
17.8799991607666
10.31999969482422
10.619999885559082
21.399999618530277
23.920000076293945
16.020000457763672
9.020000457763672
33.939998626708984
37.459999084472656
23.68000030517578
19.31999969482422
49.220001220703125
49.459999084472656
27.5
11.520000457763672
18.34000015258789
33.619998931884766
26.540000915527344
13.479999542236328
6.679999828338623
6.71999979019165
5.820000171661377
10.399999618530272
19.040000915527344
18.65999984741211
13.960000038146973
10.779999732971191
15.420000076293944
12.5600004196167
8.520000457763672
6.699999809265137
6.440000057220459
6.539999961853027
10.5600004196167
10.199999809265137
12.539999961853027
15.119999885559082
27.479999542236328
34.70000076293945
32.47999954223633
28.459999084472656
20.899999618530277
46.380001068115234
45.34000015258789
35.779998779296875
27.239999771118164
26.540000915527344
44.91999816894531
37.29999923706055
25.920000076293945
19.86000061035156
20.020000457763672
44.380001068115234
47.7599983215332
96.08000183105467
116.66000366210938
100.0999984741211
64.73999786376953
48.0
32.29999923706055
17.1200008392334
26.899999618530277
30.540000915527344
24.26000022888184
15.65999984741211
10.5
20.540000915527344
17.200000762939453
8.819999694824219
2.059999942779541
23.739999771118164
25.63999938964844
17.639999389648438
10.880000114440918
10.0600004196167
26.440000534057617
32.13999938964844
53.70000076293945
40.58000183105469
35.81999969482422
20.65999984741211
24.440000534057617
22.040000915527344
20.600000381469727
15.779999732971191
10.31999969482422
7.579999923706055
27.520000457763672
30.3799991607666
25.100000381469727
46.459999084472656
55.15999984741211
40.52000045776367
45.36000061035156
48.52000045776367
42.380001068115234
24.18000030517578
31.020000457763672
28.979999542236328
19.559999465942383
11.300000190734863
13.119999885559082
22.15999984741211
33.65999984741211
39.59999847412109
31.34000015258789
21.700000762939453
15.100000381469728
13.399999618530272
10.859999656677246
9.260000228881836
12.020000457763672
12.420000076293944
21.34000015258789
27.040000915527344
30.34000015258789
22.600000381469727
20.700000762939453
14.260000228881836
8.119999885559082
78.95999908447266
98.41999816894533
68.91999816894531
43.09999847412109
29.0
30.3799991607666
20.020000457763672
21.36000061035156
69.30000305175781
67.22000122070312
50.2400016784668
25.26000022888184
24.540000915527344
20.059999465942383
31.399999618530277
27.18000030517578
18.600000381469727
12.619999885559082
12.859999656677246
10.34000015258789
7.659999847412109
6.78000020980835
13.920000076293944
15.420000076293944
15.18000030517578
10.920000076293944
7.380000114440918
4.960000038146973
4.679999828338623
5.260000228881836
6.239999771118164
6.159999847412109
9.760000228881836
14.4399995803833
19.07999992370605
19.57999992370605
18.68000030517578
13.5
9.899999618530272
7.900000095367432
86.4000015258789
83.94000244140625
41.02000045776367
6.739999771118164
9.720000267028809
9.220000267028809
14.199999809265137
25.239999771118164
23.020000457763672
25.239999771118164
34.880001068115234
27.040000915527344
16.040000915527344
14.020000457763672
50.119998931884766
63.34000015258789
68.45999908447266
67.18000030517578
54.540000915527344
40.77999877929688
27.559999465942383
22.65999984741211
44.36000061035156
40.040000915527344
24.959999084472656
15.020000457763672
14.65999984741211
12.600000381469728
11.239999771118164
12.380000114440918
12.140000343322754
13.140000343322754
14.460000038146973
15.260000228881836
9.800000190734863
4.260000228881836
1.4199999570846558
1.3200000524520874
2.039999961853028
2.440000057220459
2.4800000190734863
4.059999942779541
5.019999980926514
5.840000152587891
5.71999979019165
4.260000228881836
3.259999990463257
2.2799999713897705
1.7200000286102295
1.7000000476837158
2.0799999237060547
1.8799999952316284
1.5800000429153442
1.399999976158142
1.4800000190734863
1.7599999904632568
1.899999976158142
1.8200000524520876
2.220000028610229
2.5199999809265137
2.720000028610229
2.440000057220459
2.619999885559082
2.619999885559082
2.6600000858306885
2.9200000762939453
3.0
3.240000009536743
3.259999990463257
3.9600000381469727
7.239999771118164
9.9399995803833
29.68000030517578
30.21999931335449
22.5
32.599998474121094
56.93999862670898
53.880001068115234
37.2599983215332
24.239999771118164
28.020000457763672
27.940000534057617
22.57999992370605
32.400001525878906
51.68000030517578
55.65999984741211
54.09999847412109
46.47999954223633
36.0
26.059999465942383
23.13999938964844
18.899999618530277
17.940000534057617
21.21999931335449
23.13999938964844
23.059999465942383
22.040000915527344
17.700000762939453
12.960000038146973
12.9399995803833
14.15999984741211
15.800000190734863
15.979999542236328
15.18000030517578
13.579999923706056
13.300000190734863
15.81999969482422
19.76000022888184
21.959999084472656
26.18000030517578
31.780000686645508
32.7599983215332
28.899999618530277
24.920000076293945
21.15999984741211
35.540000915527344
35.279998779296875
26.84000015258789
16.260000228881836
19.399999618530277
21.780000686645508
27.07999992370605
28.040000915527344
23.280000686645508
34.20000076293945
41.400001525878906
75.0199966430664
69.31999969482422
89.33999633789062
99.36000061035156
107.23999786376952
81.18000030517578
52.380001068115234
32.08000183105469
26.559999465942383
24.920000076293945
26.559999465942383
23.899999618530277
20.65999984741211
21.280000686645508
21.479999542236328
24.71999931335449
23.71999931335449
48.13999938964844
48.2599983215332
39.63999938964844
34.099998474121094
28.059999465942383
21.780000686645508
14.920000076293944
12.600000381469728
13.100000381469728
19.26000022888184
15.640000343322754
18.26000022888184
22.63999938964844
51.47999954223633
43.91999816894531
25.100000381469727
9.119999885559082
8.640000343322754
10.020000457763672
18.459999084472656
21.780000686645508
20.07999992370605
19.399999618530277
19.399999618530277
18.76000022888184
27.920000076293945
24.940000534057617
17.579999923706055
14.4399995803833
21.280000686645508
23.26000022888184
21.799999237060547
19.15999984741211
16.68000030517578
15.18000030517578
13.760000228881836
14.359999656677246
14.579999923706056
14.81999969482422
13.420000076293944
12.479999542236328
14.34000015258789
19.239999771118164
20.76000022888184
22.86000061035156
24.059999465942383
24.0
25.540000915527344
27.459999084472656
26.420000076293945
25.479999542236328
25.84000015258789
24.57999992370605
22.26000022888184
17.100000381469727
13.520000457763672
12.239999771118164
12.380000114440918
14.920000076293944
16.739999771118164
18.26000022888184
18.459999084472656
18.26000022888184
20.479999542236328
20.700000762939453
22.959999084472656
27.6200008392334
28.86000061035156
25.100000381469727
21.420000076293945
19.6200008392334
17.079999923706055
17.399999618530273
16.920000076293945
15.9399995803833
29.6200008392334
26.299999237060547
38.27999877929688
43.65999984741211
43.63999938964844
29.13999938964844
21.3799991607666
20.959999084472656
19.63999938964844
16.8799991607666
23.81999969482422
33.34000015258789
53.02000045776367
41.59999847412109
26.959999084472656
19.899999618530277
23.07999992370605
24.440000534057617
26.65999984741211
29.559999465942383
30.399999618530277
30.520000457763672
40.29999923706055
40.68000030517578
34.380001068115234
28.239999771118164
31.420000076293945
34.099998474121094
34.0
26.799999237060547
18.459999084472656
14.81999969482422
15.199999809265137
12.960000038146973
14.140000343322754
20.020000457763672
26.020000457763672
26.15999984741211
24.07999992370605
16.31999969482422
10.399999618530272
13.699999809265137
16.739999771118164
21.479999542236328
16.959999084472656
17.81999969482422
19.020000457763672
17.139999389648438
12.479999542236328
13.399999618530272
16.31999969482422
18.57999992370605
17.760000228881836
17.059999465942383
15.359999656677246
14.5600004196167
15.479999542236328
16.8799991607666
16.81999969482422
17.639999389648438
15.579999923706056
14.140000343322754
13.239999771118164
13.300000190734863
15.100000381469728
21.920000076293945
29.71999931335449
32.13999938964844
31.600000381469727
29.3799991607666
29.020000457763672
30.020000457763672
32.2400016784668
33.34000015258789
33.81999969482422
31.540000915527344
27.34000015258789
19.6200008392334
15.079999923706056
13.079999923706056
13.260000228881836
13.720000267028809
12.699999809265137
11.779999732971191
11.100000381469728
12.039999961853027
13.15999984741211
13.9399995803833
14.84000015258789
14.899999618530272
16.920000076293945
17.399999618530273
18.63999938964844
19.57999992370605
21.040000915527344
20.399999618530277
18.059999465942383
18.899999618530277
22.299999237060547
26.059999465942383
27.920000076293945
28.81999969482422
29.86000061035156
29.18000030517578
27.899999618530277
29.399999618530277
29.239999771118164
30.280000686645508
30.8799991607666
31.07999992370605
30.440000534057617
29.440000534057617
28.600000381469727
30.13999938964844
25.440000534057617
20.799999237060547
19.71999931335449
20.780000686645508
21.399999618530277
20.780000686645508
20.899999618530277
20.84000015258789
21.86000061035156
21.6200008392334
22.18000030517578
22.420000076293945
28.979999542236328
34.060001373291016
37.34000015258789
33.900001525878906
31.040000915527344
29.399999618530277
29.979999542236328
32.18000030517578
33.29999923706055
33.02000045776367
34.599998474121094
34.279998779296875
34.18000030517578
32.68000030517578
31.36000061035156
31.440000534057617
29.5
30.21999931335449
30.459999084472656
30.040000915527344
30.81999969482422
32.52000045776367
33.79999923706055
35.720001220703125
37.18000030517578
36.93999862670898
38.13999938964844
38.7400016784668
38.08000183105469
35.31999969482422
35.560001373291016
35.900001525878906
36.880001068115234
35.880001068115234
35.31999969482422
35.41999816894531
34.959999084472656
34.380001068115234
33.060001373291016
32.47999954223633
29.86000061035156
29.540000915527344
28.440000534057617
28.940000534057617
27.440000534057617
27.21999931335449
27.34000015258789
26.63999938964844
26.040000915527344
25.6200008392334
25.6200008392334
27.71999931335449
29.020000457763672
28.020000457763672
27.440000534057617
26.34000015258789
25.299999237060547
24.420000076293945
24.280000686645508
25.059999465942383
25.13999938964844
25.020000457763672
26.21999931335449
27.959999084472656
27.799999237060547
26.8799991607666
26.3799991607666
25.76000022888184
26.440000534057617
26.559999465942383
27.459999084472656
27.34000015258789
28.459999084472656
30.36000061035156
30.0
30.6200008392334
29.84000015258789
27.84000015258789
26.65999984741211
26.059999465942383
23.86000061035156
24.739999771118164
24.26000022888184
25.020000457763672
24.8799991607666
26.84000015258789
26.31999969482422
25.1200008392334
25.040000915527344
24.200000762939453
24.059999465942383
25.0
24.940000534057617
25.200000762939453
25.21999931335449
25.71999931335449
25.600000381469727
24.15999984741211
22.31999969482422
22.040000915527344
22.280000686645508
22.059999465942383
22.540000915527344
23.31999969482422
24.0
23.739999771118164
24.15999984741211
26.34000015258789
26.899999618530277
25.71999931335449
24.31999969482422
23.63999938964844
23.15999984741211
22.81999969482422
23.200000762939453
23.420000076293945
22.459999084472656
22.36000061035156
23.040000915527344
22.6200008392334
20.739999771118164
20.700000762939453
22.520000457763672
22.739999771118164
21.780000686645508
20.059999465942383
20.36000061035156
20.57999992370605
20.940000534057617
21.239999771118164
21.940000534057617
22.8799991607666
24.479999542236328
25.399999618530277
24.07999992370605
23.040000915527344
23.399999618530277
23.399999618530277
24.36000061035156
25.479999542236328
25.780000686645508
26.040000915527344
27.1200008392334
27.71999931335449
26.540000915527344
25.18000030517578
26.15999984741211
27.31999969482422
28.21999931335449
27.07999992370605
28.739999771118164
28.399999618530277
27.940000534057617
27.700000762939453
28.700000762939453
29.36000061035156
30.07999992370605
29.040000915527344
29.479999542236328
28.239999771118164
28.81999969482422
28.68000030517578
28.940000534057617
28.36000061035156
27.31999969482422
25.6200008392334
25.520000457763672
26.15999984741211
26.559999465942383
25.559999465942383
25.780000686645508
25.100000381469727
26.5
25.899999618530277
26.8799991607666
26.600000381469727
27.040000915527344
26.700000762939453
26.940000534057617
25.71999931335449
25.520000457763672
25.899999618530277
25.34000015258789
24.899999618530277
23.739999771118164
24.13999938964844
24.3799991607666
24.959999084472656
24.84000015258789
24.399999618530277
24.739999771118164
24.76000022888184
24.13999938964844
24.57999992370605
24.780000686645508
25.280000686645508
25.21999931335449
26.15999984741211
26.3799991607666
26.18000030517578
25.739999771118164
26.020000457763672
24.959999084472656
24.799999237060547
24.6200008392334
25.100000381469727
23.68000030517578
24.76000022888184
25.899999618530277
26.459999084472656
26.100000381469727
26.700000762939453
27.36000061035156
27.65999984741211
27.15999984741211
28.1200008392334
27.600000381469727
28.239999771118164
27.34000015258789
27.440000534057617
27.63999938964844
