218.31
208.48
183.1
180.69
196.39
150.72
148.43
146.49
125.56
76.51
60.09
32.82
15.84
3.19
5.35
2.44
0.0
0.0
0.3
0.08
0.0
0.0
0.0
0.0
0.0
0.0
0.33
0.0
0.0
0.0
0.0
0.13
0.0
0.0
0.0
0.0
0.0
0.0
0.0
0.0
0.0
0.0
0.0
0.0
0.0
0.0
0.0
0.0
0.0
0.0
0.0
0.0
0.0
0.0
0.0
0.22
0.43
0.05
0.0
0.0
0.0
0.23
0.0
0.0
0.3
0.0
0.0
0.0
0.17
0.0
0.32
0.19
0.36
0.0
0.0
1.31
0.38
0.38
0.0
0.0
0.76
0.58
0.0
0.06
0.91
1.26
1.25
1.05
0.87
1.19
0.65
0.71
1.25
0.7
1.76
2.57
1.31
1.1
2.09
8.41
1.74
1.28
1.66
1.98
7.28
41.17
39.67
54.93
41.26
29.11
23.76
16.69
20.54
12.43
12.31
4.13
2.18
3.24
1.87
1.55
0.92
0.58
1.29
0.2
21.69
8.88
15.13
8.74
3.49
2.51
1.9
2.17
4.09
2.08
4.27
4.77
2.91
2.53
2.4
2.09
1.94
4.31
0.6
0.94
2.26
3.86
6.21
3.64
3.47
2.35
6.14
23.99
14.24
17.02
32.14
18.18
35.39
31.14
33.97
23.13
1.51
1.5
0.7
2.48
4.47
5.96
2.41
2.53
3.54
5.83
8.9
3.04
3.12
0.13
0.94
2.85
2.3
2.57
4.37
4.2
7.06
12.46
16.36
28.98
19.83
4.07
16.61
6.31
1.46
3.74
13.25
19.8
8.23
10.94
7.56
4.42
3.2
4.89
1.81
2.08
1.91
1.39
3.42
2.04
1.8
2.82
3.36
14.09
23.71
34.53
29.09
10.9
7.48
11.91
16.46
8.94
13.04
1.13
0.82
1.49
3.19
2.35
1.0
1.05
0.33
0.37
1.15
2.88
4.82
9.43
5.92
5.83
17.3
21.28
10.5
12.96
16.22
11.1
5.55
2.21
0.29
0.96
3.01
4.33
6.14
38.97
35.12
19.65
18.38
22.56
30.81
22.68
15.52
5.44
8.81
4.59
9.47
12.22
14.37
7.59
3.68
1.61
0.55
9.44
7.72
4.75
1.68
1.74
2.59
1.58
5.16
11.99
17.5
9.93
9.95
13.97
13.17
18.07
2.98
3.76
2.92
1.75
0.96
1.76
2.35
0.46
2.29
0.35
0.38
0.0
0.92
0.84
1.02
12.35
21.08
11.09
13.32
9.27
4.08
4.96
12.84
2.07
3.5
3.02
3.44
4.88
2.21
4.89
32.79
7.06
4.0
0.32
1.57
23.63
12.62
9.41
28.18
18.98
7.79
6.52
2.62
4.94
26.33
18.37
20.77
24.21
16.44
2.0
0.61
2.44
2.48
1.9
2.36
8.08
6.42
6.24
6.67
3.32
2.28
2.83
2.17
5.29
17.41
11.55
28.32
26.49
12.69
5.62
13.74
18.26
24.85
17.95
15.2
13.93
2.97
2.8
6.41
25.23
25.78
1.98
1.53
10.25
13.64
8.83
5.45
0.0
1.16
15.91
13.98
17.12
13.19
7.3
8.56
2.45
2.79
1.53
1.51
1.32
3.48
4.21
1.31
3.67
2.44
3.09
2.23
0.78
1.34
1.14
2.92
2.56
2.48
2.15
1.8
2.43
2.14
2.45
1.69
0.75
3.9
17.03
16.37
17.46
13.23
7.59
2.88
1.87
1.35
2.63
3.13
2.83
4.77
19.35
15.35
13.33
12.64
7.38
3.93
5.52
12.53
9.93
14.48
4.09
3.22
2.39
13.24
16.62
26.83
25.99
22.25
5.87
7.75
4.16
1.25
1.41
1.74
2.03
6.72
5.87
6.1
2.2
4.59
40.87
23.92
25.69
25.87
8.08
4.48
1.94
1.14
2.22
5.92
2.86
0.76
2.19
1.87
0.66
0.72
1.13
3.19
1.22
2.07
8.62
9.37
16.4
6.13
9.25
30.73
25.68
33.04
32.12
12.07
13.29
40.4
29.71
26.41
32.58
28.03
22.08
21.5
26.51
17.73
12.11
19.62
31.17
36.94
21.21
13.76
1.12
2.78
3.34
9.83
19.44
20.45
26.38
26.91
26.21
18.6
15.89
3.89
1.82
1.77
3.21
35.26
44.98
32.93
10.63
5.78
8.72
24.15
22.35
21.78
32.89
27.85
6.51
7.73
6.39
6.98
5.94
8.73
7.1
6.93
41.94
58.75
72.75
66.52
30.62
18.72
11.75
15.31
24.71
20.32
15.51
8.48
5.61
18.8
22.05
16.04
2.54
3.19
8.32
6.26
4.94
5.87
2.36
1.56
3.8
21.75
27.62
35.62
47.29
46.86
27.27
21.41
6.43
5.24
9.78
17.07
10.1
5.27
7.84
7.71
2.76
4.74
4.56
15.45
24.35
13.9
4.34
4.5
2.65
4.02
3.54
12.21
7.17
6.1
1.51
5.78
4.16
4.58
30.44
39.34
19.35
3.95
7.2
21.78
27.92
35.3
33.94
20.98
15.61
22.04
14.3
7.28
13.86
35.59
37.38
11.07
11.54
5.21
7.68
