14.74
5.65
7.1
6.42
9.14
10.37
15.98
15.11
19.88
33.59
26.15
22.62
21.25
36.41
35.3
37.53
38.24
19.16
23.04
14.21
12.51
12.78
15.2
6.83
4.65
5.72
2.76
4.24
4.81
6.32
7.38
10.23
14.58
20.85
16.22
8.51
4.69
0.6
1.0
0.76
0.56
0.7
0.24
0.48
0.0
0.0
0.0
0.0
0.0
0.0
0.0
0.3
0.31
0.11
0.14
0.13
0.37
0.38
0.37
2.48
3.68
5.65
6.28
6.78
6.98
7.66
9.06
7.39
10.11
13.84
9.04
7.96
4.15
4.7
8.47
5.93
7.07
17.32
34.76
25.62
30.78
29.54
29.21
32.87
42.16
42.0
51.06
45.33
43.28
46.5
47.35
52.14
56.48
54.03
32.97
36.51
31.81
32.63
36.04
17.1
17.48
15.91
13.73
20.75
21.38
19.51
15.88
18.16
27.34
38.61
24.01
3.34
11.51
10.28
11.09
38.08
42.66
36.33
37.17
33.07
24.38
4.11
3.82
2.96
1.45
2.27
3.56
1.07
1.9
3.08
4.42
2.42
7.68
2.88
0.53
0.58
1.97
0.22
0.3
0.16
0.15
0.0
0.3
1.85
3.5
3.15
1.9
4.2
3.33
4.54
9.03
13.92
16.6
9.45
8.18
1.78
10.74
2.2
16.46
3.87
1.08
2.18
3.44
2.28
7.24
5.41
2.38
30.37
26.0
15.91
2.4
11.14
15.37
15.11
15.6
21.25
16.17
9.75
15.5
20.96
6.95
11.36
10.07
4.25
1.79
3.74
4.88
11.03
8.41
6.92
6.61
3.59
5.16
3.32
10.26
9.09
6.72
5.36
4.12
8.71
3.03
0.0
4.18
2.5
3.38
2.47
1.31
5.54
7.54
9.76
15.18
11.19
11.2
16.73
54.5
43.92
36.95
30.42
24.23
18.29
22.48
34.17
41.69
48.96
41.73
29.99
19.62
7.88
15.24
11.1
15.48
10.75
12.75
15.18
44.93
38.11
42.21
34.26
38.6
31.9
23.46
30.12
35.99
9.52
4.0
4.79
8.27
16.32
41.48
41.24
52.53
23.2
4.63
7.24
4.57
3.36
8.46
13.22
8.18
10.21
48.33
32.76
16.94
7.13
1.09
0.87
1.18
3.32
3.17
1.02
0.87
1.3
0.33
0.65
0.72
0.5
0.0
0.82
0.15
0.32
0.33
0.5
1.79
0.13
0.23
1.63
0.85
1.96
5.7
10.4
13.23
8.45
6.63
7.52
9.76
9.54
3.21
2.2
1.8
4.09
29.3
31.69
21.89
50.48
39.63
7.9
14.54
9.72
17.7
41.24
47.65
61.35
57.47
28.07
21.16
4.07
1.78
16.95
15.6
33.93
20.36
11.31
19.21
45.11
47.31
57.74
47.33
19.33
21.27
6.38
5.85
4.52
8.51
41.22
27.78
3.55
3.66
6.27
5.55
40.12
46.44
48.14
22.28
5.75
11.92
6.82
18.4
28.43
11.23
11.83
19.28
8.34
10.25
3.66
4.2
3.85
15.88
20.65
12.6
21.04
9.73
1.33
3.42
3.67
3.39
1.85
3.11
13.74
12.26
10.68
21.25
23.0
19.68
31.23
35.69
24.61
24.24
26.44
23.99
10.36
4.77
5.6
5.09
1.15
1.9
4.72
3.6
1.79
3.72
4.73
4.74
30.61
34.7
18.95
10.92
6.44
6.03
1.89
4.94
16.52
24.67
16.18
20.84
11.69
10.01
16.35
9.61
10.4
10.16
14.53
3.86
4.33
10.06
15.78
7.78
9.19
16.8
24.57
19.63
4.47
5.26
1.24
3.62
3.02
5.43
28.21
5.59
0.87
2.78
12.12
6.66
9.89
3.97
9.78
23.86
31.14
11.31
13.03
11.73
3.63
7.94
43.36
12.67
37.43
12.66
6.55
8.0
4.99
4.33
11.52
8.98
8.45
21.4
20.83
31.89
11.01
6.06
12.42
34.8
13.69
4.24
6.28
2.82
10.37
44.34
29.85
12.14
18.51
12.86
21.51
18.7
15.31
11.85
16.03
10.69
11.8
7.37
10.59
31.73
10.4
2.09
0.52
3.07
2.57
5.06
4.96
42.27
30.75
8.17
3.39
1.43
2.86
0.26
1.7
0.73
2.18
4.86
2.41
1.66
3.41
2.38
0.33
1.12
0.9
2.2
2.89
3.12
2.44
4.82
19.42
24.18
16.3
9.44
16.85
23.12
7.32
6.55
5.86
4.91
5.08
5.79
3.27
3.89
10.17
23.08
34.21
37.88
61.1
63.59
76.44
80.49
86.39
83.65
93.94
91.03
77.21
55.75
21.4
5.63
14.69
9.25
7.39
7.9
17.85
18.19
8.26
7.46
6.08
2.64
1.23
3.62
1.84
3.53
19.11
13.19
22.33
21.1
7.69
9.65
14.62
22.25
15.24
4.86
3.84
1.48
0.82
0.73
0.42
2.77
3.23
4.78
11.08
26.66
38.43
39.52
14.67
9.26
9.26
6.91
17.97
11.62
3.93
4.09
5.36
21.38
26.29
16.34
2.23
4.04
25.48
13.07
9.1
21.78
33.46
41.95
3.41
1.4
0.93
0.97
1.13
