27.97
21.54
7.14
9.27
7.63
11.18
9.47
6.55
8.37
7.5
12.75
11.46
8.71
8.01
3.85
2.89
3.7
2.28
2.75
2.99
3.15
4.48
6.96
5.39
2.44
2.45
4.7
3.91
7.69
11.54
10.74
12.98
12.84
15.18
13.66
16.39
11.84
10.94
13.62
19.44
17.24
19.01
34.36
26.18
31.47
32.26
39.17
54.93
35.33
45.24
69.65
52.8
58.54
50.91
48.81
55.4
54.81
52.21
51.77
51.26
54.3
29.19
37.68
21.05
46.07
51.75
33.38
34.86
25.63
24.51
10.37
8.85
9.26
10.46
6.91
4.85
5.02
3.46
3.01
1.22
2.69
3.95
1.47
4.85
1.8
3.14
3.58
1.18
0.86
1.79
2.58
0.75
1.39
1.48
3.76
5.34
2.65
4.13
2.1
3.29
5.78
7.0
8.15
12.98
6.73
2.09
3.29
4.3
6.91
4.05
4.25
1.85
2.86
4.11
6.53
2.75
3.9
3.64
4.54
7.48
8.84
9.19
9.63
3.56
5.18
9.08
8.95
6.76
7.1
7.15
6.98
3.07
3.17
4.1
2.25
3.22
3.03
4.92
3.84
2.99
2.6
7.1
4.11
1.6
3.31
5.93
8.79
15.93
5.83
5.99
6.54
5.69
8.56
5.63
3.44
2.08
2.87
3.57
3.89
5.65
3.26
6.64
12.01
35.68
9.28
17.7
16.55
16.21
7.1
5.99
8.22
31.22
28.65
31.55
26.17
32.55
42.27
45.45
52.8
51.6
52.01
59.4
53.34
58.1
52.99
43.06
31.05
22.22
26.85
19.45
21.24
13.76
9.43
12.5
9.44
10.99
18.76
18.84
11.62
6.26
11.22
12.77
12.92
13.05
13.49
16.57
18.46
22.46
21.29
22.88
26.26
27.71
34.26
36.79
9.88
10.55
8.98
14.46
5.65
4.18
4.87
3.93
1.58
1.44
2.23
16.75
35.86
43.1
40.91
16.53
16.52
22.34
15.18
14.01
9.91
7.93
12.17
4.62
11.24
17.67
4.18
0.6
0.65
3.1
3.59
7.36
3.39
6.9
11.9
5.98
2.37
3.43
7.31
7.7
9.52
10.66
20.48
27.82
28.86
22.69
10.23
5.82
8.92
3.92
3.27
2.0
3.51
3.53
5.66
7.73
15.38
17.09
25.33
28.13
7.22
14.59
3.97
2.24
2.99
35.66
12.12
24.75
30.43
17.8
11.16
10.89
0.46
3.02
1.56
1.65
1.32
0.15
2.42
2.7
2.69
2.25
6.43
7.91
11.03
14.18
5.94
8.56
12.82
13.42
11.4
11.68
20.42
11.45
6.42
4.0
9.67
5.4
7.39
3.55
10.63
7.01
9.65
9.52
1.74
3.12
0.77
2.21
2.66
2.8
5.02
5.64
30.97
40.81
25.93
51.29
34.62
43.68
41.25
44.7
23.48
21.57
23.14
29.03
40.75
50.3
42.95
29.0
22.55
16.46
11.95
15.48
25.31
23.36
29.34
8.29
12.93
12.65
36.66
42.42
45.25
32.38
35.93
26.15
2.24
5.23
8.85
8.29
0.72
1.93
28.37
39.0
6.06
9.86
21.75
6.89
4.77
8.17
10.16
9.78
9.78
10.3
10.2
18.98
23.41
24.51
10.07
11.49
6.47
15.91
40.69
42.04
48.33
49.67
54.64
55.75
21.37
4.13
15.73
7.39
25.47
33.45
40.81
36.64
31.17
17.41
16.25
19.22
25.89
14.63
5.36
10.78
12.1
20.91
3.01
5.16
7.72
9.8
4.93
3.07
7.29
3.25
3.41
5.21
5.27
15.75
11.79
17.51
13.09
13.7
17.96
25.09
16.78
25.17
36.04
37.95
8.87
12.75
14.07
20.07
5.25
2.6
10.76
26.57
8.34
12.2
22.65
23.31
29.44
32.87
9.41
12.91
2.55
3.43
16.37
10.51
3.68
3.33
0.76
2.03
3.17
10.61
3.92
9.52
4.68
4.42
2.87
4.91
0.88
1.99
1.69
2.06
12.74
13.77
1.27
0.86
2.37
2.48
13.82
12.56
2.09
6.64
2.56
4.12
7.2
8.75
23.4
27.42
24.54
3.09
1.19
5.67
8.29
6.11
5.43
5.79
1.81
2.59
44.88
53.45
63.69
66.55
66.08
32.8
13.55
20.48
25.74
8.4
2.82
3.58
0.46
2.42
0.7
2.44
1.46
2.19
7.85
2.83
2.36
10.52
11.59
5.95
2.23
4.05
3.19
0.32
1.98
4.09
2.56
9.82
5.87
7.32
11.46
50.48
20.31
14.32
6.8
11.44
18.06
27.2
21.32
2.6
1.14
3.6
3.31
2.57
4.55
4.51
5.17
0.72
1.34
1.63
0.6
11.54
4.81
8.98
38.21
18.24
12.88
57.87
38.08
45.82
19.02
22.54
24.9
29.88
14.94
5.68
6.99
3.46
1.76
0.79
0.8
1.51
2.19
2.12
13.23
7.38
14.13
67.97
25.95
22.1
30.46
37.3
47.12
48.88
60.26
66.18
26.97
32.34
9.15
3.38
4.34
20.55
20.9
12.22
17.21
7.13
22.95
29.95
40.36
35.99
15.24
26.45
8.03
16.59
