115.15
85.91
42.73
67.32
61.96
78.29
69.42
78.35
70.26
68.63
39.73
59.28
48.27
42.44
18.59
17.74
18.56
0.89
1.98
1.11
2.14
1.42
1.53
0.0
0.0
0.0
0.0
0.0
0.35
0.0
0.0
0.0
0.0
0.0
0.0
0.31
0.37
0.16
0.12
0.0
0.0
0.0
1.1
0.0
0.0
0.0
0.0
0.29
0.44
0.0
0.15
0.0
0.0
0.24
0.07
0.0
0.41
0.0
0.34
0.0
0.0
0.0
0.38
0.0
0.33
0.0
0.0
0.0
0.0
0.0
0.11
0.0
0.0
0.68
0.0
0.26
0.0
0.0
0.14
0.0
0.15
0.0
0.54
0.0
0.26
0.0
0.43
0.39
0.22
0.34
0.93
0.0
0.31
0.17
0.9
0.0
0.52
0.44
0.0
0.0
0.0
0.31
0.69
0.72
0.69
1.38
0.0
0.46
0.13
0.0
1.0
0.14
0.27
0.3
0.52
0.71
0.1
0.68
1.69
1.01
0.58
2.15
0.7
2.65
5.86
7.58
11.51
12.0
10.19
12.12
8.27
9.75
9.59
10.47
8.41
6.4
5.9
11.03
20.35
17.72
9.33
14.23
8.98
15.4
3.31
8.72
21.35
13.78
11.81
5.66
3.29
7.57
7.18
17.2
14.75
14.94
17.17
14.48
11.25
15.05
14.74
19.14
23.05
20.88
23.51
15.89
20.77
15.0
32.75
7.1
4.4
10.98
12.32
13.61
22.2
30.98
12.42
14.1
9.66
7.92
3.82
3.54
3.85
1.88
4.4
4.44
10.5
13.82
13.79
9.94
2.46
1.22
1.81
3.16
4.99
4.19
2.0
1.42
0.99
2.74
9.16
8.19
5.43
16.34
12.51
9.57
15.23
9.45
8.21
6.56
4.77
6.94
5.44
7.27
8.28
7.51
15.77
13.74
12.17
10.64
8.93
5.99
8.56
10.83
17.82
18.5
11.78
19.52
17.65
8.87
3.25
4.6
3.16
8.99
17.79
13.49
9.63
6.77
4.63
6.65
10.46
16.97
20.86
13.04
26.37
16.55
15.27
18.08
14.95
13.83
15.4
9.26
8.28
5.56
7.17
9.31
4.88
5.78
3.22
7.46
7.01
6.38
10.22
19.06
17.28
10.76
21.68
24.46
36.11
30.27
9.31
8.34
4.99
4.73
5.81
5.91
8.51
4.01
6.47
4.9
5.47
3.58
3.07
4.52
7.64
6.74
11.86
9.21
9.07
8.87
10.59
8.27
7.61
6.45
6.49
6.5
15.59
16.03
23.19
19.48
27.09
31.34
20.57
25.82
23.36
25.61
18.94
12.92
22.69
10.88
10.19
10.67
7.88
10.37
17.3
15.11
7.78
6.89
5.28
8.71
10.26
11.82
5.97
9.93
10.36
8.93
10.45
7.71
10.46
12.25
9.35
10.76
23.14
20.3
14.33
14.94
10.02
8.78
9.09
12.6
7.8
17.85
17.66
22.2
25.17
15.33
10.11
8.98
13.28
11.22
20.94
19.35
14.18
14.33
29.53
19.34
22.71
31.59
46.25
38.14
42.03
30.78
35.94
35.41
12.12
15.96
9.56
9.97
8.59
12.07
10.91
14.17
12.73
14.91
13.37
12.69
30.69
27.28
23.02
18.58
10.9
9.04
9.59
12.92
6.97
21.41
22.78
26.03
13.85
9.59
9.59
8.28
7.48
6.66
8.21
11.59
5.83
5.96
5.25
6.4
14.35
6.19
7.76
29.95
10.6
8.03
7.1
7.68
8.27
9.92
21.21
10.84
17.5
12.34
12.82
25.48
23.83
19.79
19.11
15.22
17.86
15.78
20.09
13.8
7.95
20.52
20.11
14.37
7.0
10.17
6.67
23.21
24.34
19.58
8.24
10.47
12.23
9.1
8.76
12.5
3.17
5.35
22.61
22.2
19.32
24.93
23.44
18.13
24.39
5.82
6.67
3.4
5.38
29.41
41.42
45.56
44.78
24.8
11.97
11.91
4.75
5.75
28.61
13.93
14.61
8.66
11.52
9.78
5.6
9.79
15.92
24.56
21.59
25.17
34.44
37.38
36.96
13.63
7.43
6.54
6.13
2.23
1.07
11.91
18.93
11.38
2.25
4.4
3.14
6.24
6.61
5.98
3.03
3.08
3.51
7.9
2.49
8.99
13.13
8.43
14.6
13.25
9.51
4.67
7.6
20.32
9.72
12.38
24.57
29.61
27.07
7.2
12.2
8.65
4.09
6.16
8.62
7.67
6.71
1.34
6.06
4.11
6.91
4.59
3.23
18.06
14.07
12.83
19.57
6.04
7.7
21.02
12.23
3.79
12.69
17.18
11.13
15.4
18.29
28.82
36.55
33.35
6.0
17.0
27.14
24.64
38.2
45.17
48.21
51.75
26.31
19.79
17.06
6.88
12.31
7.64
4.36
1.96
5.25
3.09
5.25
4.62
9.61
3.54
3.64
3.99
5.5
21.45
27.65
17.62
14.8
3.76
9.08
16.16
21.81
10.53
14.65
41.33
19.01
14.77
9.28
20.05
35.53
49.92
52.56
55.58
61.81
33.27
29.5
31.06
35.74
39.54
47.43
53.22
56.03
64.7
68.1
67.75
69.96
70.26
