7.41
2.05
18.22
13.95
22.07
4.53
13.2
15.8
6.87
13.62
6.52
3.48
7.13
1.85
1.98
1.14
1.79
0.87
1.67
2.18
2.9
4.27
3.34
8.57
8.37
6.13
3.24
2.76
4.39
6.89
9.35
5.22
5.82
5.09
5.09
3.85
4.18
2.13
7.04
5.15
5.68
3.17
6.46
7.25
11.85
14.72
17.12
25.01
42.05
46.82
51.0
47.09
56.74
71.67
64.43
69.66
65.66
72.55
71.11
71.86
53.55
56.7
54.5
49.02
42.23
42.13
40.39
35.53
32.49
27.1
20.28
22.14
7.7
9.68
12.71
8.71
8.64
7.17
6.05
2.34
1.49
1.3
1.18
1.68
0.86
1.6
1.94
2.47
0.73
0.72
1.5
0.96
3.26
2.62
7.48
5.27
1.66
2.55
2.01
2.09
6.42
8.72
8.6
5.41
13.83
6.09
3.3
1.29
1.28
3.83
5.85
3.83
6.68
9.38
12.74
8.01
13.49
8.08
20.76
29.79
27.33
27.9
27.68
33.91
33.94
35.27
35.41
35.67
30.13
25.2
44.89
37.08
39.07
27.09
39.45
27.0
31.65
32.64
29.31
19.98
26.28
16.72
14.44
5.64
2.67
1.3
3.99
3.19
2.42
1.97
0.98
1.75
1.66
3.35
8.04
13.05
19.89
13.27
14.67
7.36
1.23
0.58
2.23
2.86
10.76
11.33
5.9
2.57
2.26
2.35
3.04
1.3
0.85
4.62
2.25
1.75
0.51
1.18
23.31
13.67
10.25
6.39
10.06
10.12
12.83
12.97
8.97
7.05
11.23
16.13
9.71
6.5
13.57
17.09
17.56
12.18
5.23
5.55
7.23
3.43
1.92
2.29
2.83
2.3
2.64
3.32
8.95
4.62
1.51
6.46
16.45
15.71
18.16
29.6
22.81
24.81
18.39
9.83
12.39
15.19
13.16
9.79
9.23
10.3
3.97
12.65
10.72
4.97
19.75
7.21
4.91
10.85
11.35
10.85
6.86
6.92
3.85
2.33
2.64
1.42
3.4
1.2
3.6
5.12
18.83
15.3
10.45
25.46
35.29
35.67
40.57
30.48
32.39
30.38
28.17
29.84
38.97
8.21
13.05
20.35
41.14
34.93
40.87
31.22
3.15
9.35
23.43
36.85
26.35
32.64
21.64
23.39
14.82
14.56
23.97
25.43
33.81
25.31
14.12
12.48
14.85
7.83
5.8
10.11
12.48
10.19
9.76
10.11
13.7
21.77
6.53
3.94
3.17
5.06
10.14
7.4
7.25
6.79
9.36
9.13
10.8
8.3
3.54
4.8
6.17
3.35
6.88
8.47
12.39
10.08
13.09
15.86
7.4
5.67
3.83
5.14
3.43
9.87
6.73
5.62
6.17
23.45
23.62
24.89
32.89
27.6
18.92
21.97
17.4
30.85
23.67
27.91
32.05
38.99
13.35
13.18
11.65
18.2
12.12
14.51
8.69
6.97
5.79
3.67
5.92
14.49
9.21
18.79
19.19
14.66
6.37
4.27
4.86
3.41
2.84
4.22
5.41
3.86
12.71
18.55
13.07
11.4
16.97
19.19
10.98
16.0
35.69
32.49
18.65
26.14
28.73
25.18
24.91
27.82
27.16
9.8
7.07
17.18
15.5
18.44
17.16
9.05
32.56
24.13
21.25
21.93
23.81
13.98
12.0
11.72
12.8
26.77
31.37
19.21
12.68
15.75
12.22
15.41
15.68
22.43
5.17
10.83
12.07
7.73
1.22
5.68
4.62
13.85
9.8
7.79
8.17
15.97
13.44
14.52
17.49
25.46
24.95
19.49
9.4
2.7
4.7
8.23
9.11
11.7
9.63
15.28
15.24
10.04
5.17
6.01
5.11
4.2
2.5
3.73
2.59
5.26
4.21
5.48
13.15
14.64
20.56
22.06
24.19
15.37
18.41
16.32
5.61
8.01
13.03
15.62
11.02
10.01
9.17
10.19
13.32
31.29
24.6
6.6
12.83
29.5
25.15
24.76
16.47
8.77
9.57
30.69
23.07
18.69
10.98
14.89
6.26
7.05
9.49
7.84
17.92
36.76
30.05
22.53
18.21
27.45
33.77
21.06
16.54
14.28
6.49
2.42
5.62
12.87
20.48
16.92
11.24
1.18
2.54
3.42
5.37
7.13
9.71
5.26
7.61
7.77
12.28
20.0
11.96
5.08
7.84
33.0
38.98
30.77
23.19
12.55
6.09
3.33
6.28
1.74
5.36
5.78
17.99
11.79
20.46
10.98
19.94
14.63
8.11
7.17
6.58
12.53
12.78
17.84
25.1
17.13
25.99
16.96
2.13
3.94
1.99
2.72
6.91
10.87
41.3
36.83
23.7
17.28
4.45
4.08
34.5
21.48
11.69
10.82
16.6
18.42
11.11
11.54
8.74
6.33
6.79
22.92
17.38
10.06
4.69
4.16
3.14
3.77
28.72
34.87
37.48
46.85
48.89
54.72
53.93
53.74
50.51
26.16
22.61
3.32
5.1
6.58
7.82
6.53
9.13
9.86
7.06
17.35
10.34
2.09
3.17
2.27
2.02
2.8
2.84
3.21
3.67
2.1
21.71
18.4
11.43
7.71
7.56
11.7
5.68
9.32
