0.3649879195091576
1.98373707041214
3.9991069315339134
6.349579672722327
8.589476966502545
10.844675145697208
13.10860396958445
15.029442885598678
16.543398208180054
17.966355943771735
18.93352723533081
19.796119741040854
20.813123995657453
22.07114876699289
22.68403610775352
23.093387476589136
23.852960744170986
23.37374518691924
23.99242124868668
23.635523113893
23.906165338390664
24.17979055665739
24.577498427498128
24.092404945214263
24.061781299646977
24.32462599044285
24.574572492484204
25.277329673458954
25.375730355898355
25.28716624303936
26.104388724483485
26.345924386153992
27.603450795131927
29.07227774332106
30.58912442058873
31.696594438868534
31.3539853795533
31.053555280952605
31.481301821324237
31.69592911883341
32.15015533504079
32.36114871071728
33.001848411101534
33.279530086935004
33.35239110813787
33.4636298360756
34.09450507851725
34.677546733388645
35.40356510349095
35.11365401080492
35.3205917515601
35.360663224345394
35.851098519330385
36.2847099275029
36.33461474074589
36.29992633788441
36.677708590394985
36.99694261222137
37.18639625870496
37.8704687721619
38.093933940148446
38.341302477237896
38.60320997611554
38.586548735319056
39.04752345569597
39.08845432483142
38.819969760489
39.24191281937876
39.47956072546689
39.79896823610733
39.093633677707885
39.52036002412061
38.91655634957518
39.341669097425054
39.66381108425424
39.49165020693683
39.497523662028605
40.07995826003351
41.06898544543432
40.84912762403077
40.847231780730375
40.934050650565325
40.86999518414556
41.29139798223962
41.68667292390316
41.73337311959589
42.11662927232315
42.22043880399737
41.848103470104746
42.18229064165381
42.07425312731698
42.37098099174976
42.53743832256441
42.30975349738502
41.24746232188481
41.3785533213836
41.2814100009192
41.42545484546645
41.50365462152863
40.52898558715121
40.70801978984286
40.41899900588849
40.48004453200436
40.63648268005721
40.75490081315015
40.9983269976893
40.67131848520808
41.01418058095305
41.02902236384106
41.97064690203959
41.17680420849543
39.917054125078174
40.47284306944236
40.22152485822464
40.62620272862842
41.880678847695016
42.16765891731389
41.88424400805485
41.78848715290104
41.86382685982233
41.370085546537375
40.040353843152594
39.75213291157246
39.508182820599686
39.45858935448111
39.91769521067548
40.00778935210377
39.76851868288963
39.66678472352056
39.691175260672914
40.18741682978092
40.03779798201285
40.28469623108977
39.93193071255519
39.42252217176208
39.39885514502432
40.07226803130215
39.17159587234988
38.79998373980668
39.24144425258479
39.14220646929928
39.30715188995799
39.49478887995045
39.98780542712886
40.54324531535085
40.19833046081342
40.3199480481756
40.78907696308706
40.47135588333568
40.69338177103789
41.238711988258686
41.242685271027085
41.46343598114272
41.10677713478501
41.00821400228375
40.289143868513705
41.407391129501455
40.56408019277032
41.67376188233416
40.60718456582215
40.23236793221603
40.59749658770834
40.61176819781927
40.85244854416802
41.01747909780237
40.90601259081746
40.55068359437981
42.45369990557463
42.29154177090828
41.88683251744302
40.89050667330748
41.87733238215527
42.08498431154554
42.12446635624831
42.22315860329272
42.72479597162558
42.2490291917131
41.69721771227413
42.06101040467144
42.54599889209437
41.65084855639516
42.20680930269472
42.08633125676913
41.46256794056778
41.26480492292595
41.46376945174161
41.516647029615086
42.14335449282308
42.18559928526165
42.09919331430355
41.95436672522473
41.46235836638633
41.63779526851729
41.617463483346
42.09312029154157
42.26334371819569
41.96282202986929
41.45985104497212
41.31718889464903
42.216926296447
41.595440607661565
39.71874977936601
41.27506591746852
41.07484364092991
40.93897530990457
40.88540507480514
40.358758516003086
41.97085159619402
41.73178319621621
41.96480536448971
42.52652260309394
42.4421593780721
42.34611369686389
42.56893818403519
44.6290029436483
44.23912757390632
43.924492008987926
43.7142473191925
43.37655095185867
42.94954598093411
43.18372230214933
43.908419533183306
44.58093880973525
45.08652247570494
44.54955034311712
44.12692171607626
43.496754599369645
42.43323447038193
43.24713262615305
42.64374501071381
43.46360644623528
43.04858043719786
43.100659638992994
43.76170619825862
45.19089521413932
44.98321400180174
45.226608966645
44.9087737095174
45.04051650693955
44.98567971268539
44.79049520694352
44.70350383211638
45.482196884977455
43.38008704732937
43.11801518635309
43.00386610421831
43.535862093691904
44.598165977005785
45.74417485412357
45.92682812117215
46.39514420171278
44.89274260857538
43.04450405270033
43.70516282516216
43.32818196295296
42.957052487834034
43.8704866918256
44.41875225211327
43.8038349207212
44.22039828111896
46.61172671088769
45.82419807409525
44.74543859299736
43.67936866546137
41.24831384513462
41.03357866175844
42.44327064187934
42.46771322713325
42.65379070372527
42.42638163752498
42.11744595375992
42.345359651788606
41.66186917798982
41.39241389598795
41.282388801097966
40.903709497019456
40.685259902498366
41.19631074065278
41.185631214895295
40.857494701188806
40.65193364657012
40.73661345170926
40.71090386003452
40.7113446916993
40.608150904551664
41.917757850224014
41.88350569826038
41.91965703298036
43.08434598160913
44.01979645634891
44.30244117411112
43.78111856968707
43.35382250040084
43.92483288086876
44.06977835756336
44.23777621674166
42.286660822163306
41.75253919063616
42.38514086705312
43.23793089669913
45.71484735584932
45.9347110043156
45.37283883643821
46.94511245009165
46.49978737993336
43.7376715534572
44.55405532280501
44.33935681443805
44.80944041321944
46.58571535190199
46.904149878077085
47.7176674415661
47.26022634164367
45.99498731793281
45.4406027840744
43.24868312291181
42.91156377375415
45.13379034066232
45.056028053299805
46.34620440549932
45.499371553019685
44.64469400703052
45.4142584292596
47.101061614098654
47.35470462075112
47.91155370243087
47.29141572813344
45.78245138313013
45.934138923172505
44.47967964139969
44.42644365041513
44.42946377604822
45.526146153142406
47.24801143643133
46.3731228246773
43.7164549423438
43.411597092740834
44.19218370644012
44.52564997600351
47.057419456633696
47.616113828126736
47.71930915521658
46.35439633991456
44.585225232246806
45.61863750039071
44.6975195699105
46.20485535215059
46.84941612959145
45.255299617642216
45.534495830025016
46.36387849126906
45.35856114622713
45.38867229889093
44.28095965907238
43.91967237894764
44.00149681870464
46.03718360802626
46.54455469979511
45.42564526189221
46.37710474523006
45.59706298184636
43.26250690540824
43.7187412703263
44.75493355698445
44.198777135385626
43.9540836232071
44.06849525094514
45.660673836081976
46.015202392233135
45.646985681511005
46.33805641812203
46.64016877870154
46.648796480106384
46.90503530374278
47.14425097342728
46.76640330121346
46.822638064822925
47.29197447528938
46.97075411003192
45.75500142060773
45.18108752541493
45.621644274026096
45.081413910300256
43.68026759639462
43.610907083147474
45.09699479474544
44.946909842168495
44.00291453881771
44.74799332654359
44.93037479836936
45.52809043411835
47.44698216586404
47.48240471741504
46.88410612630473
46.276926960218255
45.84012370757796
45.90204585360043
44.67492241282289
45.52093353894332
46.867404002275855
47.80371098351336
46.93233336360635
47.35550614069212
46.42451450139938
46.70797814829776
46.91946140805676
46.30321964898339
46.30984376610038
46.696129959733696
46.87307134989874
45.424180768686384
45.79036421171261
46.72018001495846
46.75491514727109
46.45715817609485
46.06324963170809
47.305243514376095
47.7728139265406
47.200832813864366
45.89421341198201
46.06156726842907
45.0039171654192
45.08722307301991
45.9695642887425
46.11511031966104
47.53501770666895
46.19356940198195
44.20519705215238
45.36154670287456
46.849023160308455
46.677602026265056
46.87519145900424
46.24630067082541
47.04213589719443
47.34492828970961
48.161566390814166
47.02461574461416
47.10274056701645
46.83600435611912
45.86869241261148
46.7415312555606
48.360993888161246
47.27580130885106
48.14868655841346
46.89679948165578
46.60075396835166
46.794869496045386
46.187028762776976
46.438915429446894
47.24212444722437
46.84542974150661
47.01591156899286
47.83152729404557
47.62908106406575
48.13627196405682
46.76258267141133
46.67231111367661
47.22346678552773
48.26110157913804
47.19704388987034
46.067301155613904
46.52789549204599
45.922025245443386
46.31973172906301
48.54905451291058
48.01279560337678
47.241428567355335
47.56900239847326
47.18928314838156
47.67218674572797
47.47231266275769
47.22919263927432
47.15575052826463
47.51864521561089
47.11213943656551
47.05673916041153
46.73610697425768
47.08163728226732
47.84230618411441
47.1577260661856
45.87664248967289
44.5517607798487
44.97376389960125
45.63159883771856
46.88100847028411
47.01227068332357
48.477672243849874
47.992787941705295
46.6126056554456
46.0640094486794
45.53972338823464
45.58463774466596
44.92825913448249
44.05950585676121
44.33508978918015
46.0754768691681
46.15649911786874
45.44590652353773
45.321285844622665
45.584205373209485
44.84893628887465
44.69339012691803
43.86785788348117
44.669608252428034
45.7717435519452
45.43348247683672
45.18265143342384
44.94578435784335
45.73518862450887
47.72654850363705
47.9133874421552
47.60291163345033
46.91628874215339
47.09716273701815
47.764931801608014
47.195477469788194
46.750281045352885
46.36846154530287
46.14781993294729
46.54041851594477
46.32083407555733
46.30890006836394
46.1325537305606
47.07174051804678
47.89929741929404
48.22503924770018
48.24035758243462
48.71371539519481
48.82216663138352
49.0219397303709
49.15515860613982
49.20648792371171
49.21039583503414
49.0700240990231
49.06268370739244
48.895432707075805
48.61000651944489
47.80562221797872
47.06683703483939
47.662471912225016
47.01224011837508
47.04623660400554
46.69611379461149
47.48833142590951
47.57170964704223
46.931956160984925
46.92461886682881
46.87692599672378
45.50661707831558
44.91815718067191
45.85048767629554
45.38403760781291
46.39992351299958
47.571102209154304
47.24288799058856
47.85662238402662
47.730079013257935
46.82013652219602
46.97663481753329
47.42538126587324
47.853704499119466
47.40440532274736
46.40296859348831
46.22843529369416
44.331298271601455
44.93834640076108
44.65019850150657
44.48498044605851
45.54674333725176
45.964677751060535
46.23385226249717
47.17309295172063
48.00701558415676
48.20880274448102
48.3988283069848
47.4184230911979
47.40898629229539
47.01007520174167
46.56501282077482
47.607479658074965
47.42690540715837
46.52796922817489
46.41011189394017
46.32445992706974
47.90897255442044
48.16291407258222
47.46318550717824
46.04719722009496
46.169291489188
47.87304654512032
47.6161843672097
47.21966753414265
48.22282863406924
48.25327052205088
48.30721680032089
46.89352892969704
45.53207146452872
45.23630029199446
44.46689138518896
44.22985869515256
