20.46
21.91
22.94
23.1
25.23
22.23
23.99
28.6
21.97
15.35
14.06
16.93
26.47
28.52
45.68
50.94
37.92
31.03
31.31
34.86
30.1
26.98
26.01
29.76
21.71
14.74
14.07
16.63
24.7
20.65
14.52
16.67
21.03
19.71
15.44
21.16
26.57
26.35
20.12
18.7
23.76
26.95
21.74
21.81
24.72
19.83
19.04
21.78
19.59
19.3
15.69
8.1
15.29
17.82
11.06
9.99
8.61
11.97
11.14
10.62
14.95
9.3
7.86
7.46
13.94
15.4
8.52
7.85
9.15
16.62
20.39
16.48
18.08
20.03
13.6
19.17
22.96
12.53
8.49
16.19
21.4
11.83
15.02
22.63
20.52
16.79
19.44
26.52
16.67
24.48
26.27
8.5
7.58
14.52
12.15
7.19
8.28
6.3
11.45
15.28
9.56
4.37
2.42
3.09
15.09
20.89
12.36
10.13
20.57
19.12
9.35
11.7
14.76
21.61
20.03
19.14
28.3
21.18
14.5
15.4
14.03
10.16
9.02
12.75
11.66
10.34
12.93
17.14
28.64
28.01
14.46
9.6
13.94
13.45
3.54
2.21
6.22
7.44
5.38
6.37
15.1
19.97
10.72
11.02
15.25
14.51
10.09
6.0
8.66
10.05
14.62
15.0
14.63
18.3
14.82
12.71
15.38
15.26
15.62
11.8
9.33
7.29
7.71
12.87
11.06
9.98
10.3
15.51
19.03
14.11
11.56
8.55
10.39
21.1
25.04
20.27
12.79
8.28
12.09
11.5
10.28
12.9
9.39
5.56
9.98
15.47
15.78
13.71
9.47
11.31
8.99
3.72
6.0
10.91
14.1
14.75
11.72
12.01
15.24
24.33
23.71
16.39
15.21
17.25
23.68
20.09
9.41
6.68
9.57
8.63
10.43
14.63
18.0
19.09
15.76
15.18
23.14
25.06
19.06
13.08
18.26
18.77
18.3
18.24
17.13
16.57
11.99
12.54
13.82
18.67
14.57
14.79
18.77
18.73
16.12
9.9
13.38
17.53
12.59
9.58
11.23
12.93
19.03
15.52
5.87
12.12
14.11
16.99
22.11
21.72
24.39
15.59
9.88
14.73
16.82
15.27
12.39
15.45
23.86
21.48
24.85
23.49
13.75
17.68
16.96
12.45
14.4
14.32
17.5
22.79
23.59
18.07
19.63
22.73
17.85
18.26
15.73
15.46
16.59
16.32
17.62
19.2
19.79
14.91
16.56
19.59
20.69
20.68
22.02
25.73
19.09
13.13
19.38
24.44
21.84
25.08
24.27
16.22
12.53
11.33
18.51
19.48
20.95
20.88
13.52
28.39
28.42
11.02
14.74
18.45
17.06
22.61
25.17
15.09
9.12
18.21
19.82
16.15
15.07
14.39
15.02
18.21
17.18
11.57
11.1
11.01
10.43
20.22
22.91
11.03
12.52
13.52
13.78
16.81
17.48
26.76
30.46
25.51
26.88
25.55
19.39
13.73
15.81
18.24
13.17
20.2
24.22
18.43
16.35
18.48
22.36
21.26
23.15
16.04
10.0
19.48
25.49
21.25
14.75
13.74
16.76
21.98
17.94
10.61
14.38
23.78
28.22
25.01
17.71
21.03
21.92
14.84
17.88
22.68
25.3
18.33
13.24
13.99
17.2
18.94
13.66
16.59
15.56
14.16
16.32
15.14
13.96
17.32
16.49
11.4
12.49
17.16
23.81
24.84
22.27
17.42
11.05
14.5
21.04
22.25
19.01
16.02
11.25
8.28
20.91
25.94
23.87
26.39
18.33
12.16
18.75
20.95
19.91
20.24
19.34
20.27
15.62
10.82
12.06
15.1
16.32
18.03
17.01
12.18
13.34
13.53
15.15
17.0
15.78
18.29
14.5
14.66
17.27
14.45
16.15
18.13
16.77
22.11
22.73
17.42
17.18
13.65
16.65
25.69
26.73
23.42
23.9
24.2
17.1
12.9
16.41
15.45
18.47
24.17
21.02
15.64
20.18
19.71
17.57
23.68
21.45
13.92
18.5
27.07
18.65
11.97
12.16
12.37
14.56
13.57
17.99
17.16
13.45
14.4
16.17
16.51
8.33
13.47
21.9
25.01
23.01
14.61
12.29
13.54
14.13
10.17
7.17
10.74
8.26
7.45
11.21
9.25
11.11
10.46
7.05
8.21
12.41
14.93
17.66
17.11
13.28
11.93
10.84
15.12
14.8
15.78
15.69
11.74
13.84
15.78
17.97
15.91
13.07
13.34
11.58
11.44
10.76
9.48
11.98
13.03
8.13
7.56
12.17
16.71
19.92
13.43
9.46
7.94
9.81
11.54
7.97
10.55
8.64
18.77
29.44
15.51
10.91
13.51
11.97
10.1
15.64
17.21
11.7
15.58
20.47
23.13
18.49
17.19
16.92
13.05
11.22
8.81
8.63
8.58
6.54
8.99
16.72
23.47
20.82
15.61
17.05
16.72
13.93
13.29
13.18
12.83
13.98
11.47
13.1
11.82
15.22
20.53
15.97
15.22
16.28
16.3
17.62
12.94
7.17
8.12
8.84
9.6
8.5
6.2
15.38
14.05
4.03
5.61
8.26
8.28
11.99
12.35
13.84
13.33
5.64
7.7
6.8
4.96
10.68
12.1
