6.43
9.41
6.58
9.36
11.66
10.26
17.93
16.59
19.85
11.76
17.79
15.46
17.46
27.21
12.97
21.06
23.2
13.27
22.21
18.04
24.06
13.05
15.28
30.39
20.42
16.12
12.41
25.01
25.84
22.77
23.26
24.51
17.45
18.6
21.34
26.53
18.64
12.43
28.87
21.39
25.47
18.34
18.55
21.11
11.98
17.09
13.9
20.93
17.7
18.65
15.74
18.09
19.3
21.06
21.14
18.42
18.22
20.58
18.91
23.43
27.65
21.29
12.41
16.64
12.22
15.71
16.53
13.79
15.1
13.2
15.17
11.46
14.09
13.11
22.66
14.57
13.34
12.28
10.25
14.1
17.69
10.1
10.9
10.27
10.22
13.39
9.64
13.17
11.57
11.48
10.5
18.31
11.37
11.39
11.35
15.43
10.52
15.14
13.84
12.68
16.73
11.83
10.42
6.63
14.59
11.17
3.03
2.99
10.12
3.22
13.74
8.32
8.48
6.93
6.33
5.68
5.26
9.44
6.41
10.46
9.67
11.03
8.84
6.89
6.74
7.57
15.39
6.41
11.64
9.52
10.64
7.2
5.77
12.48
7.67
11.96
9.71
10.17
8.65
8.94
11.12
11.92
11.95
7.96
6.89
12.17
9.53
9.46
9.14
2.13
9.63
11.51
8.66
14.2
10.01
5.98
12.95
11.65
10.07
9.85
10.78
18.13
11.82
8.89
15.2
10.42
15.57
12.39
19.19
19.59
11.92
14.36
14.29
14.23
13.3
19.03
10.36
10.87
16.09
12.87
24.27
19.86
12.83
16.44
18.81
14.27
17.2
11.59
7.58
13.63
16.01
11.08
12.32
16.18
21.69
13.27
12.74
18.63
11.29
15.15
16.17
17.42
19.49
22.86
16.03
18.08
17.08
18.47
16.28
16.8
15.48
12.81
20.0
18.34
14.14
15.64
14.21
17.92
14.07
15.3
14.19
17.06
18.31
14.3
13.26
16.93
15.66
14.76
16.07
14.68
16.17
20.74
16.24
17.84
16.16
17.94
12.59
20.36
14.97
18.73
21.37
20.05
12.52
17.49
19.94
21.22
21.8
19.39
22.76
23.35
15.89
16.01
17.45
15.55
15.11
15.04
16.03
19.99
19.23
16.83
18.35
20.3
15.9
18.8
21.83
17.61
16.29
14.17
21.71
19.83
15.01
16.72
18.76
16.35
15.09
20.59
16.57
15.81
16.05
22.41
23.93
22.1
16.2
16.38
18.0
15.47
17.46
16.68
18.91
15.61
16.03
18.65
21.11
20.05
19.93
15.57
18.98
16.78
17.8
21.49
19.5
19.44
19.45
25.57
19.84
20.68
19.09
15.37
23.32
18.26
16.23
13.85
21.43
16.61
22.86
24.6
19.46
20.87
18.32
16.01
18.18
18.75
21.15
19.13
19.12
15.92
14.2
21.36
14.84
14.13
18.07
23.1
14.39
18.66
18.65
18.83
21.51
20.53
20.12
13.51
14.7
17.7
22.41
19.68
20.27
21.67
13.28
18.59
13.75
20.7
20.78
16.13
21.31
16.54
15.49
13.03
20.03
17.02
13.32
14.51
16.11
14.87
17.25
12.36
16.36
15.95
12.79
19.72
18.33
16.09
18.39
17.36
16.45
14.53
14.95
16.24
16.06
13.62
17.31
18.67
19.72
21.47
19.6
13.3
16.11
24.0
18.57
14.76
12.5
11.5
20.24
20.64
15.26
16.74
11.46
15.24
13.91
22.52
20.81
18.22
21.53
18.39
17.77
16.98
21.28
20.49
9.35
11.05
14.61
19.48
12.97
12.08
17.69
21.27
13.45
16.68
18.63
18.53
20.33
17.3
17.5
20.04
13.09
17.69
14.34
13.07
18.5
10.36
16.53
19.31
18.4
16.31
16.23
12.12
15.92
14.42
14.5
15.93
16.8
15.07
12.43
16.79
15.75
13.97
15.12
13.06
11.16
17.42
13.26
17.0
12.1
15.39
12.93
11.45
18.77
10.55
17.43
14.5
16.39
15.47
15.67
11.84
19.03
15.25
18.01
11.2
9.13
14.97
20.03
16.34
17.56
12.21
19.62
15.66
10.14
13.7
12.99
14.16
16.4
13.06
11.81
13.95
17.1
11.95
15.82
9.14
13.87
14.39
11.7
18.08
12.6
10.97
11.6
8.3
15.04
18.11
15.43
13.39
15.64
11.03
19.01
11.75
18.71
12.13
14.48
10.49
14.76
9.41
14.15
15.2
21.27
12.79
15.6
11.29
18.48
10.26
14.46
7.1
14.18
10.97
11.95
12.06
12.66
19.81
17.87
19.41
11.28
15.5
15.48
13.21
16.19
16.19
14.15
14.57
16.48
18.36
9.44
16.74
16.7
11.4
16.72
16.5
14.53
18.7
12.99
9.74
12.69
12.17
15.77
11.54
14.03
11.58
16.0
15.92
14.46
14.6
15.27
12.34
9.92
18.94
10.76
15.82
16.26
11.76
13.56
15.82
14.93
21.73
12.67
14.57
15.66
12.86
18.46
12.09
15.75
10.08
15.2
17.07
11.19
14.4
15.32
14.44
12.02
10.91
16.99
12.85
16.69
12.5
11.25
15.43
19.07
14.49
16.95
18.75
14.09
11.63
17.7
20.26
13.88
22.46
