-6.355300000000001
-5.3444
-4.553400000000001
-3.4118999999999997
-2.4621
-1.5212
-0.8744999999999998
-0.2657
-0.2626
0.1505
0.3527
0.1428
0.4488999999999999
0.6357
0.6887999999999999
0.8533000000000002
0.6659999999999998
0.6870999999999999
0.6986
0.9074
0.9818
0.7985000000000002
0.9968
1.0926
0.8038999999999998
0.8146
0.8728000000000001
0.913
0.9157
1.0556
1.1894
0.8813999999999997
0.8500999999999999
0.9547
0.9372
1.1074
1.1750999999999998
1.1489999999999998
1.072
1.1475
1.4073
1.6328000000000005
1.6951999999999996
1.7869000000000002
1.2048
1.6465
1.9429
1.7845000000000002
1.6672000000000002
1.6244
1.7123999999999997
1.8749
2.074
1.7008
1.9848
2.0138000000000003
2.1225
2.175
1.8656
1.6915999999999998
1.6482
1.6978000000000006
1.8413
1.6644
1.9979
1.5876
1.4198
1.5874000000000004
1.5489
2.0948
2.0612
1.9534
1.9658
2.0112
1.9099000000000004
1.9246000000000003
1.8133
1.5529
1.5273
1.4136999999999995
1.5788000000000002
1.7721
1.9271
1.82
1.5312000000000003
1.6470000000000005
2.1668000000000003
1.9754000000000005
2.1136
2.1164
2.3519
2.0218
2.1487
2.1734
1.881
1.9201
1.7251
2.1266
1.517
1.7845
1.8121
1.3092
1.3933000000000004
1.2484
1.3235
0.9382
0.8024999999999999
0.8858
1.0417999999999998
1.1561
1.3685999999999998
1.5369
2.0326
1.8554
1.8655
2.1101
2.3553
1.8116
1.9908
1.9026
2.0418000000000003
1.9873000000000005
2.0465
2.0026
1.6453
1.7816999999999998
1.7667
1.8473
1.7534999999999996
2.0156000000000005
1.5814
1.7604
2.3323
1.8267
1.8158000000000003
2.0186999999999995
2.1071
2.2108000000000003
2.4509
2.2172
2.4896
2.2677
1.9535
2.132
1.7178000000000002
2.2381
2.2725
2.4133
2.0916
1.8767
2.0562
2.6119000000000003
2.4231
2.2132
2.2773000000000003
2.6345
2.5498
2.5681
3.0386
2.8031
3.1367000000000003
2.9022
2.9616
2.724600000000001
3.3369999999999997
3.3590000000000004
3.2723999999999998
3.2617
3.225
3.3923
3.4737
3.1197000000000004
3.3776000000000006
3.2098999999999998
3.2421999999999995
2.7219
3.4902999999999995
3.1851
3.4786
3.1994
3.4825
3.7174
3.5893
3.5154
3.5653999999999995
3.804700000000001
3.6194
3.8197
3.7611
3.3532000000000006
3.918
3.7625
3.884
4.008
3.4273
3.792699999999999
3.4012
3.6364
3.7065
4.188999999999999
3.5532
3.5644
3.8486
3.947400000000002
3.981
4.237
3.7265
4.3479
4.0179
4.0548
4.223
4.0864
4.4615
4.1189
4.141699999999999
4.195499999999999
4.3405000000000005
4.1453
4.0924000000000005
4.0793
4.2742
4.2842
4.053599999999999
3.8676
4.0015
3.8684000000000007
4.2846
4.0001
3.3865
4.046399999999999
3.486199999999999
3.5196
3.8762000000000008
4.2148
4.156600000000001
3.855899999999999
4.766800000000001
4.2068
4.2436
3.9486000000000008
3.9416000000000007
4.6309000000000005
4.3105
4.1347
4.4168
4.0703
4.273299999999999
4.196400000000001
4.6417
4.4541
4.521800000000001
4.6158
4.3656
4.479499999999999
4.8231
4.7469
4.376700000000001
4.244299999999999
4.4034
4.045599999999999
4.1236
4.2022
4.353899999999999
4.947
4.4221
4.546099999999999
4.8118
4.5212
4.973199999999999
4.947900000000001
4.756
4.854699999999999
4.904399999999999
4.7681
4.72
4.680200000000001
4.7977
4.7744
4.751
4.889600000000001
5.0026
4.7948
4.8922
5.089300000000001
5.223299999999999
4.7181
5.0878000000000005
4.8278
5.0116000000000005
5.2022
4.6517
4.8889
4.881899999999999
4.8439
4.83
4.8335
5.279100000000001
4.8233
4.6752
4.769499999999999
5.17
4.342
4.3676
4.3805
4.2808
4.3918
4.729
4.9801
5.029100000000001
5.21
4.9524
4.791
4.6599
4.6536
4.633900000000001
5.1701
5.129700000000001
4.8093
4.865400000000001
4.6842
4.8995
4.9743
4.6667000000000005
5.1324000000000005
4.898
5.129200000000001
4.6345
4.8701
4.927600000000001
4.9034
4.6751000000000005
4.7124
4.908899999999999
4.385
4.611999999999999
4.8631
5.1699
4.9910000000000005
5.1174
5.416399999999999
4.9438
4.8285
4.8473
4.6111
5.0368
4.505800000000001
4.3842
4.4194
4.614199999999999
4.6904
4.0429
4.2393
4.015699999999999
4.2829
4.3288
4.9086
4.8176
4.558199999999999
4.9495
4.815799999999999
4.874700000000001
4.6986
4.8931
4.938300000000001
5.0299000000000005
4.7839
4.8761
4.9588
4.853199999999999
4.8755
4.8686
5.538900000000001
4.997199999999999
4.705
4.9883
5.048299999999999
4.902900000000001
4.8618
4.8215
5.1352
4.8073
4.978700000000001
4.8952
4.5822
4.710800000000001
3.9501
3.834000000000001
4.2625
4.4642
4.4686
4.5264
5.0374
4.4419
5.2606
5.007700000000001
4.8409
4.5966000000000005
4.692400000000001
4.4807
4.5574
4.9072000000000005
4.917199999999999
4.6695
5.0713
4.683800000000001
4.536100000000001
5.189800000000002
4.7876
5.182
5.2861
4.7862
5.1212
5.0313
4.856
4.589
4.746700000000001
4.9488
5.1887
4.898299999999999
4.9217
5.116899999999999
4.923800000000001
4.801999999999999
4.9289
4.9825
5.1159
4.807799999999999
5.4259
5.1752
5.069100000000001
5.3986
4.8828000000000005
4.8503
5.1869
4.9514
5.1988
4.7611
4.7908
4.588400000000001
4.950800000000001
5.206999999999999
4.9654
4.9477
5.125900000000001
5.1334
4.7428
4.987500000000001
4.9702
4.807799999999999
5.0482
5.2628
4.787200000000001
5.0692
4.975700000000001
4.4653
4.8879
4.6421
4.624899999999999
5.4122
5.0884
4.9037
5.034800000000001
5.055000000000001
5.1426
4.9007000000000005
5.0803
4.6953
4.969
4.8192
5.0928
4.422499999999999
5.081900000000001
4.7073
4.9089
4.9817
4.937499999999999
4.6595
4.8112
4.3629
4.9553
5.1909
5.075399999999999
4.980700000000001
5.1235
4.5716
5.1586
4.8074
4.5692
4.488499999999999
4.7375
4.5202
4.2116
4.6837
4.955000000000001
4.155399999999999
4.306099999999999
4.5206
3.816
3.7203
4.136500000000001
4.3552
4.6383
4.282100000000001
4.3046
4.3209
4.4928
3.8405
4.062999999999999
4.433400000000001
4.632700000000001
4.2778
5.1507000000000005
4.966399999999999
5.2178
4.4295
4.9916
4.7913
4.7015
5.195600000000001
5.1348
4.9255
5.1942
5.1551
4.7462
4.8453
4.9944
4.9609000000000005
4.8027
4.7895
4.8506
5.346
4.5965
4.8346
4.5241
4.627800000000001
4.281000000000001
4.453900000000001
4.2926
3.6684
3.8742
4.3208
4.0152
4.3788
4.501099999999999
4.5622
4.4467
4.697300000000001
4.8428
5.0288
5.003800000000001
4.8186
5.129599999999999
5.228000000000001
5.2378
5.181099999999999
5.431199999999999
4.8087
4.9818
4.9448
4.6785000000000005
4.6157
4.9822
5.0287
4.708
4.8495
4.5429
4.668500000000001
4.048900000000001
4.3258
4.304100000000001
3.682
4.0552
4.026400000000001
3.9148
3.9761
4.0972
3.8212
4.331300000000001
4.2944
4.463799999999999
4.8702
4.5352
4.6475
4.689699999999999
4.4941
4.8938
4.9545
4.6904
4.4061
4.532900000000001
4.146100000000001
4.0706
3.75
4.001
4.3918
4.5713
4.7708
4.117900000000001
4.977500000000001
3.7992
