-2.1928
-2.043
-1.5461000000000005
-0.9278
-0.3435999999999998
-0.1296999999999999
-0.2718
-0.1949
0.0581
0.4176
0.5509000000000001
0.3744
0.4573
0.5859000000000001
0.6718999999999998
0.5388999999999999
0.3949
0.4608999999999998
0.4263
0.4651
0.4783999999999999
0.4474
0.4993
0.5844
0.5478999999999999
0.5649
0.5608
0.4277999999999999
0.5748000000000001
0.6738
0.7268999999999999
0.6429
0.6867000000000002
0.9374
0.6742
0.6674999999999999
0.8966000000000001
0.938
0.8315000000000002
0.6464
0.601
0.7345999999999999
0.7502
0.6488999999999998
0.7537
0.6692000000000001
0.6561
0.7891000000000001
0.6668000000000001
0.6617999999999999
0.8268000000000001
0.7018999999999999
0.6183999999999998
0.8377000000000001
0.7830000000000001
0.7023000000000001
0.6626000000000001
0.4975
0.7596
0.8682
0.9341000000000004
1.013
0.913
0.9418999999999998
0.7810999999999999
0.8727000000000003
0.9973
0.8267000000000002
0.8311999999999999
0.8519000000000001
0.7514
0.8851999999999998
0.8961999999999999
0.8132999999999998
0.7469000000000001
0.8070999999999998
1.0329000000000002
0.8232999999999998
0.6831999999999999
0.8371000000000001
0.7992
0.7785000000000001
0.6571999999999999
0.6564
0.7672999999999999
0.6983
0.8440000000000001
0.939
0.9263
0.8683
0.7698999999999997
0.7591
0.7169000000000001
0.7300999999999999
0.7702999999999999
0.7389999999999998
0.8506999999999999
0.967
0.9118999999999998
0.9626
1.0659
1.1331000000000002
1.175
1.0276
1.0267000000000002
0.9572
0.8920999999999999
1.1221
1.1618000000000002
1.076
1.0919
1.0214
0.9976
1.2025
1.1050000000000002
0.8168000000000001
0.7139
0.77
0.6725000000000001
0.7041999999999998
0.8981999999999998
0.8722999999999999
0.8099000000000001
0.7645999999999998
1.0352
1.217
1.0530999999999997
1.0777
1.098
1.0671000000000002
1.2483000000000002
1.3718000000000004
1.2018999999999995
0.9381
0.8552
1.0291
1.0615
1.0226
1.0692
1.1097
1.1769
1.1096
0.9813
1.1878
1.3769999999999998
1.1192
1.0985
1.2050999999999998
1.225
1.2543
1.1781
1.2562
1.0766
0.977
1.1103
1.1102
1.1493
1.2758
1.2014
1.0425
1.0391
1.1101
1.0543
0.8614000000000002
0.8288000000000001
0.9187
1.0193
1.1797
1.2976
1.2284
1.2407
1.3281
1.5060000000000002
1.6781999999999997
1.9293
1.5584
1.2751
1.416
1.2932
1.4487
1.4013999999999998
1.3209999999999995
1.3989999999999998
1.2086
1.3063
1.5204000000000002
1.4305000000000003
1.4722000000000002
1.3013
0.8864
0.9611000000000002
1.2465000000000002
1.0841999999999998
1.0636
1.2687
1.1716
1.0263
1.2907
1.6408
1.6339999999999997
1.3581999999999996
1.0149
0.9198999999999998
0.9401000000000002
0.9882999999999996
1.0818
0.9358
0.8535
1.0870000000000002
1.3882
1.5364000000000002
1.4478999999999995
1.3709
1.3209
1.2111999999999998
1.2657
1.5996
1.4613
1.3026
1.5198000000000005
1.6911
1.7080000000000002
1.4606000000000003
1.4332
1.4485999999999997
1.3383
1.4135
1.3325
1.2649
1.413
1.3805999999999998
1.707
1.5250000000000004
1.2952
1.7327
1.5752999999999997
1.2832
1.2868999999999997
1.4522
1.5350000000000004
1.4000000000000004
1.3778999999999997
1.3622
1.4253
1.5247999999999995
1.5322
1.3334
1.4297000000000002
1.6992000000000005
1.4503
1.2938
1.2809
1.3060999999999998
1.5551999999999997
1.6983
1.5766
1.5535000000000003
1.4771
1.5633
1.6835000000000002
1.719
1.8807000000000005
1.9648
1.92
1.6433000000000002
1.5099
1.5335000000000003
1.4523
1.6052000000000002
1.7758
1.6404
1.5193999999999996
1.5950000000000002
1.496
1.4549999999999996
1.707
1.9061
1.852
1.564
1.4252
1.4369999999999998
1.4836999999999998
1.6827000000000003
1.9697
1.8179000000000003
1.4919000000000002
1.6166999999999998
1.6919
1.8301
2.0146999999999995
1.7807
1.7619000000000002
2.2654
2.2525000000000004
2.0686
2.013
1.9354
1.9177999999999995
1.761
1.7471
2.0012
2.0679
1.8333
1.9139000000000004
1.8618000000000003
1.5574
1.6155000000000002
1.8229
2.1421
2.234
1.8752
1.6558000000000002
1.4691000000000003
1.7501
1.9692
1.9697
2.1708
2.288
2.3634
2.2379999999999995
1.9415
2.0980000000000003
2.4052999999999995
2.2372
1.9522000000000008
1.761
1.8882
2.1198
2.2147999999999994
1.9701
1.89
1.9376
1.9306
1.8226
1.7885
1.7860000000000005
1.6781
1.7645000000000002
1.3488999999999998
1.2016999999999998
1.5944000000000005
1.4685
1.3493000000000002
1.412
1.305
1.5441
1.8181000000000005
2.0529
1.7394
1.4762
1.8415
1.7815
1.9372
2.0484
1.9084000000000003
1.9692
1.7795999999999998
1.7058999999999995
1.3264000000000002
1.0587
1.1545999999999998
1.2602000000000002
1.2084
1.2293999999999998
1.5075999999999998
1.1572000000000002
1.1461
1.4153
1.3282999999999998
1.6776000000000002
2.1952000000000003
2.1393
2.056
1.8495
1.4994000000000005
1.4397
1.5967999999999998
1.8593
1.9383
1.7818
1.6224
1.7457999999999998
1.7235
1.5151000000000006
1.5242999999999998
1.8401
1.9728000000000003
1.8027
1.7303
1.6625
1.6494
1.4909000000000003
1.3078
1.483
1.3447999999999996
1.5286
1.6551000000000002
1.5828
1.6497000000000002
1.4657999999999998
1.5149
1.7845000000000002
1.7303
1.6216
2.0384999999999995
2.003
1.7901000000000002
1.6491999999999998
1.4307999999999998
1.4077999999999995
1.2689
0.9401000000000002
1.2795
1.6787
1.5008
1.5844999999999998
1.8011999999999997
1.7015
1.6366999999999998
1.6078
1.7457999999999998
2.0534000000000003
1.9765000000000004
1.7907
1.7873000000000006
2.0798
2.0809999999999995
2.1691
2.2915
2.1136
1.9641999999999995
1.9331
1.8016000000000003
1.6953999999999996
1.8451
1.5758
1.6022
2.1328
2.2183
2.1314
2.2803
2.2879
2.4955
2.3814
1.7958
1.8065
2.3254
2.4447
2.2553
2.2736
2.1422
2.1621
2.2733
2.0959000000000008
1.8153
1.6671000000000005
1.494
1.5057999999999998
1.6109
1.6055
1.5677
1.5514
1.7856
1.6155000000000002
1.3925999999999998
1.5946999999999998
1.8713
1.9445
1.651
1.6355000000000002
1.8234
1.8308
1.7013999999999998
1.4611
1.7275
1.9204
1.6472999999999995
1.4464999999999997
1.4787
1.6505
1.5913000000000002
1.5681
1.5145
1.4509
1.4749999999999996
1.3828
1.5751999999999995
1.816
1.9125
2.1718999999999995
2.1311
2.1587
2.2551000000000005
2.0222
1.7923999999999998
1.7158000000000002
1.8977
2.1186000000000003
2.3232
2.3594
2.1345000000000005
2.0802
2.362
2.3517
1.8897
1.9833
2.3733
2.1217
2.2566
2.1893
1.9148
2.197
1.9412000000000005
1.8315
2.215
2.2924
2.0583
1.9924
2.0698
1.7137
1.4293999999999998
1.8653
1.8605
1.6468
1.5770000000000002
1.4506999999999997
1.5855000000000004
1.5567999999999995
1.7327999999999997
2.2881
2.2548
2.0357
2.2173
2.116
2.2493
2.1002000000000005
1.9419
2.2132
2.0614
1.8475
2.1387
2.2844
2.3604
2.4722000000000004
2.4034
2.5705
2.509100000000001
2.5740000000000003
2.4899
2.1854
2.363
2.3534999999999995
2.2823
2.3679
2.4765
2.356299999999999
2.2661
2.5969000000000007
2.5497
2.5708
2.8501
2.6690000000000005
2.4461
2.424
2.511
2.758
2.621900000000001
2.2465
2.448
2.7862999999999998
2.7987000000000006
2.8623000000000003
2.772
2.5309
2.4676
2.7014000000000005
2.5875
2.2611
2.443
2.6661999999999995
2.4756
2.3251
2.4588
2.4872
2.7691
2.7214000000000005
2.2106
2.1932
2.5098000000000003
2.5201
2.2965000000000004
2.2369
2.0094
2.0807
2.3101000000000003
2.5763
2.547400000000001
2.236
2.4648
2.7359
