193.79
175.68
181.6
194.7
165.71
165.32
173.55
190.83
202.81
178.07
148.67
135.13
116.13
75.48
43.98
48.86
13.14
16.11
14.01
3.38
8.54
1.71
2.2
0.82
2.89
1.42
0.89
0.0
1.03
1.29
0.0
0.0
0.83
0.54
1.83
2.44
3.2
1.9
0.96
2.18
2.96
5.54
60.08
66.19
36.31
35.16
18.89
31.98
15.71
16.8
7.94
0.0
0.0
0.89
0.0
0.53
1.59
1.13
2.44
2.96
11.01
27.21
36.82
31.32
30.74
15.03
2.09
0.02
0.36
0.86
3.95
11.0
2.95
5.74
18.8
30.16
26.86
40.29
17.03
1.6
15.54
13.61
1.14
8.95
5.57
5.65
18.14
5.56
9.48
4.23
4.28
11.54
12.07
5.12
2.89
10.22
3.33
0.18
2.47
8.06
3.7
11.17
5.26
0.9
0.51
0.83
6.02
0.38
7.63
6.23
7.15
9.35
8.81
2.38
3.45
4.47
8.22
4.67
1.7
4.88
3.32
5.27
4.1
0.6
4.37
7.88
8.2
10.82
27.5
9.48
4.72
1.85
2.41
12.45
44.69
37.62
35.52
9.97
9.83
1.88
4.13
4.49
38.72
15.81
14.39
18.95
13.82
2.99
12.38
5.7
6.73
15.75
12.76
12.64
17.35
12.86
5.3
8.48
6.46
10.85
19.83
9.87
15.97
12.49
26.27
16.82
7.63
9.71
15.2
29.33
42.83
16.49
6.23
4.21
2.61
3.76
1.93
2.77
6.56
16.91
12.74
7.13
7.62
5.86
3.87
2.7
12.03
12.33
10.92
16.06
12.53
9.68
15.79
9.73
1.66
4.65
6.9
18.86
21.67
9.04
13.74
46.86
18.89
55.58
22.47
31.58
35.45
12.1
6.62
11.45
7.28
9.0
6.29
11.27
13.89
11.5
20.42
13.43
8.35
11.68
12.08
8.66
5.13
8.89
8.2
19.19
10.75
12.12
7.68
4.86
15.87
5.34
25.04
14.92
33.24
19.23
11.68
6.84
4.03
7.98
7.05
18.98
38.54
32.47
10.91
31.77
11.76
6.95
7.28
12.54
14.68
30.43
34.98
6.78
31.1
32.45
23.02
23.67
28.0
7.11
7.45
14.19
10.61
13.94
7.57
7.45
9.06
10.08
27.37
11.99
12.17
10.21
20.72
4.73
10.99
29.53
20.61
10.36
24.68
45.22
33.24
9.28
16.79
20.02
18.47
13.41
14.42
12.74
8.79
8.83
9.19
10.41
6.13
42.3
28.99
11.78
10.08
7.91
14.28
14.05
3.78
3.57
7.22
10.35
5.07
6.08
5.73
7.89
13.55
17.07
4.45
2.49
3.42
11.27
15.27
32.19
32.8
30.42
24.83
42.81
40.35
28.48
30.46
12.44
16.66
24.27
12.55
17.97
5.35
6.76
8.05
20.32
9.35
12.3
27.33
23.32
30.11
27.35
37.74
37.08
35.14
24.61
11.78
15.02
22.18
16.13
13.09
14.51
7.35
8.03
4.53
3.76
5.69
1.65
7.49
5.74
13.45
12.8
4.06
5.91
6.86
6.11
5.24
5.32
5.72
9.21
7.2
14.56
21.16
12.66
20.77
24.42
43.81
19.16
18.25
14.09
18.14
11.45
9.69
21.58
21.31
14.82
10.79
8.71
8.38
17.85
16.81
27.66
40.68
42.75
30.66
25.18
7.04
6.57
4.27
13.36
11.15
7.65
10.61
13.07
9.33
9.34
16.83
23.47
14.72
17.33
12.98
5.41
5.32
7.61
11.67
23.49
23.12
55.51
42.44
28.13
16.29
14.12
16.04
16.3
28.68
15.43
16.6
12.33
4.92
6.79
11.55
14.87
12.08
7.49
6.6
15.29
19.4
7.72
18.47
15.6
6.71
16.71
6.66
12.51
13.91
6.69
6.69
15.91
27.18
15.03
6.18
10.33
13.9
11.18
19.2
20.99
19.26
13.54
16.11
2.83
2.48
1.92
2.87
1.79
1.88
4.9
2.38
5.77
5.03
8.11
9.73
5.98
34.67
19.67
15.16
15.98
10.96
21.15
12.52
18.35
28.78
25.96
10.85
5.27
11.17
9.2
3.76
6.78
3.96
7.17
3.37
3.84
5.32
8.26
16.19
24.88
12.59
16.77
15.18
16.43
17.94
18.04
7.38
6.08
6.21
11.75
14.54
6.85
9.16
12.53
16.67
12.11
17.25
11.72
22.7
11.16
3.32
3.96
6.08
7.38
27.74
42.23
23.49
46.21
20.72
13.86
24.44
20.6
10.35
12.25
15.85
14.39
5.87
9.24
13.45
5.35
6.22
1.75
4.71
5.45
7.89
4.51
6.87
4.92
6.64
17.14
12.36
8.85
12.07
22.14
28.99
31.32
38.69
20.8
23.21
22.31
51.72
62.44
67.0
70.57
44.8
51.98
53.93
61.23
40.49
19.28
35.87
44.65
38.48
31.17
5.03
7.74
5.95
5.61
4.63
33.87
33.92
19.12
6.9
4.78
2.54
6.8
8.64
7.03
8.93
20.53
9.31
7.12
5.3
10.5
16.87
17.79
7.97
8.61
4.86
5.12
27.64
11.96
9.14
17.53
8.05
11.87
4.31
9.6
