66.95
75.29
63.38
63.86
78.4
61.04
79.54
64.07
90.76
79.78
61.85
59.34
34.8
29.47
11.94
8.92
15.39
20.44
11.86
6.6
7.44
4.64
5.39
7.04
3.81
2.65
6.38
5.08
2.0
1.84
0.53
3.58
5.75
7.03
3.36
4.01
3.72
10.5
50.56
65.91
23.79
8.03
0.99
1.04
0.65
0.97
0.0
0.37
0.03
1.56
2.48
3.23
2.98
10.27
40.38
14.81
20.87
4.66
0.0
0.31
0.59
0.24
0.72
4.1
2.44
9.28
4.09
4.43
8.88
39.37
51.79
20.81
24.15
19.12
12.36
15.68
5.19
1.98
2.91
6.58
5.71
13.51
4.32
8.0
0.61
2.25
1.83
1.8
1.18
9.68
25.02
8.81
6.02
5.67
18.52
12.51
12.75
23.23
33.35
32.39
2.71
0.4
5.49
11.04
14.17
2.78
4.79
1.18
4.37
5.21
7.72
27.28
9.21
5.05
12.39
4.88
3.62
2.82
6.9
3.93
11.54
25.72
17.39
8.03
7.29
4.42
5.11
1.31
3.2
3.91
9.17
13.51
8.86
14.85
17.31
13.48
8.03
4.4
5.44
18.85
38.49
81.71
74.44
73.73
91.67
93.67
69.9
24.42
15.98
29.33
20.04
11.06
0.79
7.76
16.96
30.8
8.16
29.18
9.06
15.72
13.18
5.27
5.8
8.05
5.28
2.55
16.99
26.97
9.5
4.82
9.25
12.0
19.75
7.6
9.25
6.31
8.7
12.82
14.69
12.39
36.51
11.42
22.33
24.86
8.3
15.15
5.41
12.75
10.06
10.64
20.13
7.46
2.6
18.13
27.42
26.94
8.76
4.99
2.74
8.2
2.07
5.55
5.88
17.1
36.61
13.71
17.02
10.44
9.87
9.14
9.0
3.75
12.92
10.71
14.23
17.52
18.26
2.38
1.59
5.96
4.08
13.23
23.75
18.28
16.13
4.1
12.75
37.87
18.33
51.44
12.05
3.62
1.2
7.76
5.08
16.2
38.45
31.2
32.76
35.35
34.63
7.17
8.95
9.82
17.02
29.74
6.67
8.39
20.71
18.58
15.78
17.73
5.61
12.72
12.27
7.49
5.49
19.77
42.39
7.49
4.58
17.37
18.13
10.91
13.66
29.43
22.36
7.53
18.36
21.83
15.54
7.99
2.13
6.43
12.5
36.19
40.84
40.87
37.33
39.14
37.27
39.17
32.03
23.93
32.56
36.42
22.37
6.08
5.87
6.59
6.36
6.32
10.76
11.77
6.85
13.46
13.85
5.72
8.03
9.39
3.78
1.0
2.36
3.02
9.62
26.96
22.07
7.68
3.34
4.51
27.27
9.59
7.27
13.87
13.87
18.96
15.29
12.96
7.08
6.4
4.0
4.42
3.36
7.19
5.47
29.28
25.76
3.02
4.01
17.47
22.97
23.39
27.28
4.61
8.38
16.2
18.22
15.44
3.21
12.61
23.52
30.14
44.6
31.33
31.79
25.13
22.84
27.96
37.9
23.1
13.58
6.61
9.21
24.97
20.84
5.67
7.1
8.32
21.66
34.86
35.13
49.41
48.21
54.42
49.47
22.7
26.69
26.78
30.39
39.36
33.25
16.08
6.45
14.44
13.87
9.76
10.27
16.68
4.77
5.93
6.15
9.03
7.07
9.93
9.72
7.77
19.89
20.28
21.51
10.78
10.47
7.01
4.18
8.53
18.84
4.91
5.3
1.6
7.01
13.15
17.67
4.47
7.38
5.53
3.69
4.44
12.99
13.1
7.02
11.96
14.28
16.08
10.21
12.83
16.8
8.6
7.24
15.74
20.21
25.62
12.14
13.41
15.36
11.02
6.78
4.82
5.74
17.2
8.3
9.07
5.49
8.34
11.9
3.52
8.14
8.2
6.02
4.97
8.63
17.03
13.84
5.9
9.14
9.83
22.38
7.28
4.26
6.37
4.97
6.38
14.93
9.82
7.92
9.36
4.79
13.64
3.02
5.77
12.37
14.59
2.07
3.85
12.61
8.13
7.95
46.26
31.02
7.73
12.61
21.88
34.58
12.46
15.64
7.37
8.85
7.28
10.37
4.99
20.89
23.51
22.64
9.23
8.55
20.3
26.34
7.14
16.37
17.93
22.98
28.83
42.37
44.86
52.63
49.56
25.32
40.61
14.76
21.77
34.73
39.25
10.69
22.83
20.18
9.61
6.61
10.01
4.61
12.8
8.42
5.91
29.57
16.67
14.6
23.48
15.18
25.45
26.15
7.04
9.48
22.84
42.19
25.55
18.37
13.51
17.61
9.21
25.31
12.04
12.55
4.6
6.33
12.93
5.33
7.28
23.59
15.57
11.17
5.75
19.23
11.7
22.23
22.17
14.53
27.49
15.54
36.88
21.35
18.04
7.47
4.69
11.4
18.87
11.56
22.96
16.88
18.43
22.15
7.08
7.28
11.16
8.11
7.45
6.61
11.04
7.29
23.56
20.49
20.95
27.94
34.88
3.56
3.55
5.4
1.73
5.39
15.96
15.23
10.45
10.77
8.78
15.35
8.75
12.23
9.75
12.18
9.76
17.93
30.55
19.8
4.27
4.0
11.68
10.85
10.84
8.17
22.55
16.03
9.27
15.61
12.7
