31.14
15.05
38.85
25.72
14.07
16.91
11.34
15.6
19.31
21.31
29.89
24.59
32.55
33.2
48.12
48.54
55.54
38.48
29.71
27.42
17.32
15.47
9.42
9.16
11.29
11.21
8.37
6.58
13.77
12.84
13.25
14.8
7.28
4.81
5.25
9.63
5.54
6.72
2.92
4.8
2.76
5.21
7.28
6.55
6.22
1.48
7.61
0.44
1.75
2.34
9.21
1.64
0.5
5.05
30.65
7.86
8.16
13.37
13.45
7.89
9.46
5.3
2.56
5.3
23.53
22.44
12.26
7.71
2.69
3.46
7.69
18.01
5.19
9.91
14.51
11.31
32.86
41.6
23.91
15.75
18.38
12.5
16.28
9.72
10.34
18.85
34.15
23.14
25.81
9.86
19.76
27.82
22.58
15.63
15.8
24.02
16.57
20.78
16.93
6.07
6.83
4.92
16.09
17.07
18.78
22.46
23.76
15.5
5.44
8.11
6.61
3.88
4.8
4.38
1.72
2.3
1.43
10.13
9.94
1.62
12.92
8.09
8.68
8.51
5.26
4.36
20.19
42.29
42.06
19.09
34.1
32.21
23.13
11.32
30.81
7.99
8.31
10.25
12.32
46.24
37.33
45.81
37.2
47.63
21.61
15.01
9.7
6.28
8.93
42.05
8.77
7.21
7.28
4.0
8.27
7.7
9.07
13.13
17.24
10.02
14.16
17.79
11.7
24.17
10.04
5.01
6.37
9.69
10.59
19.62
31.47
30.4
31.42
14.52
36.37
19.49
19.35
16.75
17.25
9.9
6.08
3.88
7.04
2.98
8.32
6.71
5.11
8.11
6.43
2.87
5.77
13.07
14.72
14.24
4.29
2.11
2.48
5.25
3.65
1.06
2.77
2.21
5.15
4.04
5.75
7.5
15.95
14.75
19.25
10.87
9.44
10.61
9.57
1.78
16.14
25.66
17.4
14.52
20.17
14.09
14.48
22.16
6.01
15.09
12.63
15.6
23.87
11.13
7.54
8.06
13.09
9.61
16.68
19.62
21.09
43.33
23.93
36.41
14.95
9.31
11.79
22.66
10.86
8.33
18.25
33.74
26.16
18.71
12.21
22.71
19.89
16.59
3.91
6.65
8.34
12.35
11.99
10.35
21.33
14.25
5.19
5.07
8.62
12.72
11.24
4.55
14.37
6.94
6.66
10.25
4.38
6.34
14.33
14.81
9.14
13.97
31.24
27.46
8.16
7.31
13.16
14.41
25.6
17.94
9.87
5.6
7.13
7.19
14.88
18.83
5.56
6.97
2.09
6.71
6.32
21.28
6.32
11.61
8.77
13.84
10.4
9.8
12.59
15.69
7.89
4.91
13.52
9.06
12.57
6.98
23.63
13.24
16.8
10.55
21.02
16.32
19.95
23.75
12.11
10.35
8.65
13.21
11.32
22.66
18.94
22.87
23.24
35.61
29.64
23.06
26.37
17.92
22.02
10.86
12.25
9.98
20.28
17.99
6.37
13.07
12.03
12.41
15.26
13.88
13.75
12.23
4.88
3.79
7.07
8.35
4.56
3.99
4.02
3.33
4.71
7.33
9.73
5.44
8.81
7.2
2.64
14.81
12.72
10.66
14.46
21.35
27.49
22.6
14.53
16.34
28.83
40.62
38.38
28.49
33.11
34.47
18.8
16.64
12.57
13.92
6.98
6.19
22.86
19.04
26.99
16.31
10.42
12.36
9.87
2.64
5.22
5.3
4.7
4.42
12.52
15.75
21.61
25.01
23.7
12.75
16.25
9.22
6.96
4.71
10.76
14.26
11.66
5.47
7.31
9.62
19.02
15.91
29.26
29.3
14.14
24.22
34.17
34.1
40.12
40.18
44.54
56.74
37.51
30.03
26.82
50.19
43.4
54.09
50.53
51.43
35.1
24.25
17.3
6.59
8.72
5.64
6.66
5.9
3.48
5.57
2.33
7.08
13.53
15.02
14.37
16.97
17.46
13.72
12.23
4.28
5.28
17.59
14.6
17.06
9.25
13.23
6.33
9.94
5.62
4.27
3.23
3.29
16.65
13.66
14.86
28.76
32.01
29.14
36.08
38.41
50.27
49.22
41.26
26.33
32.58
18.02
11.34
6.88
7.26
2.85
7.34
7.92
6.06
11.39
9.39
13.34
15.31
15.94
15.26
22.4
28.11
16.69
14.11
14.25
12.87
16.07
10.52
9.43
16.64
16.88
8.41
8.78
8.71
8.04
3.59
2.82
1.23
2.98
3.13
11.75
13.98
11.66
3.74
5.24
5.6
4.65
6.23
7.04
10.58
8.86
3.11
3.38
2.69
5.49
7.58
14.97
16.55
14.8
16.74
31.49
9.13
6.91
4.71
7.58
11.03
11.47
13.7
15.82
15.83
20.23
13.22
9.17
9.66
9.87
9.66
7.98
4.06
6.77
7.42
4.67
6.19
12.03
11.38
14.67
16.84
17.56
13.31
7.42
15.26
10.13
13.75
22.53
17.33
11.51
14.22
17.7
27.02
25.37
27.34
23.1
33.17
16.63
38.96
37.58
35.05
38.08
39.42
43.16
27.44
22.36
17.78
19.83
19.34
15.96
19.15
19.05
13.28
20.44
24.76
26.45
24.94
8.45
13.49
16.99
15.9
17.61
19.15
20.3
16.26
22.66
