-1.1518
-1.1164
-0.8844
-0.5913999999999999
-0.1095999999999999
0.0894
0.5222
0.8194999999999999
1.0964999999999998
1.7020000000000004
2.4801
2.8110000000000004
3.2529000000000003
3.8146
4.042199999999999
4.4341
5.0149
5.495299999999999
5.348599999999999
5.6138
5.878699999999999
6.2087
6.3055
6.5440000000000005
7.120199999999999
7.170900000000001
7.621399999999999
7.4625
7.906000000000001
8.295099999999998
8.297800000000002
8.5682
9.1325
8.9228
9.0892
9.1128
9.0463
9.9217
11.9579
12.7556
11.2016
10.0236
9.025800000000002
8.7716
8.886299999999999
8.9752
8.815399999999999
9.386500000000002
9.6299
9.9729
10.1864
10.2707
10.6323
11.296400000000004
12.828
11.6241
12.05
10.4347
9.3566
9.7383
9.5543
9.6701
9.973000000000004
10.6348
10.3422
11.2991
10.632
10.786799999999998
11.5325
13.2345
13.753599999999995
12.4452
12.7348
12.6284
12.008300000000002
12.4258
10.9093
10.7256
10.8862
11.5163
11.4716
12.169999999999998
11.065
11.6511
10.5385
10.791200000000002
10.852500000000004
11.222499999999998
10.740199999999998
12.4308
13.2137
12.205599999999995
11.9275
11.864000000000004
13.113
12.3326
12.696699999999998
13.629799999999998
13.842599999999996
13.8884
11.9207
10.8518
11.9401
12.4847
12.8621
11.634
12.1621
10.8782
12.123399999999998
11.8884
12.608999999999998
14.0577
12.701900000000002
11.9926
12.949600000000002
11.693500000000002
12.0649
11.960100000000002
12.2452
11.9564
12.882199999999996
13.630200000000002
13.2711
12.551199999999996
12.1142
11.772500000000004
11.0021
11.9219
11.5995
12.149199999999995
12.8691
13.205
12.8107
13.5087
13.7628
13.3629
12.784700000000004
11.833299999999998
12.6584
14.228500000000002
15.116700000000003
16.7759
16.6903
16.631700000000002
17.178499999999996
17.342100000000002
16.162200000000002
14.349699999999997
13.8836
14.6308
14.0515
13.3615
11.827
13.0349
14.105100000000002
14.684900000000004
13.4363
14.544
13.4838
13.6064
13.8673
12.926000000000002
12.942099999999998
13.236
12.9118
12.3801
14.011499999999998
14.606599999999998
13.297
12.2598
12.9431
13.6557
14.407600000000002
13.2818
13.4591
13.0507
13.402399999999998
13.697499999999998
14.2827
13.6083
15.092900000000002
13.7933
14.3264
14.6635
13.3466
14.066499999999998
13.1577
13.7479
13.6719
13.727000000000002
14.4419
13.631500000000004
12.7359
14.443499999999997
14.8466
14.7262
13.2919
12.9158
12.975400000000002
13.023700000000002
12.1742
13.0731
13.294399999999998
14.330800000000002
15.326900000000002
14.1101
14.2665
13.734000000000002
13.6197
14.017
13.704599999999996
12.8742
14.0914
14.2326
14.041100000000002
14.509800000000002
14.5991
12.9826
12.520400000000002
13.346099999999996
13.194799999999995
14.561000000000002
14.9082
14.638
14.574699999999998
13.4142
14.2161
15.7502
14.8001
16.228099999999998
14.3608
13.3076
12.603699999999996
13.808799999999998
13.506800000000004
14.5551
15.8616
15.7757
15.6108
16.0411
15.957
13.9794
14.2182
13.895499999999997
14.3207
15.649200000000002
14.0352
14.0086
15.378500000000004
14.9987
15.010299999999996
15.1706
13.7214
14.7521
14.8792
13.747599999999998
14.057
15.4926
16.274000000000004
14.0485
14.2946
15.065500000000002
15.0232
14.7868
15.119000000000002
16.182899999999997
15.740499999999995
14.6741
15.232500000000002
15.8389
15.0522
14.337500000000002
13.4408
14.604200000000002
14.8576
16.9
17.1285
16.7089
16.739900000000006
17.125999999999998
16.6748
16.662799999999997
16.311299999999996
15.9804
16.510399999999997
16.912399999999998
15.7573
14.074899999999998
13.928200000000002
14.524
14.583
14.882100000000005
14.946000000000002
15.0743
14.887800000000002
15.466900000000004
15.195499999999996
14.776000000000002
14.784999999999997
15.1318
14.398599999999998
14.247599999999998
13.801099999999996
14.304899999999998
14.9659
16.631700000000002
16.1057
14.720499999999998
14.4672
14.8644
16.811799999999998
15.2311
15.322100000000002
16.0985
15.8475
16.1303
16.0485
15.8716
14.874800000000002
14.6235
14.523700000000002
14.2782
14.490799999999997
14.986800000000002
14.713
16.912599999999998
16.8195
14.887799999999997
15.531200000000002
16.066300000000002
16.5608
16.7819
16.723300000000002
14.711599999999995
15.055299999999995
16.2307
16.186899999999998
15.9339
14.9271
15.831899999999996
16.631600000000002
17.1493
17.4267
17.305899999999998
17.3025
17.0906
17.074199999999998
17.301699999999997
17.680799999999998
16.964099999999995
16.221099999999996
16.116200000000003
16.036100000000005
17.077799999999996
17.014200000000002
14.8595
15.8642
16.040499999999998
17.092699999999997
17.5423
17.481
17.9677
18.0559
18.1398
18.145
17.247600000000002
17.185
17.188200000000002
17.3106
17.6197
17.520899999999997
16.698300000000003
16.0472
16.5308
16.4331
16.108500000000003
16.227999999999998
16.0509
14.7822
15.469699999999998
15.6315
15.8842
15.8167
15.9678
16.1538
15.8863
16.884
16.8482
16.8263
16.127200000000002
16.2214
15.6017
15.3717
15.879499999999998
16.7548
15.844200000000004
15.760000000000002
15.0407
15.621399999999996
16.7424
17.0258
15.320900000000002
15.4937
15.1472
14.807999999999998
14.9815
16.7214
16.710299999999997
16.2551
16.7176
16.392
16.89
16.69
16.7616
16.951800000000002
16.164299999999997
16.238100000000003
17.028500000000005
17.1783
17.1372
16.790599999999998
16.9552
17.000099999999996
16.608700000000002
15.9877
15.856999999999998
16.2078
16.890500000000003
16.5671
16.5037
16.114900000000002
16.7026
16.7822
15.8315
16.3504
16.491300000000003
15.954
15.8683
16.2961
16.908199999999997
16.9137
15.887600000000004
16.407899999999998
16.897299999999998
17.1173
16.692100000000003
15.296499999999996
15.4791
15.3861
15.8564
16.9337
16.452799999999996
16.4911
16.710400000000003
16.0393
16.6353
15.8726
16.0018
17.0063
17.159399999999998
15.217700000000002
15.4236
16.6675
16.4074
16.742299999999997
18.0151
17.5138
16.304599999999997
16.9863
17.2879
17.676199999999998
16.9978
16.8883
15.889500000000004
16.651099999999996
15.592700000000002
15.805400000000002
15.7982
17.394
17.464099999999995
17.2252
16.5135
16.604400000000002
17.3338
17.7058
16.9825
17.1802
17.4247
17.669
17.866699999999998
17.9884
17.9812
18.058100000000003
18.062
17.682100000000002
17.883
17.4357
17.7208
18.0196
17.8248
16.868000000000002
17.2073
17.405900000000003
16.4134
15.8511
16.708399999999997
16.0408
16.9943
16.1816
16.0764
17.719099999999997
17.2249
17.0223
17.479599999999998
17.0763
17.734199999999998
17.855400000000003
16.4842
16.7584
17.4342
18.0833
17.905999999999995
17.376300000000004
17.1094
17.5367
16.8889
17.4808
16.950200000000002
16.8274
16.636999999999997
17.074699999999996
16.9816
16.439
17.0188
17.5346
17.2749
16.836500000000004
16.609500000000004
17.5216
17.0107
17.3356
17.61
17.2119
17.9251
17.3101
18.0128
17.398899999999998
17.5684
16.949
16.451
16.863000000000003
17.1068
17.0794
17.5899
17.3566
17.3906
17.530699999999996
16.5018
16.5874
16.9311
16.5599
16.6431
16.1766
16.865000000000002
17.063299999999998
17.615299999999998
17.3525
17.495399999999997
17.7692
18.0531
16.1657
15.836400000000005
15.998099999999996
16.171799999999998
16.631500000000003
17.3758
17.249100000000002
16.9971
17.152599999999996
16.6725
17.3746
16.620800000000003
17.022100000000002
17.2976
17.147199999999998
16.895500000000002
17.436999999999998
17.7013
17.4919
16.2545
16.545
17.202700000000004
17.2655
17.151400000000002
17.2171
17.752799999999997
17.6855
16.9109
17.3611
17.215199999999996
