0.7455000000000002
0.8375
1.3350000000000002
1.9263000000000003
2.3382
2.9557
3.8718
4.8621
5.3903
5.8832
6.327700000000001
6.586
7.523600000000001
8.2178
8.2225
8.998
9.0911
8.6568
8.744100000000001
9.0887
8.5021
8.610600000000002
8.8399
9.1375
9.222499999999998
9.579999999999998
9.666099999999998
9.7306
10.241499999999998
10.4257
10.8659
11.137
10.8937
10.733100000000002
11.2268
11.4271
11.156100000000002
11.6152
10.8707
11.1178
11.2711
11.805
12.1309
12.228800000000003
12.5176
11.838
12.3017
11.3561
12.1156
12.1424
13.054399999999996
11.7038
12.019900000000002
12.271300000000002
14.422699999999995
13.043999999999995
12.533600000000002
13.1831
13.191299999999998
12.894699999999998
13.1545
12.4624
12.454199999999998
12.9108
14.2182
14.5354
13.582699999999996
12.997299999999996
12.7129
12.9016
13.635700000000002
14.2701
13.5299
13.767900000000004
14.214099999999998
14.420399999999995
15.307
15.883
15.0435
14.8596
15.0437
14.680200000000005
14.6526
14.2147
13.8494
14.592799999999997
15.069700000000005
14.7703
14.9958
14.428000000000004
14.3731
15.0443
14.7512
14.277599999999998
14.950500000000002
14.937399999999998
14.5074
15.137299999999998
14.5744
14.075299999999997
14.421
13.835200000000002
15.003899999999996
15.117499999999998
15.221100000000003
15.083800000000002
15.4804
14.926199999999996
14.2964
14.4194
14.096100000000002
14.184799999999996
13.8657
14.0031
13.8142
13.1268
12.426999999999998
14.0233
14.479599999999998
13.7107
14.2786
14.359000000000004
14.4524
14.7887
13.948
14.2801
15.264999999999995
15.8517
16.3012
15.325
16.001200000000004
15.986
15.2156
14.804200000000002
15.8095
14.663100000000002
14.5956
14.7654
14.916100000000002
16.6034
16.6301
16.8259
16.426599999999997
17.099500000000003
15.798
15.416899999999998
14.917000000000003
14.644500000000004
14.7247
16.3926
14.6248
14.677400000000004
14.8278
14.5951
14.858199999999997
14.9403
15.2688
15.6292
15.7289
15.7161
15.559
16.0188
15.150800000000002
16.1128
15.360000000000005
14.9425
15.3213
15.633000000000004
15.8883
15.880100000000002
16.8648
16.738500000000002
16.8198
16.341099999999997
17.0545
15.4396
15.646
15.788
15.909699999999996
15.703199999999995
15.59
14.861200000000004
15.3237
14.770500000000002
15.343800000000002
14.641799999999998
13.975500000000002
14.919099999999998
14.7742
14.8238
14.8976
15.921
16.1997
16.357400000000002
14.9727
14.0459
14.5499
14.7515
14.4408
14.153899999999998
14.3585
14.3994
14.3825
15.0308
14.818
15.034
16.156000000000002
16.1344
16.2788
15.763600000000004
15.5124
15.8068
15.539899999999998
14.8874
16.010199999999998
16.465700000000002
16.125600000000002
15.749999999999998
16.1796
16.1422
16.0804
16.541999999999998
16.0393
16.291900000000002
16.101399999999998
16.1433
16.3287
16.1988
15.4268
15.563200000000002
16.137299999999996
16.0372
16.751200000000004
16.7298
16.7051
17.2684
16.8552
17.2498
16.858400000000003
16.3952
16.305999999999997
17.130300000000002
16.0368
16.009
17.2168
17.2344
17.2654
17.1965
16.820700000000002
17.083399999999997
16.748800000000003
16.825599999999998
15.978
16.241
16.4254
16.8711
16.7838
16.6511
17.0382
16.9151
15.8808
15.520699999999998
15.9026
16.574400000000004
16.4306
15.9537
16.512199999999996
16.456099999999996
16.1715
16.475
16.2576
16.428800000000003
16.924599999999995
17.075499999999998
16.7511
16.9257
17.192599999999995
17.371
16.637900000000002
16.5249
16.9939
16.777099999999997
17.205099999999998
16.9182
16.8756
16.4089
16.2517
16.4124
17.0053
17.124000000000002
16.2563
16.608800000000002
15.573900000000002
16.231099999999998
16.6283
17.3931
16.5405
16.8433
16.825599999999998
17.003899999999998
16.961599999999997
16.8181
16.948
17.3359
16.5093
16.5045
17.1738
16.891900000000003
16.9241
17.227
17.6993
17.1312
17.268800000000002
16.9614
17.503400000000003
17.4369
17.712500000000002
17.580399999999997
17.0688
16.9104
17.2114
16.941999999999997
16.7052
17.562099999999997
17.409399999999998
17.6375
17.711400000000005
18.1536
17.8144
17.7562
17.791899999999995
17.3144
17.553800000000003
17.199199999999998
16.9654
16.768699999999995
17.6508
17.6473
16.867000000000004
17.3063
17.011
17.193599999999996
17.3924
17.397900000000003
17.143
17.165599999999998
16.715100000000003
16.4372
16.8482
16.9522
16.6041
16.690299999999997
16.327199999999998
16.2922
16.651999999999997
16.769000000000002
16.874700000000004
16.5695
16.699700000000004
16.5293
16.564799999999998
17.141299999999998
17.243399999999998
17.174
17.4771
17.657999999999998
17.7793
17.7986
17.4972
17.5727
18.1197
18.4858
18.3489
17.9649
18.084
18.102
17.7174
17.472
17.5919
17.5145
17.0453
16.9422
17.348899999999997
17.298699999999997
17.660999999999998
17.750999999999998
17.5979
17.3382
17.128100000000003
16.736299999999996
16.9562
16.781499999999998
16.8061
16.9246
17.3337
17.444
17.963299999999997
18.093300000000003
17.944200000000002
17.468100000000003
17.4225
17.202399999999997
16.789299999999997
16.7516
17.4014
17.354299999999995
17.437699999999996
17.0019
16.9696
17.201700000000002
17.565099999999997
17.389
18.2463
18.361500000000003
17.6376
17.857300000000002
18.0818
18.0207
18.0965
18.132500000000004
18.0735
18.2935
18.1295
17.8073
17.680999999999997
18.346100000000003
18.3406
18.421
18.2203
18.5604
18.2816
18.1402
17.9893
17.003999999999998
17.277800000000003
17.0034
17.018600000000003
16.8578
16.738699999999998
16.9422
16.686500000000002
16.860699999999998
17.6916
17.6834
17.737299999999998
17.753600000000002
18.0402
17.7569
17.528599999999997
16.7654
17.1519
18.0524
17.8553
17.7033
17.306199999999997
17.5093
17.3186
17.656799999999997
17.0568
16.742
16.5271
16.5608
17.5949
17.3482
17.4907
17.871499999999997
17.864
17.712300000000003
17.7977
17.6
17.8554
17.746499999999997
17.9045
17.513199999999998
17.893800000000002
17.343700000000002
17.4621
16.6815
17.0912
16.992900000000002
17.1021
17.588900000000002
17.2661
17.5591
17.4557
17.7449
17.8404
17.8155
17.9523
18.1561
18.487
17.866899999999998
17.909499999999998
17.561
17.8334
17.9411
17.5779
17.424500000000002
17.6936
17.751
17.355999999999998
17.3645
17.1065
17.312
16.526900000000005
16.2944
16.4049
16.1977
16.5842
17.325100000000003
17.3969
17.2264
16.409100000000002
16.875799999999998
17.277299999999997
16.9745
17.110899999999997
17.438599999999997
17.6094
17.362199999999998
16.742499999999996
16.4737
16.7033
16.890300000000003
16.916600000000003
17.438399999999998
17.6936
17.381
17.339
17.793200000000002
17.0224
17.475299999999997
16.9567
17.4085
17.305899999999998
17.777500000000003
17.8552
17.722700000000003
17.4708
17.466500000000003
17.3353
17.4839
17.3773
17.2459
17.3972
17.3131
17.1574
17.089199999999995
17.324299999999997
17.076800000000002
17.204099999999997
17.8407
17.6239
17.9247
18.277300000000004
18.1602
17.9006
17.463899999999995
17.897899999999996
17.7243
17.945200000000003
18.4004
18.2659
17.919
18.1322
18.1867
18.484
18.6709
18.614700000000003
18.3277
18.6268
18.2557
18.6391
18.7112
18.5174
18.6952
18.379999999999995
18.3741
18.1259
17.870800000000003
17.776299999999996
17.8101
18.0337
18.0878
18.0438
18.2587
17.9289
18.126
18.3149
18.5506
18.4646
17.443900000000003
17.9833
17.926
17.9601
17.9298
17.9037
17.808300000000003
17.7895
18.2165
