-0.7095
-0.5969000000000001
-0.0567999999999999
0.4059
0.8419999999999999
1.205
1.4327
1.7312
2.2358
2.4883000000000006
2.9406
3.0941999999999994
3.1394000000000006
3.2395
3.2577
3.5748
3.6443
3.8604
3.8513
3.8219
3.8641
3.9536
3.793
3.8871
3.3971000000000005
4.1008
3.9383
4.079199999999999
3.8414
4.0289
4.0534
4.688
4.261500000000001
4.9396
5.223299999999999
5.172899999999999
5.3368
6.210899999999999
6.100699999999998
6.126600000000001
7.036199999999999
7.3125
7.514000000000001
8.037799999999999
7.957500000000001
8.6126
9.5408
9.456599999999998
9.794100000000002
11.304799999999998
12.114300000000004
10.515800000000002
11.9032
11.412499999999998
10.0897
10.5109
10.3748
10.7612
11.673899999999996
11.654199999999998
12.040099999999995
11.8922
11.140700000000002
11.014500000000004
11.137700000000002
11.14
11.0692
11.0139
12.7071
13.744800000000003
12.9923
14.6221
15.2945
16.1794
16.1126
15.2818
14.848200000000002
14.533600000000002
13.7269
15.036099999999998
15.5079
15.9913
15.6861
15.1983
15.8882
16.026
16.0697
14.5714
14.3175
13.6646
12.6946
11.5632
11.6006
10.517900000000004
10.2406
9.1005
8.473100000000002
8.023100000000001
8.7158
8.8719
9.2182
10.3169
9.9077
9.722600000000002
9.824700000000002
9.9673
11.1398
12.0351
11.6009
12.2938
12.3825
11.4456
11.081899999999996
9.886
9.2037
8.8215
8.3311
9.019100000000002
9.7886
10.833099999999996
10.980799999999997
11.6783
11.1845
12.5417
12.4551
12.5311
13.434699999999998
12.3785
12.0491
12.5067
12.335800000000004
13.062000000000005
13.0144
13.254999999999995
13.023799999999996
11.6729
11.8192
11.317299999999998
11.4419
13.0878
11.843499999999995
11.764500000000004
13.6396
12.8203
12.486299999999998
12.4766
11.8046
11.6318
12.499199999999998
12.603700000000003
13.1666
14.2093
13.905500000000002
13.5294
13.237699999999997
12.8817
12.4472
13.8309
13.851300000000002
13.585100000000002
13.7198
14.384499999999996
14.4363
14.4716
12.592100000000002
12.004800000000005
12.252600000000005
12.9523
14.1129
13.383
13.1404
13.983099999999997
15.2923
15.6095
15.9419
16.7843
15.243900000000002
15.192000000000002
14.6596
13.895599999999996
13.455100000000002
14.1264
13.075500000000002
13.0818
12.7828
12.895300000000002
12.747
14.083900000000002
13.092599999999996
13.3637
14.7344
13.9141
13.959500000000002
13.771
14.4418
14.130599999999998
13.7599
14.823
15.043400000000002
14.933
14.0074
14.124299999999996
14.6714
13.975199999999996
12.486
11.915199999999995
13.1042
14.6362
15.5211
15.850099999999998
15.1238
15.8478
15.1866
14.8323
14.0628
14.443
13.1628
12.4187
13.9832
13.325100000000004
14.2786
14.2064
14.1439
15.6901
15.0538
15.216500000000002
14.8782
15.7303
16.120099999999997
14.258299999999997
13.337300000000004
12.977800000000002
13.485
14.040100000000002
13.2625
12.8374
12.5232
13.890999999999998
14.503000000000002
14.4029
13.1922
13.9727
14.529000000000002
14.2956
14.109000000000002
15.290399999999998
15.044
13.634
13.843000000000002
13.8678
14.524599999999998
14.351300000000002
13.4186
14.565700000000003
14.946000000000003
15.764399999999998
15.2626
13.4669
13.666199999999998
14.105899999999998
13.7091
13.870099999999995
13.9785
13.9288
14.321599999999998
15.1393
15.489399999999998
15.6941
16.1792
15.2936
15.3178
15.0957
15.011500000000003
14.5077
14.484199999999998
14.679
15.269100000000003
15.1846
15.9773
16.1227
16.519299999999998
16.716700000000003
16.365299999999998
15.1116
15.0835
15.4271
15.455499999999995
14.6987
15.711799999999998
14.980900000000002
15.340300000000004
15.743799999999998
16.1708
15.759399999999998
14.253900000000002
14.586899999999998
14.3622
15.084
15.8503
14.6843
15.161
15.9416
15.8966
15.0605
15.2491
15.885200000000005
14.8754
14.1526
14.965000000000002
15.5261
14.656199999999998
14.2831
14.8092
16.0054
15.837300000000004
16.241200000000003
16.7105
16.075000000000003
16.4026
16.508699999999997
16.9086
16.8526
16.6949
16.578799999999998
15.3618
15.467600000000004
15.1329
16.648099999999996
16.8643
16.553900000000002
15.9552
15.1701
15.6197
15.502599999999996
15.7563
15.470000000000002
15.982099999999996
16.1658
16.5859
16.7067
17.135800000000003
17.3644
16.144600000000004
16.035899999999998
16.5362
16.373
16.9403
16.917399999999997
17.052400000000002
17.2427
17.201
16.6004
17.1364
17.3617
17.226200000000002
16.800600000000003
16.9735
16.9898
15.2126
14.095000000000002
13.5339
12.838300000000002
12.9059
13.817299999999998
13.6252
13.666099999999998
13.517899999999996
13.195999999999996
13.2914
13.0504
12.8718
12.8541
12.9637
13.1355
13.1818
13.186799999999998
13.145200000000004
12.7727
13.4045
14.8298
15.739399999999998
16.4094
16.4624
16.202699999999997
16.4681
15.610100000000005
16.225099999999998
15.2817
15.774
16.532599999999995
15.8244
16.0919
16.3885
15.7091
16.134900000000002
16.2
16.1923
16.328899999999997
15.8194
15.5006
15.589
16.097900000000003
15.617900000000002
15.342700000000002
15.036000000000008
15.412800000000002
15.342
15.681900000000002
15.6092
15.7928
15.1073
16.2636
15.6923
15.7676
16.748099999999997
16.879
16.695099999999996
17.051499999999997
16.956300000000002
16.891700000000004
17.2574
17.1379
17.128800000000002
16.2742
16.0106
15.741599999999996
16.633
16.496100000000002
16.976699999999997
17.0486
17.1747
17.695100000000004
17.7548
17.367100000000004
17.083299999999998
16.9655
17.418599999999998
17.3134
17.0782
16.3471
16.4578
17.1724
16.754599999999996
16.5057
15.9417
16.3196
15.6558
15.6987
16.2686
16.2207
16.207399999999996
16.716
17.0345
17.3655
16.879099999999998
15.5424
16.0925
15.894799999999998
16.3507
16.812500000000004
16.222300000000004
16.4246
16.2289
15.2792
15.4598
14.984600000000002
15.746600000000004
16.4239
17.2927
17.3798
17.3808
17.522000000000002
17.0297
16.8709
16.630399999999998
16.9792
17.4608
16.9536
15.6768
15.6242
15.406899999999998
14.8978
15.7701
15.082299999999998
15.7606
15.8449
16.604400000000002
16.142400000000002
16.7325
16.673199999999998
16.838700000000003
16.703300000000002
16.5163
15.962400000000002
16.292599999999997
15.7999
16.5865
16.3526
16.905500000000004
16.4913
16.582299999999996
16.6888
15.8661
15.2367
15.7597
14.9481
14.9462
14.854399999999998
15.572699999999998
15.002300000000002
15.888799999999998
16.4697
16.585199999999997
17.513600000000004
17.655900000000003
17.109099999999998
17.0744
16.5097
16.2051
16.6254
16.7877
16.7416
16.491
16.442099999999996
17.609900000000003
17.069
17.0824
16.871499999999997
17.131199999999996
17.016000000000002
16.9947
17.2918
16.928099999999997
17.019099999999998
16.999800000000004
17.2603
17.4494
17.3251
17.5498
17.2736
16.9834
16.8849
16.9381
17.264899999999997
16.9052
16.3794
16.438000000000002
15.8834
15.616899999999998
15.355800000000002
16.1727
15.459599999999998
15.3547
15.947399999999998
16.533599999999993
17.136999999999997
17.3219
17.717599999999997
17.464499999999997
16.1937
16.774900000000006
16.5566
16.362199999999998
16.661100000000005
17.0942
17.266600000000004
17.197999999999997
17.565399999999997
17.8368
17.4766
16.697300000000002
16.896500000000003
16.366699999999994
16.8307
17.0573
17.3813
17.119100000000003
17.0855
17.2781
17.657300000000003
17.230199999999996
17.2033
17.6728
17.2578
16.1427
17.121900000000004
17.3524
17.103099999999998
17.0354
16.485500000000002
16.639
17.1354
17.013199999999998
17.1815
17.5563
16.9762
16.8083
17.5567
17.0835
17.069599999999998
