58.64
53.44
54.27
65.64
65.76
59.99
54.68
37.7
22.21
17.67
17.1
18.18
19.01
22.8
28.16
25.35
23.59
21.26
16.27
19.35
29.24
34.07
27.68
21.46
24.3
31.44
31.89
33.72
33.68
36.62
39.82
34.13
32.69
31.13
34.44
41.86
36.78
31.26
33.54
30.51
32.06
34.38
26.36
25.8
24.86
19.64
22.07
24.53
21.8
19.12
18.09
20.62
23.26
18.06
15.25
16.47
14.51
14.72
18.83
19.68
17.96
14.02
12.21
15.4
17.39
18.25
18.58
16.75
15.19
17.58
17.86
15.72
13.03
13.78
15.95
17.29
17.0
14.94
15.85
13.52
13.28
14.4
12.02
10.72
15.52
16.57
13.65
14.86
13.43
13.01
14.3
14.35
14.25
15.69
16.5
15.42
12.65
13.87
16.54
15.6
15.42
14.72
13.6
14.42
16.12
15.76
13.9
13.9
14.37
13.44
14.09
14.09
15.49
17.52
15.11
14.46
15.99
15.02
13.62
13.42
13.25
14.08
14.39
14.83
14.83
12.99
12.63
11.7
12.84
14.41
13.87
16.2
15.31
12.31
13.48
15.29
14.81
15.59
17.67
14.26
13.47
15.1
13.31
14.37
17.43
15.36
14.01
14.92
13.53
12.49
12.76
15.44
16.57
16.08
17.04
18.89
20.59
20.94
18.58
19.06
20.26
19.8
19.31
18.15
21.58
23.92
24.53
27.93
25.16
24.29
23.4
19.09
19.9
18.87
16.72
16.96
16.09
14.41
14.63
15.68
14.9
13.83
16.74
18.08
16.51
14.84
15.74
15.58
14.17
16.18
16.74
14.77
14.04
15.06
17.15
16.17
14.59
12.44
10.82
11.57
10.51
11.15
11.81
13.78
13.62
10.39
9.76
11.29
11.27
10.89
13.74
12.5
9.49
11.53
11.99
12.52
13.38
12.52
12.04
12.15
12.33
10.35
9.77
10.94
12.65
11.47
10.44
12.09
10.76
10.18
10.92
12.35
12.49
12.5
12.58
11.68
12.25
10.46
9.82
12.01
11.68
11.66
11.85
11.09
11.34
11.35
11.61
13.47
11.17
9.53
9.77
10.35
13.14
12.69
12.27
10.75
9.69
12.12
14.05
15.86
15.28
13.32
14.58
14.61
15.76
17.56
15.02
11.96
13.44
16.58
15.93
13.88
13.63
13.55
13.67
12.51
10.38
14.25
15.83
11.29
11.3
13.29
14.91
16.17
17.89
18.67
16.45
13.91
16.23
17.67
17.03
16.57
18.61
18.59
12.78
13.4
13.39
12.34
13.75
13.03
13.96
15.05
14.86
15.33
15.01
16.53
17.19
16.89
16.33
17.35
18.43
15.66
14.59
17.49
17.95
16.21
14.89
15.48
17.23
17.77
16.35
13.24
13.69
18.2
17.01
14.55
14.68
14.59
13.7
12.69
12.82
13.92
13.7
12.9
13.17
12.52
12.95
12.1
13.29
17.09
18.08
14.17
11.81
14.3
16.02
14.94
13.91
13.27
12.95
11.71
10.3
12.54
14.91
12.8
14.14
16.4
13.59
12.48
12.63
15.64
17.03
12.81
12.1
15.24
16.56
16.56
18.05
16.35
11.85
11.39
13.77
14.46
16.28
15.21
10.81
10.88
13.27
16.5
15.2
10.33
12.36
15.37
14.5
14.52
13.19
12.98
13.31
13.71
13.36
12.35
15.8
13.41
11.66
13.74
11.08
12.48
16.3
13.93
13.5
16.73
14.9
13.53
13.71
13.16
12.22
14.45
16.05
12.9
14.88
16.47
14.6
18.14
17.56
16.56
18.31
15.75
13.24
12.55
12.84
16.2
17.68
18.36
19.8
20.2
17.27
15.72
19.79
19.39
19.03
16.6
15.36
14.81
14.76
16.37
15.8
16.91
18.81
18.36
15.47
14.09
14.37
14.76
17.32
16.35
13.92
15.89
17.53
19.12
20.31
18.17
16.84
16.14
15.15
17.32
16.12
17.82
19.2
17.21
18.49
16.83
15.54
16.88
18.28
15.96
13.7
18.55
20.84
15.83
12.97
13.83
15.75
14.86
14.77
15.71
14.62
13.48
15.6
16.46
13.39
13.2
18.55
19.26
13.38
14.16
13.98
16.39
19.09
16.29
13.96
14.62
16.56
17.32
15.04
14.12
15.95
15.29
16.2
17.96
16.09
14.39
15.89
15.03
12.56
13.03
13.01
12.77
13.04
12.14
16.49
17.57
17.71
16.87
16.76
18.7
15.37
14.49
14.87
18.86
19.02
16.3
17.54
16.97
16.87
18.56
15.88
13.95
17.19
13.98
11.31
15.04
16.56
14.09
10.99
13.73
16.16
15.12
16.32
15.34
12.02
13.93
14.49
12.82
14.06
13.11
14.1
17.4
16.03
14.32
13.79
12.58
15.46
18.07
14.98
13.17
15.22
16.06
14.21
9.93
11.43
16.71
15.24
13.45
13.59
12.71
15.45
14.98
12.93
14.78
16.2
17.72
17.0
15.39
15.81
15.99
14.88
13.54
13.11
12.67
16.43
15.8
14.85
15.79
16.28
16.42
14.65
16.86
15.53
15.73
16.08
16.12
14.22
14.01
16.1
14.05
16.28
17.68
17.41
16.09
13.81
15.6
