0.4719269650684264
0.5251797691779457
0.8695730705112266
1.167047157629221
1.1699428045442364
1.4884946213084302
1.9749018620167125
2.5221950376338285
2.637339420935951
2.746545353416425
3.1859128854594934
3.570431199270315
4.323659570310399
5.1018187501561245
5.358295414158138
5.118268908915073
5.705041283345901
6.576033567440592
6.746008599228855
6.519855233342631
6.531936276330338
6.855634009308935
7.343361881603439
7.558460169841109
8.460063303278018
9.191297436002488
9.183172094258897
9.619769082191686
9.790956983754018
9.869307612095351
9.831818488533008
9.52515330306159
8.743230105768125
8.69637957782083
8.863054569767309
8.831285560838747
9.583755401924256
9.977996277145731
10.416819538230536
11.239832129724546
11.377207412513362
11.6517037671277
12.651061212799714
12.825591114600147
12.859769141634564
13.134282159343131
13.530895110154834
13.919883345721631
14.317774504033292
14.530266419243706
14.229175429402584
14.19125273254684
14.595738418477394
14.893649973297777
14.945023473284406
15.147351925240484
15.53297721407136
15.791139213172672
15.64415364288026
15.851053646205974
15.829621431830624
15.869274579156167
16.186976807130346
16.129859720079835
15.96112825532571
16.014728071400942
16.339609145243994
16.700961256597083
16.18789781238723
16.239811990719698
17.024956651908973
16.76149242107838
16.96950290574891
17.525998286152376
17.885666077483663
18.17760309471241
18.14194591034406
17.98564756115109
18.037663295878776
18.22864950512496
18.169217335996347
17.876924330997504
17.74584927362214
17.993314808392377
17.786679494551844
17.55369756138693
17.8351553147284
18.23745063393392
17.967803280091758
17.73756815061405
17.99737750642781
17.880185831018995
17.855903772852518
18.19295080329053
18.17414107588344
17.908697287133965
17.759341155553567
17.833200339702294
17.52687820591787
17.283244296018296
17.18606923608289
16.991048353524008
17.52366597228571
18.455271133186045
18.58841456431746
18.568728793598183
18.587030203390768
18.58485756270428
18.85018756736565
18.61049958927548
18.43209163287064
18.931694267234707
19.204382725249975
19.19304842589149
19.47311593836451
19.355742580547695
19.054118824518746
19.173944237726207
19.09230966361768
19.034234823834318
19.037272777693744
19.14333433634077
19.244590363749715
19.45569959074288
19.496715502186557
18.93180735974552
19.03347479071671
19.086532770582068
19.015335742233745
19.269670001951575
19.464386054480872
19.427809185636075
19.412298770331905
19.489201569132884
19.44579940498453
19.32550905594924
19.278703715451726
19.302645393803225
19.4885852411755
19.802941909310363
19.801973804841225
19.65575219076698
19.451316469729644
19.41325313226177
19.2417132219461
19.144020839598216
19.092745972130544
19.2006591549902
19.7258954558481
19.73704088492036
19.37157175255623
19.40450797417139
19.90551503080909
19.787945581439555
19.466011835957875
19.56478004642368
19.32350960064428
19.196006892777515
19.412642155385523
19.53208833553579
19.60399811092933
19.639529637308943
19.982699856395232
20.026365971201734
19.89303416380276
19.689739022464394
19.600794026429835
19.79405013794609
19.72837361603364
19.609244264744003
19.81698851066871
20.02360662863437
20.011756005835103
19.84131574092421
19.808803187654465
20.054188780186987
19.905194039997628
19.9928162444524
19.818494099095105
19.704848711502507
19.7909850607624
19.902264286495477
20.291500950839588
20.2542009133814
19.801305430582133
20.03534930918643
20.06572562522545
19.92865505509385
20.26618953519976
20.047710753858134
19.895180181157468
20.05822742648477
20.266685446502333
20.189041487465307
19.64947373320143
19.72705660545188
20.412238142861288
20.32237300051973
20.11316234223164
20.14362648599409
20.075258986263
19.75746723015073
19.83492646500592
20.17497734816716
20.085139199408417
20.076629552661988
20.024089528291466
19.79277447934461
19.672329551586724
19.661351598236124
19.79378656297533
19.960028492329275
20.3722778051862
20.41827974817421
20.17359292920089
20.0021752666551
19.99433353402924
20.04938698292743
20.072753015519947
19.95152809143047
19.43225394270813
19.43513005972708
19.415575252434422
19.20289729047201
19.26847106908744
19.25624337719656
19.326649958788284
19.47273034690608
19.86629884634384
20.28363194697228
19.977144439775333
19.63784850313862
19.51960334225398
19.32437045251825
19.36302603414885
19.535749780216157
19.45288092599308
19.29371012897037
19.454704527488005
19.48806814496467
19.44690052257453
19.594849621742643
19.78709148996386
19.94256115127001
19.57184787843413
19.175714258284216
19.07984330767035
19.01233215404868
19.032965163028265
19.23881401256239
19.28934986098574
19.69483259741992
19.946429248775093
19.47782594949374
19.382259419681095
19.43015563689902
18.936126404982467
18.8551693507486
19.140928145689617
19.347894856415927
19.54441669871649
19.52467026294512
19.413464935860112
18.95867009038304
18.44253998466115
18.496801782745127
18.78100432590668
18.97028096213733
18.88717940549602
19.01469188978228
19.58352944426649
19.405464194893487
19.064820830151724
19.31887048133265
19.655488109681432
19.775258109801747
19.960127712382
19.78323370572024
19.69225883245187
19.70343012103576
19.503100703104256
19.523718066625705
19.82085809652313
20.068714476218545
20.195132241727684
20.16473300292175
20.098300043823027
20.01297732291733
19.985232846319576
20.12942578020353
19.92706943429764
19.75600703689757
19.84057942853635
20.125056148110232
20.04574895469731
19.58526141052615
19.748393360156
19.907631017620567
20.19541304076997
20.404079563077456
20.14002866915561
19.77165128691471
19.84456956757445
20.48609003231105
20.68963285325983
20.261537812468227
19.9365832084004
20.10137085631395
19.864958540960952
19.97770295478779
20.275723313113577
20.07735981463081
20.188098678321584
20.301304541464685
20.09671612491464
19.8181627408952
19.94112278694344
20.33866035376773
20.184431832097008
20.10969170856005
20.410188368955406
20.480089360819324
20.48532870185964
20.39651933082579
20.381606565312275
20.363912675642997
20.16609217101905
20.07421340759961
20.08088762476773
20.028826239367604
20.316673913913345
20.56368892824112
20.629766994274604
20.68338465712694
20.44402367193049
20.449221864710186
20.738701826083076
20.679898202458418
20.434824397614516
20.55823172814832
20.660446395545527
20.53354261993576
20.38798049367885
20.479167523773704
20.39571689361394
19.824111352825756
19.577875704929408
19.690828964037017
19.4909638148566
18.935008337608444
19.18653798764309
19.669491152036827
19.80928344134885
20.3063488487696
20.608232406249076
20.746284703377004
20.864223338293733
20.59803639021604
20.257146391567616
20.27043306245604
20.61457315293423
20.7350788296574
20.694507239735508
20.769062521650422
20.69835495446538
20.36181603427008
20.18044773562585
20.318919807326736
20.331768834490862
20.4135501381856
20.27705813139058
20.116114063950995
20.600498408970477
20.722005626656387
20.45718678296712
20.396325424298624
20.281367255859205
20.274318772965813
20.34812826700141
20.42952638288618
20.48777962854409
20.440903138253336
20.433410798979143
20.81677055954244
20.725840026389577
20.60330232374687
21.096001397610685
20.98005039391143
20.76558883829953
20.9552189528031
20.82101523866771
20.77544480720588
20.75259352102216
20.857889242378494
20.89485767504916
20.5469897318307
20.999977145239416
21.319407008080983
21.18472557091589
21.0926636883126
20.67547387363776
20.58378451194366
20.820369692461533
21.310324498414573
21.36369034722109
21.14070211258935
21.35390240283719
21.476045004229675
21.343632217155303
21.22259428927256
21.04517105315612
21.237054693633446
21.693765122953497
21.575823796255253
21.540504399231395
21.58551827875772
21.467558112982783
21.406631932412694
21.561764955840196
21.407674292999467
21.064688138870096
21.128784582302043
21.15336284536331
21.37684773874894
21.65557116527597
21.531962794504736
21.61181404599308
21.61399926281956
21.350616483615184
21.5076435469871
21.808433349855694
21.987808217695644
21.87582415618449
21.535402366394063
21.509564782725032
21.54431650585488
21.43234896699799
21.671801666865235
21.830140252438564
21.692964429849663
21.597641805996428
21.66837170311224
21.90100503050395
21.883710683015984
21.77821574643108
21.762760125188684
21.534814386789773
21.32072334041662
21.457307807343213
21.500751521300774
21.5511901114202
21.558671603571277
21.380535956494555
21.49039688126716
21.633891110718704
21.71903709991101
21.74977680499136
21.79368009760868
21.68196328044216
21.80136972518075
21.946796844831365
21.6614783188058
21.66788837964423
21.4136984956995
21.23343709779159
21.49075213735945
21.91979196716275
21.967910055865037
21.537419472464062
21.60225782659228
21.82612471473905
21.72201924077829
21.34760223855402
21.11624528858756
21.223766555184355
21.46283681203128
21.49307879063942
21.584418597729176
21.55736405947627
21.293155234928527
21.253843774686548
21.284461594985714
21.321509725257243
21.479881213736014
21.558224889481515
21.52603322237545
21.34527977811065
21.298651499123377
21.58269769880277
21.917451443857257
21.832372719683967
21.80157365180498
21.97848811620557
21.99139350293559
22.04939671172586
22.02941486892444
21.92867490211409
21.805295396335943
21.80297808856616
21.75981357969609
21.940102999500915
21.94702449266915
21.925543390129715
22.02763731469
22.015191495339987
22.02207809259747
21.96801325367905
21.763795270110386
21.93980490231441
22.34296735747876
22.05250710354757
21.882384221178043
21.884305049882187
21.659576925305004
21.74273605707149
22.18278852988213
22.32892040238179
22.13505768595611
22.085433543946383
21.827566822756676
21.69700899715203
21.87887773164941
21.989539342871023
22.192590875217974
22.187897738522302
22.20420852339026
22.307552592448545
22.23319331725133
22.23607214504766
22.145395662128703
21.855758326170964
21.798661975472008
21.82401197725777
21.830531027838383
21.849472565706915
22.068382284864253
22.252209729674224
22.02364621721977
22.026372740971137
21.879916820696117
21.847138636772847
22.02375406125048
21.861227586512957
22.04483081502908
22.3017586165471
22.067558376611935
21.73149044663241
21.582852804547517
21.502020775800915
21.86669136040997
22.076490700344504
22.057486258236555
21.61236116646945
21.533135048580675
21.99986401801665
21.78150461163999
21.38900710023903
20.99001940607189
21.439377729559883
21.75125224739548
21.537287300135464
21.661729295942788
21.458220707578494
21.260816511154037
21.597538807972345
21.570721557374696
21.52511151434672
21.86330531246329
21.78388626765333
21.675916974035736
21.92566770000592
21.948211520078093
21.530656619913238
21.374093621520856
21.7528722358313
21.85717550892281
21.57922127925772
21.06897563913232
20.80990835069847
20.947239313047152
21.060392221812485
20.9364621782055
20.721345360861505
20.97111061556036
21.08572318256481
21.25818792157205
21.385185216325613
21.15996752604089
20.806362872784067
20.4536505963914
20.579686426238368
21.026014563278647
21.2471945811044
20.8863774562496
20.747251053979777
20.676161764419888
20.43731035931793
20.22287976597944
20.05237226474788
20.34899446714464
