-0.0829333311652266
0.1411614923002217
0.1285103439876358
0.712870516468405
1.8603676346986544
2.0998654994268424
2.5204543430039874
2.5600350846147264
2.892005023360665
4.252005570713162
4.6177970505996
5.052653864489019
4.752591650158894
3.6302265007964167
3.799595052178652
4.340422586358205
5.153533471945633
5.5610409496706685
6.192035662512392
7.286389429309189
7.910454281558393
8.539538743129292
8.745170199476643
9.182938778343225
9.816411512897211
10.288808606839371
10.670515303194115
11.39506836873437
12.104223033366004
12.4150913834121
12.10829659230411
12.203808484210317
12.533341976929798
12.403061351841652
12.666641517020508
12.947258740716562
13.657911144045793
14.18217251306732
13.995660773859647
14.074922751487405
14.249531001296443
14.43757203079691
14.981216355713013
15.166420846335251
14.225490913626366
13.811829004465114
14.131011537688346
14.26788404899284
14.885388971160149
15.375044334374827
14.930920485290146
14.734654568689084
15.18207710215895
14.549837224575649
13.782053087778458
13.990078211798204
13.578304749164376
13.676121689400176
14.29681593531807
14.718450688513473
15.495153139558193
15.147874522773112
15.311717082602138
15.961217538595582
15.54553340064491
15.44133913114772
16.190977717691293
16.519675759811587
16.31880865582032
16.62452142413888
16.875500566815514
16.838527291473387
16.906691284338237
16.814234788320743
16.563286315962554
16.392541383140713
16.12343710028131
15.324217096119428
15.069877482059372
15.761640120628346
15.94089025907092
15.78473121048352
15.806649969821908
15.722720633869692
15.88223266695256
15.912876766099098
16.00450006250222
16.247064041936106
16.07209084380778
16.368435001552612
16.409577644332376
16.430826985821277
17.276031232608332
17.565834596737346
17.39810599973724
17.325521078919223
17.255173462680354
17.682759376704425
17.742541633223553
17.599323432237817
17.663558661766498
17.269275035199442
17.19771543501145
17.547239897650527
17.78314679357269
17.895099283017146
18.141807788570237
18.23768215855516
17.72196719817449
17.82829995962491
18.197068304898277
18.188357898534424
18.141501962302176
17.76634644379322
17.66741344448353
17.73557099564594
17.088703469861994
16.333913830156913
16.462859646773747
16.290964895938586
16.3389023164308
17.499684723308892
17.924303419927675
18.23824983301499
18.43709702814322
18.430599329195395
18.7927279322919
18.49656182267741
18.387916208348692
18.79821202761508
19.314301344513908
19.008740291994904
18.92526099622951
18.900846123198317
18.442976384813832
18.55307155256784
18.864825441515094
18.86928056426
18.71032506944657
19.09054469825588
19.179032630108654
19.03116023721352
19.33202309456649
19.29994372822452
19.15189586534141
19.209397937418867
19.443771732182697
19.520728642047708
19.138183626971887
19.018025954455204
19.12128479234228
19.186081747941174
19.182477913566885
19.319750205819798
19.36795307349321
19.22949270526132
19.12463329877172
18.98621391722042
18.76658618015149
19.11201865175886
19.45419093137718
18.87093245651215
18.77826049624132
19.076995980785547
19.22285453085857
19.025635530063827
18.765282786063253
18.34440441753241
18.633206716184404
18.91443740856983
18.503986042350363
18.55548422109739
18.26857704772068
18.717687619516653
19.56867849435877
19.52545330309338
19.08222220037085
19.29852810921127
19.73056652152812
19.551513316620884
19.559305069444687
19.432160520897188
19.157920509046583
19.272234174416464
19.373367719462276
19.34751637585132
19.684100370393868
19.85036129115831
20.11023765776872
19.777255378683336
19.34309069084217
19.50314519506681
19.264058110467356
19.3419191647584
19.40525761428762
19.20608217308405
19.151668939278323
19.427601509408884
19.86726999343712
19.980759390598703
19.62865101938216
19.504271263300627
19.52482558909368
19.272555543806025
19.215049925628563
19.52275742763718
19.38474353148755
18.871000560747447
19.147902065526896
19.606621197527573
19.481669870645177
19.268038876000656
19.1414184724061
19.108557967313885
18.998818962493868
19.116452652653702
19.23030197036611
19.2812699680413
19.48004870094965
19.67279511589598
19.35674349241224
19.364731125757537
19.51389739003729
19.379515031252343
19.57761198547122
19.51808676212407
19.41706321484989
19.55765372976257
19.5648153468722
19.16138191642186
19.137021105668847
19.396182272262987
19.449959730034404
19.786393739035493
19.79754447443388
19.607708173072663
19.63146901485368
19.80431059607322
20.30944310987697
20.54513063752164
20.22108479337364
20.16062584031356
20.331278257588814
20.30770092775154
20.13185243955198
19.86133223193537
19.989962427044578
19.873303602623132
19.932917801084432
20.366501844056323
20.41324144185103
20.093575682989396
19.923176695580626
19.914067425718567
19.97636004038561
19.958394102502112
20.057772199500995
19.837704408561866
19.83492470912172
19.983301698732724
19.6945651937005
19.902681740796616
19.88901047429444
19.610926817695283
19.65926910252604
19.75083144166429
19.7892185341111
19.85539994128489
19.653665367458625
19.523865607157106
19.89309158402348
20.23505263131832
20.303456615390797
20.327730341807648
20.575373851509283
20.70469535690619
20.37148372283606
20.261266334457027
20.4519549504442
20.560735785646116
20.390228903133256
20.28039543313469
20.314487577341183
20.34323693966558
20.31059449178489
20.038626848391026
20.13350748952621
20.407562469609573
20.532529916392683
20.511795397909022
20.46333214613008
20.65274891890472
20.41439758521667
19.947810486058263
20.11569323588096
20.3070027989265
20.13691511748299
20.256848456382087
20.297565055173465
20.043258346427205
20.270308365736017
20.40261610844549
20.240370575562537
20.364559733982297
20.437688876685257
20.43633213260777
20.304248175812724
20.099293046854378
20.241461555701285
20.531229724574583
20.471277332057184
20.58068695222058
20.88982795333333
20.68772692728096
20.616297627905706
20.860317280800647
20.913563562945026
20.592187448682772
20.65094224079509
20.97634020076081
20.650280097523154
20.845732839797314
21.00802549225339
20.565008522840643
20.62532500276496
20.67176645082912
20.81079657468154
20.925416958501845
20.79950110076233
20.705449057676983
20.7495801635326
20.80267625072336
20.567091484194417
20.6638265487085
20.69034129231696
20.7773157395948
21.184056424046748
21.276101258361887
21.06975725676407
20.704857501325957
20.39966367585599
20.38751090378454
20.623619600826903
20.41505956710669
20.24348975261813
20.58803702028861
20.54781705466216
20.738226487223614
20.68834244287161
20.581991755992497
20.929790856226425
20.994013458345357
20.99896372449673
21.061841981183385
20.970123055177336
20.953220806465467
20.961230224223264
20.89962852234056
21.09525761992232
21.150128144480554
21.17038104833313
21.14180642376753
21.0082437443774
20.995867305041138
21.09230125300091
21.034050309546146
20.954273976069963
20.98829872395077
21.139128423008952
21.13693759679768
21.09032678380684
21.241312694420408
20.997416762097163
20.961035994081858
21.08424797931316
20.759692760362945
20.913633114788603
21.259275154219832
21.129650775871696
21.027359623957683
20.961309101270054
20.977646939416108
21.076502528995704
20.654776130764457
20.62761383467119
20.931126987138715
20.89256553181687
20.828409535969787
20.74519286833062
20.781578406318328
20.799562243183317
20.82708650272433
20.80611959463779
20.855846023451104
20.82683318542438
20.734780506811248
20.98559034242844
20.970000217203147
20.79877818414465
20.980982617869252
20.950992612843017
20.805375329199837
21.182735373733387
21.300085330831152
21.08685229371036
21.249180029950924
21.310787485006266
21.23029915798833
21.20591679228006
21.521587562093767
21.774585936958715
21.699675515955995
21.526082559030478
21.31176592131353
21.22644149258729
21.31205772834652
21.58365990077987
21.84626548293421
21.68915630839506
21.43978328259307
21.462926573818518
21.524119683652287
21.76459419847134
21.59667676850474
21.452813224346517
21.540991733074247
21.539151868541623
21.78233707908122
21.44960426429616
21.207241681703884
21.251609595593877
21.15341918089078
21.19696963572553
21.40350874149263
21.457955075347485
21.26167226961672
21.159158676648676
21.230947999926112
21.07419549035687
21.032976708851912
21.251855888452848
21.283617453703485
21.363940300355708
21.517670243056468
21.56746702170512
21.258702433521734
21.279044196360456
21.58174585968472
21.57531355239997
21.56582742598382
21.35039854479277
21.32949210888423
21.67975673297373
21.779810714981327
21.897604427491643
21.71065830063888
21.64764271216362
21.838125064432024
21.67207904120489
21.549373927968773
21.597993695608537
21.74348924455631
21.872482330229506
21.791784519848303
21.738835773199348
21.85465302069937
21.739687225916413
21.81244461680265
21.716921800203902
21.58233580866329
21.479787032112917
21.148897730570432
21.45139245764329
21.644898375662805
21.58665569979676
21.70947471684587
21.64538029153239
21.57215464361273
21.527966575396068
21.585687019845604
21.45586086484835
21.361272610546163
21.320354029115155
21.44231988253367
21.787524012633167
21.60354845492593
21.500740317943237
21.462768314885636
21.774000617859706
22.138231406086483
21.792038261295165
21.41092457098276
21.43873958731967
21.463596590634957
21.36951326037848
21.2929513629756
21.19929465111526
21.267686019910585
21.49612468667918
21.564982980724885
21.33763232499703
21.29693119419488
21.39463152439685
21.49376479471869
21.725850437662007
21.68924945345853
21.710139302762936
21.69580391362077
21.326943130957908
21.314970164511287
21.126361692316376
21.18579683148732
21.371992972997123
21.407919137018126
21.47846786323094
21.496133954611874
21.521478041137
21.580913873941164
21.597035380057285
21.493104434747565
21.425483832621623
21.250097332144843
21.296898810763487
21.415706546069742
21.551931856651844
21.502598372594672
21.447950918549758
21.270209370481734
21.196837370961685
21.30858192574094
21.242675389897855
21.27014126109834
21.254905398096263
21.21582108155491
21.26411471457696
21.15421063490301
21.092275197165527
20.93104724523281
21.01604086235672
21.0754918990604
21.031317370477083
21.343433907984
21.301304644407114
20.92546277932016
20.996649480280425
21.27122717822476
21.160622196650458
21.144261216149143
21.50740247767049
21.471150376377334
21.221862341765696
21.122490014652215
21.04150304497382
21.17746956656929
21.23476450684065
21.32247565410074
21.483104817188096
21.51656213844503
21.307990637300904
21.292012476210093
21.396332824213182
21.363763806995195
21.31356354841658
21.2380548913558
21.021822117939514
21.326561128031383
21.44600368777247
21.418022333534392
21.77458561890207
21.398028224609394
21.230966136326
21.45248884367361
21.386355244240328
21.35865828953864
21.241020285435333
21.152305145251024
21.395516280095222
21.457996837891876
21.177584255591714
21.14597365731287
21.293983204018154
21.484232181789768
21.51528481763621
21.4889766846767
21.48174208568636
21.48593616359733
21.479619316063943
21.42364929216308
21.555208044657466
21.433611195583254
21.337131756826157
21.53721959270084
21.738791202987496
21.657099407025783
21.561818795322143
21.736089097036228
21.853341888940783
21.970523005132865
22.13244221531194
22.044767117042447
