0.5562913907284768
0.7430167597765364
0.9786096256684492
0.8223684210526315
0.9142857142857143
1.2648648648648648
0.7485029940119761
0.8926174496644296
0.6761904761904762
1.006578947368421
0.4657534246575342
0.8100558659217877
0.8011049723756906
0.664804469273743
0.6851851851851852
0.7287234042553191
0.6746411483253588
0.8300970873786407
0.8659217877094972
1.027906976744186
0.8497109826589595
0.7447916666666666
0.9467455621301775
0.8697916666666666
0.525096525096525
0.7195121951219512
0.7397260273972602
0.9008264462809917
0.728110599078341
0.6666666666666666
0.8127490039840638
0.6974789915966386
0.926829268292683
0.746031746031746
1.1106194690265487
0.7422222222222222
0.40225563909774437
0.8
1.0
0.8969957081545065
0.5813148788927336
0.6057347670250897
0.8869565217391304
0.6333333333333333
1.0580357142857142
0.510548523206751
0.8599221789883269
0.7389830508474576
0.7455197132616488
0.4068965517241379
0.8617363344051447
0.7105263157894737
0.8803088803088803
0.7276119402985075
0.75
0.6916890080428955
0.5469387755102041
0.8391608391608392
0.8931034482758621
0.9057377049180327
1.2295081967213115
0.7289377289377289
0.8868501529051988
0.9102167182662538
0.6925566343042071
0.8369230769230769
0.719626168224299
0.8776978417266187
0.6111111111111112
0.6549520766773163
0.7978723404255319
0.6084507042253521
0.8305084745762712
0.7803030303030303
0.8892988929889298
0.6103448275862069
0.6721311475409836
0.8380462724935732
0.8826666666666667
0.71571072319202
0.9530386740331491
0.6742424242424242
0.6543778801843319
0.7961165048543689
0.7234432234432234
0.5759036144578313
0.8375
0.7410526315789474
0.898854961832061
0.7340823970037453
0.6166365280289331
0.6905187835420393
0.561122244488978
0.6081330868761553
0.753968253968254
0.5497512437810945
0.8045685279187818
0.6189427312775331
0.7083333333333334
0.7303571428571428
0.646551724137931
0.6993243243243243
0.8006814310051107
0.7784200385356455
0.6646795827123696
0.7881548974943052
0.8217317487266553
0.9236947791164659
0.8998109640831758
0.7548543689320388
1.1293260473588342
1.0292887029288702
1.1016949152542372
0.9017013232514177
1.0943025540275049
0.9830508474576272
1.0430528375733856
1.1057884231536925
1.1417165668662674
1.0794520547945206
1.3488372093023255
1.0943775100401607
1.1772908366533865
1.2787878787878788
1.3752759381898454
1.4183908045977012
1.497191011235955
1.136
1.2635467980295567
1.3057142857142856
1.3098958333333333
1.3549382716049383
1.309608540925267
1.4623655913978495
1.3990147783251232
1.654353562005277
1.4469026548672566
1.3560830860534125
1.7
1.6888888888888889
1.7644927536231885
1.5078369905956113
1.5669291338582678
1.3948220064724919
1.634375
1.5298245614035089
1.5419847328244274
1.7686832740213523
1.7289473684210526
1.7545454545454546
1.7277628032345014
1.8917910447761195
1.6180555555555556
1.6386861313868613
1.4813432835820894
1.7014925373134329
1.9384057971014492
1.8498293515358362
1.7985347985347986
1.782758620689655
1.5639344262295083
1.7426160337552743
1.5439330543933054
2.0154440154440154
1.4221105527638191
1.5868852459016394
2.316666666666667
1.8558558558558558
1.954954954954955
1.8125
1.8873873873873874
1.8604651162790697
1.8008849557522124
2.4390243902439024
1.6875
2.089108910891089
2.3365384615384617
2.2690582959641254
2.1149425287356323
2.563063063063063
2.3555555555555556
1.819905213270142
2.1083333333333334
2.118556701030928
2.1941176470588237
2.388888888888889
2.6545454545454548
1.9830508474576272
2.75
1.9217877094972067
2.1623931623931623
2.213793103448276
2.3867924528301887
2.4803149606299213
1.791044776119403
1.9153846153846155
2.084848484848485
2.493150684931507
1.972972972972973
2.295774647887324
1.8803418803418803
2.6285714285714286
2.293577981651376
2.3661971830985915
2.682242990654206
2.2975206611570247
2.8365384615384617
2.3796296296296298
2.0517241379310347
2.5444444444444443
2.8482142857142856
2.4918032786885247
2.347826086956522
2.4742268041237114
2.5
2.3692307692307693
2.722772277227723
2.1092436974789917
2.1634615384615383
2.209090909090909
2.311111111111111
3.0963855421686746
2.5274725274725274
3.3472222222222223
3.36144578313253
2.0388349514563107
2.2736842105263158
3.932584269662921
3.0277777777777777
3.3372093023255816
3.0
3.2153846153846155
3.1139240506329116
2.7058823529411766
3.611111111111111
2.914285714285714
1.7671232876712328
3.9
3.375
3.5901639344262297
3.7241379310344827
3.603448275862069
4.10126582278481
3.923076923076923
3.490566037735849
3.2063492063492065
3.75
4.174603174603175
4.264150943396227
3.482142857142857
4.316666666666666
5.0701754385964914
4.711538461538462
4.510204081632653
5.615384615384615
5.0
4.178571428571429
6.1521739130434785
5.66
5.43859649122807
4.627450980392157
4.553571428571429
4.380952380952381
6.1
7.913043478260869
6.519230769230769
6.8478260869565215
6.604166666666667
6.837209302325581
6.255813953488372
6.828571428571428
6.9411764705882355
8.027777777777779
6.666666666666667
7.72093023255814
9.571428571428571
8.651162790697674
5.733333333333333
5.976190476190476
6.916666666666667
9.026315789473685
11.387096774193548
9.736842105263158
7.604651162790698
7.8
11.0
13.071428571428571
11.18918918918919
11.942857142857143
10.4
13.653846153846153
11.413793103448276
15.870967741935484
8.32258064516129
14.785714285714286
12.848484848484848
13.212121212121213
11.78048780487805
13.413793103448276
13.705882352941176
15.911764705882353
17.133333333333333
22.59259259259259
12.1
12.447368421052632
18.307692307692307
17.928571428571427
24.72
18.06896551724138
20.733333333333334
20.033333333333335
20.36
23.782608695652176
13.5
23.1
20.88888888888889
21.583333333333332
20.53846153846154
24.75
19.65625
25.03125
26.785714285714285
27.130434782608695
22.666666666666668
23.22222222222222
21.766666666666666
20.125
24.958333333333332
26.4
25.48148148148148
25.357142857142858
31.96
29.217391304347824
31.652173913043477
37.84
30.652173913043477
41.666666666666664
36.53846153846154
41.7037037037037
34.03333333333333
35.03846153846154
58.76190476190476
42.666666666666664
39.19230769230769
40.21739130434783
43.5
42.76
48.36
52.17391304347826
51.583333333333336
44.130434782608695
55.333333333333336
57.69565217391305
56.95454545454545
51.458333333333336
52.391304347826086
47.04
51.375
56.08695652173913
47.38709677419355
50.78260869565217
57.22727272727273
60.61904761904762
55.5
60.95238095238095
62.36363636363637
63.40909090909091
62.142857142857146
60.19047619047619
56.22727272727273
49.61904761904762
61.86363636363637
65.82608695652173
49.63636363636363
59.5
62.0
60.09090909090909
62.333333333333336
54.142857142857146
54.208333333333336
66.9
65.6
62.25
57.476190476190474
60.63636363636363
53.17391304347826
49.75
67.85
54.083333333333336
64.65
57.523809523809526
65.05
64.15
63.714285714285715
77.2
68.7
68.86363636363636
70.36363636363636
64.31818181818181
59.476190476190474
67.0
55.77272727272727
57.04761904761905
58.04761904761905
60.95652173913044
54.875
52.2
53.714285714285715
53.57142857142857
52.5
47.35
48.5
51.714285714285715
51.5
53.55
47.77272727272727
44.3
47.27272727272727
44.57142857142857
42.19047619047619
45.142857142857146
42.714285714285715
39.90909090909091
44.15
39.714285714285715
46.4
38.7
42.38095238095238
38.45
46.6
40.0
45.15
42.05
41.65
41.904761904761905
42.285714285714285
43.666666666666664
47.2
40.85
43.8
46.85
45.25
43.8
44.95
46.38095238095238
40.42857142857143
40.904761904761905
37.666666666666664
38.8
45.4
39.8
41.4
42.4
40.5
44.85
38.0
40.476190476190474
36.23809523809524
36.45
37.55
41.35
34.2
36.61904761904762
37.8
35.45
32.95
34.75
32.95
35.9
36.35
32.6
34.65
37.7
39.35
36.95
35.61904761904762
30.35
31.75
33.15
35.45
32.05
37.2
35.3
35.65
35.95
37.05
37.4
35.23809523809524
39.75
32.55
35.25
34.55
38.15
37.4
36.6
35.05
31.5
35.85
33.3
32.75
36.15
40.45
35.2
35.3
35.05
34.8
37.75
34.0
34.5
36.55
31.55
35.1
29.238095238095237
29.45
30.75
28.95
26.05
31.8
25.4
31.6
22.65
25.25
25.4
25.6
28.05
26.15
24.9
26.857142857142858
27.3
28.25
28.45
23.6
30.75
30.2
25.75
26.6
27.65
26.6
25.8
32.05
35.0
30.95
31.15
27.75
33.95
32.4
30.8
31.5
35.3
33.7
37.5
37.05
35.9
32.5
30.1
30.1
28.45
34.2
29.25
31.7
29.25
30.2
31.65
30.3
33.55
40.142857142857146
41.45
35.666666666666664
35.1
39.15
43.35
38.5
37.15
37.9
33.25
31.6
30.75
31.6
32.15
27.15
33.35
31.75
28.45
30.45
31.75
32.85
31.9
28.8
29.4
30.3
28.4
30.0
26.25
24.5
23.2
26.45
25.25
26.9
21.75
22.0
26.5
23.6
21.5
24.35
24.25
26.0
25.3
29.5
20.95
23.65
24.25
21.95
21.6
23.5
24.15
27.05
23.85
21.15
23.05
27.45
25.75
21.0
19.75
21.75
24.1
22.7
22.75
21.2
22.05
21.8
27.65
19.1
18.05
18.4
17.9
16.6
16.6
17.2
18.7
17.0
18.1
17.05
17.15
16.1
12.85
13.1
14.8
14.2
17.7
12.8
15.35
13.3
16.3
14.75
14.1
14.6
13.5
12.9
13.2
13.5
13.7
13.65
15.05
14.8
16.05
15.15
17.5
17.6
18.55
18.75
21.8
22.0
21.3
23.35
25.65
28.55
26.6
23.95
27.85
29.2
29.1
37.9
37.2
34.2
37.05
33.6
36.65
38.25
36.95
33.65
36.15
38.6
38.4
40.45
39.25
33.95
34.4
35.5
33.0
34.95
36.15
29.7
27.45
25.5
25.2
23.9
25.2
22.85
25.75
25.05
24.6
25.85
26.9
24.9
26.9
29.7
35.5
33.15
32.7
32.25
33.3
34.15
35.85
41.25
40.9
40.1
36.5
35.35
38.95
34.5
35.15
42.15
43.25
48.6
47.3
47.3
50.19047619047619
51.95
47.3
49.85
51.25
45.7
48.65
45.85
45.0
47.6
49.55
44.85
46.65
49.55
49.6
50.15
44.8
46.85
50.75
53.05
54.35
50.55
54.05
54.55
55.25
49.3
50.4
55.45
41.35
46.2
47.65
49.6
47.55
45.05
47.1
48.65
45.95
49.45
51.8
53.0
49.25
50.55
44.35
34.2
35.25
37.1
37.85
38.2
37.25
34.25
31.2
31.05
28.9
25.3
26.65
24.45
20.2
22.2
23.2
25.7
25.25
22.6
23.35
22.2
20.5
21.5
21.55
21.2
19.5
22.75
20.3
22.9
18.15
19.95
17.7
18.0
15.7
17.5
17.4
18.25
19.5
19.4
19.15
18.4
16.523809523809526
19.15
15.85
17.05
22.55
21.6
20.95
29.45
24.55
24.1
23.9
18.9
18.35
19.75
21.9
18.8
16.45
13.9
14.45
15.95
13.55
16.75
15.95
17.0
19.25
13.25
16.15
15.0
15.05
18.3
17.8
14.75
17.45
18.9
15.65
15.35
20.6
19.3
21.95
23.1
22.05
16.1
18.8
17.0
14.05
16.05
14.95
15.75
14.35
10.75
10.4
10.7
9.55
11.25
9.4
10.15
12.3
10.5
10.25
10.55
11.45
12.7
11.4
13.3
12.15
14.7
12.6
10.55
12.65
10.5
10.55
13.0
12.45
14.0
15.95
16.15
20.35
18.95
19.95
23.1
24.55
29.2
23.0
21.85
21.65
14.380952380952381
15.0
16.05
16.8
16.05
20.4
15.2
18.2
19.3
19.65
23.85
23.95
23.85
25.05
26.75
23.9
19.95
16.8
20.5
21.75
20.8
18.45
23.5
23.2
21.5
25.45
21.55
22.4
20.85
19.1
20.25
22.5
27.0
28.6
23.2
21.4
17.9
21.6
22.9
20.65
21.75
27.15
24.65
22.8
25.85
23.25
23.1
22.35
17.8
20.3
19.65
16.35
19.6
24.0
28.35
24.95
22.25
26.5
29.0
27.0
31.2
34.8
34.7
33.95
29.2
27.9
34.85
33.25
24.45
25.55
26.2
26.3
23.6
26.714285714285715
26.65
22.85
24.0
18.3
23.0
28.35
26.05
18.5
22.25
15.65
19.35
21.9
16.9
18.8
20.65
16.9
22.45
20.7
18.35
19.05
18.85
16.95
20.55
21.1
22.6
23.25
23.25
20.7
17.75
18.5
16.05
19.2
19.3
17.75
23.15
19.3
23.35
27.85
27.65
28.1
27.1
24.9
30.2
26.85
28.05
30.75
25.75
24.85
23.95
22.9
27.55
25.55
28.95
23.85
24.8
30.6
30.75
31.45
33.85
29.25
30.2
30.0
29.6
26.9
30.1
32.15
31.0
24.7
29.95
32.75
27.75
30.285714285714285
36.8
29.5
34.8
35.15
26.6
24.95
24.0
23.55
23.05
23.4
22.25
14.4
15.05
13.75
17.2
22.0
20.7
19.35
17.3
17.9
15.95
15.85
18.45
16.75
16.85
14.95
18.75
17.55
18.45
25.0
26.15
25.4
23.35
21.75
21.8
23.4
22.9
18.1
23.0
19.85
18.75
24.4
27.95
26.2
26.3
31.05
29.7
23.75
25.05
24.15
22.2
26.3
24.75
24.6
32.2
30.25
30.35
32.1
30.0
30.4
30.45
29.25
27.0
20.8
22.9
22.7
25.0
27.55
28.85
31.8
34.45
28.55
23.7
25.85
31.3
33.65
31.65
30.35
33.75
38.75
41.55
46.45
44.9
46.85
43.0
44.85
37.75
44.35
39.25
33.25
33.2
29.1
28.35
28.2
30.75
26.6
29.6
31.3
32.0
31.35
31.0
32.15
29.65
27.45
33.65
33.45
36.5
34.35
33.1
33.65
31.25
26.85
27.7
25.2
24.8
21.8
18.85
18.55
19.4
22.6
23.55
19.5
24.95
20.0
23.75
24.35
22.45
24.9
20.75
16.55
19.5
24.1
18.5
22.0
28.15
27.55
30.0
22.35
21.9
18.95
18.75
17.1
22.3
21.8
20.95
21.8
26.25
23.45
23.0
21.5
18.55
19.4
21.25
21.15
25.65
27.5
27.25
23.6
24.35
25.15
27.65
23.5
25.9
28.7
21.6
22.2
20.0
19.75
16.5
18.45
20.6
20.3
21.95
24.95
19.25
19.75
20.3
20.85
22.2
20.05
20.15
20.15
17.95
16.65
16.95
16.2
14.25
16.25
16.15
18.9
20.75
23.9
25.85
28.65
29.45
23.35
25.8
21.95
21.5
26.75
27.0
25.55
29.2
28.7
24.45
21.65
22.95
21.05
20.8
24.9
22.15
17.55
19.4
20.4
25.35
22.1
20.55
19.65
17.75
17.6
15.35
15.45
14.3
15.85
22.7
20.45
21.95
22.0
24.3
23.0
23.3
22.7
23.2
22.75
19.9
19.0
18.05
19.7
21.0
19.75
20.95
20.5
18.65
19.0
22.25
21.05
25.3
24.3
22.6
22.7
18.15
20.75
27.0
24.8
24.6
18.55
20.7
25.3
22.3
24.7
28.0
21.3
26.0
33.6
35.15
34.5
36.3
34.75
33.75
32.1
28.65
22.05
24.75
20.65
18.6
19.0
20.95
21.0
24.95
19.95
14.45
14.75
15.15
18.2
14.55
12.2
9.35
10.65
13.05
12.65
13.6
13.05
14.95
17.7
17.5
20.5
18.15
20.85
21.75
17.3
21.2
19.25
18.25
20.65
19.35
18.9
19.75
21.85
16.9
18.3
18.85
19.2
22.05
21.75
21.1
17.85
16.8
16.4
17.3
19.5
18.7
19.7
18.45
18.55
19.0
18.0
17.75
20.9
25.9
27.75
31.2
28.8
28.05
33.8
26.7
26.45
26.3
32.4
31.25
35.65
28.0
26.1
27.65
22.15
25.8
31.8
31.95
33.15
31.4
31.047619047619047
34.45
29.55
31.65
25.85
21.75
21.1
21.7
20.55
22.05
20.8
22.5
28.35
28.05
27.05
26.0
29.45
26.6
28.65
29.35
29.15
24.95
26.35
23.3
25.3
23.1
19.85
23.45
21.45
18.95
23.05
21.7
19.4
22.7
23.15
22.35
18.3
23.35
21.1
19.05
17.85
18.8
21.7
18.95
22.6
27.4
25.55
23.4
22.45
21.85
21.7
22.25
25.7
28.8
30.75
27.7
33.35
40.6
39.85
45.25
42.95
43.05
38.7
43.15
48.6
43.3
43.25
40.1
37.0
35.5
35.2
35.95
30.2
28.65
31.85
33.6
32.85
36.15
38.65
34.65
38.65
35.4
33.25
31.55
30.15
32.95
32.3
26.8
24.6
26.65
29.55
28.45
37.0
33.55
32.7
37.3
32.6
35.4
33.9
29.7
