1.0032362459546926
0.9493087557603687
0.9800995024875622
0.8726591760299626
0.9629629629629629
0.9844961240310077
1.231958762886598
1.1263537906137184
1.277511961722488
1.0188679245283019
0.8311688311688312
1.1370558375634519
1.0038167938931297
1.2781954887218046
1.450777202072539
0.8969957081545065
0.9901960784313726
1.1942857142857144
0.9954337899543378
0.9608540925266904
1.1991525423728813
1.2952029520295203
1.1412213740458015
0.680161943319838
0.9030837004405287
1.005181347150259
0.8058608058608059
1.1297071129707112
1.1692307692307693
1.0118110236220472
0.9271523178807947
0.9838709677419355
0.7748344370860927
0.9770114942528736
1.1788321167883211
0.6810035842293907
0.7786458333333334
0.7052980132450332
0.7467532467532467
0.8689138576779026
0.7896678966789668
0.7885304659498208
0.53515625
0.9797979797979798
0.8698884758364313
0.8576388888888888
0.8766404199475065
0.8195488721804511
0.9432624113475178
0.9283582089552239
0.7819314641744548
1.037162162162162
0.8723404255319149
0.8389261744966443
0.6360424028268551
0.7801204819277109
0.7491525423728813
0.7780678851174935
0.9802816901408451
0.8760806916426513
0.7296703296703296
0.9016393442622951
0.8505494505494505
1.0129870129870129
0.7336343115124153
0.8328840970350404
0.7300771208226221
0.5902439024390244
0.6698717948717948
0.6293333333333333
0.6866840731070496
0.7560975609756098
0.5221052631578947
0.7460815047021944
0.7426470588235294
0.7582417582417582
0.6460554371002132
0.7945736434108527
0.7606382978723404
0.5696517412935324
0.8181818181818182
0.7
0.5972222222222222
0.6666666666666666
0.5617977528089888
0.6746724890829694
0.8378378378378378
0.45098039215686275
0.658256880733945
0.7929292929292929
0.8015665796344648
0.603448275862069
0.47761194029850745
0.5171673819742489
0.6022944550669216
0.6218487394957983
0.6563876651982379
0.8213333333333334
0.755868544600939
0.6619047619047619
0.6086956521739131
0.6422413793103449
0.6160220994475138
0.8414376321353065
0.5440313111545988
0.6004273504273504
0.5160256410256411
0.5384615384615384
0.6915422885572139
0.6264501160092807
0.6547619047619048
0.6997084548104956
0.6957547169811321
0.7549295774647887
0.6752688172043011
0.7132701421800948
0.6743589743589744
0.7644539614561028
0.7567567567567568
0.8201058201058201
0.7766497461928934
0.747072599531616
0.7772511848341233
0.889589905362776
0.6666666666666666
0.6888361045130641
0.6883852691218131
0.7301136363636364
0.5968992248062015
0.7741935483870968
0.7720364741641338
0.8918205804749341
0.8825214899713467
1.0727272727272728
0.717948717948718
0.7796610169491526
0.6298507462686567
1.0231884057971015
0.8729641693811075
0.6441281138790036
0.8944099378881988
0.7327327327327328
0.7384615384615385
0.9314641744548287
0.8100358422939068
0.8406779661016949
0.6156462585034014
1.0484429065743945
1.0308219178082192
0.8115384615384615
0.6710097719869706
0.93048128342246
0.7184115523465704
0.859504132231405
1.0974212034383954
0.8024691358024691
1.0869565217391304
1.2548076923076923
1.0030395136778116
0.6297872340425532
0.9522058823529411
0.9132231404958677
0.9867109634551495
1.1810699588477367
1.507936507936508
1.028436018957346
1.0825082508250825
0.9458333333333333
1.0129870129870129
1.2475728155339805
1.6387096774193548
0.9880952380952381
1.3855421686746987
1.6887966804979253
1.2335766423357664
1.273972602739726
1.2880658436213992
1.45
1.1940298507462686
0.8992248062015504
1.4885057471264367
1.359375
1.9027027027027028
1.3471502590673574
0.8846153846153846
1.2746781115879828
1.6791044776119404
1.719298245614035
1.7666666666666666
2.0813953488372094
1.3082191780821917
1.7724137931034483
1.6231884057971016
1.4
1.6713286713286712
2.0
1.994413407821229
1.7753623188405796
1.4407894736842106
2.104
1.7041420118343196
2.29375
1.8265895953757225
1.9248120300751879
2.1710526315789473
1.713235294117647
1.8888888888888888
1.8472222222222223
1.5670103092783505
1.6991150442477876
2.338582677165354
1.9090909090909092
2.1041666666666665
2.047244094488189
1.5642857142857143
2.35
2.2301587301587302
2.1666666666666665
1.8954248366013071
2.3951612903225805
1.6293103448275863
2.6666666666666665
2.4160583941605838
1.7195121951219512
1.7
2.128
1.983739837398374
1.603448275862069
2.319327731092437
2.522727272727273
2.5042735042735043
1.8585858585858586
1.5757575757575757
2.235955056179775
2.4404761904761907
2.020618556701031
2.7945205479452055
2.825
2.3285714285714287
2.7850467289719627
2.8777777777777778
1.9411764705882353
2.1881188118811883
3.522222222222222
3.2298850574712645
3.0338983050847457
3.3333333333333335
2.9072164948453607
3.112676056338028
2.3333333333333335
2.533333333333333
4.0375
3.033333333333333
2.397590361445783
2.305263157894737
3.074074074074074
2.4814814814814814
2.842857142857143
2.9305555555555554
3.1538461538461537
3.3181818181818183
4.065573770491803
3.7205882352941178
3.352112676056338
3.647887323943662
2.73972602739726
3.1724137931034484
3.912280701754386
3.9672131147540983
5.409836065573771
3.5098039215686274
3.9565217391304346
4.326923076923077
3.5671641791044775
4.363636363636363
3.6666666666666665
3.2205882352941178
4.3584905660377355
3.473684210526316
3.9344262295081966
3.925925925925926
2.986666666666667
4.954545454545454
5.084745762711864
5.269230769230769
5.129032258064516
4.62962962962963
4.590163934426229
3.9272727272727272
4.8478260869565215
4.344262295081967
4.431818181818182
4.153846153846154
5.016949152542373
5.0
3.096774193548387
6.052631578947368
7.822222222222222
5.580645161290323
6.311111111111111
6.704545454545454
5.3076923076923075
6.630434782608695
6.2407407407407405
6.666666666666667
5.2
5.636363636363637
5.529411764705882
5.311111111111111
4.946428571428571
5.958333333333333
7.904761904761905
6.061224489795919
7.745098039215686
6.816326530612245
7.478260869565218
6.743589743589744
6.0
7.448979591836735
6.2682926829268295
7.069767441860465
7.2272727272727275
9.804878048780488
6.9772727272727275
6.54054054054054
8.511111111111111
8.214285714285714
8.722222222222221
8.81081081081081
8.018867924528301
7.351351351351352
8.511627906976743
9.470588235294118
12.894736842105264
8.971428571428572
9.12
10.107142857142858
8.82857142857143
10.30952380952381
11.6
8.58974358974359
7.809523809523809
9.451612903225806
9.76595744680851
9.631578947368421
11.527777777777779
12.310344827586206
9.210526315789474
12.96875
13.823529411764707
15.066666666666666
14.432432432432432
16.428571428571427
13.972222222222221
10.424242424242424
10.696969696969697
12.029411764705882
10.366666666666667
16.21212121212121
11.703703703703704
15.028571428571428
11.088235294117647
13.517241379310345
12.709677419354838
16.88
10.390243902439025
14.818181818181818
16.333333333333332
13.038461538461538
14.633333333333333
15.03225806451613
11.787878787878787
13.517241379310345
14.838709677419354
15.321428571428571
16.689655172413794
11.833333333333334
14.647058823529411
15.137931034482758
16.0
15.310344827586206
14.852941176470589
13.34375
17.962962962962962
13.88888888888889
17.24137931034483
18.75
21.4
19.962962962962962
20.708333333333332
27.227272727272727
25.03846153846154
23.53846153846154
22.23076923076923
19.928571428571427
24.32
22.962962962962962
22.033333333333335
22.59375
29.4
25.29032258064516
26.74074074074074
31.476190476190474
20.423076923076923
26.928571428571427
30.952380952380953
26.62962962962963
27.08
37.583333333333336
24.482758620689655
24.75
29.045454545454547
30.375
30.181818181818183
29.0
27.571428571428573
30.607142857142858
24.6
22.9
29.625
29.04
28.46153846153846
30.26923076923077
28.47826086956522
37.608695652173914
28.620689655172413
37.09090909090909
38.12
39.869565217391305
31.26923076923077
30.903225806451612
38.76
42.08
39.08695652173913
41.47826086956522
38.89655172413793
37.416666666666664
37.416666666666664
37.7037037037037
37.375
40.65217391304348
42.08695652173913
44.041666666666664
31.884615384615383
45.5
44.56521739130435
42.041666666666664
42.708333333333336
45.904761904761905
44.2
52.12
48.541666666666664
42.75
54.90909090909091
50.57142857142857
48.81818181818182
52.458333333333336
50.083333333333336
57.56521739130435
53.45454545454545
56.22727272727273
57.47826086956522
49.28
47.875
63.0
52.22727272727273
57.24
55.91304347826087
64.52380952380952
66.9090909090909
63.30434782608695
56.0
54.88461538461539
58.5
65.9
53.80769230769231
77.25
62.869565217391305
53.91304347826087
67.80952380952381
66.78260869565217
65.85714285714286
58.08695652173913
65.54166666666667
68.5
69.66666666666667
68.42857142857143
66.52
60.64
74.6
54.84
78.14285714285714
71.0
73.28571428571429
73.47619047619048
72.4090909090909
71.19047619047619
62.904761904761905
67.23809523809524
73.2
77.15
78.8
72.31818181818181
68.66666666666667
67.57142857142857
61.95
65.23809523809524
59.142857142857146
63.8
75.04761904761905
68.36363636363636
70.25
64.23809523809524
65.2
71.9090909090909
75.0
67.38095238095238
64.4
56.55
64.63636363636364
62.19047619047619
63.904761904761905
58.095238095238095
54.23809523809524
65.15
58.95
59.9
58.90909090909091
67.85
57.45454545454545
55.25
52.9
55.391304347826086
50.54545454545455
52.73913043478261
48.68181818181818
46.3
47.05
46.15
49.8
46.714285714285715
47.95454545454545
47.42857142857143
47.6
47.142857142857146
45.476190476190474
42.7
54.2
43.1
42.666666666666664
45.05
47.1
50.25
41.25
48.59090909090909
37.476190476190474
43.8
38.1
38.95238095238095
39.8
38.75
38.15
37.45
33.5
32.45
30.25
34.15
30.9
29.523809523809526
29.6
28.2
29.85
29.142857142857142
27.09090909090909
33.05
25.19047619047619
27.2
26.1
30.05
28.0
28.55
27.7
27.45
26.55
26.95
27.95
29.5
28.45
29.333333333333332
25.571428571428573
28.8
28.9
32.9
25.95
29.05
35.1
28.5
31.15
25.9
25.8
25.7
25.85
26.5
21.45
23.15
23.3
25.095238095238095
26.142857142857142
23.428571428571427
24.0
19.1
18.9
18.95
19.45
16.55
20.05
16.7
18.3
19.35
18.5
21.2
20.85
19.3
20.35
19.4
22.05
22.65
22.3
27.0
24.4
21.9
23.15
22.15
20.2
22.571428571428573
18.0
17.95
19.1
21.2
22.6
19.45
23.05
25.15
21.1
21.3
19.9
19.8
18.3
20.2
15.952380952380953
14.4
13.45
16.55
15.1
19.75
16.15
18.9
21.7
22.666666666666668
23.15
22.6
22.55
22.5
21.6
23.1
20.8
22.6
22.6
19.2
22.5
17.5
21.25
17.15
18.6
17.15
20.75
22.7
23.3
21.0
21.6
20.3
25.05
24.4
22.45
22.3
21.1
20.15
21.35
19.1
19.19047619047619
14.2
16.25
21.65
21.7
29.2
33.4
28.55
29.1
30.95
29.85
29.25
27.55
27.7
29.0
30.1
27.0
31.2
28.5
30.6
38.85
40.9
35.9
33.9
27.0
28.85
30.61904761904762
33.2
29.15
32.0
33.3
31.1
33.45
32.65
26.65
22.4
25.35
31.7
33.1
33.4
35.65
34.15
18.7
16.75
18.6
19.4
20.2
18.05
16.38095238095238
16.85
13.75
15.25
15.85
15.6
15.05
15.8
12.9
19.25
18.0
19.0
24.15
24.75
27.05
31.45
30.45
33.9
34.2
25.15
22.0
12.5
14.75
16.61904761904762
13.2
12.7
16.15
16.75
13.45
14.05
17.1
18.8
14.15
19.25
21.35
23.5
20.5
19.4
19.0
17.75
15.25
18.6
18.25
17.95
20.0
22.65
22.95
19.05
22.55
21.95
29.238095238095237
33.7
37.1
32.45
28.25
34.15
28.9
30.2
26.7
24.3
23.95
21.9
26.95
27.8
28.4
37.25
41.15
35.0
35.2
33.75
25.85
24.7
21.9
28.55
28.55
22.9
16.4
15.75
13.6
15.85
13.6
13.5
18.1
19.35
25.55
24.8
32.3
35.15
32.85
32.6
35.25
28.45
27.6
28.45
23.55
25.35
24.25
23.15
24.1
25.8
27.45
28.05
29.75
24.2
18.65
23.15
24.55
26.6
28.65
29.15
30.4
28.7
28.15
29.65
34.2
34.1
36.05
30.15
36.55
34.5
41.05
31.95
26.05
22.75
31.0
24.05
23.8
28.75
30.1
27.8
17.6
19.7
16.25
15.0
27.05
44.0
41.65
43.85
42.75
36.7
34.1
35.05
26.2
26.05
29.3
26.0
34.2
48.0
47.95
38.8
35.3
34.15
28.95
27.5
33.55
47.3
46.7
48.4
42.95
24.6
17.8
19.9
18.3
16.35
12.7
11.35
18.3
23.9
27.75
28.2
30.2
26.095238095238095
22.1
15.75
30.1
28.95
34.65
45.15
35.7
24.5
24.8
17.4
17.4
24.65
29.9
34.2
35.65
32.3
38.4
40.65
36.25
36.0
40.45
42.25
32.75
39.3
52.2
63.2
66.25
70.25
71.35
57.75
46.6
38.15
32.1
33.55
31.35
22.2
25.35
22.1
21.75
16.55
14.65
17.45
17.35
16.7
13.05
11.4
10.25
11.35
15.1
8.4
7.2
6.05
6.35
6.9
9.7
8.25
7.75
6.8
10.75
9.2
7.1
8.35
9.25
12.3
19.8
16.6
17.2
18.35
17.95
15.85
17.25
21.1
21.9
25.35
17.7
18.7
18.45
11.55
14.45
13.35
16.3
15.9
13.9
14.95
14.35
11.25
14.55
12.1
10.55
9.0
9.8
14.1
9.904761904761905
7.55
9.0
10.523809523809524
10.85
9.8
12.9
15.05
13.1
11.4
14.85
16.4
19.25
25.2
23.5
20.05
22.8
19.8
18.95
16.80952380952381
26.6
20.9
18.35
19.3
27.1
27.7
29.65
29.2
27.15
29.25
32.35
31.35
37.75
36.2
33.05
40.05
42.5
34.45
27.2
29.75
31.85
31.4
32.15
40.0
53.55
42.15
31.3
28.7
25.05
21.4
19.55
17.25
26.2
25.6
18.4
28.0
16.3
28.25
41.7
35.3
37.4
42.55
30.25
27.6
29.6
30.9
27.0
33.4
33.7
30.8
33.6
27.45
29.3
29.45
27.15
29.05
32.55
38.1
38.85
48.3
39.9
33.2
32.3
33.9
24.1
23.85
38.8
38.7
33.45
36.9
39.0
28.6
26.5
30.15
27.75
21.3
20.1
20.1
18.05
20.3
17.25
19.35
22.6
21.15
17.35
19.0
15.05
13.25
10.4
14.45
16.4
13.2
12.0
10.1
12.25
10.3
13.4
16.15
14.6
13.05
19.65
17.9
15.85
17.65
15.95
9.95
11.65
12.3
14.4
17.95
19.25
16.9
17.6
19.1
22.95
24.85
22.85
21.45
25.25
41.5
34.7
26.2
35.25
42.55
46.85
37.85
38.0
37.5
31.2
25.35
32.85
57.65
46.55
33.9
34.85
29.35
32.75
33.6
31.8
33.05
32.05
31.45
35.2
38.25
32.45
34.1
45.8
47.5
50.0
52.25
48.9
37.15
36.75
31.7
37.8
40.0
29.85
33.85
49.8
54.80952380952381
53.75
37.4
17.65
21.0
22.3
20.25
14.7
15.8
16.0
18.65
21.95
21.75
16.8
18.5
21.55
35.3
38.25
41.7
29.2
21.7
16.3
19.55
23.55
17.6
13.65
14.8
17.25
18.95
19.55
15.25
16.05
16.85
17.4
16.05
19.95
27.4
26.55
21.6
27.75
19.4
14.0
13.05
14.25
11.25
11.65
15.85
22.95
25.95
26.7
28.45
28.0
21.15
29.1
33.95
41.75
36.25
32.65
28.9
30.9
24.7
20.75
26.2
35.7
38.05
35.55
33.75
26.0
23.9
14.95
15.7
15.8
19.5
21.95
24.05
25.2
26.75
21.0
19.65
20.1
23.55
26.2
26.25
36.15
37.55
24.3
23.2
22.75
23.55
31.95
29.25
27.45
22.9
25.4
31.9
28.25
28.75
31.85
35.1
38.05
24.15
29.4
31.8
33.7
33.55
29.25
26.9
26.35
20.9
25.95
34.2
36.95
44.55
47.9
49.55
52.45
31.0
16.7
15.3
18.85
18.7
18.9
18.6
15.9
14.6
20.85
21.75
28.8
28.8
24.6
19.6
15.3
14.5
21.2
22.1
27.05
26.5
20.25
29.45
31.4
27.35
16.2
13.55
13.15
17.85
19.55
19.85
21.9
21.7
19.95
21.4
19.15
23.75
25.25
21.8
14.3
16.85
19.2
15.0
20.15
24.25
23.0
21.65
20.5
21.0
22.55
19.1
14.75
19.05
32.4
32.3
27.35
30.55
35.2
27.5
25.8
17.95
16.7
17.6
20.2
24.7
24.65
17.85
19.0
17.9
19.15
13.05
15.95
14.95
18.15
21.05
22.9
17.65
27.45
39.8
40.9
39.45
43.0
43.3
38.5
31.85
25.05
25.8
25.45
29.75
36.0
29.55
25.3
27.6
36.4
40.55
37.7
42.35
37.7
30.8
33.1
30.35
28.1
23.4
21.95
20.25
17.7
12.55
19.0
31.25
29.8
18.95
25.2
19.4
18.1
19.75
19.9
21.55
21.0
21.35
25.35
23.05
26.35
26.45
31.8
40.25
33.3
36.3
25.45
20.9
25.35
39.6
46.85
45.9
38.4
42.25
47.05
35.7
25.4
18.9
14.8
18.55
25.0
24.9
24.6
29.8
19.95
19.55
18.05
17.9
21.5
19.2
18.35
21.9
19.85
18.45
19.05
18.75
17.65
16.4
21.3
15.3
22.0
21.8
22.4
25.25
20.15
18.4
19.25
19.85
18.65
19.15
16.15
14.3
15.45
17.6
23.25
18.7
22.15
24.3
20.55
14.25
12.8
14.2
13.35
15.1
19.9
18.25
19.1
19.05
22.85
20.7
26.35
24.5
17.8
24.4
20.75
22.15
29.15
29.25
31.95
32.75
31.9
24.3
26.95
