-45.61783377839886
-103.41511458835426
-95.51920401430608
-76.58906151994383
-93.38867964708461
-71.33434184687772
-101.37646142396163
-81.5980292200358
-82.6329501075933
-77.34559915189459
-81.01850307977116
-86.56122689167967
-75.17305632617887
-80.87604362466057
-75.79694872095048
-81.74776747989196
-96.35859192874709
-95.55345615644235
-78.49331661963686
-76.27600182044331
-80.11248220961103
-67.17903235150472
-68.47510119728247
-66.79863471959843
-78.02561829562882
-93.40905975052252
-61.40948853965457
-74.24925367380054
-63.49950717178287
-78.94855806800518
-54.35176601859523
-55.68227137645305
-50.31815343376431
-71.90373346861058
-63.428329742760155
-58.74164576962279
-46.89826640864919
-51.12281223857326
-58.43464155573972
-67.35513655549451
-48.44049430633792
-56.277123202659745
-64.16654124152839
-62.89140724426235
-55.53857911230341
-65.65231973975212
-39.03026672406534
-39.21294719282825
-42.48049373135854
-52.69331552212591
-52.74333074440822
-54.25841440933325
-43.301300170613644
-50.970154770567156
-46.71116527287682
-49.742573187858866
-47.08103716577065
-41.86985292710414
-45.06258376363626
-42.00627376053861
-30.06122546723171
-45.77108747424001
-28.426732375373327
-37.23755819132405
-29.829504751413385
-34.86025679301588
-38.20236043393849
-26.70277645091672
-48.87541590031076
-28.10061476709098
-38.98564225792279
-36.4606328248876
-29.57263249218594
-39.443014246836306
-29.39939883491851
-24.48166431294614
-24.146716891321937
-51.57220666633912
-29.17893553258626
-33.530625650772556
-29.44839672540382
-25.822131758638232
-33.04707241508871
-25.044212127189706
-33.08844476082453
-23.39946694608211
-28.681809934712515
-27.975001489906727
-22.28940280255998
-31.49143276316678
-25.51513783882053
-30.656279161090804
-24.62409903313252
-21.241770760378778
-23.856694422421565
-19.055247205976773
-19.7295747836145
-28.753341535135124
-21.945365852985518
-19.516267175205567
-34.92943481750132
-19.693653719186386
-22.590531899017858
-18.524160494174975
-16.975591248850264
-17.338768456538638
-25.998194525097205
-23.09545804535105
-20.56182255589809
-17.79702928162336
-19.68460378937376
-20.328635056118582
-18.015273403890124
-15.261700731531542
-15.734674190753829
-11.898174791415823
-19.039261870875645
-11.57601130573346
-11.58145923586143
-19.142060136311557
-14.43904371370952
-12.723937836791348
-11.295482918355416
-17.929525130086695
-15.46076745059034
-13.685157872935834
-14.023022297203383
-14.089725845422358
-10.02746269324083
-15.174389966399726
-14.173822694617384
-6.50565505580631
-13.690193738038785
-6.363279358894353
-8.232767580796192
-8.652114495713288
-10.24899822768792
-3.830289386886542
-10.8474749345054
-10.116594340579951
-7.357222263703441
-3.649753769530332
-7.550715455357117
-4.647642412121977
-4.615766361311508
-11.26516613666254
-3.1620623019562473
-4.076086273512776
-1.730351000401131
-5.834078632699066
2.3654576183316345
0.6738679755130442
1.147424104222492
0.538883481027527
4.268395600538298
-1.0555147179487399
0.5570155780780646
0.3950116445976711
-0.17103984822624424
5.470770860312049
0.875433990695213
4.047145458652635
5.032495891329241
5.52074963391558
6.997061268165296
3.843908090948236
11.498888970667494
10.042019825229323
6.713329922649948
12.77558872231558
9.2771250868075
13.207107648547474
15.46554947017503
17.49242101770206
17.296039713994045
16.22248211474116
16.55493101293234
22.191095288624773
16.759552711291754
15.477022102286272
18.850740507543755
19.314963190802235
23.956955425596302
24.295257557694427
18.430453288240184
22.760186887402543
32.862694028183824
28.166173418438927
27.199768497622387
30.608410176289613
26.789695783662378
35.056736737184764
32.03080532008159
33.642431169546114
31.32500349399678
34.94962865515187
37.51260546438976
33.827759326776096
36.23331472318219
38.61865863036807
43.70965163802769
45.40848770912527
41.00793008359004
45.902141988936975
48.25185466732
49.07194031215442
54.00929583794686
47.88259874629418
52.215698636549384
52.728437258681886
61.200325486971586
52.49393273438768
51.30029985145435
55.267247569193515
55.08459065562134
55.47139263931905
62.36282214054698
56.770201098980884
49.27449065790579
65.22638608880678
60.559960616371725
70.57975779984642
68.32775591541552
74.64011621313907
81.60937882699149
68.95575335614818
69.05059922773933
66.74193828936454
84.38779551485881
88.13754200645074
78.2641188966621
79.6482100035644
88.08540756583083
96.87886374740418
94.07724910489925
90.03898835125791
111.84092426530341
103.52180965445038
109.56611735819567
96.76421671036665
94.43000935861762
105.73730397988133
101.20424517943314
113.29050604780403
102.0837486379922
127.54562461404568
124.67271050537846
105.5473309070004
124.89479066004273
117.15887010255828
121.99355007055458
121.51296323700998
152.09869881968322
129.9535795330547
113.59513318196144
135.07878807739405
122.11737198100488
141.39941105376363
146.98591552182253
159.3202529153353
152.2026270573714
161.8588257737373
163.04666436466542
155.44940594063544
142.86568788916247
156.80119903992139
171.938428422629
180.76534854512758
197.50464513707462
201.12658910583275
200.44308071335738
175.81169471730772
217.80385053502553
184.7134096671517
194.39061714683328
219.61985826900226
194.48086189641307
246.1244620527034
206.54118435551734
213.78396916970124
247.15781604926391
178.4426196298877
236.52923062367987
223.0145849562144
268.6702552113245
237.22111779772058
253.3576371454245
239.69749259774915
248.26980626902883
292.4478230821477
213.10572621824736
330.96986615896225
269.2061603523035
255.59285147120158
317.7942074969745
235.1559907155775
365.1224618449796
382.9005762019953
274.10344404359785
332.74002526454126
377.88004025081773
412.0513847488552
379.33407218847077
332.0991656219611
341.2073833204009
337.43896029059744
331.3811469488859
354.4081987417764
320.78359825371746
319.92196616214994
375.5270042592906
405.09773649389933
388.32486515475324
357.0820402094632
382.23673535597345
414.6890695838348
384.3244238920082
409.8631305578053
431.2290433552199
450.3362744083458
426.79970399363947
381.8533376848263
498.38963330324066
398.7518976977248
546.8055721419183
461.2698644240506
483.89985964148167
469.50442456092304
474.384833437593
428.495988572876
455.13483667142845
469.19724422714575
542.368511913529
632.6749809763456
549.7985140892021
461.5534154687651
630.5812421026585
581.6120480870021
554.807144138546
670.2824440657961
552.0785412355688
478.642294039014
630.9974371542593
541.1948604619364
575.4464103248176
639.6910383482498
723.3389768044505
638.1348111633079
731.9814917688067
720.3456172511496
798.9853169706513
718.6398662537357
840.1084479124557
691.6265361485617
574.4054806743004
687.2087049007404
680.9279763420617
770.456238806003
789.8566096486431
809.4726556761678
803.1072431978978
643.2147148637084
867.6685506981091
794.6468528553385
939.5111717305305
685.329174656696
779.2256631967321
998.1712162296204
940.7733840558217
805.5145431366436
917.9392776378771
821.0535969860176
810.5417251742961
788.7959590767507
981.7662029460995
908.9213767781039
757.4051259731643
794.1637405241039
927.6544286323455
973.941621191427
931.389293266401
829.2250359952726
759.2340881879775
1035.4660301001938
1045.6285433235537
942.1974444651264
1015.9744062594951
1145.6425800691034
1098.9551012535037
1197.4738942414012
1288.446473021488
1161.7063066235448
1062.1497394857427
1029.8440958936299
1048.2057138211005
1080.2395571559628
1054.2279584791145
991.5587068104905
823.9989562234869
1259.7833056399136
1006.6242716040312
1152.625447898778
1332.5084307671927
1114.6397264810496
1225.3824575073916
1284.082565657108
1173.5875418037206
1274.2035212989194
1372.0738157570777
1006.8777456249287
1058.577524053786
1238.3593373560082
1367.6040542797361
1310.6739756821971
1183.7403113318849
1177.6796472315218
1262.386666941885
1088.6691971488997
1083.7049861266996
1240.427417264935
1300.951601092372
1155.2874164993389
1215.2329768741606
1231.6973997337998
1545.0775252781384
1102.7133210279017
1463.7959150106306
1321.4644935722608
1427.841186703919
1261.882449611238
1206.535231368604
1276.9219328676515
1544.4796297994167
1469.3368212847772
1427.26325033443
1179.1953273471102
1347.4720028251704
1423.6348192120795
1392.876759229648
1353.1802936819347
1576.1907029113167
1586.2237517913104
1460.7720440716187
1314.3454325664038
1496.0575103653814
1539.8827172107226
1487.7193237232684
1492.7315482657577
1619.7228098081298
1695.5375049404986
1597.6041230587068
1632.213192446834
1562.3622134592924
1614.299880677522
1691.4312219105148
1529.3579999413776
1598.1797039011742
1529.7767360152393
1571.1581659322167
1725.8591313702723
1763.9434489146472
1667.841468236371
1415.603015056742
1598.9836382133683
1713.6859020678028
1676.3397434054257
1584.396322081968
1563.2666767670082
1806.0134990171823
1725.022920604954
1791.8834549717808
1583.5013092446882
1563.9952473485328
1615.8213251075856
1883.8829739486403
1623.5149094292842
2011.0570093514282
1726.0572066815432
1588.3043534220478
1903.7680440566016
1761.3259965726015
1958.0539250362995
1716.245820316082
1783.0864832125742
2012.372796989864
1899.4011604561715
1923.1040553049922
1681.0231988356038
1673.4560241510057
2026.229238878969
1643.4993182218902
2070.985954600978
1886.6534541810827
1914.135160584901
1999.1710739017576
1913.8497741970496
1812.8874319305423
1857.2585465632378
2004.3611722652124
2136.410238531492
2050.151535137384
2064.2864210351936
1985.8460785053803
1961.7905170955246
2038.430429406355
1963.8661013627502
2041.443773164726
2027.5232633806245
2067.0122821257446
2004.5101906720076
2078.0993284540414
2178.2875200991507
2059.9533656084313
2152.98386097597
2018.7606708191443
2115.609722629323
2052.470694593307
2112.3140871937344
2127.567496126915
2031.7843732053325
2078.1991567441864
2100.0583197494147
2079.2909864769254
2028.1162895511134
2208.8615667179674
2210.4539714292646
2207.1587954621623
2081.1105978721966
2186.455748822601
2033.997969405111
2189.9004693132833
2155.4595343960154
2017.6906506708983
2144.587329939502
1961.4680436846456
2046.543151191093
2127.5657824925283
2226.3476442643064
2222.8514480360973
2230.955626491563
2123.687460886928
2083.853963665083
2158.1868594803987
2262.9798351387394
2207.4271963655933
2187.528126262015
2268.9212182881147
2290.9243510669867
2285.9451561002174
2143.90798567803
2295.199538302575
2288.7782656001473
2316.549966984446
2318.433938090209
2212.3696218327386
2198.566436746858
2334.2189404001783
2316.868997024968
2239.115275452447
2334.3896809357657
2346.843805694808
2315.567343908435
2352.0979455825704
2214.083912857398
2351.5859147336114
2305.25932770555
2367.9393960647326
2364.383650493805
2325.7820381593256
2367.4366205417155
2350.1428139477493
2369.570643032865
2314.861315917269
2197.4732381732956
2399.994076770555
2269.4656224935497
2392.7140766746315
2396.3026604154707
2408.659045512673
2401.248634968996
2413.887216941941
2416.9137493650237
2428.8324933028325
2428.657805392105
2443.0048712272155
2443.1390946174324
2460.8896844292476
2455.099267784229
2460.4670496632234
2373.617620700744
2496.474341170303
2484.462306203776
2499.864427956099
2497.299295320873
2458.173883991509
2522.637581531085
2507.4314611855298
2514.5825826684586
2515.516495304423
2499.078116544249
2516.5607871731854
2527.5599684623403
2544.567012171961
2534.521776438883
2535.215776946829
2540.1704972116663
2465.365665649385
2477.3640555075317
2421.5931910027957
2476.0115790875707
2542.393051454047
2557.5442725257176
2559.269614379262
2567.1581726440722
2548.384546805022
2575.2014399017926
2560.1698270620022
2577.132588038675
2577.99604622646
2582.4259358713593
2586.4288536797008
2596.5849255537373
2611.2049802849197
2599.2574239985706
2580.997348741036
2618.364708156615
2631.144893992489
2633.0345029993505
2646.475832231081
2655.3028280134995
2645.291877356469
2650.611745288062
2658.0060838272584
2647.1895369960484
2550.0481453570587
2655.062819086555
2664.7769709764107
2660.5831476001385
2633.9576364452887
2683.0861178243285
2689.4345526071274
2703.038029066022
2705.2049007886435
2699.5090600224767
2707.9963143988093
2693.6539561947393
2715.416683038135
2710.812904794739
2727.8004046166047
2591.651298058818
2702.9795892259754
2702.6693511688386
2616.755871779168
2725.571469154026
2742.459788735795
2736.683512668621
2743.8023387899743
2744.6983799390086
2666.554317589198
2763.287999567924
2764.2656401325817
2762.1548706538433
2763.568907970192
2772.844463672601
2781.502349208694
2778.8734858170656
2792.7931500514696
2794.3316574245764
2787.5696910289653
2798.0849742670844
2799.8896990169496
2800.0641238338885
2796.6158776477587
2802.100957337419
2798.664156338357
2808.4938608795815
2818.619324779466
2827.3444435634597
2824.797893656624
2824.1175166148714
2834.3793908920206
2839.0191895000303
2842.45099476324
2841.338656169118
2851.2578514111756
2856.9781445484323
2851.1138744382088
2849.4340146476106
2846.199619598921
2726.6928797520736
2843.386504835872
2845.8232334401387
2865.9824631480833
2867.5333968332875
2881.287504194094
2897.8981999633256
2895.1172727086387
2888.063680195216
2892.6631623804196
2878.3572262224397
2890.2466365665564
2893.6694736379404
2892.7076926854884
2907.0173047095022
2913.4413388273765
2907.38458028431
2867.3889734835147
2918.142093286463
2915.159267841378
2928.410119847792
2939.9990322574567
2930.163540556158
2940.2361719601804
2931.7604311289956
2929.4590722761595
2709.5723857018347
2934.4609785957186
2938.0422823068934
2942.50975144524
2943.472301216363
2948.752429215749
2940.731746085104
2953.1031688643293
2953.5075092110287
2942.8810090357665
2949.207270277871
2958.99990738423
2969.3778262516234
2964.916596236439
2974.9871941070915
2945.521042317736
2938.6491033338807
2931.1485465807864
2939.6794589061183
2947.483401480878
2949.4947817832053
2946.598726111472
2810.7338334102737
2944.503469091457
2930.4913795657785
2944.0000893338793
2939.75081553253
2945.7536182145736
2944.6102737585943
2946.870795569047
2944.6097545115326
2953.9709377811414
2956.413021738111
2959.6080491061143
2969.7345524718467
2976.2632756914454
2972.811011443123
2979.5006372210028
2982.889639500788
2852.416187229876
2988.972616250908
2967.376265969127
2925.720058861947
2946.33329728142
2955.8088073274826
2817.7276872506736
2960.6161302863034
2958.236223001092
2963.363245642515
2963.4139687087677
2960.7998479377716
2962.1792967352994
2973.4768798672417
2964.4183501867055
2970.487218027786
2987.70180644114
2972.5288226127477
2971.136421813243
2984.42851240998
2972.8874798621855
2984.0200147500645
2980.555494814555
2988.95481591346
2981.803258186347
2989.300395360303
2991.4789833274835
2985.5209114971276
3001.3650436456655
2988.0550418000867
2994.5315707600803
3009.0865969214365
3001.2464826852374
2882.948175703469
3032.0839183255803
3032.605605229402
3039.610882275252
3028.600280352059
3040.8500841540526
3038.1368269561617
3024.1836738218335
3027.321506506356
3032.1542390221653
3025.004381518798
3022.162158805605
3026.095686042916
3027.339214186676
3035.530876920032
3051.5272415687514
3055.330269465716
3051.9965935542714
3042.960991816429
3044.1167955386586
3042.1665275886326
3034.0820460875207
3023.877498409286
3050.122487569837
3045.811128190459
3037.797195477393
3021.470290850197
3010.078408292388
3015.5513820074857
3020.92623532266
3014.630958017183
3014.833362847646
3021.2004899500316
3030.098453014351
3030.37952421027
3039.207213719504
3053.8258409127934
3061.1643562133677
3053.449579536363
3060.8734964517685
3062.1241082641245
3047.8668582072632
3054.6247977953835
3050.4057788312584
3050.330434343775
3051.773844860585
3057.5526182254803
3060.703042747518
3046.959904853423
3060.605201563154
3067.902048440637
3061.639182446415
3059.241076458742
3048.445701556206
3057.06237936271
3046.625352236665
3057.9060166075824
3056.7619076574288
3058.853484765009
3070.3548546654083
3064.4353847058524
3068.736008020364
3071.761796208705
3071.1823205679166
3073.241107549432
3077.3093794800925
3069.453161503151
3076.276638254599
3083.9624397149923
3084.745266381713
3088.087919840065
3063.224820535154
3069.6663270843183
3068.4044799168014
3083.936704939713
3075.7284686577063
3073.7319379384962
3073.795280307942
3082.8191904730716
3083.3294087891004
3062.857371577199
3061.9739952700465
3058.0628478105546
3053.009097813796
3085.812879819086
3111.9604855633083
3106.689177741363
3107.0402333938446
3108.570869345136
3095.4263495623563
3095.3532962528893
3099.8412225449606
3088.4601145665815
3082.044810515279
3093.4770430111143
3092.1327707497085
3098.9126217463518
3117.362548938081
3120.7173075902706
3110.8059621411294
3038.7909807947804
3113.350261319601
3090.0773167641655
3098.7342955751697
3111.1440309111954
3129.8113246565704
3121.061873827253
3121.8920264698327
3125.6231265842193
3090.749617185315
3086.4422729352486
3094.640328237476
3004.569667590157
3077.1621346537686
3080.8034608435282
3071.2710838393796
3085.652396250279
3092.3394267325384
3110.7398988235286
3095.4928735006406
3116.2496713417613
3007.1055576022854
3101.7665913429414
3093.931857062786
3114.6023712573365
3117.6542732151493
3124.910837067462
3134.615641387846
3127.0108889634125
3113.8152356938162
3108.491988298879
3099.191747552526
3100.0607435192965
3108.7355731486177
3120.958777275267
3133.0163405169046
3135.3505386277716
3118.915563911714
3130.2516887925403
3138.5594169371543
3135.567954677762
3138.7336049250143
3141.381973348473
3149.7840262970412
3138.223312015883
3137.58432906275
3161.552320232052
3162.9162449361625
3167.8826059562098
3163.5229896391866
3164.430373739582
3146.7547454702208
3145.5443054567654
3142.4132264310547
3138.101318874834
3139.5294910249486
3136.9820657916202
3126.0080364366268
3126.013322463771
3123.6075974663313
3124.0301087045355
3115.166491189053
3121.080102573288
3127.520519003128
3127.388563207386
3116.5369198110366
3112.1201485991696
3107.812391521441
3102.25656027615
3114.0989578937288
3112.436107178567
3105.730869788325
3101.02456893658
3099.8398775243923
3105.977288348203
3092.900382478099
3091.9549989752136
3108.6920269886527
3106.818322030394
3098.6508777972426
3108.5919380643763
3109.8417193560117
3105.5552138103712
3105.6667584730662
3116.8518030030327
3122.741583649977
3136.1773525886015
3133.576883970615
3134.497367342842
3142.782809469355
3138.6384328615745
3137.6324326375843
3135.332453782028
3134.644260413864
3145.4886809970553
3156.3086726589077
3136.6282701741434
3149.0400806256903
3142.467137310636
3127.1252034909744
3139.052171148632
3132.7358923700313
3133.6307156010844
3138.8245450996596
3136.7970499638814
3132.2018055682192
3137.9986876440007
3133.8818941244494
3131.682514206872
3131.6489439435272
3129.7175566366195
3119.9738860433545
3117.024928748172
3129.870426152148
2976.2754587677764
3113.102474596328
3112.440256378413
2992.510443004002
3128.986714578421
3127.6298967151797
3136.5154166280477
3133.536693611986
3136.256464782726
3129.17270082276
3147.6674051150526
3142.2612491283503
3143.102475633297
3149.347012423609
3159.775751718256
3148.780905768023
3166.1935973754353
3149.1435294706043
3153.2744635627287
3002.284596510683
3161.801562527392
3159.530562164681
3161.8492443018376
3162.146595813355
3166.143228781533
3163.276333549358
3162.185562749414
3173.0869512094273
3172.2326451987083
3170.295976529048
3173.2494400781525
3179.6101764307186
3175.976354070556
3176.2767038383845
3177.624723477817
3189.442273360013
3187.6635168531916
3182.720392709635
3168.020056695023
3177.6801549632078
3174.7622815019386
3174.3911731402322
3176.9814898156988
3181.5891299213763
3196.7704785831133
3183.6313858711687
3177.3944684913185
3181.0240705285973
3162.4019943360786
3166.3753029243853
3155.582037148935
3144.841278937893
3163.369235669152
3163.5132911120413
3158.3844312207993
3173.6588077626216
3158.3525090878147
3167.0050501293586
3184.9979955011904
3186.23704681506
3181.6741135773827
3188.7891065049257
3183.2873898711155
3173.1454332406547
3179.401361133147
3181.952922680883
3177.4478106981023
3185.062673471519
3185.3188634960434
3186.7145953286536
3182.6364472556716
3182.670304187972
3188.3484108611165
3182.233188273842
3181.7338200147756
3176.2800148853667
3189.311022330293
3189.0972352920385
3194.689759431482
3201.8957602243013
3190.475558360428
3186.7759942214425
3185.269691627177
3183.443533141518
3171.5341150785034
3185.7811594590303
3198.9817647409664
3194.729818397547
3191.178900599819
3196.002930524931
3198.4276732376866
3180.2774774100703
3191.9689505073584
3182.7681082147733
3190.901480841776
3182.061760512367
3174.146881954483
3171.9071050801435
3166.8076999326213
3179.952049684451
3174.74421267506
3179.5087892553656
3181.8083149971762
3173.1865243607085
3173.584768521625
3124.394838604634
3166.9980282634306
3158.413510500861
3151.430895163764
3169.477606183403
3113.242726482084
3167.573586353318
3163.906552098707
3164.3254862855692
3159.5547906595234
3151.7083954263376
3171.737970075318
3176.4216416246704
3172.884895826604
3171.8020376431477
3182.3569166658444
3175.034518558002
3173.27303740775
3177.80134448839
3176.090193063991
3171.7735162664694
3172.028700862665
3172.5611454262553
3170.4570495449125
3170.9608245201357
3184.178910189904
3176.2018990531933
3177.6201715064562
3181.88887965354
3184.0734756327033
3187.6897010423995
3191.923932142432
3180.401425489329
3188.894658067892
3213.797970452848
3199.1569314398785
3187.918643768361
3203.9694735070525
3213.487303282948
3211.423389245036
3209.968449728947
3207.6522689896965
3206.8847881477873
3206.6502982868274
3194.853704066208
3203.3902604625046
3224.787117472445
3219.115753319188
3200.8074226442536
3205.7889340768247
3202.218677478967
3204.3648961815443
3208.646631229886
3207.986101760893
3206.9700966983405
3203.042007070358
3204.461871595734
3213.1783202233064
3217.088447120524
3210.114344655382
3211.008496132126
3219.204839350743
3225.5698549514073
3226.765059967872
3231.9380613371313
3226.8394415075536
3220.77784698711
3219.1371733510914
3213.671463898794
3211.4598818037275
3219.543960965273
3208.736131736458
3213.500301131722
3230.759655707505
3081.7157035184014
3225.7365250017383
3211.9134310635673
3192.7264323649115
3195.1001879239802
3200.532446061401
3201.1938567392162
3191.617239444027
3197.24025152393
3194.9313179916016
3201.9185769794594
3207.3986448076334
3206.6777829694142
3198.1698620403195
3199.0629039692963
3212.7224994642056
3221.9889902540917
3225.916230145158
3228.15927033715
3215.176005699193
3213.359282042215
3207.1333470679465
3199.823402803438
3212.2013469874114
3196.901526568035
3197.5634236817104
3199.5196921923575
3197.9809603973417
3198.093772624922
3196.694687320353
3204.373378268855
3198.030530285073
3203.267029233149
3204.5171608475334
3199.4982871932248
3209.7368072195122
3216.3590593833196
3215.219529608015
3215.755051515326
3226.939496012502
3208.22203197894
3200.7395758279517
3202.4241237772885
3197.8725932625703
3195.0413602135604
3193.029854622491
3199.381991448549
3214.7574782982547
3214.4247463847687
3226.5301819924534
3225.1708438297364
3222.1850222085495
3213.3002496717213
3222.1813413507016
3230.7786548454346
3241.5281915342534
3235.9880956448897
3227.7506503131126
3172.879544796787
3221.1915042772093
3216.2373093777032
3219.0629327035226
3225.2410322086957
3230.1319567857254
3236.3776114196307
3234.0223143272992
3233.8996939646377
3129.713857289022
3224.9181314359457
3213.4090489612377
3207.001900202284
3215.1083946223853
3216.6237180935645
3226.1407364643273
3221.327830446195
3223.6215511093656
3220.411143819687
3222.3508153218327
3218.9796049722154
3215.1311793724153
3225.4427477326058
3227.36657582267
3232.5283947157577
3239.1192614648226
3234.6347761291427
3230.1288850854453
3223.931817247308
3224.513100054505
3227.2741738188424
3228.4032066515524
3229.4136582868805
3227.083934684718
3233.7315080262592
3233.030046356523
3232.4003078269625
3233.485716808589
3234.64550270297
3240.7031085893277
3237.6365151538116
3243.7594816214023
3232.5002024487458
3233.0130341389163
3232.983711091655
3239.265808698849
3244.9361524089018
3240.524085782853
3243.6045927515956
3235.455062255034
3226.883792188564
3229.658234004991
3244.617052924071
3247.5022356657864
3247.7460032722074
3252.2034327349465
3255.7311574476307
3258.047950974853
3237.694483708522
3220.8887671834727
3227.076293779269
3225.314876345317
3223.14984799833
3228.5650555858288
3227.984355810528
3221.1983983716555
3224.1578683462235
3232.4896872213358
3231.538550199458
3242.385272651988
3250.5362501694735
3236.2861881190524
3229.256966854025
3231.18803091439
3223.9956015560697
3235.3787401125232
3236.7769529932148
3244.8746613548547
3236.599142569089
3236.812354269507
3242.759083239647
3250.784831044278
3239.2791404636773
3230.753152392999
3232.8567575430134
3219.3998162215253
3231.855448610246
3235.261920896346
3237.1846523457243
3237.049067245881
3235.9317951327853
3238.3680809212956
3236.6601052145156
3233.9967370962463
3241.676894937757
3244.772890515725
3238.3356100540714
3226.6379683606037
3231.2653196255515
3234.0645611474524
3229.153805860417
3231.9088621266856
3247.3325426294077
3235.7304367649376
3242.6263677028087
3238.9477306355284
3245.495904023678
3237.7524391283014
3238.742992311466
3230.540748719664
3239.60398730755
3247.4141969251996
3252.378887341366
3251.033358152425
3248.8659296861215
3253.2639261113573
3248.3593499058966
3248.257729153223
3242.1415053015
3237.0014524847866
3238.386649514768
3242.118795569722
3244.094027174006
3247.5091521309646
3243.584565007442
3236.0482076294884
3234.0075914789
3239.7446042658007
3232.1943402443344
3235.1296232149452
3228.780807358419
3240.6823526982944
3241.415543715676
3245.57286920894
3242.1259410439725
3252.336664899304
3258.6978188162343
3260.795771853844
3261.2027346542227
3261.2840912143756
3261.057116981964
3263.196395386693
3248.854526116386
3248.341847105966
3248.838375675704
3257.5655157178685
3256.7622466107414
3260.444168402303
3256.9027066186413
3252.5908734667746
3254.6169725394147
3261.9508902247335
3262.4262005707487
3265.95100220317
3265.419780990861
3264.3379414408796
3268.847144316197
3266.89150347915
3260.4238873645772
3252.710761948993
3252.494064657949
3248.8536582255156
3239.195994551875
3242.558199650638
3240.252654713264
3250.890037592387
3259.974398623006
3262.0552619736222
3247.405212111381
3251.971518265302
3253.5747568265206
3245.1367197039212
3248.567015365129
3248.6191244214183
3251.4628344133475
3253.6282780245047
3254.797088548119
3261.6957416091827
3263.065347910262
3259.118646181165
3268.188435973202
3268.4829229590077
3267.6202439590297
3275.5777290275687
3273.7750832507672
3269.0663994514416
3261.72882261838
3267.0471937982315
3280.465897006611
3281.897441473529
3281.4165963845094
3276.9602664932345
3280.792807731442
3281.5111284679015
3273.7476361405456
3263.448999411047
3251.44684028262
3240.221586567502
3251.6636961200825
3264.8048171638325
3262.9690281782887
3271.24631243408
3267.9715337754888
3255.9305037958425
3259.069603363742
3254.060074473697
3256.193862462351
3260.91890177373
3258.626544133654
3254.7088531574636
3258.7557532372107
3256.1495077076506
3253.8659526238175
3257.7799464846826
3262.2748654558154
3259.3886209623297
3255.111946546654
3257.1689635499642
3257.5137267659243
3258.10539122706
3267.8199612740327
3268.506215989716
3271.083978254826
3262.229685206995
3255.0332921437016
3258.7737373332084
3260.9634893858283
3265.9196585495556
3255.2240723178907
3249.3271629423025
3252.486036713704
3257.0291574738594
3251.045805260287
3258.032324187845
3260.4855229112836
3260.1130713692196
3263.13332576743
3256.517140351448
3252.129182913347
3250.6035868585195
3253.6421208057673
3250.3966989759765
3256.8331937266876
3257.152230988695
3261.885736648132
3263.6037394627238
3259.5212274259475
3266.441591931042
3269.6493402951755
3267.3798439081156
3263.7564973874496
3266.5716772922765
3272.5300382092873
3265.6469971114643
3267.7206776671837
3275.781794268484
3278.992845756328
3281.823061924844
3279.2326466079076
3276.1948749260755
3278.607711208186
3278.2828476899617
