-34.16943601467531
-70.8202894566918
-47.40415962570621
-75.63262753480764
-77.70955626274775
-75.61033190782194
-51.45995425728914
-54.356858002564834
-78.66524463245709
-80.72164732832726
-68.52063962413945
-58.13517433016211
-65.44637533085034
-64.13232001982996
-57.86494597195424
-52.39458485091908
-50.53629593069297
-57.55283576844663
-64.5636292506617
-51.63727415887264
-38.55159073840173
-51.72233554270741
-59.37445947209095
-40.09518685278191
-57.02358212299547
-48.89366453942751
-59.15111516625564
-67.43610919025768
-68.5455053648426
-47.49936717277289
-47.520923675114574
-46.16939750371639
-67.54723533199376
-41.599508562810044
-39.61755817596924
-56.79945973732867
-36.72381491386536
-57.57641649839028
-45.04025148025432
-40.80375822801953
-39.2508929210014
-42.5210591800016
-34.32279523348169
-34.92673011443485
-42.357248815224246
-37.77017677685351
-49.627480517364795
-40.44312625878706
-24.33474858520733
-36.35387377284092
-41.58590661513211
-44.89721500938914
-44.160428285123466
-39.607983347468085
-44.264717661565406
-29.708552371849542
-40.319939164603504
-30.772275286317875
-39.60109545869991
-43.79804357731907
-35.97672657531869
-37.22068448375243
-38.11810327556311
-28.093287309447305
-26.494450566748743
-28.329012225550958
-25.186025108276933
-26.893242867269247
-31.215724815477564
-35.49335220103659
-26.580977254678736
-30.29053580500625
-30.103164903292196
-32.47971774136662
-26.627330134134112
-23.633079113341754
-25.297002087256548
-19.280571397897265
-22.134476675721906
-24.04902505173902
-17.813245140075896
-28.097052440467056
-28.229986006624973
-24.715040419844225
-18.414444252724483
-27.515539492410124
-20.997136431079298
-13.106581679446876
-12.09255964822733
-14.157413223860752
-16.62466835886739
-15.925540956394805
-17.678490954702895
-20.104527884348755
-14.319894624435547
-8.738447124979475
-12.040656429358824
-16.351780807491927
-12.453663705752573
-16.336054185218288
-8.944849122172046
-6.412452939145341
-7.260461321891677
-3.1875416282634177
-4.487119410269245
-8.504668905213364
-8.625134484627335
-6.6508913960466005
-5.240376671780928
-4.959521215729887
-2.4291068101272226
-7.479315580972379
-2.3597695878766594
-4.2061286297347085
-8.192761297965962
-1.2980644188308559
-0.08158842117356906
-3.229748617746378
1.1987475526248461
2.6080780230141354
1.99520310200397
0.5001549574613048
2.169713929354834
0.16986202612355428
-0.7030287078989348
1.6929148614383323
4.798531076464918
6.846208240364007
4.1956624111679295
7.822547890973926
1.935308969315394
6.196391454798237
6.293470089689824
10.050262122872542
5.542992834845399
7.785585169747222
11.50163191560792
6.614569060139069
11.930986714206187
12.114873258019998
11.934718914041824
12.836822180614325
13.155655782610985
15.486247324507527
14.495161888405475
19.930426513502148
16.791802876292813
18.098932324812573
18.39019054091802
25.028828919115213
20.370245463326487
22.82441594821907
27.80081516559842
25.578482120147548
27.153768918135906
28.005242749726182
30.775365441489697
33.70209100088036
31.740146581761337
32.71578400040211
33.459295414266805
44.17192934228446
40.09298594290184
39.03751527622799
42.73097148059416
41.870317234619044
42.827015376937894
46.614886040499165
42.7896524011008
52.60811305485519
50.890375189726164
49.543005897387154
51.956809771611994
53.36750527540543
61.82278764164829
63.31851417168765
55.470194567850264
61.64813972132862
59.58472907031181
60.4096222892486
68.42028575661925
62.22765606349533
64.87629152331071
84.84203815420997
70.72987295098626
85.40957372663968
79.82457654260932
85.41688895860433
83.10732655761947
92.04503545108795
72.87048996702227
111.2925919730971
80.83885427291463
107.58550058686241
112.98761353704072
107.39398477931911
97.09029793863002
124.46465659222658
105.08642708581465
125.21341642226348
102.11990657457578
137.38920379271582
130.16155950928106
118.78602555361455
134.10697988531444
150.81962673287373
144.34126610903573
128.7407313607327
167.18689297435932
156.68092009130186
174.23573240447888
138.57128877374387
158.36217013158878
157.84121015825588
183.87681289264103
159.74592639537164
210.44914248057617
176.74600900046005
218.7344846381551
201.68119833198176
200.3916910662452
217.62700659245098
197.9208026928308
187.31067292130822
231.41514366240878
217.0844655203368
248.1349584883604
211.95771830182474
221.08348178344235
289.20048201593244
290.96727826105433
269.7748652661343
281.511208068172
237.98679225615697
297.4479214986751
296.212394604562
262.9791415040412
336.7281480854411
331.00737705728545
350.34045308403654
337.12889766510165
309.3454213992856
382.47160426061845
396.2999697723332
375.9365421908708
398.98323633704933
317.4759727789513
418.14898116848366
459.8223338501857
366.77705908823845
404.6856668539627
421.35660161172945
474.4289844567341
572.9921894909346
407.23798565120836
468.29808812890445
512.739023995234
475.6552966540729
548.4782823079227
437.48633050494726
646.869545841911
615.7607926705912
498.5484297394139
531.0639885878937
617.9500034403828
522.048291377463
651.0512807335223
534.0001462398653
688.1339676945368
678.6227077962471
653.7293202786997
569.8810085889506
686.9360358574761
637.1104763465208
657.9849851523728
649.5232745086337
743.9017655087227
873.1538090649425
681.5474789546963
814.5170762127045
629.8000082807787
607.1690254728487
781.1060421763966
850.7317851874311
891.0633160128182
827.9351293391941
855.1934525719513
874.0927304978841
793.3581315788912
855.6247327846747
943.9471130881385
791.8465478975169
995.5034265973528
780.15842455261
876.1472509429715
981.0446461614387
894.8033015532933
1029.4970078132264
948.4098478586579
1067.5938933828684
1053.4137740070275
999.7114702111724
1153.5152527792695
967.8658915368834
1166.7342383935027
999.2727868684328
1000.6815988119612
1201.3480155739724
1103.9202823016492
1209.5016616204916
1065.2881662539294
1209.3215539949788
1180.4445656573146
1172.051881783057
1147.0491602375603
1178.499995835747
1378.7168521607193
1112.7207610803569
1136.17563858562
1507.3219742282802
1240.3343592330054
1350.2516323938623
1436.5791121080856
1203.381588684249
1183.6864383546492
1526.644919082836
1226.6601670017278
1339.1091770716382
1323.6558068453994
1508.5459938693596
1418.2367416320901
1372.4751838087502
1678.731356170536
1453.5085194442916
1405.4012202011124
1573.0113008481878
1633.1907715259142
1433.892408717816
1402.6583424997627
1211.0944436031718
1689.0419339466168
1593.7487439821593
1572.4274345810493
1571.4156871287169
1599.6564316436884
1585.7394253878617
1640.2828165267135
1573.4117111340456
1465.9291689049528
1617.396554814818
1574.1173402819052
1795.4471286701332
1755.7175806210507
1598.598895134417
1733.278841713259
1626.35429089925
1773.6599874266021
1603.2950809620086
1704.871133058932
1930.4618692088127
1611.4092797476003
1851.8182155312159
1774.1204540757885
1884.6238382902804
1855.944829366476
1838.4375686368446
1785.96075499595
1660.976197383178
1724.0731008922849
1885.5706377675372
1934.7604717994996
1876.762358857196
1942.2446802753839
1906.0628380614846
2068.963210672464
1972.6942144251905
1897.7141279114119
1709.8539576999267
2093.730010119495
1981.871035647792
1991.3769955934802
2021.2230862444596
1937.7633653292603
1965.8388400779188
1947.99119142868
2140.4720068806705
2101.196682116403
2184.983164057222
2225.6346329036533
2071.503361620286
1987.0778369307657
2165.4828364039577
2110.8732092541313
2197.6380761625146
1929.7180240341263
1936.6935150567526
2106.052172416317
2237.6677153426776
2112.5739111767557
2187.760466438222
2280.0409549704973
2139.4855504829466
2279.39824561026
2308.2703525963516
2217.596054014483
2233.4214677277732
2273.287467577117
2167.509658723393
2283.336888910803
2345.1254765281774
2271.116337613733
2350.838578835505
2316.830029605861
2396.2543593405144
2287.013568028873
2329.798010044062
2349.4660905492597
2329.5725001473793
2421.855479096116
2306.3981652537686
2347.446811556317
2351.964461070191
2317.624459014473
2312.6942658726043
2443.4089074165895
2429.096421344885
2436.1378433147647
2444.973786042604
2453.2986854556793
2461.1623633623376
2436.026825651573
2406.979613018909
2430.727666526245
2383.729027597083
2334.0728378926597
2432.1588591579334
2467.650989067575
2461.082644571118
2480.857880222865
2400.8078492770433
2499.304516840807
2509.0613563174647
2520.039543369906
2523.131322825116
2531.8520258746203
2534.3635851501763
2533.766543650104
2547.9765252296947
2555.3729490724268
2473.0871590689967
2524.6210229708768
2548.0615459457326
2538.8316750318086
2558.172838237263
2560.8906762662564
2580.9247564678453
2566.0857606748573
2511.764750684827
2594.2518453626135
2577.3031499534472
2608.57131764567
2559.548142106455
2589.224804350265
2576.61707383243
2598.8511598317564
2604.1998298426815
2594.341321665028
2608.4146054331163
2580.750401880876
2606.628607819656
2608.401684105952
2618.776688917362
2621.820678159304
2645.71441412617
2571.4977148399726
2628.4369759579413
2632.2690321831387
2641.3862411853816
2641.9801599215652
2655.6392255452724
2637.775135682484
2636.672944296876
2665.084993813695
2660.206187182065
2652.0750704599177
2662.1962009766353
2666.1223010653375
2668.310181903721
2671.4050306762556
2679.326287120185
2672.4193048031693
2684.3985849941364
2691.3905458061913
2688.566689166725
2706.0067998642066
2692.1821369889612
2704.7051481594185
2709.4755589423357
2710.4217214387495
2721.133538250956
2716.0297233199663
2718.4644614579934
2712.1800302718166
2675.12623815731
2713.400372959735
2630.0756359490115
2718.1321551982337
2719.15984105648
2727.443946481922
2731.2811024276716
2726.5447536333904
2729.2955207802465
2738.281653788793
2744.9760278736185
2746.1146316357376
2738.3147514583084
2737.318042798249
2746.841557532021
2753.4829973277265
2752.028894097584
2747.6562276639
2749.1494820508515
2764.900949148524
2765.985804794906
2749.014961792081
2761.254881151236
2767.9121453489324
2760.4584669771616
2763.495886170712
2768.37445310922
2776.6948434661904
2763.613554386443
2774.0741619949563
2768.709197012892
2772.7711858952725
2775.6294532983984
2785.8032713318817
2778.251540318409
2774.3594091035834
2791.464022379959
2789.9721238127026
2806.4582602409655
2793.4009716749206
2782.339355647235
2784.2266409734234
2802.010013814234
2797.0507108408583
2802.2014887017112
2789.7376250003144
2794.7883103505383
2800.5782681592527
2815.3778549504304
2814.70722093687
2822.8806935807506
2813.5833252283373
2810.9758453921936
2820.375271891523
2823.0427659024867
2818.2128767964664
2825.1889754592207
2825.6374476497667
2830.23744378407
2821.2620601306253
2808.156832558241
2826.8727821615203
2829.0037000228094
2836.0441083799024
2839.6747154767695
2831.2736590988584
2840.261650508772
2848.0137476342466
2844.0014669893526
2845.518829305975
2850.854875046486
2857.1213770620448
2845.237607670711
2852.960172627713
2847.757459357525
2852.9554954155574
2848.804536187562
2848.3767543563836
2851.530183572576
2862.523896124944
2858.461361224522
2856.5715507976947
2859.887344254551
2841.55036170303
2850.5290250714506
2867.371202950428
2852.1372715849416
2857.607557347348
2851.7876659314134
2853.7654929617574
2853.388303415158
2847.7144552558575
2855.939563810826
2852.887968416432
2853.527783071284
2862.1573163255002
2859.5078305789593
2857.7174688800146
2859.2218417035556
2872.2393773890058
2874.307625773955
2868.978230188752
2873.50290085118
2869.770802383091
2872.4841949757893
2877.277778075749
2858.4535466841594
2870.8960615613328
2866.058818355868
2870.738701539759
2867.9194847331273
2873.813081501513
2885.4973942287734
2874.932719888316
2862.205576351061
2871.320541539959
2866.4044681523246
2877.096539498727
2869.3976604872205
2868.0231997596225
2860.298783677701
2875.6898110466827
2866.649404291037
2873.389598374508
2866.390804171052
2875.2847738444766
2874.1990536691937
2869.0628934723327
2878.5561890244267
2863.649983687891
2874.6447358356463
2859.0691139677647
2873.750795072264
2868.7418441493323
2868.5012973806256
2879.409300253536
2866.7214091520027
2853.391412567607
2869.932350124104
2861.976348164254
2871.40289627947
2872.4206182741154
2873.2182654092044
2860.9560695706923
2877.630268964633
2875.7925498689315
2885.0523566161633
2877.2879468166507
2885.177739756198
2874.06615558372
2879.679066888749
2887.108214473899
2891.334319495039
2887.2493466017027
2886.070630492957
2895.550103573917
2889.491190602168
2878.633207277978
2892.9533506949597
2892.724496490051
2895.4972423796266
2893.0211372212448
2904.9368981878733
2908.9831402189407
2903.4430727667173
2913.2349323776716
2912.8276184325164
2916.9926821327226
2906.3569713871516
2921.2033627261326
2929.694333306596
2919.862910553139
2911.6034628848192
2912.5810970666084
2921.71497648178
2930.002670938041
2920.6243983631534
2920.207419250173
2911.614106181209
2922.038204212955
2910.932548319833
2914.1428698029276
2925.8305254482543
2910.0751826512605
2915.539938769619
2909.7371553508324
2910.8253439285336
2908.6095905714906
2911.379828721224
2920.8711550629687
2917.514297939634
2920.931317821739
2922.595125572571
2917.808884724832
2916.069205000169
2930.027901299848
2921.132033477559
2920.0452395012244
2920.4940306428603
2931.403869002611
2941.0717137681577
2933.9141552974456
2936.450937011455
2945.0960297655956
2940.0013521259802
2939.7526866659978
2942.4005601096214
2946.043932593618
2940.272881140011
2936.720817866576
2943.8006770743837
2928.9324381676015
2933.495661527398
2946.031420557839
2939.768181141688
2929.2645843490163
2938.247158439691
2942.5844797547957
2937.2140224854343
2943.8146653760655
2940.624560923239
2940.99621145735
2947.3243304730445
2937.3624534443456
2939.9445004823183
2947.5866266277776
2937.9560434594086
2947.6545617491747
2950.2615008941434
2948.12229054203
2952.7344121002216
2957.8428185975777
2956.021713234128
2961.8631101808346
2964.1522745354205
2964.3206898871367
2963.755326074644
2978.0513824740574
2974.140784549925
2972.874354174797
2976.2054066959363
2984.978232462705
2978.6815997437884
2971.149367736348
2974.8278171098536
2974.715649408142
2978.065477042551
2973.441006144768
2985.849700623753
2973.4870217659345
2986.4760294903776
2979.0756757284644
2991.045447620944
2985.5087480812645
2986.331772398757
2977.824404732594
2991.7405798113014
2984.317478137312
2990.763944999392
2986.832933186204
2988.122875631068
2988.165635034927
2986.0399574781413
2989.206028686818
2987.4401205744657
2989.0641831651183
2988.9761828496803
2993.225884288092
2988.8373726327645
2988.7605162272994
2986.283921671245
2984.320956906381
2985.127149226836
2988.8425569710716
2987.5768359417475
2985.665530280876
2982.92909364136
2981.3253009398713
2984.7021173187745
2977.472040885955
2982.629914671511
2987.179367067337
2978.145222649274
2982.4581651795265
2970.090863942992
2986.284201423413
2980.7388278119133
2982.572139365094
2990.0757791426777
2981.8818334133066
2989.2724095532885
2981.5051875093022
2998.9478756157687
2989.4512340503948
2982.046333490588
2988.949775965294
2983.8869385101066
2998.3850448029293
2985.5568361390124
2987.7732987559666
2994.562103451117
2990.0176130677137
2980.416195314368
2987.234869345265
2984.0794851728483
2984.7420675692174
2984.3745125004016
2986.162834586795
2998.9657076396547
3001.593953824655
3003.286069597116
2998.376382056339
3002.8380864372166
3008.048491470026
3003.1827219313873
3000.3820473842075
3005.108610758325
3006.420171613393
3007.288722146755
3006.9505277979843
2997.524782449854
3002.3015414308156
3010.2003654913046
3010.843380167988
3012.31472836585
3003.7129475850484
3007.0825546466826
3019.207006234883
3027.4596550216147
3011.8087464279824
3019.9216384130827
3019.017385958786
3024.406139966103
3022.180636840226
3020.543861684691
3026.1261410087445
3021.638770051331
3015.4043503431176
3014.860896913495
3012.0102421938655
3011.759090759964
3023.4836833090353
3025.8699499114146
3025.6694309273753
3018.5638286263215
3023.7280310723827
3032.180924371138
3022.588405992722
3028.6621271491795
3035.0875130727736
3028.1959396924653
3025.506074383018
3026.358810005211
3032.2170806351155
3026.8728476055844
3033.9395442919604
3032.86082436812
3030.3804031510626
3029.4357384068644
3025.5451394335846
3019.419587782809
3027.560506044314
3029.881952356154
3029.9130958605474
3034.3493511104543
3035.278158377184
3029.0233366550374
3034.0517214122096
3038.9579118415963
3029.4214989237284
3032.494970632383
3023.2140295992376
3034.555597403026
3032.1704574165933
3024.3455317667563
3031.6594614502824
3034.3305070401957
3033.63213825639
3035.514975433769
3030.739475730151
3039.4605005090934
3039.8852955089606
3042.7660020270496
3034.383289964434
3039.988383818289
3047.080570269067
3044.2531585742568
3037.583673363719
3049.9462545062765
3042.6039451080887
3041.8411687344615
3053.5339666946957
3052.165322040381
3046.1155545724596
3048.669867912897
3048.466588277595
3058.7231438515855
3049.673610263199
3047.4624357921775
3047.7807133956508
3053.935862573236
3042.12258925664
3044.6072570990145
3042.2077126892473
3043.860948841219
3048.2220297926424
3040.6575523558577
3047.9906553036453
3040.74169548938
3034.127910218133
3042.990809291538
3038.6126743179843
3037.7601079099786
3043.371919468853
3040.01210360603
3048.3345583899327
3050.174198887774
3041.7227538749175
3037.663502159794
3044.8705467584796
3033.1249465503884
3044.533703874363
3026.8358019326993
3038.091738059664
3043.9323268595626
3045.0055088420445
3040.1170493342056
3040.937668577689
3040.7833710646023
3034.408679987565
3040.874331266254
3044.9347559215503
3037.830447995925
3043.582757790078
3047.0931166545465
3047.4139314867884
3049.956885345952
3053.0069352487053
3047.014308790246
3047.940205214394
3055.4559096170406
3055.085806322608
3061.2636596766883
3058.908893497974
3055.7022540195353
3054.7562554385795
3057.396906823243
3057.627126841927
3058.7392935446915
3050.661941838341
3054.8856540157517
3060.1352891194592
3064.3864025216967
3057.184495110292
3062.4340172659386
3055.730593847964
3057.8757971239716
3055.6261718239484
3048.9299876595446
3051.086811056857
3057.132821447566
3054.1695559557074
3055.221475446229
3050.225102546024
3039.9141471948346
3048.072623304891
3038.566108222367
3043.388294881971
3056.1046189729805
3044.3070967738263
3041.385901385608
3052.9019984224833
3050.370831552623
3051.6252401106935
3054.1284302688637
3051.179959382348
3053.904343052751
3059.884453823976
3057.3096278278495
3060.72605734464
3047.451353784806
3045.314588383455
3048.241862824865
3057.441944490057
3049.431261438768
3046.5991473406484
3052.4120138072904
3051.2964620155826
3054.3309184581067
3052.440592834854
3053.7870345259385
3047.645132381048
3044.5708954804177
3050.513741074162
3047.030508789765
3055.7207622201227
3051.162689157672
3063.3677225290094
3046.090910958014
3057.90957411196
3061.4162272706753
3055.063534956322
3053.6626130718973
3049.3140567764085
3050.840586591653
3056.2385493241954
3051.0090476540886
3054.294254059939
3055.760575520529
3049.6849602623092
3052.0009412419586
3052.8372001415764
3052.824486409748
3048.495132695146
3055.5441725152155
3049.0939503701193
3055.3271055112955
3056.539825889014
3055.741599855948
3049.7821746935956
3055.625373469531
3049.0095649572004
3048.542383127271
3050.827697844551
3052.4263944567256
3059.3651104288556
3061.913218306511
3056.668427586457
3055.713653005083
3058.1906704795883
3056.3955889085855
3055.8066668738356
3062.0501231641924
3065.093190323619
3063.7376614611812
3064.30992659096
3071.587416974518
3065.431360805915
3064.5697698632057
3071.1773207310302
3066.314816336845
3063.815262745102
3067.6398139384137
3060.446637439767
3065.751819596225
3065.568414000355
3063.9532261423387
3068.7909683065236
3066.900973493519
3058.0834157665113
3066.3457414625177
3064.013881429904
3065.168949978385
3066.132210202233
3068.849374808379
3071.3980732837454
3065.9698937630646
3070.433167197005
3074.257505402077
3069.428166229021
3063.4511244572786
3064.9497535176433
3057.052702708522
3067.9337798854053
3069.343304275957
3067.9636598400903
3069.914360203757
3066.8531011207865
3070.2062131188186
3066.7833170299677
3073.0740885261075
3070.151788126215
3069.192870871009
3068.7310764642525
3066.479287279687
3073.3369595162467
3070.707650097497
3068.244812393118
3065.6397660181165
3081.371667839315
3079.023233479008
3077.7251980912024
3070.7710999222954
3076.3853190978925
3073.285138104601
3074.6702400133213
3075.9623291329044
3074.94133697885
3074.5487882170937
3071.0146074447316
3066.459013014494
3078.262687800678
3071.3625597466516
3068.683178149454
3080.9470382482978
3068.301818648598
3078.1512768533053
3070.976510291053
3078.0059195174263
3086.30812932874
3071.8109739098863
3084.137565784431
3074.2918016020653
3081.718044697641
3080.665847175824
3089.888757816989
3085.0749917219073
3080.5694985608875
3087.6262950157816
3084.5930272919645
3085.3060917977755
3084.951916421943
3087.699930600083
3076.4123454599116
3083.8196488363637
3078.7719033863796
3086.5371333314033
3081.817097838244
3078.9708785922435
3072.911628333066
3077.2944649389474
3079.7125768621054
3074.8874334374595
3070.3781523849593
3072.0859174497905
3072.1346639208537
3080.472455480243
3072.532313632567
3083.21213270926
3080.454149522642
3078.1126170460598
3083.412131107033
3078.991435519027
3084.937578231074
3068.604616450948
3083.238187165668
3079.6284657274755
3076.783934893262
3079.9886748599292
3078.323141618618
3078.9042829561668
3083.3738416688375
3079.6019064117277
3087.0288161573967
3079.3806313993778
3085.9652151907967
3087.7358317408016
3082.9482894737657
3090.7529270365058
3095.789238963339
3089.758448233348
3094.745826145846
3081.7352073416764
3083.757304376775
3081.6644187869706
3086.766411308639
3092.150287054185
3084.2933728884077
3089.9646348426586
3093.055804199436
3085.2473244727503
3081.6019218759066
3074.809844751712
3084.378685702266
3075.0406636339153
3073.3439843827277
3076.686786050665
3068.6215216533355
3074.945707019947
3077.424814765443
3077.3331035849237
3077.6330297837594
3075.3818419054514
3086.069503196565
3085.0126441139246
3086.428155806826
3084.3228543878436
3086.8598005125327
3087.856794363871
3092.3294753451473
3082.3730655615905
3088.645782334656
3088.5561461378215
3083.2850461948096
3089.4151612430005
3079.779071594479
3088.1339205195727
3091.7474211478957
3088.7523804207676
3088.146992780154
3094.683426593878
3093.9666849355676
3102.295825161878
3103.389674640244
3094.0509429114622
3099.9723710391436
3098.5727483245214
3091.67504796515
3092.0424446111547
3093.7436550455086
3098.804149092931
3092.9873866396592
3104.4034449467877
3104.298656376778
3099.410052626438
3094.7837311322446
3096.624791698879
3101.7235765094692
3099.161340028912
3092.6140450787448
3091.0623605206233
3093.406998041187
3094.769667113317
3097.5718417701546
3090.684775667169
3098.594910756671
3093.485538008144
3097.663641926548
3094.942363211307
3094.8657381884495
3102.1331715585907
3098.538364525291
3088.8944834349077
3102.852495650256
3102.037295742198
3098.4820201279185
3100.134169761273
3096.100143884344
3097.3460618447957
3098.1219838737784
3094.295038146968
3095.9146032543435
3096.9534464118847
3106.5028830499004
3104.7734824531267
3104.9679478070207
3100.7917714987807
3099.2002076675226
3099.2268485105624
3098.413351764913
3098.696551434839
3096.188902930067
3105.144368538554
3100.4641014825665
3104.710863673433
3108.615327602928
3106.009040442415
3109.4087645536456
3103.2829022499213
3102.4999378605285
3110.8189784531096
3114.077659887417
3109.0439707520527
3107.420857350493
3101.3793472421944
3104.2220230178664
3104.435014935249
3109.7344609359775
3101.2170167697873
3103.0043637472318
3103.5314918393256
3100.825783538047
3097.8473922979583
3090.596352437822
3089.409224068078
3087.6679500307037
3091.998003810161
3088.334295368454
3099.092887407237
3093.189813251547
3100.268013996205
3099.9724528179613
3089.9283792495603
3092.542942702698
3093.83541631538
3093.0883290138045
3091.9106578050432
3093.174791476423
3093.096949325296
3097.3063632469184
3089.4846277012352
3095.6001121133
3089.3920231911316
3092.792532380799
3090.700852430985
3087.043768108125
3092.191664593688
3088.165038297224
3091.797596965215
3097.9985590048263
3098.215393531609
3092.779955026914
3100.7074633011366
3097.1458200073553
3105.6698057912336
3099.2854633877096
3099.480224803548
3094.8927661341186
3102.0630419464997
3100.7952010661065
3103.854933958221
3101.000343803129
3099.7287255838796
3097.943832661971
3097.9920087226124
3092.6609679626627
3093.7271644536704
3092.0480144436324
3100.7684557530874
3104.604805688682
3096.827297221999
3098.753493371254
3102.736840555338
3101.811009995775
3098.7197995946003
3106.5592382991863
3100.336848918884
3103.581386635532
3103.5688932718117
3104.520228137076
3107.8551412753613
3106.4979874427872
3109.7525221855476
3103.6251826694265
3105.3763329903218
3103.3624492883155
3103.5866868551775
3105.6088162756787
3106.441582665821
3110.3609030455314
3102.1621336642593
3099.1685590796906
3107.638613565237
3108.279558072231
3105.9817491102863
3102.5432282118663
3099.780869175179
3105.452075246666
3106.560081274617
3108.0349066720546
3106.801680446789
3110.649026351687
3109.7606982678267
3091.777363097876
3106.251142633044
3108.407194060802
3103.2386549174403
3099.7125586719353
3107.597257178227
3103.7951297412483
3094.795206206444
3100.784828114149
3103.368187667584
3106.94123956121
3104.231404502265
3104.1651508429577
3107.9140020086647
3098.68252462841
3105.0691560862533
3105.567169948816
3101.320225153796
3096.4522560426485
3096.654306645355
3099.6569951817105
3106.1279912569453
3114.1413057905643
3103.4208684990817
3106.0104829228535
3109.455743206435
3110.189716324334
3106.0630276761212
3101.333844063908
3108.284692770873
3111.4979925713674
3109.7755367896666
3109.5382848210356
3109.118764690159
3108.668311450815
3100.2643384951016
3100.582611293896
3109.8133273458143
3108.7898966811676
3110.725411796759
3104.825519566225
3110.2833376763365
3107.4931385478685
3101.0635628515533
3106.4279368386156
3099.8856477594773
3108.223916385788
3107.492541099745
3108.9560770863827
3101.5746818503876
3095.6129649136724
3100.3934219424605
3097.4724740356983
3104.338357449408
3109.167472366941
3107.430827925132
3107.2013121093873
3112.8242303800203
3106.9458456904076
3113.42820420532
3115.047051633439
3107.6900746607507
3101.206753304079
3108.0575131368028
3099.456569237279
3106.8355471721593
3109.6733480909274
3107.2636646366836
3107.5645286781923
3102.8541700259098
3106.752654367367
3110.633521392253
3107.889463254174
3116.4540888360125
3110.9519725492414
3111.9003706285516
3107.7559588362756
3114.8493881973955
3117.0447113485307
3111.2554220547117
3116.026652524891
3108.573027715432
3109.829055439283
3114.290847603976
3109.0706770740826
3108.2235898396602
3106.6232503280066
3106.822172744496
3099.7102722760583
3108.283262588425
3108.3691655292
3110.3864916176576
3110.6485604629383
3110.336535590027
3114.5211211876876
3113.552761666397
3116.651019183447
3122.6283758816926
3116.999948598088
3123.864692543445
3119.8207706210865
3120.1624113080297
3126.5507731836815
3119.5484918143043
3120.2429570127206
3116.666264708846
3121.0854319574264
3119.830639552135
3117.580349318739
3110.0782923887286
3123.047664114846
3119.7466322025257
3119.6746412016873
3111.8458895183694
3120.602919382515
3117.175244744506
3119.7639940482886
3107.7688137776686
3121.8148118575464
3122.4791279425485
3120.802962822505
3124.467990624393
3113.0711561345774
3119.9427082386214
3122.2957639907745
3115.8800609900964
3117.3435456932502
3119.9143497059067
3111.1870335100857
3112.8692053040604
3114.755672262315
3107.592403517223
3118.4167122969575
3121.477632823933
3117.260798889013
3115.2849926800827
3125.379325568004
3123.1396437118415
3121.7647812868345
3111.6741158207283
3107.7711516735744
3113.302171192682
3119.506835941583
3115.6632905394645
3109.654413244405
3107.049400463212
3118.3037244837665
3118.1498585792433
3118.6444643007835
3120.341307519826
3119.5451740879143
3119.539023901309
3120.322640020096
3118.627513796631
