7.68
23.45
44.22
41.43
31.65
36.82
45.24
48.16
35.59
46.97
69.84
71.48
71.32
47.32
50.05
70.57
57.19
58.89
77.8
71.25
66.07
63.49
60.3
52.85
46.0
41.47
65.62
84.4
84.29
111.88
78.97
40.88
47.88
41.26
45.2
73.4
107.08
88.92
66.39
75.32
52.84
38.14
61.33
57.9
54.92
67.79
49.26
31.49
45.31
48.21
39.38
51.75
49.46
49.76
42.96
40.96
53.96
52.13
53.54
51.83
44.0
42.06
44.54
55.37
53.24
42.02
39.52
37.03
44.61
49.26
47.37
48.66
43.67
49.14
44.55
71.61
76.94
44.47
46.3
66.3
75.68
52.38
51.47
46.01
36.49
46.65
44.78
39.43
35.62
45.1
58.24
60.32
56.53
56.78
59.55
58.37
42.85
37.7
52.29
70.6
71.02
49.55
50.28
51.43
71.58
69.97
45.78
44.78
45.6
41.81
39.33
60.0
65.95
51.79
50.07
64.89
58.2
46.46
52.09
46.91
49.84
53.32
45.96
34.87
43.06
47.51
46.07
52.8
44.98
44.4
46.7
49.44
68.32
63.05
65.61
66.29
43.96
46.68
43.31
46.76
45.76
47.18
53.02
44.92
58.8
55.68
49.27
52.05
40.05
38.0
70.52
76.74
43.87
37.11
44.05
48.05
53.12
54.99
59.68
49.07
50.16
57.64
36.43
37.17
40.59
42.46
49.64
44.19
40.05
36.3
37.99
37.62
32.52
43.46
46.3
35.26
34.52
40.85
44.38
51.25
47.51
49.03
55.84
49.57
47.57
52.49
50.28
52.6
55.69
50.75
43.86
40.81
39.7
37.04
54.64
53.24
43.43
45.76
33.26
29.16
47.66
48.53
49.98
60.29
60.82
47.45
44.52
53.9
45.27
42.46
41.38
39.63
47.12
59.02
48.64
37.04
38.4
48.4
50.22
52.04
61.69
61.8
50.5
35.96
44.71
43.9
38.19
42.96
47.12
45.86
44.03
50.26
47.99
52.91
51.27
43.09
53.92
52.71
47.05
44.11
36.93
37.84
42.87
49.48
46.33
41.29
39.76
36.58
39.26
45.42
41.53
35.78
36.22
36.71
37.44
41.61
51.22
50.19
40.4
39.43
37.83
34.01
38.24
35.15
39.05
52.21
47.3
41.93
46.49
53.68
42.37
47.05
53.57
42.71
44.38
72.9
81.48
49.57
34.93
48.11
53.05
41.28
52.12
67.98
66.77
51.58
49.01
57.15
49.82
40.02
54.66
64.28
60.01
49.94
39.2
44.29
53.26
54.1
53.22
46.31
42.71
47.09
52.35
50.68
41.62
42.31
50.53
45.91
38.58
48.28
57.87
68.37
65.08
51.12
44.37
47.76
54.89
57.54
58.66
48.96
39.58
39.15
41.51
39.63
38.12
45.63
42.54
41.8
49.55
38.48
46.48
53.39
44.29
48.56
51.11
51.88
47.92
41.63
60.89
64.7
42.32
38.8
43.3
47.68
45.28
59.18
58.0
47.76
48.93
48.6
51.58
50.59
49.18
41.31
36.82
40.23
41.43
38.09
41.19
45.94
43.15
40.95
45.2
51.21
43.27
39.53
41.52
36.47
50.01
61.17
45.05
37.9
47.54
51.59
44.55
40.98
49.98
50.7
41.82
39.48
46.15
50.08
42.07
38.33
39.06
43.88
43.38
47.76
50.98
43.0
42.7
41.43
41.88
44.24
44.2
44.97
46.17
43.82
42.76
49.54
49.99
42.83
47.25
56.59
55.19
42.9
41.04
42.85
42.73
49.2
49.85
46.66
39.45
39.29
43.36
49.1
50.99
43.15
43.17
46.39
50.13
54.32
53.07
40.58
36.36
39.8
40.16
41.22
40.26
38.88
49.22
53.08
42.17
42.55
48.41
46.01
45.53
44.93
45.25
41.93
43.7
50.08
54.74
54.19
43.68
40.23
50.91
54.97
43.8
41.41
36.49
37.46
40.78
46.14
53.37
45.97
39.76
44.81
44.29
45.93
51.15
51.86
55.62
46.47
42.36
45.98
45.33
49.75
49.43
45.74
46.34
50.08
54.74
53.18
45.16
39.0
39.66
45.0
51.41
50.74
41.73
44.69
47.44
43.55
42.01
40.3
41.98
45.89
40.88
30.97
42.47
60.33
55.95
44.16
42.78
46.16
48.64
47.97
45.0
47.09
44.01
39.39
39.56
42.08
42.22
37.85
38.48
40.38
37.99
38.63
42.2
35.79
34.51
39.27
40.2
45.53
42.28
38.1
41.32
40.59
40.57
43.6
45.27
42.3
42.79
40.52
35.18
32.84
39.99
42.48
38.48
44.55
44.95
37.97
41.22
46.79
46.34
44.5
46.61
47.36
40.89
44.01
45.66
48.61
52.3
45.18
41.88
46.53
49.03
51.67
50.6
49.39
43.72
37.54
45.0
43.8
38.74
37.83
39.43
44.44
49.81
43.67
36.06
39.89
39.52
42.82
45.37
37.08
35.86
38.79
40.97
45.97
46.02
44.65
44.94
47.42
45.43
43.67
38.29
44.35
47.7
42.63
45.37
50.6
54.32
42.32
42.76
43.08
35.5
39.38
47.57
44.24
38.41
40.13
41.85
46.87
45.66
50.15
49.05
42.02
