23.16
25.75
31.68
38.35
43.81
46.12
49.59
50.08
53.47
51.54
49.41
70.66
73.41
64.81
61.94
56.49
57.46
54.24
53.41
48.64
40.76
56.76
59.89
53.21
55.36
53.47
50.7
51.39
54.04
51.99
51.12
52.48
50.74
53.26
58.19
52.08
56.93
62.4
57.35
55.32
54.57
55.29
48.57
39.08
46.99
48.95
41.43
43.69
44.56
48.57
52.76
45.91
46.56
48.47
57.35
57.39
52.69
60.23
54.77
53.41
44.18
38.53
52.6
56.9
49.5
47.42
58.69
64.97
56.59
49.54
47.44
46.85
49.74
55.99
58.69
58.99
56.75
48.43
43.57
43.56
43.85
44.28
45.21
49.16
57.46
55.63
50.32
50.52
43.49
48.98
57.17
47.84
44.62
47.18
61.11
59.75
53.59
58.97
54.83
55.28
56.14
52.81
51.38
49.83
50.27
52.08
50.01
50.79
46.8
46.08
52.47
57.21
57.37
50.6
46.84
48.28
51.65
55.3
51.69
46.6
47.96
44.65
44.21
52.82
48.44
40.08
44.97
53.22
47.8
46.41
50.59
50.31
47.44
52.13
54.79
46.3
44.78
51.58
56.38
52.44
53.93
54.75
49.94
47.65
49.43
44.42
45.13
51.09
55.9
51.24
46.09
48.78
53.13
54.59
52.34
55.87
49.01
44.66
52.76
55.04
47.32
45.78
52.33
51.98
52.73
59.15
53.95
51.75
60.79
52.51
46.8
52.45
45.01
43.34
48.33
48.55
55.66
53.8
45.87
47.02
53.67
55.02
51.88
50.47
44.85
44.96
49.59
52.66
52.83
53.4
56.01
46.71
41.74
52.5
59.58
52.65
58.04
57.07
44.86
43.71
48.09
53.48
50.56
50.49
47.5
48.02
47.99
50.38
51.9
48.04
49.52
50.4
49.6
45.39
46.01
51.32
49.28
47.15
45.02
49.73
54.78
50.91
51.16
46.32
37.0
44.86
51.96
43.86
44.76
52.43
50.21
42.71
42.11
43.78
48.66
46.83
41.49
50.86
54.53
46.68
45.37
47.67
50.31
52.26
47.52
46.03
56.8
56.47
51.5
45.83
43.81
43.66
41.69
54.06
56.72
55.16
48.24
42.32
47.96
44.15
41.85
41.88
42.21
45.76
49.06
54.27
53.76
47.7
44.43
44.45
49.94
58.08
51.01
41.0
48.09
53.04
47.69
46.33
48.57
56.87
55.78
50.91
53.87
50.94
52.57
53.42
52.28
52.71
50.32
52.38
54.57
51.67
50.39
53.08
50.33
48.56
50.39
47.36
46.85
55.45
55.08
47.61
55.37
53.88
45.03
49.17
57.3
54.9
44.93
42.76
49.13
59.39
58.84
49.47
48.44
54.97
61.7
56.56
47.52
45.8
55.93
62.02
53.89
53.04
54.68
52.76
53.46
53.79
48.51
46.48
54.06
58.5
47.25
43.61
47.69
49.87
51.71
50.01
51.59
53.67
45.35
44.84
54.07
55.64
53.42
51.27
46.61
46.03
52.52
50.26
43.97
44.89
44.53
41.9
43.09
47.41
49.68
43.62
47.01
54.12
54.79
53.39
55.18
59.35
58.6
48.95
42.03
47.78
47.46
46.2
47.24
50.46
62.12
62.52
53.85
53.09
55.79
59.25
51.92
46.32
50.76
46.68
56.38
66.01
54.69
54.68
61.03
53.51
49.77
58.8
54.65
46.23
47.82
48.98
48.96
47.04
48.13
48.31
48.26
48.22
42.99
44.39
47.09
48.41
48.32
51.16
52.97
45.44
44.61
47.09
53.32
57.03
54.87
56.36
56.45
54.78
54.49
54.39
48.56
43.8
41.44
48.54
52.68
48.26
51.26
48.71
50.21
56.75
54.87
46.89
46.79
51.9
46.93
46.61
52.86
52.99
51.89
50.6
49.47
48.39
48.35
54.35
53.81
47.49
50.2
48.29
48.1
51.42
53.22
65.36
60.87
42.72
47.05
56.68
48.63
48.96
55.74
54.41
47.03
50.85
57.25
52.3
49.0
48.88
48.45
44.16
44.18
46.59
53.91
59.79
55.11
51.94
51.19
53.19
56.15
51.43
49.14
55.0
55.09
41.07
37.7
44.47
45.34
49.92
54.89
51.06
43.86
42.36
48.06
54.55
57.59
60.68
53.61
47.77
50.05
50.73
44.58
47.41
50.44
49.42
50.34
43.87
45.45
50.9
52.52
53.1
52.76
45.39
53.12
56.36
53.44
54.46
48.33
51.41
51.52
46.84
49.0
51.63
48.27
47.13
50.36
48.18
44.77
45.82
50.81
52.74
46.53
44.88
44.96
43.42
48.5
56.34
56.3
54.36
56.32
59.93
53.23
44.53
48.38
50.67
52.9
52.64
51.73
54.37
54.1
50.39
51.06
49.43
47.55
50.76
55.0
56.53
59.68
57.25
52.55
53.8
53.41
54.2
48.77
44.06
44.2
46.65
47.82
46.02
52.42
56.29
50.67
45.02
47.87
48.29
49.45
54.55
42.22
41.82
44.73
39.05
41.62
46.72
51.32
50.21
47.09
48.96
52.84
52.58
48.05
51.23
51.02
45.32
48.07
54.6
49.79
39.68
45.57
49.13
45.26
46.71
46.61
43.5
45.81
41.35
