-0.3818000000000001
-0.0564
0.5115000000000001
0.7198
0.7097
0.7138
0.6546999999999998
0.3545000000000001
0.2782
0.4808999999999999
0.4534999999999999
0.451
0.561
0.5188999999999999
0.5346
0.4443
0.3320999999999999
0.5065999999999999
0.4911
0.4358000000000001
0.449
0.6406999999999999
1.0327000000000002
0.9401
0.6264000000000001
0.6947
0.7772000000000001
0.6032
0.5041
0.6198
0.7328
0.7905
0.8873000000000001
1.0246000000000002
0.9976
1.0165
0.9649
0.913
1.1003999999999998
1.1317000000000002
0.8453999999999998
0.8111999999999999
0.7917000000000002
0.8384
1.2543
1.2235999999999998
1.0204000000000002
0.8762000000000002
0.8821000000000001
0.8162
0.9477
1.0023
0.7659
0.8536
1.1732000000000002
1.1559
1.0729000000000002
1.3300000000000003
1.2744
1.497
1.5673000000000004
1.6977000000000002
1.9398999999999995
1.6510000000000002
1.5935
1.4777999999999998
1.3592000000000002
1.3807999999999998
1.6304000000000003
1.8036
1.9552
1.8251
1.7348
1.8193
1.5282000000000002
1.5037
1.779
1.8968
1.723
1.7735000000000003
1.7719999999999998
2.004900000000001
2.4769999999999994
2.4292
1.9631
1.7275999999999998
2.0487
1.9218
2.2096
2.6776
2.4256
2.3995
2.4618
2.5234
2.4906
3.0097
2.7899000000000003
2.4255
2.2126
2.133
3.074700000000001
3.4050000000000007
2.4429
2.4321
2.8589
3.1478
3.6732
4.0828
4.1302
3.647499999999999
3.6405
3.9204
4.0451
3.6286
3.7902999999999993
4.6518
4.5355
4.0397
3.9885
3.482099999999998
3.5438
4.8758
5.4468
4.184500000000001
4.1091
4.1137
3.7807
4.172899999999999
4.784199999999999
5.0399
4.5363
4.8443
4.957999999999999
4.887600000000001
5.056800000000001
4.998
5.150100000000001
4.206
3.3799
3.6349
4.3972
5.640499999999999
5.4743
4.7617
4.6706
4.315600000000001
3.7377
4.2425
5.4052
4.9333
4.4264
4.932
4.735
4.6145000000000005
4.699400000000001
5.337399999999999
5.611599999999999
5.1627
4.8606
4.685599999999999
4.8417
5.7578
5.6836
5.1084000000000005
5.410200000000001
6.480300000000001
6.501900000000002
5.701099999999999
6.254999999999999
6.555400000000001
6.517400000000001
5.578700000000001
5.1429
5.8420000000000005
6.745900000000002
7.134200000000001
6.618099999999999
6.853299999999999
6.256500000000001
6.017900000000001
7.017600000000001
7.270200000000001
6.690900000000002
6.3323
7.007000000000001
6.863300000000001
6.5262
5.9522
6.404599999999999
7.477700000000001
7.254099999999998
7.674499999999999
7.1514
6.5807
6.918199999999998
6.4678
7.0466
7.0983
6.958899999999999
6.881600000000001
6.625800000000001
6.401500000000001
7.150499999999999
8.381999999999998
7.6137
6.6012
6.4638
6.4417
6.5577000000000005
7.9675
8.021999999999998
7.437899999999998
7.3416
6.5318
6.2017000000000015
6.7473
6.845300000000001
6.5234000000000005
6.9576
7.593999999999999
7.482200000000001
7.4338000000000015
7.044200000000001
7.938700000000001
8.2472
7.7117
8.303199999999999
8.253700000000002
8.405000000000001
8.823599999999999
8.723799999999999
8.8478
8.6341
7.729899999999999
9.1936
9.939900000000002
8.8359
8.8592
8.5053
7.6431
7.4561
7.847199999999999
8.8255
8.7725
8.3148
7.9067
8.5304
9.0632
9.1108
9.8591
9.2619
8.102100000000002
8.038999999999998
8.113199999999999
7.543100000000001
7.847899999999999
8.607599999999998
9.7022
9.372899999999998
8.190299999999999
9.4464
9.6176
8.7978
9.0866
9.5691
9.087
9.0786
8.741100000000001
7.294700000000001
7.412999999999999
7.9786
7.489400000000001
7.8203
8.9563
8.0145
7.8931
8.1671
8.528799999999999
8.8003
8.869599999999998
9.453500000000002
9.5044
9.1026
8.421800000000001
8.2385
7.9035
7.660399999999998
8.0286
8.255799999999999
8.1291
7.7395
7.850100000000001
8.537199999999999
9.804200000000002
9.2901
9.140300000000002
9.6265
8.1113
8.969899999999999
10.3479
9.4857
8.6719
9.4276
9.491
9.6041
9.6837
8.6201
8.4542
10.1202
11.1611
10.542499999999997
10.386500000000002
9.6574
11.2064
12.531399999999998
11.173299999999998
10.628799999999998
10.076100000000002
9.5913
9.5246
9.3494
10.2855
11.408600000000003
10.9453
10.459300000000002
10.9379
10.9911
11.217600000000004
10.9353
10.1239
10.067900000000002
10.8577
10.691400000000002
9.8162
10.4088
11.3532
11.6666
10.4901
9.8997
10.421
10.857500000000002
10.7337
9.827100000000002
9.7094
9.9124
9.8606
10.1188
9.7936
10.841
11.091499999999998
10.310700000000002
10.5627
11.046200000000004
11.794299999999998
11.849
10.7041
10.540500000000002
10.7652
10.206799999999998
10.622799999999998
11.2929
10.9472
10.228
9.912299999999998
9.7765
10.449599999999998
10.966500000000003
10.208900000000002
8.3571
9.5619
11.163899999999996
10.132799999999998
10.417700000000002
11.477799999999997
11.5738
11.078
10.7993
10.658400000000002
10.7485
11.43
12.276799999999996
12.1745
11.653100000000002
11.053999999999998
10.2994
10.2772
10.485500000000002
11.315899999999996
11.7063
10.867699999999996
9.873400000000002
10.3891
11.8703
12.053000000000004
11.769800000000002
11.9048
11.9696
10.707900000000002
10.8991
11.527899999999995
12.055500000000002
12.798799999999998
11.9922
12.005199999999997
12.4288
12.3933
11.5798
10.831699999999998
11.1986
11.0027
10.7996
11.924700000000003
10.7627
9.657
11.264900000000004
11.850500000000002
11.6622
11.392
10.371200000000002
10.634999999999998
12.4994
11.535199999999998
9.8632
10.188999999999998
10.577399999999995
10.2181
10.2694
11.4081
11.5113
10.633700000000005
10.4168
10.4316
11.2568
12.1198
11.0398
10.8412
11.363199999999996
11.5814
10.8488
10.1405
10.4825
10.455700000000002
11.130699999999996
11.5971
12.265899999999998
12.4114
11.9033
12.330400000000004
12.4827
12.2345
12.182900000000002
12.3258
12.7656
12.671699999999998
12.0181
11.321899999999998
10.894200000000003
11.006200000000002
11.041000000000002
11.6744
12.410199999999998
11.773700000000002
11.1939
10.9103
11.6148
11.377900000000002
10.0705
11.662200000000002
12.292200000000005
11.8039
12.008899999999992
11.0321
11.432300000000003
13.0517
12.852400000000005
12.167
11.4995
10.6512
11.101
12.4945
12.493000000000004
12.290400000000002
11.7707
11.2596
11.586400000000005
11.5301
10.822899999999995
10.8168
10.377900000000002
9.7647
10.1418
9.3022
9.7006
10.6102
9.994599999999998
9.888
10.071500000000002
9.6157
10.569499999999998
10.930200000000005
10.105199999999998
10.0911
9.118100000000002
9.2741
10.0842
9.5028
8.4133
8.327599999999999
9.3583
9.8825
10.478
10.5975
10.940400000000002
9.963400000000002
9.2861
9.4658
9.4717
9.9667
9.9965
9.6819
10.4478
10.9445
10.395499999999997
10.1163
10.320299999999998
11.4409
11.703700000000005
9.9199
9.1615
10.3587
10.650700000000004
11.1268
11.7075
11.496900000000004
10.7299
11.4452
11.1928
11.7367
12.3332
11.4815
11.7891
10.7531
11.0802
11.7248
11.8413
11.1156
10.865000000000002
10.910299999999998
10.5824
11.548000000000002
11.2193
10.7405
10.5591
10.362
11.0361
11.3045
10.8335
11.0262
10.800999999999998
10.7557
12.067699999999997
12.170999999999998
10.5698
9.857
9.4018
10.274699999999998
12.6615
12.1723
11.1272
11.584700000000003
12.1401
12.6852
13.6729
13.0315
11.7298
12.0026
12.682799999999997
12.403999999999998
11.8103
12.732800000000005
13.1595
11.413899999999998
10.3924
11.4746
11.784300000000004
12.472299999999995
12.4876
11.475500000000002
11.7174
11.901
11.5143
11.886699999999998
12.179099999999998
10.920800000000002
10.1939
10.663100000000002
11.5659
12.2594
12.239500000000003
11.7816
