-5.050361537260143
-4.284151407903708
-1.9876992247350609
-0.8224665051154303
-1.1773891067656144
-0.598551388004327
0.2176780441547731
0.5481876614976189
0.6692337139225182
0.7237056531493828
0.8669406997321315
0.8229303368834833
0.4497238950168485
0.3856728824749865
0.4850428214131547
0.6434917583292057
0.5453882598786743
0.2766947538135007
0.4263290793021821
0.4688750591504091
0.3983707201895624
0.5343888430320484
0.636105553221298
0.6577978164611753
0.7845250939672036
0.7917407068619032
0.6554427953294233
0.61233569892769
0.629623232081354
0.5479059270578864
0.6140599460184757
0.7643322810283715
0.8288907094874237
0.7747151247950397
0.7173436051782249
0.7561874522226263
0.7725657530787374
0.9171159493695304
1.0228829770811252
1.178607731672414
1.0300239306395604
0.9348199488687856
0.857760730184543
0.7794824926677147
0.8622221740765295
0.8718323526343795
0.9665881670565656
0.8765805227753887
0.8449690770122811
0.9680897638169568
1.0871898443548351
1.0621546512557252
1.2008209117449566
1.2156370301317734
1.0310993298667208
1.018711034245923
1.0250152708951574
1.006074551301065
1.066134744981783
1.0886555151551045
0.8470534343869532
0.9794904466711412
1.2798043586645196
1.0788067018576684
0.8586107460270468
1.0065995041225866
0.9886310130693948
0.8026377537927332
1.0132773853023855
1.0950523671232846
0.8353914479974033
0.888899000074473
0.8899380643634437
0.7979173870756778
1.1530065832898655
1.2509058680249112
1.2925678899791968
1.1101627348110457
1.115973976283387
1.3071866751738623
0.9679749899041912
0.9586992465899244
0.9145080177555474
0.8394285108381488
0.9133913606584992
1.1223773886382131
1.2119840203293288
1.2363861027501108
1.203158484273965
1.0419450885004151
1.0367070097599247
1.0829035689555244
1.019983080722528
0.8536591120898466
1.0451444852362202
1.2919803359498536
1.0465411892906895
0.9814713883084484
1.1529730981705029
1.1603203966082296
1.1350880329028856
0.949848322917711
0.9278643433221
1.076929551295127
1.198437732890893
1.0956188402660274
1.0515323028116328
1.119282071784192
1.0721119402785046
1.2002826044979853
1.140085053810984
1.1018626758055
1.1659263105418345
1.053092442194324
0.9896543756160012
0.939414287934354
1.0053946677613712
1.188131119660023
1.174020630989866
1.1234647579292154
1.299687164367234
1.2756380334578077
1.1410395211568682
1.068247248247737
1.0763623814830796
0.9433102780203054
0.7929744022520905
0.9305437022164462
1.1455251274759308
1.290226647172533
1.0979779411917363
0.8815345521237767
1.0465824070509764
1.126262156562502
1.122826153322671
1.2751308414648514
1.3375031954633354
1.2169539931392674
1.092677047782678
1.0959424527605366
1.01603814937582
1.0317248443423672
1.2152358946183868
1.318921922095361
1.3214580350781544
1.3171257563572412
1.272242611761417
1.15286166378211
0.9907702931010192
1.0621079869906316
1.200781592146695
1.0563410733038163
1.1032835558674576
1.1938918655996316
1.2189107954492988
1.329753693922077
1.2186336202045018
1.0671441817367258
1.096135823259354
1.2151009682050564
1.2455860015346791
1.1102059777261706
1.074852787098947
1.0993991778745376
1.3002620914755283
1.2716832292750642
1.238430559127768
1.340851917710299
1.2865574160140598
1.346595924848832
1.2737932420677958
1.2991002682725832
1.3948554077709172
1.3733429099451862
1.3248547819306475
1.4532171860745202
1.35567523872121
1.0248760335898814
0.998219315885407
1.25696017422258
1.4825026057176909
1.2325292961078538
1.2760908009749363
1.3562883486266168
1.2308082351823466
1.0288665871303524
0.7819177312951399
0.9089227616208642
0.9307928115654605
0.8999217469969374
0.9558092721341028
1.0484987727826498
1.0366249944329062
0.9938498946032116
0.8949719604335276
1.0114157761969482
1.1670886953335058
1.0133805591546463
0.8836079321590126
0.8238510805485249
0.8861847026707173
0.892529695311461
0.8166777775067408
0.948382127446242
0.8688284858002536
0.7287486260179495
0.8725248744860048
0.8285544535069431
0.8754084245463828
0.96095451103943
0.8424203913284041
0.8705469335695014
0.8990012851818056
0.9176087590671936
1.0160862166070517
0.9665435960536664
0.9985035811066376
1.006776739663854
1.13788038806588
1.2345952638247697
1.073000986804478
1.0662700381103103
1.0430134746605275
0.9702326658604332
0.9951067991722716
0.961071817946236
0.9482075757085936
1.1045958073743285
1.1207555223332442
1.073742542734578
1.012488299538614
0.8701233724864693
0.9782965415500456
1.1189417868704703
0.980055060706012
0.994204687097237
1.1216663013395147
1.037635665414972
1.0924215561124269
0.9868927428404944
0.9183128939571328
1.0769307005304831
1.1507962544230832
1.1153158306870223
0.928980292620727
0.8757545268281415
1.0928186430705151
1.1023914382093027
0.9169527796996184
0.9163255084628492
0.8819203207888632
0.9544537946354376
1.1109002362127445
1.1796992214012278
1.0746329393947358
0.9108081768253062
0.767992361332873
0.8849059782949875
1.1741810767136631
1.0974211466616537
0.988021069810794
1.0444603529289624
1.1125126327837978
1.0781392657506432
0.9907495140875848
0.9136720243539416
0.953202085466524
0.939109646880576
0.9186543183003312
0.963977219812153
1.0385095792209338
1.2840343438957549
1.1938496940574246
1.071102992369956
1.2199100044304307
1.1708479394068283
1.1022266549082749
1.1515219160664376
1.1637839843513331
1.1388854624400897
1.1105790939143574
1.2022388723520434
0.9865998182737034
0.945357130910924
1.074296467017221
0.9601342386052822
1.100514546833527
1.2266582267358472
1.1661095894286786
1.1154270481821071
1.1705766625889225
1.1382452329311834
1.0333062081951565
1.0926384055422096
1.093383244029032
0.9881842937615324
0.9726748120367448
0.9992083342129118
1.210893104417644
1.314436658243166
1.2671026105947998
1.1409140144704617
1.021684572697097
1.0737773556771877
0.9011231821357716
0.9032467993778508
1.1190732943415127
1.191045742946728
1.0991465918166
1.075445818216965
1.2910435424053903
1.200214167263605
0.982812185190999
1.0346665391089036
1.0553560423164288
1.156760162409861
1.2635150841130136
1.1912063496202965
1.0054998646896751
1.1587563768787164
1.2931334852940508
1.2020900754332844
1.1223856795587126
1.2266480837186649
1.2511571631940812
1.0426230439413768
1.0743261538877693
1.2267646740217266
1.2590189862594952
1.3167065369561244
1.537227973674882
1.6008340340989795
1.4214292016841994
1.4353264233474752
1.435324638539671
1.0660037374163596
1.2966201902365189
1.4995075013368893
1.1840531963806065
1.0701532044882744
1.0329286072015074
1.1849209820693916
1.2201161320592884
1.1601109032786348
1.308831543512916
1.399068816158911
1.3642070749347546
1.4500845558559146
1.3498853778360396
1.0726699479691162
1.08879482530273
1.1031024331435135
1.3053951949970368
1.5041692264273294
1.368458835077256
1.2494043447762488
1.222311510032098
1.3684148266260334
1.3300167275188903
1.3021472224315551
1.2693137569082371
1.0730245079918972
1.263443861599615
1.2549613297492237
1.0660212117252583
1.1172808765207385
1.286933942956249
1.1537991619006975
1.093630488724949
1.235343124689949
1.3265022300547684
1.4234729915018245
1.381347423650623
1.3377877724323524
1.1220384244904875
1.034247943462528
1.210415502691592
1.333073567371577
1.515836961933591
1.6932434143380346
1.5905611147308334
1.4377076757237377
1.315506419988902
1.6120042647793285
1.58664778633168
1.3042856903308782
1.3018490624141144
1.1915950003590623
1.2651786276909056
1.2696820964735969
1.2326226822693245
1.111465276555926
1.288746370680916
1.400709423662036
1.247937450796999
1.215236484900143
1.4195217261082953
1.5039721427530517
1.2550899501714463
1.338508272131668
1.4241427433888203
1.3856758273452423
1.410120837844338
1.350515608605951
1.428782801605027
1.3955201779200543
1.475949181546964
1.7557746401011272
1.5464582832250706
1.2250404578550451
1.1564019676998176
1.496462723452052
1.6368419651900368
1.401370599838265
1.2980531979369392
1.351774288040842
1.4646533498624696
1.3024808314388532
1.2572228633042364
1.411480545750781
1.4421595050983615
1.4347055578676606
1.284078663079133
1.1707747859407052
1.36344961291041
1.4671208907489244
1.2924726114537288
1.2464577506270258
1.1678938969703032
1.2024907064484671
1.4189906648113944
1.4637970787847772
1.4659418400972537
1.4992598405775726
1.5396544083466397
1.6935778817101408
1.7979223757229474
1.410551870949951
1.123383782190711
1.3074571496210825
1.462605435211542
1.2684262445147434
1.279543210305602
1.385501039802445
1.3389659663900153
1.714220452430967
1.631439453296576
1.080099618052919
1.0761043361879885
1.2479105060522142
1.3687359973382571
1.6244924364847788
1.4848935772158756
1.2636267530055147
1.484912070624682
1.6822224087867932
1.5766357827880018
1.5040068378244065
1.7432189269143694
2.000004645344073
1.6055282083775309
1.1496648656436184
1.3145891546215478
1.562617962731618
1.4394501689952892
1.4597592398297374
1.4960512029263489
1.4414892714073488
1.5284520193846185
1.3313928601193643
1.2461537207461304
1.546525912560353
1.5994827516324266
1.5091039684357168
1.5101979968234829
1.4333740526376826
1.254448565217294
1.1346446434568869
1.444296314559304
1.8304136126027928
1.7811330036190425
1.5439746251823436
1.472642327290841
1.3008780773535538
1.1911768435750556
1.2497580355194349
1.1942320614753636
1.0410397695946276
1.2000109254532771
1.5101940990518006
1.609181975437183
1.5937014116391228
1.592159967280481
1.8597200570631005
1.7910716063321308
1.45092472747896
1.4884094853080152
1.429218340053169
1.263425551257977
1.5192772401392725
1.5933908176396927
1.4810867198872757
1.5161440996040247
1.3152197776130143
1.2023851541480914
1.3484153807843364
1.5847930914025066
1.4078845510111029
1.340778210134023
1.6486032640420454
1.7026399676260475
1.597901706840534
1.560596010993539
1.661713534999051
1.8126461900614308
1.6176356588529428
1.3356566021685787
1.1342665643917014
1.254256514255318
1.35562803149086
1.4077262871232843
1.5682555621800722
1.3095644602524044
1.2138235146500365
1.3328535612670942
1.2427144721546128
1.1912206141823485
1.5552695811580364
1.7229764579825997
1.5598011544755577
1.527993731432464
1.3011946070357123
1.2938409578396497
1.7767121002775457
1.7772733762129256
1.5429858810177144
1.4928127303022063
1.25004934904285
1.518924175016714
1.731127396382604
1.5033611603936543
1.2744992421295147
1.1856673585574535
1.356875451099632
1.346391250799317
1.423275639719653
1.499634931439695
1.4933936625881696
1.478220688155429
1.3904267435657196
1.3917283157659035
1.4061876493071963
1.3054737683164308
1.5519764269052974
1.500120347399854
1.2533193346701188
1.4386120297439222
1.4769842798177546
1.3273377342506345
1.296099185087913
1.3071688925282463
1.2766348954450868
1.3989989883112666
1.272787463422852
1.1453836666233363
1.2108951464154167
1.294730378779496
1.374902122617648
1.2661694441335187
1.2750200045001632
1.17590543145803
1.1032633523495994
1.3314837961048207
1.2733633809277245
1.191871222012715
1.2636404879612009
1.205140728442304
1.1913404735899618
1.3054589812294188
1.2825070072323277
1.121844136669423
1.4368782715805608
1.5608590454588431
1.2862113031964129
1.5545154889908253
1.5365190292718445
1.4635532560989284
1.5469924558004835
1.3642756283016515
1.132271513088252
1.0350101523666453
1.1695328032798715
1.355845629746638
1.3563364100490298
1.3273945111550671
1.5044873786569812
1.8532837885589128
1.7374699499185298
1.2836790586544184
1.3102976332640437
