-0.321
-0.1644
0.2921
0.6595
0.7770999999999999
0.7579
0.5206999999999999
0.2289999999999999
0.0677999999999999
0.3152
0.5439
0.4481
0.3500999999999999
0.472
0.4826
0.5466000000000001
0.6254
0.5333999999999999
0.7142999999999999
0.7981
0.8744000000000001
0.9385
0.7891999999999999
0.9221
1.1066
0.9957
0.9233
0.7707999999999998
0.6401
0.7928000000000001
0.8505000000000001
0.8583999999999997
1.1964
1.0104999999999995
0.6937000000000001
0.8066000000000001
0.8612000000000001
0.6818000000000001
0.6886
0.8401000000000001
0.8050000000000002
0.8683
0.8591
0.9071
0.9397
0.9761
1.084
0.9536
0.9507
1.0065999999999995
0.7106
0.8738999999999999
1.1871
1.3546000000000005
1.3043999999999998
1.0287999999999995
0.8297
0.7049
0.7902
0.7267999999999999
0.7555
0.9007000000000001
0.7775000000000002
0.8039000000000001
0.9025000000000002
0.8910999999999999
1.0184000000000002
1.1574
1.2028
0.9785
1.0145
1.3140000000000005
0.9937
0.5856999999999999
0.7491000000000001
0.9412
0.8465
0.9351
1.0271
1.2582
1.3798
1.0967
1.2289
1.1184
1.1211000000000002
1.2659000000000002
1.3214
1.4393999999999998
1.101
0.7399
0.8195999999999999
0.8564999999999998
0.8397000000000001
1.0188
1.097
1.1348
1.2218
1.6545999999999998
1.638
0.9801
0.8003
0.8478
0.6661000000000001
1.0149
1.2487
1.0747
0.9480999999999998
0.9449
1.2939999999999998
1.4912
1.1253
0.8537
1.0937
1.1438
0.8095999999999998
1.0491
1.3238000000000003
1.2488999999999997
1.4335
1.1112999999999995
0.8432999999999999
1.0140000000000002
1.0403
1.0725
0.8960999999999999
0.8709
1.0771000000000002
1.1227999999999998
1.1096
1.275
1.7283
1.2933999999999997
1.0591
1.4011000000000002
1.1171000000000002
1.0280999999999998
1.1841000000000002
1.1459
0.9218
0.8210999999999998
0.8597999999999999
1.1717000000000002
1.2340999999999998
1.1710999999999998
1.1666
1.0144000000000002
1.0182
0.8045
0.5693
0.7493
0.8266000000000001
0.5832
0.6854
0.6609999999999999
0.7896000000000001
0.936
0.7541
0.7129999999999999
0.6893999999999998
0.9942
1.0363
0.8514999999999999
0.8878000000000001
0.8059999999999999
0.7533
0.9306000000000002
1.0579
1.0877
0.9512
0.7516000000000002
0.8802999999999999
0.9583000000000002
0.9148
1.0871000000000002
1.1541
1.0285000000000002
0.8999999999999999
1.1262
1.3682
1.4635000000000002
1.6831999999999996
1.3915999999999995
1.0793
1.1051
0.995
0.9515
1.042
1.0016999999999998
1.1673
1.3567000000000002
1.1545
1.0636
1.0131
1.2652
1.5088999999999997
1.511
1.2532
0.9946
0.9886
0.8151
0.8895999999999998
0.9877
0.9757000000000002
1.048
1.1632999999999998
1.0624999999999998
1.1486
1.1179
1.0292
1.1202
0.8913
0.7428
0.6945999999999999
0.7565
0.7725
0.6477999999999998
0.8172
0.9352
0.778
0.7407
0.9946999999999998
1.2555
1.3563000000000005
1.3404000000000005
1.1682
0.8780999999999999
1.0857
1.3289
1.2806
1.104
1.1860000000000002
1.6747999999999998
1.4444
1.3768
1.2643999999999995
0.9215000000000002
1.0838
1.2338
1.5507000000000002
1.243
0.9783
1.2801
1.2829
1.2832
1.1509
1.1711
1.413
1.7035
1.5229
0.9368
1.4098000000000002
1.6057
1.2423
1.1305999999999998
1.3246
1.9255999999999995
1.7731000000000003
1.2135
0.8694
1.2753
1.7847000000000002
1.4174
0.9737999999999998
0.8693000000000001
1.0756
1.1797
1.0172
0.9628
1.2099000000000002
1.5412
1.6410999999999998
1.4153
1.2734
1.5615
1.3363000000000005
0.9964000000000002
1.2333999999999998
1.4610999999999998
1.3916000000000002
1.2886000000000002
1.4417
1.6104000000000005
1.311
1.2107
1.7616999999999998
1.4263
1.278
1.5757
1.2389
1.1701
1.1767
1.1823
1.3897999999999997
1.3127000000000004
1.5801000000000005
1.753
1.4198000000000002
1.3747999999999998
1.2974
1.6456000000000004
1.5289
0.9809
1.11
1.0558
1.2933
1.7551
1.3836
1.2963
1.8546000000000005
1.9289
1.7325999999999997
1.4023
1.4534
1.9442
2.3072
2.1545
1.8641000000000003
1.9563
1.7907
1.6246
1.5620000000000005
1.8418
2.4803
2.2096
1.3992999999999998
1.7897999999999998
2.1497
1.965
1.6466999999999996
1.629
1.7619000000000002
1.5672000000000004
1.8526
2.1975
2.1887
2.2993
2.1427
1.8676
1.8166999999999995
1.2379000000000002
1.5873000000000002
2.4046
2.5988000000000007
2.3461
1.9918
1.9937
1.7586
1.8969000000000005
1.7582
1.8639
1.7456000000000005
1.2306
1.2508999999999997
1.4132
1.4441
2.0709
2.4376
1.568
1.5166
1.9288
1.9495
1.952
2.141
2.083
1.4638999999999998
1.5219
1.8460000000000003
1.7347
1.6565
1.1332999999999998
1.1151
1.6842999999999997
2.027
1.8611999999999995
1.6180999999999994
1.6485
2.0945
2.2959
1.8135
1.6778
1.9376
2.5665
2.3472
1.6617
1.4248000000000005
1.5365000000000004
2.0924
1.92
2.358
2.6796999999999995
1.8459
1.93
1.8639
1.9642
2.3253
1.8099
1.5548000000000002
1.2903
1.064
1.5692999999999997
1.731
1.7013
2.0901999999999994
2.1286
1.5944000000000005
1.4055999999999995
2.0393
1.9211
1.4958
2.0956
2.2885000000000004
1.9322
1.7483000000000002
1.9319
1.7591000000000003
1.7769000000000004
1.9897
1.6980000000000002
1.6081
1.5694
1.5048999999999997
1.8926
2.2889000000000004
1.6733999999999998
1.5235999999999992
1.9239
1.5384000000000002
1.2726999999999995
1.7741999999999996
1.8769
1.6635000000000002
1.65
1.7719000000000005
1.871
2.3474
2.2138000000000004
1.6258
1.7360999999999998
1.6492999999999998
1.5611999999999997
1.5034999999999998
1.5366000000000002
1.7158999999999998
1.5616999999999996
1.5655
1.5449000000000004
1.4395000000000002
1.3864999999999998
1.2357999999999998
1.3466999999999998
1.3293
1.4333
1.8299
1.8205
1.5988999999999998
1.4038000000000002
1.5007
1.5319
1.6803
1.7922000000000002
1.4697000000000002
1.3115
1.7442
2.6519000000000004
2.7590000000000003
2.4369
2.0394
2.3371
2.7161999999999997
2.7029
2.815400000000001
2.7825
3.0144
2.7199999999999998
2.1546000000000003
1.85
1.6759000000000004
2.1128
2.2979000000000003
2.3948
2.222
1.6411000000000002
1.6447999999999998
1.7651
1.6203
1.7906000000000004
2.6305
2.2535000000000003
1.3433999999999997
1.207
1.3639
1.7463
1.9253
1.8802
1.4057000000000002
0.9616
1.3474000000000002
1.3472000000000002
1.3658
1.8456
1.9222000000000004
1.7594999999999998
1.4844
2.1082
2.0563
1.7548
1.9479
1.7967000000000002
2.0497999999999994
2.1248
2.0873000000000004
2.01
1.7116999999999998
1.6358
1.6342999999999994
1.8249
1.9507
1.8764
1.8389
1.4250999999999998
1.4442999999999997
1.9632000000000005
1.9167000000000003
1.6023999999999998
1.4351000000000005
1.3539
1.0986
0.9497
1.5043
1.6654
1.1031
0.9537
1.5851
1.5890000000000004
1.2932
2.036
2.5813000000000006
2.1063
1.2944000000000002
1.5355
1.7814
1.6477999999999997
1.5796000000000003
2.1855
2.4688
1.9837
1.892
1.5646
1.7874000000000003
1.9847000000000004
1.9985
2.2104000000000004
2.3053
2.3703
2.1989000000000005
1.6655999999999995
2.1657
2.1039000000000003
1.5200999999999996
1.8697
1.7860999999999998
1.5396
1.1527999999999998
1.9782
2.5301
2.4566000000000003
2.2448
1.8504
2.2831
2.0114
2.1528
2.1916
2.3411
2.4733
1.6894999999999998
1.7319
1.5848999999999998
1.2896
1.634
1.6656000000000004
1.9598
1.943
2.1387000000000005
3.0304
3.0454000000000003
2.755699999999999
2.1102
1.974
2.1521
1.6775
1.6473
1.4576000000000002
1.8404
2.1686
2.0564999999999998
1.6897
1.3098
2.2315000000000005
2.6794
2.9435
