128.93
150.43
155.1
161.17
130.48
121.34
144.71
130.12
109.39
83.38
70.87
31.0
34.24
35.28
42.71
34.43
22.16
32.86
19.65
20.82
32.52
8.48
23.92
19.7
22.53
23.34
12.72
24.61
19.7
15.87
13.85
12.91
20.32
15.22
16.14
10.86
12.84
12.12
10.42
13.35
16.09
7.77
9.07
11.49
12.29
10.07
1.76
4.51
9.68
4.88
13.46
10.57
7.61
17.22
9.06
1.99
7.73
2.89
2.3
5.71
7.14
2.25
3.43
4.16
8.41
10.0
7.11
8.0
1.5
2.49
2.2
9.97
5.94
6.38
4.55
10.04
5.85
11.53
8.77
9.22
1.93
5.24
10.18
6.89
3.45
0.64
3.85
3.46
4.38
5.05
0.64
3.19
4.25
2.21
0.0
4.22
3.33
5.64
0.0
1.04
0.81
1.99
0.93
0.61
4.7
2.47
2.7
2.12
7.1
0.0
4.94
3.33
1.04
1.39
5.01
0.0
2.53
3.66
1.3
3.61
3.31
3.23
0.04
3.45
3.01
6.33
2.17
3.71
4.06
3.38
2.82
0.53
2.39
9.77
9.71
0.02
2.01
1.25
4.69
9.14
17.88
4.31
5.85
8.99
0.48
4.39
2.93
5.24
5.16
6.41
1.85
3.61
2.81
1.57
3.62
4.83
0.62
3.61
10.33
6.5
4.05
5.62
5.83
2.9
4.17
6.31
11.95
2.31
3.34
2.5
14.88
4.18
5.43
1.78
4.21
9.67
6.17
8.04
4.52
3.88
8.1
6.78
1.49
2.72
9.7
12.09
8.5
2.82
10.61
4.03
2.58
9.94
8.06
4.27
11.74
7.94
7.2
13.96
8.61
10.83
10.91
8.62
9.13
8.42
14.21
12.25
5.23
8.38
2.6
11.05
8.1
4.64
10.55
7.01
9.02
27.0
13.4
5.96
5.71
11.06
12.95
14.12
6.76
4.43
15.67
12.55
23.54
22.89
12.53
20.67
7.44
9.67
21.54
20.76
24.56
12.29
31.04
14.14
21.89
14.48
14.93
17.36
19.04
21.05
14.76
13.02
11.74
20.25
21.84
12.54
18.43
10.3
15.49
10.65
12.46
8.27
16.56
13.74
24.81
11.05
12.31
22.38
9.59
10.06
13.69
15.16
4.8
18.02
8.67
14.87
3.59
7.37
6.9
8.41
22.57
5.58
17.2
16.24
14.17
9.3
17.43
14.53
8.33
10.72
10.57
7.78
10.98
12.94
12.98
8.07
13.5
12.18
18.28
6.56
12.49
11.1
13.03
8.67
9.22
10.5
18.09
10.37
10.17
11.5
8.28
9.43
6.99
8.26
8.47
6.34
13.1
11.6
20.33
13.46
10.06
8.73
5.39
6.37
10.63
13.39
8.7
11.08
13.85
14.7
6.66
7.62
9.06
9.98
4.89
16.29
9.98
15.14
11.32
17.11
10.59
17.93
11.36
8.92
19.47
16.64
14.14
17.67
27.83
21.65
12.64
13.9
36.78
9.58
11.41
19.87
23.01
25.17
14.93
20.76
19.52
13.04
14.1
24.89
20.99
18.89
31.6
27.77
7.35
18.18
17.31
12.91
11.42
11.87
16.45
14.84
19.8
7.11
13.79
11.41
10.43
5.25
2.56
8.03
4.05
10.61
19.27
3.79
14.92
8.39
7.81
5.36
8.77
7.36
13.84
8.85
11.72
10.54
8.85
7.8
10.83
13.23
15.14
6.42
4.45
9.83
8.57
5.65
5.95
9.93
12.29
20.17
7.44
6.29
12.98
12.09
19.19
12.7
6.91
14.4
7.44
11.65
13.15
12.66
8.58
14.23
14.41
8.17
8.61
29.44
15.4
11.44
9.64
13.15
27.96
9.82
16.41
14.82
21.71
13.67
18.26
11.3
11.83
18.21
22.01
7.1
8.51
20.88
21.22
16.66
12.48
15.29
28.6
21.04
17.71
8.12
22.85
20.98
5.17
3.76
15.91
24.33
14.4
12.64
14.32
14.39
16.14
12.77
19.78
19.64
10.36
14.25
16.97
9.38
20.26
23.63
21.93
16.98
20.4
15.03
19.67
15.31
20.32
23.2
12.05
25.85
19.16
21.79
24.72
12.56
5.98
14.28
15.18
19.35
16.96
17.27
16.76
14.08
14.89
12.82
12.4
7.14
4.68
7.65
14.87
12.03
8.66
16.09
5.49
11.65
8.52
12.81
5.83
9.47
12.34
5.27
2.61
8.51
13.51
4.83
10.46
10.58
9.78
10.56
9.42
5.94
7.61
7.11
6.61
9.7
15.85
3.8
16.67
12.46
11.76
10.27
15.94
11.33
8.91
8.03
10.36
15.41
13.0
6.0
15.2
10.87
12.18
11.65
11.05
20.59
10.76
17.67
7.82
16.8
20.05
6.63
12.38
13.3
11.57
17.9
15.37
16.7
13.07
21.26
19.71
18.33
13.81
15.28
11.76
16.26
7.94
12.25
16.31
19.6
25.25
21.46
16.89
26.4
11.95
15.95
12.26
14.22
21.15
15.6
15.26
16.91
24.11
15.44
9.74
11.43
12.79
17.29
18.66
5.79
17.19
18.45
10.26
12.29
18.8
13.3
10.97
9.36
19.67
20.9
9.98
16.94
