182.51
161.75
146.76
156.83
126.47
140.93
135.23
124.57
101.8
96.28
97.47
54.23
70.88
51.7
33.02
33.23
21.86
19.14
16.42
9.99
5.66
4.34
3.51
12.11
5.38
12.1
12.76
7.01
7.17
3.0
6.28
1.95
3.61
11.71
8.81
5.17
6.39
1.56
4.36
2.72
12.43
4.23
6.92
7.01
11.39
5.23
11.4
10.72
2.47
1.87
5.12
4.01
7.19
5.71
5.74
6.54
6.62
1.91
4.47
1.77
6.26
9.79
9.86
1.64
2.22
4.35
1.9
6.81
2.84
0.0
0.6
0.13
0.74
5.17
1.6
11.46
13.9
9.11
3.35
0.12
5.52
3.07
4.22
1.98
2.63
5.12
3.38
0.0
3.72
3.08
0.0
6.66
0.73
4.11
2.27
0.01
0.08
6.76
8.21
0.32
0.0
4.48
2.26
4.46
0.57
2.78
0.1
2.1
0.51
0.07
0.0
1.53
3.39
1.02
1.0
0.41
0.0
0.36
3.0
0.09
0.0
2.95
1.54
0.72
3.19
1.44
2.12
1.07
2.98
0.75
1.79
2.86
4.2
0.0
3.03
3.77
2.07
2.35
7.21
8.58
4.88
1.48
6.12
6.55
4.92
0.87
0.31
4.54
5.27
2.27
2.66
2.22
6.98
4.14
4.65
2.31
1.56
10.99
7.62
1.9
5.3
7.22
4.51
2.38
5.21
6.5
2.27
10.78
6.04
5.6
4.22
11.23
5.43
4.94
10.74
4.78
9.58
5.04
8.69
6.43
13.22
11.51
9.49
5.25
11.47
12.51
13.28
13.56
9.55
9.2
14.65
18.21
16.73
9.41
10.69
9.33
13.49
18.68
20.73
12.63
14.45
27.71
21.05
11.32
13.01
9.64
14.0
13.78
8.57
11.44
18.51
21.1
17.17
20.51
14.28
20.68
12.77
19.08
9.06
27.07
17.59
17.26
13.79
12.72
15.89
12.89
22.16
9.85
16.74
7.53
10.26
13.2
14.52
16.59
11.92
17.28
6.61
19.26
18.57
14.13
15.43
10.19
15.38
13.8
10.85
9.03
19.37
10.79
9.89
21.36
22.99
10.12
20.7
12.73
20.25
18.95
19.31
13.39
3.49
14.83
13.65
23.29
13.85
8.91
13.96
17.32
16.54
8.34
10.36
18.52
13.37
12.48
9.21
9.56
6.73
7.81
11.1
8.15
6.6
8.95
5.7
13.34
7.97
19.2
18.13
11.12
4.95
4.3
4.49
5.06
13.98
9.88
8.27
9.01
4.24
8.58
15.02
13.13
26.8
8.11
13.15
20.53
21.74
8.88
18.52
12.93
11.14
23.08
23.8
15.66
22.75
18.36
20.63
21.91
25.95
32.79
16.72
38.2
19.17
16.81
13.75
14.18
13.62
7.54
16.31
12.5
12.34
13.28
12.65
9.75
11.12
5.07
8.58
9.72
6.83
6.74
8.5
8.34
5.75
4.4
7.06
2.61
9.88
8.7
9.57
10.82
6.75
25.56
6.59
8.6
13.82
11.73
8.31
15.13
14.3
6.2
9.65
9.4
18.09
25.01
22.3
30.85
16.24
23.01
20.12
18.89
22.36
21.41
10.59
23.72
17.53
17.23
23.08
19.99
22.36
23.55
24.21
21.71
14.38
21.05
14.12
18.98
12.71
18.75
23.87
7.44
13.81
14.01
4.49
10.68
9.06
12.55
4.76
5.9
16.3
8.63
6.97
5.7
4.71
5.06
9.26
5.87
8.65
14.82
9.0
3.87
8.81
7.21
10.59
4.01
4.58
9.82
7.43
5.08
5.6
6.49
8.63
9.19
19.66
13.14
15.33
8.27
14.17
13.19
13.77
9.85
15.61
13.9
10.27
18.32
12.6
22.89
16.78
16.99
11.21
7.39
19.14
25.13
24.11
18.97
25.55
15.81
20.51
15.42
30.08
21.01
16.61
15.33
13.56
23.2
15.33
18.58
18.63
11.41
16.9
11.75
11.8
14.57
4.81
10.09
10.58
8.84
19.11
8.39
13.94
6.26
12.17
9.53
10.96
10.46
7.58
6.51
11.9
9.07
7.55
13.83
16.68
15.32
9.08
12.54
10.4
11.14
17.84
17.61
19.76
12.81
18.54
9.35
19.37
11.06
13.74
20.65
7.01
11.37
19.9
15.25
21.03
12.16
20.21
17.44
18.98
19.29
12.69
15.44
21.78
30.43
18.53
20.16
20.02
22.34
18.39
28.35
22.83
19.9
17.96
21.58
19.35
15.03
20.78
17.39
16.36
13.82
14.67
12.37
11.73
9.79
2.69
9.65
9.33
8.43
12.54
5.35
10.51
6.42
14.72
5.07
9.04
9.85
9.81
6.16
9.28
4.44
7.11
5.81
4.09
8.15
14.52
9.82
5.0
7.98
7.22
5.29
6.4
8.61
8.67
8.62
4.4
8.11
8.71
7.27
8.22
11.67
15.84
10.47
8.18
11.73
11.62
14.31
10.19
10.87
15.4
15.28
12.42
7.48
18.67
11.78
13.34
11.88
13.22
10.16
12.52
15.17
18.51
10.86
15.61
25.06
16.07
11.96
26.38
31.59
16.33
24.29
18.7
18.08
11.87
17.24
16.54
12.61
15.49
17.49
