157.4
162.93
166.27
146.72
115.4
95.56
95.66
102.77
77.31
55.63
63.69
65.26
47.09
35.1
50.21
45.96
35.86
38.24
37.27
42.48
52.54
43.92
29.13
29.72
24.81
26.89
29.52
21.44
24.49
22.96
17.78
28.63
26.0
19.71
30.17
43.86
41.84
27.22
25.88
35.54
38.77
33.83
46.25
48.68
38.14
40.28
37.36
44.47
51.32
44.0
32.33
24.75
33.28
52.85
65.47
72.0
68.92
68.18
78.75
74.2
56.95
70.88
81.9
96.69
96.46
75.06
68.48
49.98
36.49
36.95
33.85
24.33
32.32
34.93
27.35
24.74
21.55
13.2
8.28
17.18
18.23
17.03
13.55
3.04
3.64
11.19
23.87
23.01
18.05
22.73
30.04
22.52
12.07
9.86
17.24
24.44
16.92
10.42
5.39
6.61
7.48
2.31
4.57
7.24
3.94
1.75
1.46
4.72
5.96
13.96
14.81
2.56
0.14
0.52
3.48
3.05
0.55
1.59
1.04
0.0
0.14
2.76
2.62
0.0
0.0
0.13
0.13
0.0
0.0
3.54
4.99
1.47
0.02
0.63
0.63
0.0
0.13
1.54
2.83
1.42
3.9
6.95
6.09
3.08
1.11
7.84
9.56
6.57
6.85
3.98
2.59
10.32
12.09
17.77
19.42
7.17
10.3
24.11
19.28
4.26
0.86
3.59
5.24
10.19
14.48
13.64
8.6
4.18
3.94
9.44
8.88
0.39
2.9
7.0
4.99
1.73
2.02
4.43
5.93
2.39
1.82
3.22
1.4
1.44
1.44
0.0
0.0
0.08
0.92
3.49
5.08
2.43
0.0
0.09
0.09
0.0
0.0
5.03
5.03
0.0
0.0
1.25
6.56
5.62
3.3
8.62
6.05
2.98
10.05
10.7
10.65
8.62
7.25
6.11
3.74
5.74
2.65
1.63
5.89
7.37
2.5
0.0
1.2
1.2
0.02
0.02
1.83
3.91
2.08
1.23
1.23
0.74
3.11
4.04
1.67
0.0
0.38
0.38
0.0
0.31
0.83
1.89
4.13
5.5
2.74
3.12
3.6
3.51
3.03
1.64
5.06
3.66
0.53
0.48
18.01
18.13
0.75
0.51
0.07
1.11
1.12
1.04
1.03
3.25
3.74
0.49
0.06
0.14
6.53
7.62
5.26
6.35
3.94
2.21
3.21
3.21
7.63
13.32
11.72
11.23
5.73
2.41
7.32
9.79
13.01
13.63
16.46
19.74
9.49
0.76
2.54
5.16
4.17
10.73
14.26
14.22
9.19
3.7
9.76
14.11
17.45
20.78
22.01
16.85
20.67
31.76
26.29
26.33
27.29
23.47
22.01
20.6
16.83
9.86
19.56
29.26
24.07
26.94
20.09
10.58
13.66
13.62
12.26
9.96
10.56
11.89
20.96
29.15
29.55
34.5
38.88
35.3
38.27
44.33
39.96
26.77
17.31
16.22
17.08
12.93
12.26
14.83
14.96
9.05
5.22
9.32
13.04
13.77
10.74
9.2
13.16
13.17
9.01
8.73
10.43
13.26
15.37
15.34
11.87
16.72
16.56
14.88
20.47
18.0
7.96
4.87
13.53
10.83
4.39
11.43
10.48
6.55
8.58
6.87
7.34
9.2
9.89
10.4
7.12
4.72
8.61
8.21
3.73
8.41
8.03
11.21
16.15
11.3
11.09
11.69
9.08
5.79
7.92
9.41
7.41
8.13
9.37
11.39
10.85
9.2
9.94
13.64
16.7
14.34
10.65
11.47
13.34
11.02
13.01
14.77
18.49
29.33
25.38
16.71
25.13
30.1
24.85
28.7
48.52
46.56
32.08
27.29
36.32
36.32
25.32
16.27
7.15
15.3
28.32
25.32
20.73
17.5
10.03
16.2
14.34
15.7
17.19
9.83
7.06
3.79
2.57
6.42
10.55
8.74
5.33
5.42
8.93
11.68
12.37
10.49
6.16
6.92
7.91
11.75
17.03
17.49
14.12
9.83
9.02
6.39
8.21
9.26
8.34
9.84
9.05
6.29
7.92
10.2
12.33
10.77
5.03
5.72
9.36
11.44
13.01
17.77
18.32
14.08
16.75
19.27
14.2
14.76
22.28
20.2
20.01
24.18
20.73
24.56
29.62
19.25
15.53
27.42
31.07
29.57
21.89
17.47
26.61
35.05
32.01
21.51
17.29
10.72
9.71
12.5
10.7
10.58
10.76
10.41
9.43
10.52
12.58
14.97
12.43
5.85
10.57
16.76
10.03
4.04
3.03
6.13
9.57
7.59
8.33
10.97
8.61
9.21
12.04
8.77
9.58
11.26
5.39
8.09
9.28
8.25
11.22
9.5
9.45
12.69
22.36
21.99
13.44
11.59
11.38
15.8
15.65
17.18
21.9
19.0
13.71
20.66
30.09
32.0
29.95
25.87
26.69
25.6
30.36
26.75
27.33
34.58
27.62
28.52
29.17
27.01
32.93
24.75
11.19
19.13
23.98
15.0
10.82
10.76
7.06
4.92
5.63
4.19
8.75
9.15
4.95
5.92
5.37
6.57
9.16
12.4
11.8
5.29
3.31
3.31
7.22
6.51
1.78
6.42
6.2
3.38
4.14
12.24
13.86
7.5
6.47
7.75
