115.01
119.57
134.54
116.89
108.26
99.31
120.22
53.68
54.13
62.11
67.69
48.44
45.86
41.37
44.12
33.53
22.2
29.33
20.47
24.97
15.22
25.02
11.57
18.94
21.88
4.91
26.29
8.87
8.92
11.13
18.32
3.92
14.7
11.18
9.25
5.62
4.54
4.82
13.47
6.28
13.08
1.68
8.6
1.53
9.03
6.95
3.13
1.51
0.75
2.65
4.2
5.44
7.38
6.09
2.06
2.38
5.35
5.16
1.43
2.62
6.81
1.5
8.99
8.91
4.51
8.3
4.65
9.86
5.4
5.49
8.06
10.63
1.54
0.47
8.61
2.96
0.88
3.41
5.2
0.81
0.02
0.23
7.36
2.01
2.64
2.64
12.56
0.55
1.57
0.0
0.4
6.12
1.51
0.13
3.83
4.45
3.02
6.72
6.14
6.15
0.14
3.81
1.03
0.81
0.52
0.08
3.11
2.69
1.44
0.0
1.1
0.04
0.0
0.0
0.52
0.11
0.44
2.41
2.7
1.95
2.81
1.32
0.87
5.05
0.41
1.6
1.57
2.92
3.36
2.26
5.3
3.68
7.43
3.03
9.06
3.6
7.34
5.43
9.28
10.12
12.76
15.33
19.7
10.31
23.14
16.37
25.6
33.6
34.87
34.04
39.52
38.42
29.02
39.96
22.57
23.29
21.82
14.46
11.69
10.51
12.49
10.38
9.42
3.49
3.93
10.21
2.86
6.78
6.14
5.09
15.0
6.46
10.23
8.98
8.56
10.89
12.78
15.01
14.43
6.62
10.38
5.87
8.71
6.06
12.75
7.97
12.14
5.46
11.71
16.68
14.37
12.32
13.72
11.24
19.27
20.67
21.15
18.11
18.85
19.6
23.73
22.83
30.03
31.13
23.41
27.41
36.28
28.23
22.32
16.11
34.2
18.12
17.41
10.05
15.34
10.11
8.75
13.19
11.82
10.52
9.33
10.17
8.44
8.55
4.05
7.79
7.65
7.35
5.41
5.31
5.02
8.35
9.18
5.46
4.11
4.57
6.4
7.78
5.52
5.57
9.61
6.36
12.47
11.9
9.32
13.28
12.76
13.83
11.61
16.1
14.84
16.6
21.19
18.96
17.23
26.87
24.73
23.68
27.9
23.52
29.45
23.75
26.88
27.67
25.32
18.81
22.65
26.74
22.59
18.03
11.21
13.94
13.25
11.09
16.68
16.65
17.15
17.76
12.63
11.77
13.98
11.05
10.55
5.86
5.66
7.0
9.81
8.18
12.29
8.28
6.67
6.4
5.15
6.46
7.71
7.57
8.53
6.98
7.36
9.89
10.87
11.48
12.7
16.52
17.31
18.76
18.58
14.22
17.38
17.56
21.02
20.25
26.55
31.86
45.28
44.15
57.54
51.95
40.88
27.42
23.2
16.9
11.64
11.74
9.64
9.62
7.48
6.39
5.5
4.54
3.58
5.65
3.96
4.22
5.44
2.22
4.83
4.04
6.64
4.74
3.48
5.83
3.57
5.81
5.27
6.22
7.85
8.95
9.05
7.91
8.59
8.96
9.79
9.81
11.44
10.87
13.09
12.02
16.75
15.26
15.74
18.17
17.41
21.81
22.93
19.61
24.98
17.68
23.51
18.89
25.41
24.52
19.42
21.27
25.75
19.66
23.26
20.61
21.53
22.82
21.61
25.51
20.1
14.54
16.03
11.47
13.87
17.04
16.52
7.84
12.08
7.58
7.34
9.61
9.76
8.35
8.75
10.21
11.22
9.17
7.24
7.16
7.74
8.0
11.96
9.43
12.54
9.08
9.44
9.57
12.74
12.17
12.34
11.67
11.18
16.6
15.78
18.12
11.63
22.96
19.98
25.15
26.48
31.25
35.7
34.95
36.7
34.91
21.75
28.91
25.81
26.58
17.1
19.49
12.45
9.6
8.48
9.54
12.34
9.66
7.82
8.33
6.2
7.52
9.9
9.17
4.04
6.36
7.67
4.02
3.77
2.87
4.73
3.8
2.45
1.95
4.37
2.35
4.5
4.42
2.94
5.09
6.38
4.62
4.95
7.35
7.87
6.61
10.66
10.53
10.27
12.27
13.39
16.64
16.21
20.73
21.54
27.38
31.25
31.57
37.07
40.98
30.74
36.4
29.51
33.71
34.75
35.22
24.83
20.11
17.19
14.43
9.69
6.21
5.35
7.89
9.88
9.55
7.47
7.43
8.16
9.6
8.26
6.46
4.81
6.17
4.51
6.39
4.33
7.85
7.59
8.39
8.67
7.34
8.68
10.7
8.97
9.8
11.11
11.32
7.94
10.35
11.16
11.04
12.43
13.4
17.74
19.93
16.91
19.03
17.54
25.91
28.25
28.31
36.61
36.67
43.73
38.69
34.83
40.21
39.69
39.47
36.25
29.48
29.08
25.1
19.81
19.6
13.24
11.8
11.69
7.81
7.04
6.79
5.83
5.23
5.97
3.98
4.12
4.83
4.73
3.5
6.03
4.09
3.8
5.06
5.08
4.35
4.52
3.87
3.57
4.09
4.39
6.08
3.83
5.1
5.04
6.41
7.02
5.72
7.22
6.16
7.87
7.35
8.19
7.46
9.7
8.33
11.05
12.86
12.43
11.09
13.31
14.52
14.93
20.16
18.47
25.15
23.44
29.64
