0.1046659500992808
0.2491439441222462
0.1134121541618255
0.0462982287618262
-0.1961008076884834
0.3525030833570963
0.423763556692335
0.1092662938142947
0.3885645073392488
0.5857222998027517
0.4736781451810452
0.4643637551555574
0.1979110120240284
0.1971052852654028
-0.0820298892367347
0.0794775763240286
0.0143939324668269
-0.0154826911579345
0.1118082990485939
0.1338434507134812
0.1798237641772123
-0.0525966309395902
0.1692411998354686
0.3243505338851315
0.0616852414634274
-0.0267233814581834
0.0232962729439557
-0.0611528596101682
-0.0573932834769871
0.152318093907053
0.2424317612605841
0.2846153740221952
0.2396147412827667
0.2577168289792368
0.2618959302405501
0.2604335294218944
0.2931524689687837
0.3233306022540225
0.3455579855058363
0.3002377865727992
0.3429438212300495
0.3604840911042473
0.2999948144694258
0.3092326853279233
0.3481522141797552
0.3140260460566113
0.3742970517558467
0.4424236934695609
0.3759811578800632
0.3598146892983783
0.5322067854943705
0.4418076514242051
0.3179215119931712
0.4202325040789354
0.412631178147391
0.3747385159747024
0.4675355515545668
0.5373344631445823
0.5469931103607937
0.5110270612675696
0.5619527556785241
0.5342105180978359
0.502387952932725
0.5562234984003881
0.5991414512758627
0.5636285524904813
0.5830567687771373
0.5889368839835737
0.6095073644416041
0.5950405344608591
0.5699482121901498
0.6778096239812095
0.674894003148288
0.5811628568974503
0.4953071943898174
0.5722958151885887
0.6258107289475359
0.4505113173120469
0.4648743812155693
0.6046581969428747
0.6968330599785453
0.5840994909753664
0.555384821167716
0.7324491366328328
0.8336375735433168
0.8214390120124928
0.826654282877403
0.8999000704431127
0.8387258034892607
0.8839239247520904
0.8695728083710265
0.8871997854224536
0.8990042275824873
0.9214230063910924
0.8933048134920223
0.8866436853899721
0.95466057934038
1.082924002276465
0.8975047311588729
1.0310265162971437
1.0357860769740428
1.0903552788792716
1.0923835825985349
1.1030767936340862
1.1545763322048754
1.174798376818295
1.293619673802142
1.2474664397600987
1.3091204131690208
1.345529728945226
1.3853615283647835
1.3595242653244188
1.4001777135283708
1.340061655985005
1.4009750686235742
1.5541361166347187
1.539473072727719
1.461861577043856
1.4236411468641363
1.4959413631045435
1.63482506491852
1.5595999296008844
1.6193538258371374
1.5966158184992658
1.577963564389998
1.646870829569511
1.6896694318925929
1.5614743925215813
1.5991038195479883
1.7658462978148233
1.9662362191721017
1.790450364333621
1.761391171756238
1.811970948195852
1.8649434982327444
1.9396725959652383
1.8900212265225065
1.9043753028320232
1.914225119116817
1.9813337286510213
1.901817184443039
2.0217463301969354
1.991509776535048
2.0319875995267025
2.076963221491901
2.099157463273433
2.2437334694423527
2.1797959904614017
2.169458526272472
2.247657138852924
2.2305332619731537
2.3642941867503207
2.320118347172889
2.225699731796949
2.4105055034421325
2.337835870834448
2.3155613281751464
2.480874749814954
2.6042168690877783
2.566794386862398
2.556416985933713
2.56207563219756
2.5630195129206883
2.628613642395629
2.6052083460083884
2.8115378676703013
2.755873821471222
2.856563180995439
2.743067270641225
2.859100107054136
2.840961037198712
2.7283716989108857
2.826989117980004
2.732381682463099
2.787143606560755
3.0467830488454344
3.0950068334576524
3.114425287978948
3.07816646637224
2.973598832922718
3.185189299722205
3.392524863799781
3.24758047912626
3.3511981312563712
3.435399787084476
3.462973617627726
3.3494918231541293
3.3288471553917662
3.444383118447422
3.3850279480431844
3.475055354752168
3.4879738250886896
3.606800418105878
3.495922267021675
3.65445509210012
3.5730865541460566
3.627681316952666
3.5876516826127136
3.4232505088151464
3.745341906958421
3.849615592042103
3.642942057822145
4.052670399743132
3.851674513879623
4.089487547243368
3.858642137999317
3.93091496221916
3.6906295701507794
3.508369355566012
3.865619044236115
3.8515786332712025
3.7893317408916807
3.611242871396298
3.6228762639945615
3.560079408707428
3.826310740657307
4.044539229494203
4.175924246451824
3.8312949160397594
3.655810365551135
3.6937036928682057
4.198723906598849
3.829139491462901
3.717472227223249
3.822462098923623
3.629041729591318
3.95913807402436
3.857662303868779
3.732712208352006
3.8998496088310417
3.967264861857595
3.8624416446557177
3.9067668312946218
3.9067284276868337
4.110055075053624
4.004266764064652
3.9579886682126975
3.897919868686508
4.126821930066938
4.276662174568717
4.32272405020035
4.286777992150698
4.093676925782924
4.412230750982677
4.355824517984779
4.31781629859754
4.667676459271108
4.278970277395258
4.889938041627529
4.467903246254475
4.648098799539016
4.572433519761321
5.075215682722951
4.764998432509194
5.116726101856631
5.261516905331616
5.136339653059075
5.534951127354023
5.147232776997016
5.239216529476091
5.400571167863268
5.217653356871348
5.282030293380911
5.676660472801822
4.929756523375091
5.49596731192696
5.764535624033581
5.311848240266325
5.3224949688983365
5.812285352640803
6.009981336137721
5.9052819626838176
5.94905027053548
5.717266949992852
6.26452639494055
6.533500081540103
6.083985341644189
6.499149484615729
6.481126832967139
6.84287588435294
6.58675943359752
6.717039062829098
6.745405085393645
6.827183010394715
6.656319961010781
6.9136722816394425
7.145915895733087
6.889760348941133
7.138252627308504
7.101337249929709
7.320236620504304
7.46521457849684
7.74559791957684
7.686833015165144
7.956097999367975
7.363590980035362
7.857024039489621
7.816180592490132
7.915801704358679
7.981536110464258
8.107862442995607
7.606394780873079
8.359323164167515
8.126455056446758
8.76867944846541
8.46731167602373
8.330740622419219
8.747592862664238
8.807232205354184
8.729674941559063
8.81256711314987
8.865980827351724
9.262477725084777
9.23695533764236
9.009525998090217
9.16808269932624
9.511945073833108
9.44760648731081
9.82233096581894
9.996813512507568
9.261745675428203
10.269603736913352
10.218704845193136
10.235658918726278
10.670581989421812
10.30391071050463
10.40694873688286
10.707756563707784
10.91605584750273
11.348641271470669
11.372314391064116
11.59563235120425
11.746532133414997
12.427186559554736
12.242593701427486
11.798160661244788
11.857028092709506
11.684305326448928
11.332074040608946
11.174047975757444
11.216343042583048
10.765607254548296
10.723646188421569
10.670269962310108
11.130799871264246
10.852054166734902
10.91334200431634
11.29285766006903
11.09501092892419
11.170913053305588
11.656447587126229
11.531054567530669
11.89707999221433
11.75250782541942
11.645201418878656
11.88264310796975
11.94512687595844
12.177398802202848
12.356611045187858
12.480766859515136
12.727437770018485
12.604954372402094
12.67658860441166
12.604633460442644
13.048139442171156
13.406232129802936
13.63557750472486
13.200521143445696
13.00246291595586
13.68267141666358
12.868844554368524
13.609725172929442
13.741768902112703
13.391147165528963
13.71250404858329
13.546076868463786
13.752352122881971
13.584763383316693
13.3788735820419
13.59980978206104
13.404240485683918
13.276020261183158
13.217720109057066
12.89180441358886
12.79905289582651
13.135826855596129
12.828726347098064
12.992826826446947
12.810083748154096
12.822052541639176
12.999799889244164
12.800637944245906
12.977502843762815
12.385909106625686
13.646713245029554
13.475195363844255
13.601388910573265
13.377798591577235
13.722852161580692
14.158522746787268
14.321751664580502
14.734094514308852
14.792134436484776
15.5131619229201
15.796199494242412
15.912910323934057
15.73238741425479
14.831916553487044
14.00030768874928
13.456832409180892
13.551528292644202
12.83085755334318
13.208405677317591
13.057607687889163
13.443105894753588
13.844204727303026
13.603639905939833
13.86468910617804
13.989460894153565
13.93274377167992
14.097770182680406
14.007218600949928
13.965348023912869
13.745199806424488
13.900067396258528
13.375627313420896
13.81699962652056
14.045738263716018
14.154968580193
14.518164198924278
14.009749629165707
14.367379805917738
14.380096929216894
15.459153033997772
15.676822537808668
15.375812488587057
15.4845714869534
16.032635606328704
15.4752737627664
16.12258683732803
15.903984580987135
15.381913397434182
15.361967831475823
14.818693417156886
14.287110979315887
14.52602158328791
14.973255029987165
14.644062289839551
14.850428896219585
14.71113536859332
14.715800628273753
14.44013579697863
14.44560450431046
14.13565612000972
14.483420053085384
14.54466125779923
14.138106101559597
14.8376889942284
14.605840297187733
15.198378112653312
14.916873135064924
15.064264572267655
15.962189867088751
15.915123722542784
16.18555767406295
15.866415499272534
16.400023952482194
16.3452347575382
16.402046220763665
16.86051701916992
17.117872774273426
16.462418434016673
16.517426542850146
15.532750719779068
14.830892659404936
14.522459623250109
14.4819509192852
14.702421308175508
14.46536080715299
14.2476993097828
14.276787367655482
14.45462016079855
14.552919572092856
15.01187161258995
14.766852910182877
14.898088588465098
14.843854951488682
14.901901181929006
14.947153085735126
14.991598626728758
14.801024011338086
15.454402031095468
15.78719365796058
15.899905700342824
15.126627834133869
15.76446646536796
16.017653383802568
16.26686368930423
16.6286378804591
16.887505097544327
17.026161921534925
17.139525025025517
16.841925830288297
16.90745134112508
16.647048197028496
16.131139368422897
16.020159526856997
15.871715211194322
15.943733678524872
15.930540688312384
15.347651490771236
15.545648035362742
15.442635835047223
15.347034542642843
15.607269346364738
15.5443457824044
15.698190177299786
15.710657104017203
15.371378138440967
15.937899256335609
16.181502448569415
16.290760394047478
16.272364933629422
16.801125851428406
16.16292693352114
16.73662017186872
16.56659474884663
17.008486822142522
17.312392081463678
17.232966506993694
17.70691173103874
17.50399235556292
17.32089018493713
17.247769710526185
16.690888494174303
16.577653044561483
16.604246080436354
16.492038295851977
16.008498285599945
15.996247998713418
16.09960503621944
15.410202989984969
15.799866838977678
15.410393037492698
15.570873685311478
15.553747535815614
15.504102617965
15.46784458785949
15.990851976190504
16.28962256872658
16.562765034509262
16.715711940483786
16.740343215442007
16.84616719831207
16.824608401110805
16.89828380801328
16.95727575356272
17.713589597406315
17.458835360749763
17.829678387115802
18.029490625437816
18.574713129719505
18.343733570871244
18.83533360100279
18.743391687162102
18.04904470346837
17.802579747217695
17.490549026235758
16.958478992573063
16.551505801151027
16.587073944507107
16.355173156526448
16.09815636278131
16.158600212887954
16.217474607612008
16.433221120959253
16.284713952532567
16.413029915501173
16.069908908406873
16.101987388837557
16.516560809375996
16.73359433871291
16.60086978878348
16.612399335807922
16.677855662538406
16.67675540471503
16.983664043441475
16.968881109016106
17.13828001164144
17.282689187728753
17.297856785062017
17.27929892884609
17.51367122351173
17.11681583489234
17.729848895201425
18.028940359754465
18.0614249675001
18.220113581862527
18.604692303124885
18.449883858000693
