-0.3548195603334346
-0.1965570407297332
-0.1131904346088804
-0.0339085691715793
0.0057504882155231
-0.2095280309632015
-0.1544303202370265
0.0080630257312748
-0.0065047736594053
-0.041391224439188
0.0715042222281428
0.1802867822558839
0.1587910904570851
0.1082739644730338
0.1528270970635968
0.1098932133521602
0.047302302136384
0.1055708969820182
0.0475165354079723
-0.0669914314227306
0.0827301653840707
0.2431314939086551
0.0650320616805369
-0.009565430333744
0.0274968701515307
-0.0474919444292773
-0.0417732042175323
-0.0046709039081748
-0.0248959671428258
0.0063978293869652
-0.0179461631607276
-0.0847902700658822
-0.106422380609051
-0.1405514090413405
-0.1541589660994674
-0.056410941691716
0.0713441916705511
0.1837491479739169
0.2040052071753771
0.1227073798209235
0.0908202520227572
0.061663804032289
0.0365382546105227
0.0523624560056237
0.0038158086990995
-0.0657308873589573
0.0012869779852737
0.0396360454419575
-0.0595471557710718
-0.0017591147601942
0.0776654971752119
0.0734671924941476
0.0983004762478262
0.0973541702163066
0.0884050363390764
0.1706465851237124
0.2208135121747017
0.2304243015045057
0.2696288435185079
0.1849586906978868
0.0768772842094327
0.059891464009402
0.1121044449860005
0.1563899602693817
0.131132074493575
0.1406928583065934
0.1684736267025846
0.0519019173104374
-0.0313693563659535
0.0545862807133949
0.0369308100799764
0.0749369258437616
0.1140468185749357
-0.0185272081549165
-0.1069198190432879
-0.0769902188251917
0.0075105016810614
-0.010231623945302
-0.0141248584540241
0.019866302230068
0.0542477527038328
0.0914592033156865
0.0802412690450903
0.0515103947771575
0.063107371435636
0.0593266344989585
-0.0107134861966569
-0.0526668863070264
0.0307330626623615
0.0709961282118737
-0.0681801925700699
-0.0984170099913347
-0.0277384422810416
0.0717042970638751
0.1534216311165562
0.1635195367011765
0.1663411322887856
0.1386729826530779
0.1039355055999149
0.095224476541743
0.1153688532182515
0.1207630847606216
0.1339221216689833
0.1337173225937096
0.1313201917909454
0.1549384715619496
0.133500696467424
0.1415357622246345
0.1301978630528974
0.0773499861917803
0.0992919793617247
0.0803916369919029
0.0545975908830513
0.0808204458918667
0.0732695963892652
0.0643920223740983
0.0714757749721854
0.0506677985963301
0.0327023338386216
0.0436284766567564
0.0456803166638617
0.0266899258910605
0.0397863582179422
0.0570994851652025
0.0573027494616302
0.0509519465474565
0.0624685682915445
0.0795261161459741
0.087295156613056
0.1180189497216349
0.1440657024612429
0.1437075899807934
0.1465413449236846
0.1609457661239552
0.1361764808218712
0.14540379426582
0.1563032163127599
0.1614326315811473
0.1599497255480643
0.1395841115855728
0.1569291910671059
0.1813159204366501
0.187414118869566
0.1652199630241754
0.1683055805757917
0.1639073662591193
0.1885532156832497
0.251107060637019
0.2578856695310633
0.2866635615128446
0.3619610103986285
0.38792951821582
0.3284478599146608
0.3080000389076812
0.3127519265419644
0.2909671500532749
0.2879638285692153
0.3374266741737335
0.3441766155543881
0.2659041416233154
0.230676322381671
0.2662016584375105
0.2972306356004942
0.2999816640835814
0.3424297905101419
0.4324800015024056
0.4509959701213886
0.3842213883322272
0.3650215028728318
0.3929553284407913
0.3909745662548827
0.3434694349747517
0.3285240468217122
0.3197455180434767
0.3337540693830542
0.3449663761669166
0.3282946332062969
0.3722377778595879
0.3884766005956032
0.3318913815103782
0.297481530969875
0.3261921613273618
0.315438875386395
0.3070003536823236
0.3413779509837152
0.3209524901873948
0.3158283966917585
0.3469383593234096
0.3745728013345651
0.3513439344173089
0.3032834324613862
0.3208251272006323
0.3672256521914555
0.3739415485452504
0.3595835191854229
0.3390633364142556
0.3374310739051775
0.3543284185377336
0.3895738257008841
0.3941836429076087
0.3806312904998157
0.4099083124907608
0.4375627566558222
0.4290042057723077
0.4302020568621231
0.4687075988340737
0.4950249668710563
0.5218716390856136
0.5275544252642274
0.5239602307042055
0.5423676179829393
0.5416935705913314
0.5221525408226657
0.5256667618618657
0.5365947830257959
0.509903082335597
0.5463325093302216
0.5672864750728399
0.5621695331238591
0.5280186914558498
0.4933303429256171
0.5288710583214006
0.5320836151082824
0.5295673397075855
0.5184092808505875
0.527085828585595
0.5604554455632056
0.5707171963469976
0.5784704982513638
0.5682144610608841
0.5620671229120535
0.5752438339052803
0.5919007574226104
0.5859298677251901
0.6024940384013504
0.6242359849114149
0.6341803777351798
0.693922884300892
0.7355006953446639
0.7540125030828396
0.7615926575422155
0.7838878927506017
0.7975755807782879
0.7849967312795915
0.7670134121008614
0.7637720181487725
0.7753315642679789
0.759877426767661
0.7488768588313429
0.7733847530975707
0.7911701361577923
0.7985133879301489
0.78145164484016
0.7538172794049774
0.7886632895943851
0.817184396113072
0.827806089353951
0.8476354509749905
0.8088140076714895
0.8422045896681571
0.8916730614763262
0.887197010807855
0.8559885712773698
0.8376862942922597
0.8913327355829438
0.8767247164353568
0.8614915826317313
0.8969345704804479
0.956446505708636
0.940241808327532
0.8688859821206382
0.9198100016728504
0.9484532863452102
1.0187314515561414
1.0744355452332313
0.984088836001459
0.940467076265794
0.95501678798296
0.9783970946799476
1.0310768115074336
1.005052928650811
0.9320659832721324
0.9880686890913916
1.0407302131581426
1.0671339777389903
1.0635078459824567
1.0993701139089458
1.1275100352575418
1.139480184599048
1.2042512366059348
1.1989298537927138
1.1855907424404106
1.1449944038483335
1.1899034455846118
1.264734571056734
1.2579945381372486
1.244816431107571
1.257475140388932
1.3130241827189957
1.2767903297512702
1.343140404274938
1.4878916142102434
1.463189580496954
1.395959142888049
1.5107322826617036
1.633604471470095
1.6417933754889606
1.654850281089441
1.6855929452908405
1.6931541988500587
1.6965043852285708
1.7051768408904018
1.7073126420891942
1.7778406584637962
1.8788728166835755
1.9367837500083769
1.8808149384685988
1.8440337547846075
1.787964994449177
1.753047310797516
1.807994719583836
1.722766349919307
1.6218453374335753
1.7552507723778104
1.8885105883718367
2.0439803075640914
2.217492833069274
2.114565866380582
2.004829493448729
2.208175928553754
2.262674468438649
2.1562447064878127
2.211920580368183
2.2779037131128272
2.2055344401624555
2.132281783015677
2.044541511224763
1.8252818762551009
1.797712867993419
1.8194521416523997
1.7694480895932931
1.9376975345103165
2.036714984006839
1.8761804049728168
1.7962882463126142
1.8270049604230247
1.7869771985408318
1.758020307904748
1.8209622877778824
1.826028883228636
1.882655941722139
1.86896629874984
1.8686897064696737
1.9866971893732013
1.9070108908175436
1.901431809446446
2.09448323265656
2.0308544514682465
1.9521398197979605
2.1347523781550266
2.1076308059544084
2.06344627564936
2.245789212517905
2.159848233331293
2.042374321671895
2.088356722423593
2.1916712303625547
2.0971397419349502
2.01897441739474
2.240044115051215
2.2200409224433044
2.1511814901014774
2.147167133176585
2.13904012996822
2.194418563280646
2.307306573283744
2.2850633305407286
2.1884784803374084
2.1181888423334425
2.082384897684779
2.1400794543190047
2.204464050152785
2.2694451999176675
2.195333451370603
2.1261104020206174
2.100398323474095
2.1358499114463982
2.228931003753045
2.2766554925562605
2.321031028172753
2.169132592717956
2.1705888763199024
2.211606978206782
2.156467631745393
2.3037544614240097
2.4185669960925087
2.500167623407966
2.5614723841628884
2.546100515157195
2.4632062238073287
2.4146620412397497
2.560852095920929
2.648364917293719
2.437059604680399
2.4585866874609588
2.6707067197491257
2.750189083523217
2.760474376041358
2.797278337091832
2.855440842280572
2.778686149105381
3.0402601749402707
3.305585787285478
3.188128229025084
3.1928002700503915
3.1634081102660314
3.0724950850772155
3.22272462119361
3.345292499898772
3.3413890504713195
3.383957329834302
3.4147792479022496
3.395712647781137
3.209040867370335
3.401289463002799
3.5423101896846223
3.2319425001692044
3.2613593167706325
3.5639727752427013
3.58840533451756
3.466622054514602
3.297181929399457
3.195720983861554
3.427017937736622
3.362552516020465
3.1251588336014287
3.162282286547056
3.097248393384086
2.889058445725156
2.770601946386912
2.817665910418799
2.883142087335336
2.986612697412005
3.158767123557967
3.0501950142725547
2.975908025313412
3.0474588298642846
3.079344938111491
3.151264694895916
3.262279582445089
3.349927131243084
3.2507568138606078
3.191475884121587
3.263617965749566
3.288580259871283
3.4238427946838685
3.434172016630617
3.3125941794732423
3.437002021732756
3.4281443185757867
3.2646460690860937
3.2660962547838865
3.440050297034848
3.537548090455892
3.5186708213370497
3.4714841778725387
3.5434844217531616
3.639766227373504
3.637527812088547
3.627621555092256
3.577016049973914
3.6532447776458814
3.768343103562726
3.836189751409021
3.855291469322411
3.963835295980548
4.0032469187896496
3.948312052987548
3.913104728235462
3.9779029683207354
4.040017001457269
4.0489125739118
4.1223552258129645
4.069649047268633
4.099349614718974
4.173974613092439
4.238848208416616
4.382522667926659
4.501031485397293
4.464045793713484
4.394369094706469
4.426724838930445
4.433750883048695
4.463328208647216
4.4471189440798256
4.557337907325404
4.668143382629071
4.612879857030079
4.426806464987107
4.221458405721256
4.238638191722552
4.128201306245926
3.839750147995156
3.848991475717997
3.880384149159608
3.814492414797976
4.110629435331066
4.065057715844566
3.912439660900824
4.119918944001802
4.122749280743527
4.286294423987547
4.414800569843911
4.285791759057942
4.044925596690233
3.9541462725896905
3.88830924650788
3.7636547558422806
3.958300351092163
4.038615854595814
3.9405349703329136
3.9639431400676375
4.116968876706776
4.375020022512519
4.315818828052596
4.191641813415719
4.490429381078465
4.611242386940876
4.518568308721979
4.33073660343632
4.274353853257729
4.331716333271967
4.361266652216105
4.394393692949693
4.364997845143259
4.45244330773091
4.533117773352055
4.641131226704287
4.636253106828978
4.579431526493652
4.66481866896336
4.788777138391968
4.854959210329922
4.945063947634333
5.0980768074677885
5.16980704609928
5.098878212041701
5.035494840870076
5.004733569621816
5.0582548941898064
5.230098799977541
5.371743612729102
5.487444202433618
5.326755981750929
5.229435493059294
5.320811134877133
5.371015794567516
5.413934656862242
5.5065703046612615
5.654843999785136
5.631804935015639
5.553669187530918
5.482806075946314
5.53041594264295
5.757020560640975
5.642545226776431
5.32419128877898
5.380118795072656
5.352907937476602
5.096901282630943
4.867361391779758
4.760486004295162
4.756519268822464
4.768865794252899
4.67602710117015
4.598619239868842
4.699863045644668
4.731020303939845
4.618816786851794
4.623475835041005
4.745151566819755
4.742318680696431
4.607296014879276
4.640315299378738
4.8059390097746055
4.826497823864673
4.659212203972301
4.49456448031711
4.671166331389531
4.719435522241385
4.687579379802356
4.715306903923159
4.938687362814637
4.979866662726868
4.893049869978699
5.0353241361291445
5.116042041721352
5.133051704755924
5.004518252928966
4.959837647719298
