23.78
25.96
36.93
45.97
47.89
45.75
49.74
56.22
45.58
46.34
50.19
40.75
37.71
32.3
33.38
38.04
39.76
40.08
41.37
45.96
41.81
38.04
40.33
47.14
40.34
34.1
36.81
43.12
49.62
45.58
53.33
56.43
46.03
43.27
43.52
34.51
27.27
32.86
33.1
28.78
28.85
31.91
34.74
31.29
24.24
24.54
40.14
40.9
27.2
34.21
35.41
26.18
24.82
27.21
30.49
32.34
29.8
26.7
34.22
36.42
26.44
21.86
24.78
24.76
22.69
21.14
24.38
21.24
21.32
20.68
16.83
21.13
20.22
16.02
33.94
38.16
21.2
19.27
22.98
26.51
24.82
22.93
24.73
27.53
22.38
16.06
16.8
17.52
17.56
23.78
28.07
23.23
16.88
20.23
28.3
27.69
19.68
14.35
18.48
21.09
11.93
14.64
16.25
11.84
15.53
19.56
25.05
20.04
14.12
20.78
18.27
17.3
23.18
24.56
22.33
15.02
14.58
20.06
16.93
12.96
23.41
26.82
20.75
18.93
15.77
10.36
9.02
10.44
11.78
9.5
12.86
23.13
34.0
37.1
30.67
21.72
13.93
18.37
19.24
18.56
22.53
21.88
18.54
17.37
18.77
16.04
14.11
21.91
21.98
13.85
15.78
14.82
18.78
19.74
15.93
15.88
19.25
21.69
21.58
26.35
19.41
15.71
19.46
21.67
23.16
20.9
19.86
19.65
20.75
23.74
24.27
24.84
25.7
25.68
22.83
21.75
28.96
30.53
20.91
17.55
16.54
19.77
21.02
15.14
16.83
25.63
26.59
28.06
30.62
20.62
17.71
20.24
18.28
16.2
16.13
19.4
21.59
19.97
16.85
13.05
13.14
19.31
21.14
16.81
13.31
12.08
10.86
14.19
14.36
11.19
15.72
13.3
12.3
11.04
10.18
14.71
14.41
12.94
18.45
22.26
22.61
21.21
23.33
22.33
14.36
18.16
19.22
17.97
20.78
18.57
15.21
16.41
16.69
17.0
19.61
22.96
21.26
16.75
21.28
19.26
10.02
7.88
7.95
16.27
19.28
18.36
17.5
9.91
14.37
14.32
7.52
7.0
13.82
16.12
10.9
10.11
17.94
16.77
7.29
8.88
10.18
8.65
7.07
7.87
8.58
10.22
11.18
13.29
12.21
10.34
10.71
7.13
6.39
9.51
15.22
15.2
11.59
12.52
10.37
10.29
12.15
18.83
22.14
16.91
14.52
13.48
14.62
13.68
14.36
13.21
10.88
15.24
13.0
11.92
15.71
22.48
20.74
9.91
8.65
11.83
13.17
15.98
18.3
13.76
14.28
12.67
15.08
21.21
17.35
11.39
18.13
23.61
16.1
19.06
18.04
15.57
17.52
14.89
14.08
14.62
16.03
12.78
14.27
16.59
17.09
16.23
12.77
12.42
20.08
20.71
13.19
13.79
19.02
19.62
18.46
17.11
14.2
13.88
14.31
15.95
14.21
15.92
17.83
14.17
11.29
12.28
14.4
12.18
14.88
16.92
16.53
21.62
22.46
19.58
14.04
12.85
19.93
17.74
13.03
15.36
19.31
19.37
15.61
14.39
13.15
15.71
15.43
10.77
12.72
13.79
11.72
10.76
9.34
10.71
17.43
25.67
21.25
12.6
16.35
21.56
20.71
19.32
17.7
20.77
27.77
28.76
19.72
17.26
20.83
15.68
16.07
15.68
15.23
21.43
22.86
19.23
13.96
10.1
13.02
18.37
21.15
18.35
14.47
17.71
25.63
27.12
17.95
13.44
14.84
14.09
10.14
13.18
13.39
14.01
24.54
20.99
11.8
11.49
14.01
14.08
14.93
16.68
14.59
10.43
10.8
15.17
17.4
21.27
18.38
11.4
15.32
18.3
18.96
15.81
14.44
18.9
18.17
18.29
19.11
14.88
15.71
19.64
14.84
15.68
19.34
15.46
11.52
13.52
16.54
17.96
17.55
11.99
8.05
11.36
14.15
11.71
9.63
9.27
8.82
9.47
10.71
15.19
19.16
16.43
15.72
15.95
18.94
19.2
15.95
20.83
19.44
18.15
21.68
16.26
17.08
19.6
14.9
14.13
16.59
18.25
18.69
25.41
24.06
17.8
16.63
17.49
17.17
24.69
23.6
11.74
12.79
10.24
11.39
16.15
22.8
24.7
24.64
22.83
18.18
18.58
12.92
8.81
12.68
21.51
24.42
21.12
18.13
16.76
18.79
22.69
22.59
18.66
26.48
31.77
29.24
28.89
25.46
23.73
23.64
22.75
23.23
24.86
28.67
30.92
27.86
17.78
10.23
19.71
23.67
16.25
14.35
14.45
15.0
17.83
23.51
26.18
23.04
23.65
21.57
19.24
18.13
12.24
22.2
27.5
22.16
20.32
15.52
19.05
16.97
10.78
15.98
19.99
19.19
15.37
13.71
16.28
16.4
19.19
17.65
14.85
17.43
19.67
14.59
12.78
14.48
11.89
14.22
13.2
11.68
13.12
16.89
15.15
11.94
13.96
17.43
22.2
20.9
12.46
10.31
11.26
11.26
13.1
13.58
13.38
12.15
13.47
16.6
19.07
21.99
21.07
22.79
23.73
25.31
24.09
17.09
13.63
13.75
15.41
11.74
12.97
