32.0
35.87
34.62
36.71
39.75
40.25
40.17
42.58
43.99
32.0
32.52
36.96
38.55
43.8
33.72
24.44
28.58
37.49
39.85
38.58
36.16
46.14
54.16
47.86
55.89
49.89
39.02
39.49
34.38
30.67
37.64
38.04
36.04
43.75
38.63
32.88
30.75
25.89
25.61
38.09
34.86
24.87
32.75
36.43
27.92
21.99
30.73
42.11
40.4
33.1
34.0
34.77
31.5
26.14
29.34
32.39
29.23
24.85
24.67
24.0
22.23
29.23
27.36
17.78
25.18
29.04
19.61
15.57
21.41
20.08
16.26
20.17
20.31
20.15
25.08
24.97
19.33
22.22
28.4
27.2
21.3
22.39
17.79
13.95
17.56
16.18
19.54
21.53
19.78
23.4
22.74
16.67
16.0
17.04
18.29
19.43
16.16
14.48
15.03
15.56
12.79
11.42
15.76
18.87
24.24
21.89
12.03
12.61
14.9
15.84
21.44
17.96
14.41
13.74
12.2
18.89
16.45
15.11
17.2
17.72
16.7
15.19
19.04
19.22
20.73
22.23
18.65
16.26
17.17
17.06
16.54
13.71
11.11
18.4
29.8
29.6
21.61
17.55
22.24
21.76
16.13
17.09
15.22
12.33
13.74
18.82
18.11
12.55
12.75
12.16
22.51
21.41
12.37
11.26
10.05
10.4
8.87
17.43
21.04
13.86
13.37
13.84
12.88
17.93
18.31
15.81
17.84
15.39
18.29
20.63
18.35
16.33
21.27
21.22
15.3
14.67
14.32
18.2
19.57
16.68
13.04
15.23
13.82
14.29
16.56
14.83
14.3
15.87
19.27
16.96
16.11
23.08
22.91
18.79
16.18
14.2
11.96
18.41
20.39
17.93
14.16
16.48
22.36
23.35
23.13
17.16
12.82
13.41
18.31
20.0
16.1
18.98
21.03
16.47
19.73
17.87
19.37
15.59
10.12
14.06
16.27
18.37
22.3
24.71
19.85
15.07
16.78
22.15
24.45
21.08
17.04
13.81
14.04
17.28
15.38
14.87
17.24
14.65
17.93
18.0
12.01
15.88
18.19
14.4
16.43
19.56
21.04
22.28
15.53
12.04
13.55
15.27
15.25
18.08
18.63
16.81
15.86
11.77
14.82
14.54
13.8
16.25
18.32
16.2
12.81
15.65
16.85
16.83
14.81
19.57
24.75
19.35
17.37
15.13
13.3
16.16
22.73
23.91
15.26
13.63
12.75
18.18
20.93
16.81
16.93
25.42
27.58
16.07
13.59
14.5
20.86
20.76
15.27
19.87
22.47
23.68
17.28
14.22
23.08
20.59
15.15
14.65
13.17
14.72
12.61
13.8
19.62
19.0
18.03
17.7
15.12
14.06
15.13
15.86
19.87
20.26
16.71
15.61
13.8
14.63
15.48
19.25
17.39
14.84
16.01
13.46
13.85
9.72
8.18
10.4
17.01
21.67
15.76
12.21
10.96
7.08
11.07
14.38
14.94
17.71
12.3
11.39
14.16
10.65
12.25
18.55
14.68
9.99
11.34
16.59
25.63
24.33
16.79
12.25
15.71
19.37
17.45
16.54
19.38
19.14
15.29
13.94
12.63
17.43
17.62
15.42
14.87
15.83
17.88
15.5
13.9
14.83
18.37
17.56
17.07
19.84
21.5
19.02
16.7
23.75
27.94
19.11
17.83
18.38
14.07
23.62
27.71
20.02
15.48
10.31
8.57
16.32
18.5
14.0
11.01
14.52
18.35
25.94
28.72
15.33
17.57
29.0
29.84
21.17
15.11
15.95
14.1
14.86
14.26
12.01
13.81
17.08
13.06
20.6
21.27
11.32
13.5
10.55
11.14
13.76
13.05
11.3
17.75
19.43
11.5
13.08
17.5
18.4
18.39
18.88
21.58
20.9
16.21
17.08
17.64
18.55
17.76
22.97
26.29
18.84
14.84
10.67
14.65
17.98
15.32
15.12
17.21
19.64
18.15
13.57
16.22
18.44
16.09
17.65
16.81
14.57
18.26
19.74
14.59
13.52
11.45
9.67
15.46
22.45
18.15
13.87
14.38
15.54
21.99
18.01
15.55
18.42
17.39
17.2
18.69
18.73
12.36
12.08
22.16
26.75
24.29
20.71
15.8
15.27
13.49
16.06
22.29
22.53
21.7
18.72
19.61
18.57
17.59
23.11
23.45
23.29
21.81
16.77
18.1
18.36
20.33
24.13
26.4
22.6
16.64
23.07
31.4
25.89
20.01
23.88
28.72
24.95
16.1
12.56
12.46
18.53
19.8
17.08
16.27
16.82
18.01
23.22
24.59
20.71
20.07
18.8
17.29
17.33
18.9
16.52
14.87
17.21
17.97
19.23
20.41
18.95
20.9
20.49
15.34
15.06
11.2
9.96
14.93
12.91
11.15
14.1
16.95
14.7
14.65
16.11
17.3
18.09
15.57
17.89
18.62
14.67
11.32
16.04
17.73
14.7
17.11
17.71
19.1
15.3
15.77
19.41
13.12
9.66
12.07
11.79
14.74
16.16
12.23
10.56
13.82
17.06
15.14
13.81
13.39
13.61
10.55
11.37
16.93
17.4
15.07
13.63
13.04
16.11
18.01
11.72
8.65
13.91
15.42
10.98
11.82
14.16
13.53
12.06
10.51
13.1
