-0.4992000000000001
-0.2239999999999999
0.2678
0.6679000000000002
0.9385
1.2318999999999998
1.4013999999999998
1.653
2.347700000000001
2.76
3.075300000000001
3.0531
3.288
3.8302
3.6571
3.8064
4.5777
4.7543
4.485299999999999
4.406000000000001
4.5317
4.934499999999999
5.398
4.9965
4.5535
5.171
5.1874
5.066
5.188599999999999
5.754499999999999
5.666
5.5333000000000006
6.069899999999999
6.1042000000000005
6.237499999999999
6.136100000000002
5.2522
5.7137
6.4792
6.169099999999999
5.7614
4.7795
5.3338
6.1355
5.876300000000001
5.9202
6.0747
6.2010000000000005
6.341100000000001
5.9457
5.5093
5.280799999999999
5.364400000000001
5.421799999999999
5.318599999999999
5.992000000000001
5.296500000000001
5.413999999999999
6.652099999999999
6.262899999999999
5.0789
4.7654000000000005
5.352900000000001
5.0246
5.951599999999998
6.32
5.021699999999999
4.8142000000000005
4.925599999999999
4.7593
4.3019
4.375
4.8116
4.805899999999999
4.6934
4.4234
4.097099999999998
5.057599999999999
5.001
3.8684
4.1894
4.515300000000001
5.203199999999999
6.0208
5.7917000000000005
5.0591
4.7038
4.9966
4.909
5.197900000000001
6.0653
6.457999999999999
6.7368000000000015
6.5429
6.162799999999999
5.6759
5.2872
5.352100000000002
4.7113
3.8098
4.3032
5.545400000000001
5.621700000000001
5.007999999999999
4.7395
4.1753
4.3368
4.4662
4.317699999999999
4.465300000000001
3.8492
3.9371
4.463299999999999
4.7751
3.8167
2.341
2.6187000000000005
3.1995000000000005
2.9384
2.549
2.7531
2.8995
2.3245
2.3151999999999995
2.4391
2.4196
2.3356000000000003
1.6339
2.0046
2.8616
2.4303
2.6767000000000007
2.4836
2.2839000000000005
3.1450000000000014
2.3719
1.9122
2.0516
1.6033
1.6731
2.213
2.0733
2.1756999999999995
2.3484000000000003
2.4222
2.5810000000000004
2.1231
2.0415
2.6067
3.1009
3.3282000000000007
2.9254999999999995
2.6026
3.182499999999999
3.0096
2.7084
3.835600000000001
4.1583
3.6458
3.7544999999999993
3.7553
3.5437000000000007
3.8292
3.8791
3.4422
3.1946000000000003
3.6116
3.770400000000001
3.5157
3.4681
3.0409999999999995
3.0661
3.852
4.0013
3.4951
3.469
3.5537999999999994
3.1743
3.4853
4.0958000000000006
4.0603
3.7826
3.7486
4.1663
3.5028
3.117900000000001
3.7023
3.4717
3.030200000000001
3.0394
3.054
2.9651
3.1996
3.7178
3.4899
3.5226
3.9797
4.4856
4.271100000000001
3.1741999999999995
3.2508
3.3662999999999994
3.1961
3.8428
4.648
4.9846
4.8772
4.2471000000000005
4.5571
5.0963
4.4105
4.2153
4.836799999999999
4.948099999999999
4.6926
5.2017
5.5212
5.5082
5.3722
5.7741
5.5701
4.2611
3.9583
4.1912
4.019499999999999
3.9013
4.018
3.9299
3.6785
2.7073
2.7101000000000006
3.489699999999999
3.8139
3.1721
2.3333
2.3452
2.5149
2.7856000000000005
2.3836
1.8236
2.6996
2.5045
1.1646
0.9026
0.8762000000000002
1.2232
1.4501000000000002
2.2803000000000004
3.201
3.276700000000001
3.6951
4.382700000000001
4.3085
4.1913
4.965
4.895300000000001
4.2779
3.5955
4.0463
4.9678
4.5321
4.465799999999999
5.3717
5.1098
4.3801
4.877000000000001
5.2064
5.599499999999999
5.812600000000001
5.1577
4.2703
3.8124
4.0385
5.1398
4.999899999999999
4.2776
5.6363
6.0952
5.0552
5.357500000000001
5.280400000000001
5.1447
5.9512
5.2269
5.1439
5.167999999999999
4.684799999999999
4.9518
6.0769
6.259499999999999
5.346699999999999
5.4253
4.889799999999999
5.1709000000000005
5.852400000000001
5.2127
5.3234
5.3685
4.9848
5.426800000000002
5.3705
5.348599999999999
5.6118
5.1551
5.2364
4.8551
4.6064
5.666900000000001
5.4462
4.9556
5.449599999999999
5.817900000000001
5.9533000000000005
6.420800000000001
6.0253
5.3123000000000005
5.471
5.848400000000002
5.596500000000001
5.418100000000001
6.053699999999999
5.491999999999999
5.483200000000003
6.623200000000001
6.099100000000001
5.318499999999999
5.1677
4.852799999999999
4.9156
5.396
5.5325
5.1692
4.7568
5.1228
5.1156
5.0592
5.149299999999999
4.7114
4.3726
4.928700000000001
4.8536
4.795300000000001
5.9174
5.45
4.6244000000000005
4.885000000000002
5.1393
4.574299999999999
4.972
5.632999999999999
4.783399999999999
4.6351
4.789300000000001
4.5200000000000005
5.198199999999999
5.6478
4.9117
4.160200000000001
4.594900000000001
5.3061
5.032399999999999
4.873
4.5791
4.2485
4.4122
4.183699999999999
4.6333
4.8042
4.1777
4.23
4.403200000000001
4.3486
4.299600000000001
4.149699999999999
3.7194000000000007
3.5169
4.238899999999999
4.4805
3.5943
3.777599999999999
4.1736
3.4729999999999994
3.0146
3.5444
3.7493
3.1668000000000003
3.3709
3.5389
3.6668
3.8259
4.011
3.9962
3.8358
4.3553
4.370299999999999
4.213699999999999
3.9808
3.6624
3.7143
3.7781000000000007
4.2017
4.0639
3.8368
4.157299999999999
4.5246
3.937
3.1218
3.4904
4.430599999999999
4.2787
3.7237
4.0068
3.8635
3.2592000000000003
3.4292
4.3393
4.2861
3.713
3.8219
3.8185
3.4134999999999995
3.4335
3.2302000000000004
2.8766000000000003
3.9566
4.2236
3.053399999999999
3.2097999999999995
3.0666
3.3494
3.3636
2.3387
2.6210000000000004
2.7385
3.1067
3.6504
3.5603
3.5615
3.5786
3.3738
3.1739000000000006
3.4908
3.3597999999999995
3.3802
3.671
3.2613
3.236
3.2935
3.3119999999999994
3.6197
2.9494
2.9999
3.869
3.1116
2.6692
2.9759
3.1904000000000003
2.9897
2.7608
3.1452999999999998
3.1222000000000003
2.9517
3.2058
3.1207
3.201
3.7262
3.4787
3.1321000000000003
2.9956
2.9536
3.095800000000001
3.2494
3.2894
3.9372
3.9612
3.4604000000000004
2.833600000000001
2.848299999999999
3.0821
3.1815
3.884
3.6971
3.7961
3.5244
3.2772999999999994
3.7976
3.8529
3.7188
3.6516
3.7666
3.6618
4.204199999999999
4.7372000000000005
4.049
3.3964000000000003
3.7636000000000007
4.0924000000000005
3.4331
3.7528
3.983
3.5944
3.0828
2.5003
2.3945
2.6212000000000004
3.045
3.4366000000000008
3.7464
3.4564
3.3597
3.979200000000001
4.4369
4.3237
4.291400000000001
4.437499999999999
4.4804
4.3612
3.8019000000000007
3.199
3.6719
3.8
3.894
4.322100000000001
4.453899999999999
4.5717
4.414899999999999
4.9234
4.811599999999999
4.4121
4.454400000000001
4.1753
4.2576
4.3368
4.2884
4.5646
4.8451
4.9027
4.690200000000001
4.9083000000000006
5.1685
4.899699999999999
5.0055000000000005
4.964799999999999
4.685599999999999
4.5893
4.6726
4.556799999999999
4.7933
5.0327
4.8799
4.729600000000001
4.975899999999999
5.195
4.9134
5.1836
4.930599999999999
5.1458
5.1754
4.8074
5.494899999999999
5.036899999999999
4.1068
4.3089
4.5939
4.8129
4.4595
4.0367
4.300999999999999
4.0691
4.0335
4.443000000000001
4.7105
4.6481
4.2269
4.6663
4.607200000000001
4.929
5.2094000000000005
4.6528
5.404699999999999
5.8
5.8843000000000005
5.943400000000001
5.2674
4.2861
4.0107
4.348600000000001
4.609699999999999
4.515499999999999
4.689499999999999
4.366500000000001
3.6897
4.210799999999999
4.5001
4.1019
4.094900000000001
3.8728000000000007
3.6265
3.8130000000000006
4.2780000000000005
