-2.7090000000000005
-2.5417
-1.6692000000000002
-1.0512
-0.4898000000000001
0.267
0.5589999999999999
1.1287
1.8376999999999997
2.2326
3.1077
3.9151000000000007
4.1106
4.0078
3.9534
4.3598
4.6736
4.719
4.9962
5.4045000000000005
5.392
6.223299999999999
6.536899999999999
6.090000000000001
6.1617
6.4642
6.176699999999999
6.108599999999999
6.3213
6.061
6.178799999999999
5.855499999999998
5.284300000000001
5.720599999999998
6.404400000000001
6.3523000000000005
5.6488
5.189500000000002
5.645300000000001
5.654499999999998
5.375300000000001
4.9696
5.22
6.142500000000001
5.673500000000001
5.340800000000001
5.771300000000001
5.8989
6.100999999999999
6.1559
6.4697999999999976
6.7935
6.7444
6.819299999999999
6.6378
6.605500000000001
6.469800000000001
6.0444
5.6675
5.4163000000000014
4.7651
4.2868
4.77
4.6848
5.317099999999999
5.153800000000001
4.4946
4.507499999999999
4.8015
5.419399999999999
4.509800000000001
4.430899999999999
5.2936000000000005
4.9376
4.806000000000001
5.7981
6.834
6.193000000000001
4.843999999999999
4.940699999999999
5.3652
5.3256
5.626399999999999
5.042999999999999
3.9239
4.454999999999999
4.813400000000001
3.9822
3.5468
2.3228
2.2285000000000004
3.2406
3.4411
4.6299
4.3224
4.0391
4.8063
4.3429
4.5375000000000005
5.0465
4.979500000000001
5.0837
4.6696
4.691300000000001
4.0047
3.7449
4.0453
3.757400000000001
4.191999999999999
3.9824000000000006
4.1769
4.470699999999999
3.6454
3.1329
3.9743999999999993
5.2812
4.5988
4.308599999999999
5.4484
5.719600000000002
5.075400000000001
5.250699999999999
5.313599999999999
4.858299999999999
5.353099999999999
5.714600000000001
5.276300000000001
4.3266
4.124700000000001
4.6776
4.912299999999999
5.0906
4.8376
4.967899999999999
5.817400000000001
5.545
4.9872000000000005
5.386099999999999
5.450499999999998
4.3912
3.8552
3.5746999999999995
3.3426000000000005
3.3465000000000003
3.5181000000000004
4.2332
4.2353000000000005
3.7744
4.1229
3.9084
3.1459
3.4883
3.6231
3.1403
3.153400000000001
3.0700000000000007
3.652
4.5541
4.797200000000001
4.600299999999999
4.1451
3.2797
2.9390000000000005
4.300599999999999
5.194299999999999
4.3963
3.165
2.7796000000000003
3.4676
4.0755
4.517599999999999
4.5507
4.5996
5.171799999999999
5.5066
4.912599999999999
4.1103000000000005
4.082000000000001
4.387700000000001
4.695900000000001
4.7171
4.479399999999999
3.8702
4.5974
5.476800000000001
4.9732
4.567399999999999
3.9711
3.6908
4.069300000000001
4.154299999999999
3.663299999999999
3.7997
3.6466
3.2039
3.6875
4.7134
4.885
4.2088
4.0307
3.5344999999999995
4.6381
4.8954
2.712200000000001
2.664
2.7861
2.5906000000000007
3.0411999999999995
2.2436
1.1738
1.5563999999999998
1.6790999999999996
1.7874
2.6054000000000004
2.4285
2.8226
3.5590999999999995
1.4925000000000004
1.7075999999999996
3.781
3.6976999999999993
4.0815
3.6447
3.6555999999999993
4.3017
3.8308
4.2507
4.9205000000000005
4.045000000000001
4.343500000000001
5.150399999999999
4.7601
5.207199999999999
5.0607
4.5154000000000005
5.0172
4.8494
4.5652
4.8032
4.894899999999999
4.7744
5.2101
4.9826000000000015
4.3548
5.469399999999999
5.4283
4.1148
4.1619
5.1721
5.288099999999999
4.7737
4.8771
4.994200000000001
4.782899999999999
4.3707
4.0745
4.589
4.8847000000000005
4.7988
5.3012
5.4779
5.466899999999999
6.306199999999999
7.102500000000001
6.464899999999999
5.940799999999999
5.231599999999999
5.159800000000001
5.435599999999999
5.952999999999999
6.6728000000000005
5.683199999999999
5.6317
5.912099999999999
5.827100000000001
5.312700000000001
4.5495
5.0752
5.8414
5.534899999999999
5.212700000000001
5.6162
5.178
5.489400000000001
6.0489
5.6686000000000005
5.956800000000002
5.3527
4.3847
4.6606
5.282900000000001
5.3037
5.0578
5.191199999999999
5.6926
5.872200000000001
5.3195
5.0213
5.249700000000001
5.5127
5.4476
5.995999999999999
5.875500000000001
5.494999999999999
5.471900000000001
5.551300000000001
5.133100000000001
5.0219
5.3563
4.494899999999999
4.4686
4.8297
4.642200000000001
5.2033
6.6887
6.165699999999999
4.7752
4.352900000000001
4.398800000000001
4.0138
4.7689
5.047499999999999
4.387700000000001
5.248100000000001
5.02
4.281199999999999
4.3784
4.0482000000000005
3.5029000000000003
3.8535
4.0878000000000005
4.818199999999999
5.668699999999999
4.7068
3.6403000000000008
3.4033999999999995
3.5699
3.025
2.9353
3.9324
4.929800000000001
5.3881
4.8359
4.372599999999999
5.293200000000001
6.9101
6.1589
5.0988
5.56
6.6716
6.507699999999999
5.7712
5.7921000000000005
4.722300000000001
3.9465
4.5254
5.0541
5.1754
5.1687
5.2364
5.2758
5.5920000000000005
6.327000000000001
6.219999999999998
5.9276
6.174099999999999
5.5851
4.8916
5.236599999999999
5.0111
4.8661
5.5338
5.3973
4.5734
4.1974
4.542800000000001
4.922199999999999
4.475300000000001
3.9639
3.7967
3.3418
3.108
3.3357
3.8467
3.8944
3.7294
3.611
3.612500000000001
3.5440000000000005
3.2112000000000007
2.8484000000000003
2.1933
1.8238
1.7508
1.2856999999999998
1.2624
2.3747
3.164
4.0198
4.658200000000001
4.6161
4.5147
4.3504
4.7523
5.2187
4.755800000000001
4.093800000000001
4.3052
4.1972000000000005
3.8621
3.8289
3.3306000000000004
3.1002
2.8919
2.5672
3.195500000000001
3.094199999999999
2.7491
2.8442000000000007
3.0731
3.1236
2.650100000000001
3.1054000000000004
3.2479999999999998
2.1965
2.6574
3.5209
3.9271
4.548
4.425700000000001
3.9619
3.2528
2.9401
2.9813
3.648100000000001
3.7851
2.9315999999999995
3.713400000000001
4.6096
4.0118
3.2089
2.5313
3.0943
4.367500000000001
4.2153
4.078500000000001
4.704899999999999
4.9687
5.7291
5.816299999999999
5.2454
6.0685
6.5356000000000005
5.9114
5.4133
5.324299999999999
5.4936
5.490200000000001
5.1257
4.5846
4.8874
5.2002
5.647499999999999
6.122300000000001
4.590199999999999
3.6693000000000007
4.524
4.8906
4.4396
3.8188
4.328799999999999
4.467
4.501500000000001
5.201499999999999
5.270500000000001
5.630599999999999
5.4613
5.2045
5.714599999999999
5.806399999999999
5.4376
5.252000000000001
4.9338
4.8222
4.920799999999999
5.3304
6.4539
6.0439
5.2501
5.993599999999999
6.148
5.7464
5.88
5.55
5.7239
6.3366
6.199999999999999
6.0360000000000005
5.368199999999999
5.4624000000000015
6.1764
5.885300000000001
5.480499999999999
5.4705
5.4888
5.3192
5.7582
6.3241
5.9202
5.726199999999999
6.178100000000001
6.1793
5.544199999999998
5.061
5.1577
5.2088
5.132
5.4386
5.321300000000001
5.367600000000001
5.320799999999999
5.2501
5.594700000000001
5.9341
5.9663
5.119199999999999
5.161200000000001
5.7865
5.671799999999999
5.551799999999999
6.3025
6.2609
5.887700000000001
5.927899999999999
5.7341
5.3252
5.0006
5.657999999999999
6.1892000000000005
6.7475
6.375900000000001
5.702100000000001
6.2482
6.494
5.812699999999999
5.8761
6.332400000000002
6.198
6.0231
5.8222000000000005
5.762600000000001
6.4620000000000015
6.4579
5.785
5.6996
6.100899999999999
6.2337
6.0232
6.614400000000001
6.0164
6.1015
6.645399999999999
5.691999999999999
5.2506
5.930199999999998
5.9945
5.1282
5.0712
5.9908
6.196799999999999
5.898000000000001
5.7422
5.114800000000001
5.0072
5.485400000000001
4.9754000000000005
5.027100000000001
5.756399999999998
5.6732000000000005
5.28
4.9667
5.0411
5.479100000000001
5.637899999999999
5.2675
5.222800000000001
5.7448000000000015
5.447100000000001
5.2807
5.839099999999999
4.931500000000001
4.354800000000001
4.5525
4.5942
5.161400000000001
5.3142
4.8528
4.6947
5.3638
5.438300000000001
