-2.4628
-2.1337
-1.2414999999999998
-0.5181999999999999
-0.2565999999999999
0.2776
0.7767000000000002
1.3043
1.8396000000000003
2.2999
2.6223999999999994
2.8460999999999994
3.3191
3.298
4.184900000000001
4.731599999999999
4.3651
4.8866000000000005
5.077000000000001
5.0876
5.4141
5.654599999999999
6.1409
6.513799999999999
6.0413
5.9835
6.3633000000000015
6.749199999999999
7.333000000000001
7.499699999999999
7.312099999999999
6.723400000000001
6.8207
7.245
6.968500000000001
6.2178
5.528199999999999
5.4024
5.013599999999999
5.474599999999999
5.814100000000001
5.948199999999999
6.508300000000002
6.269500000000001
5.3897
5.314699999999999
5.956
6.383399999999999
6.1478
5.2882
5.7456
5.887
6.046799999999999
5.941800000000001
5.967400000000001
5.9817
5.1235
5.9663
6.5703
6.2237
5.014799999999999
4.5096
4.8933
4.5535000000000005
4.5126
4.2261
3.5728000000000004
4.057799999999999
5.132699999999999
5.0564
4.578900000000001
5.2731
5.880199999999999
5.0308
5.0711
5.657899999999999
4.9585
4.1454
5.951400000000001
7.052100000000001
5.6215
5.6344
5.810100000000001
5.380400000000001
5.042699999999999
5.1409
5.3022
4.9413
5.4666
6.2490000000000006
5.9119
5.489300000000001
5.6764
5.0887
5.742499999999999
6.4117
5.6829
5.151800000000001
4.9939
5.487099999999999
5.163800000000001
5.153099999999999
4.3693
2.784699999999999
3.447199999999999
4.930400000000001
6.725700000000001
6.1172
4.41
5.1833
5.0969
5.447600000000001
6.3142000000000005
6.5285
6.361500000000001
5.196600000000001
4.3914
4.8902
4.9792000000000005
4.754
5.525799999999999
5.350600000000001
4.572000000000001
5.7111
5.416900000000001
4.0248
4.8415
4.819400000000001
4.1136
3.5980000000000003
3.908399999999999
5.489299999999999
6.293900000000001
5.932799999999999
6.055199999999998
5.7873
4.634
4.9215
6.674899999999999
7.2512
5.936700000000001
4.9573
4.753299999999999
4.7705
5.1365
5.563699999999999
4.334099999999999
3.3267000000000007
3.989
3.6664
3.7826
4.5199
4.148199999999999
4.283600000000001
5.288200000000001
5.777700000000001
5.891499999999999
6.177099999999999
6.352700000000001
6.1503000000000005
5.7523
6.3854
6.567699999999999
6.4602
6.809300000000003
6.279300000000001
6.079400000000001
6.031899999999999
5.851699999999999
5.409599999999999
5.0639
5.7247
6.503799999999999
5.7452
4.9343
5.053
5.3740000000000006
5.670299999999998
4.957299999999999
5.297900000000001
5.473
5.2659
5.0366
4.722
4.2865
3.6344000000000007
4.1822
4.7031
4.5986
3.749499999999999
3.605100000000001
4.0269
3.956
4.2631
4.6332
4.4852
3.408499999999999
2.8607
3.5580000000000003
3.3575
2.999000000000001
3.6206
3.8223
3.254800000000001
3.260899999999999
3.5486
3.4254
4.031999999999999
4.1549000000000005
3.6987
3.8722
3.5064
3.1677
3.451099999999999
4.1076
4.1109
3.807
4.0031
4.3924
4.4197
4.2641
4.4001
4.2677
3.8169
4.018400000000001
4.722
3.8816
3.7636
4.531899999999999
4.167599999999999
3.6984
3.811
4.096800000000001
3.89
3.8567
3.7277
3.3403
3.7534
3.9187
3.2287999999999992
3.5266
3.8957000000000006
3.9827
3.7666
3.972999999999999
4.743099999999999
4.8266
4.356
4.080900000000001
4.146399999999999
3.7144
3.5554
4.0356
4.4594
4.6757
4.0769
3.769600000000001
3.7814
3.4869
3.803900000000001
3.985
3.9419
3.8848
3.5742000000000007
3.5309
3.6948
4.248799999999999
4.0981
3.3841
3.5455000000000005
3.4418999999999995
3.2574000000000005
3.5770999999999997
3.9136000000000006
3.8026
3.4237
3.6005
4.2389
3.8313000000000006
3.2563
3.2782000000000004
3.4684000000000004
3.9839
4.479500000000001
4.88
4.322300000000001
3.7619
4.182499999999999
4.306800000000001
4.595599999999999
4.6183
4.3022
4.073
3.8684
4.309799999999999
4.2237
3.9506
4.1964
4.482
5.1849
5.160699999999999
4.5961
4.3424000000000005
3.917100000000001
4.0406
4.0843
4.0216
4.5309
4.8144
4.837600000000001
4.9996
5.147099999999999
4.734
4.777400000000001
5.0075
4.5455
4.3804
4.713800000000001
4.9237
4.9525
5.3364
5.2574000000000005
4.9003000000000005
4.6285
4.0168
4.1812
4.353999999999999
3.9851
4.0012
4.184
4.757099999999999
4.6103
4.1885
4.697999999999999
5.664600000000002
5.5367
4.908200000000001
5.315100000000001
5.1744
4.764900000000001
4.849500000000001
4.793899999999999
4.823200000000001
4.383699999999999
3.687
4.1637
4.4629
4.0272
3.8486
4.0287
4.6717
5.5429
5.67
5.1841
5.039100000000001
4.946899999999999
5.2886
5.5961
5.7527
5.573
5.382
5.404400000000001
5.425599999999999
5.1724
4.8472
4.9565
4.642600000000001
4.967600000000001
5.129
4.6506
4.828399999999999
5.234000000000001
5.260399999999999
4.9789
5.228600000000001
6.012399999999999
5.396099999999999
5.1813
5.881900000000001
6.2111
6.1271
5.5097000000000005
5.4698
5.7543
5.669599999999999
5.4171
4.874499999999999
4.491300000000001
4.674000000000001
4.3774
4.423
4.4216
3.9182
3.8413
4.134600000000001
4.6396
4.0434
3.9251
5.039200000000001
5.006900000000001
4.4394
4.3428
4.0203
4.2848
4.8348
4.7384
4.6978
5.2477
4.8324
4.530199999999999
5.0919
5.096800000000001
5.267
5.0507
4.9019
4.9407
4.7937
4.9744
4.5799
3.4639000000000006
3.1842
3.5718999999999994
4.1291
3.5945
2.5061
2.1420000000000003
2.1100000000000003
2.2105
2.592
3.3168
3.178300000000001
2.6659999999999995
3.0390999999999995
3.5143
3.4581000000000004
4.0478000000000005
4.503899999999999
3.7603
3.7584
4.693099999999999
4.528599999999999
4.311
4.1816
3.7695
4.0256
4.2007
4.7788
4.373400000000001
3.7224999999999993
4.2203
4.9418
4.8742
3.8741
4.048799999999999
4.5691
4.0745000000000005
3.9092
4.2585
3.9919000000000007
3.657
3.7763
3.5768
3.73
4.074899999999999
4.1784
4.5777
5.706599999999998
5.613099999999999
4.898299999999999
4.7493
4.9556
4.9284
4.7107
5.2239
5.082699999999999
5.245299999999999
5.300800000000001
4.9876
5.3743
5.409199999999999
4.779
5.0877
5.4963
5.5120000000000005
4.932099999999999
3.8638
3.768700000000001
4.370400000000001
4.5802000000000005
3.7658
3.9008
4.8986
4.935300000000001
5.753899999999999
6.4442
5.9011000000000005
6.0983
5.833100000000002
5.035399999999999
5.4677
4.6535
4.475700000000001
4.9912
5.0937
6.516699999999998
6.722899999999999
6.429999999999999
6.0636
5.4962
6.1911000000000005
6.793900000000001
6.8055
6.6249
6.3268
6.838699999999999
7.389299999999999
7.9724
7.7917
7.589599999999999
7.973
7.943200000000001
7.3225
6.701099999999999
6.6089
6.2605
6.204700000000002
5.608799999999998
5.253000000000001
4.9129
5.2868
5.687200000000001
5.2899
5.404299999999999
5.0456
5.3892
5.6019000000000005
5.769
5.351899999999998
5.119800000000001
5.910400000000001
5.114300000000001
4.501699999999999
4.877000000000001
5.5684
5.496
4.96
4.9236
4.7933
5.0985000000000005
4.875500000000001
5.0623000000000005
4.4544
4.2704
4.8886
4.2623
5.042000000000001
5.529900000000001
5.290500000000001
5.2261000000000015
5.23
5.064399999999999
4.5752
4.188500000000001
3.6021000000000005
2.9145000000000003
3.0986
4.0575
4.6303
3.5536000000000003
2.9596000000000005
3.8373
3.5222999999999995
3.406
3.9025
4.0467
3.9605
3.9902
3.458
2.665199999999999
2.1781
2.3105
2.6938
2.9639
2.9862000000000006
3.0374000000000008
3.0290000000000004
2.9311000000000007
3.2797
3.729400000000001
4.07
3.4884
3.4852
4.360200000000001
3.8918
2.9195
2.7082999999999995
2.5884000000000005
2.4702
2.4500999999999995
2.7606
