-5.5712
-5.473799999999999
-5.2975
-4.7005
-3.5690999999999997
-2.9182
-2.2473
-1.3532
-0.6018999999999999
0.0755
0.5672999999999999
1.2531
1.7787999999999995
2.2752
2.7459
3.0729999999999995
3.0022000000000006
2.9243
3.3423000000000003
4.063599999999999
4.246200000000001
4.0823
4.144399999999999
4.229
5.160399999999999
5.359000000000001
4.5295
4.7499
5.544
5.170799999999999
5.2098
5.775799999999999
6.489
6.8847000000000005
6.124400000000001
5.9936
5.973299999999999
6.4971
6.959900000000001
6.272499999999999
6.067800000000001
5.3603000000000005
4.6643
5.572799999999998
6.3559
5.885
5.8826
7.084699999999999
7.137900000000001
6.328200000000001
6.1537
6.295799999999999
6.360700000000001
5.8079
5.3565000000000005
5.8622000000000005
6.366199999999999
6.274499999999998
6.4291
7.0378
6.6919
6.5505
6.889499999999999
6.766099999999999
6.1507
6.4342
6.8454
6.567200000000001
5.8592
5.799499999999999
6.200700000000001
4.9469
4.4074
4.5463
5.0938
4.850300000000001
3.9933
4.628599999999999
5.133500000000001
4.7505
3.5085
2.6983000000000006
2.2983
2.6768
4.3979
4.524699999999999
3.8053
3.595500000000001
4.254099999999999
4.2736
4.4986000000000015
4.730200000000001
4.5626
5.324000000000001
4.774500000000001
4.4086
5.747699999999998
6.433
6.146499999999999
5.3071
4.8035000000000005
6.185600000000002
5.9617
5.281999999999999
5.3878
4.929
4.7245
4.621
4.458600000000001
4.5939
4.5104
3.4142999999999994
3.3586
3.4331
3.3997
4.5222
4.3363
3.4891
3.182899999999999
2.8448999999999995
3.36
3.8191
3.5128000000000004
4.1448
5.1347000000000005
5.093
4.6948
5.6749
5.764600000000001
4.467
4.2019
3.3453000000000004
3.6533
3.9938000000000007
3.2124
3.1184
3.2474000000000003
3.896
3.8273
3.702
4.7842
6.236500000000001
6.443500000000001
5.5637
5.5024000000000015
6.8
7.1022
6.168200000000001
4.888999999999999
4.483899999999999
5.7862
6.927299999999999
6.444399999999999
5.5868
5.718
5.652699999999999
5.1715
4.2645
4.2331
5.9891000000000005
6.632700000000001
5.8423
6.0631
6.564799999999999
6.055699999999999
5.413099999999999
5.214100000000001
5.0841
4.4872000000000005
3.898800000000001
4.3762
5.0443
4.0526
3.2025
3.230900000000001
3.1536
2.8967
3.2003000000000004
3.727100000000001
3.1329
3.3316000000000003
3.9995
3.8088
3.5706000000000007
3.6515
2.8373000000000004
1.4461000000000002
1.5373
2.3829
3.2693
3.5066
2.9711000000000003
3.1490000000000005
2.8675
3.8069
4.5605
3.9476
3.7971
3.4301
3.8906
4.4068000000000005
4.3836
4.4183
4.4176
4.9351
4.8768
4.576099999999999
4.908099999999999
4.799300000000001
4.737
5.3958
5.6166
5.318199999999999
4.836499999999999
4.9028
4.955900000000001
4.242500000000001
4.6989
5.3086
4.7743
4.9675
5.086900000000001
4.514499999999999
4.645
4.0467
4.656199999999999
6.0691
6.026199999999999
6.0394
6.0278
6.6979
6.376
6.4972
7.897
8.0466
7.7977
7.734799999999999
7.805399999999999
7.9556
8.241599999999998
6.6899
5.7364
6.2494000000000005
5.326899999999999
4.5007
4.9681
4.6048
3.7203
3.5216000000000003
4.033400000000001
4.948
5.0799
4.8428
5.022900000000001
5.2374
5.5435
6.725199999999998
7.065
7.026500000000001
6.930700000000001
6.239299999999999
6.603900000000001
6.973299999999999
6.453699999999999
5.7244
6.6206
7.7951
7.0288
7.1679
7.6611
7.0657
6.873000000000001
6.213900000000002
6.283200000000001
6.791199999999999
5.5932
4.697399999999999
5.0840000000000005
5.301800000000001
4.8809000000000005
4.3941
4.5473
4.7091
4.494999999999999
4.708900000000001
4.3365
3.051600000000001
3.1831
3.9229
4.6197
4.8831
4.6868
5.255599999999999
5.8101
5.527899999999999
5.016900000000001
5.1908
4.9911
5.291199999999999
5.187799999999999
4.8159
5.4784000000000015
5.737300000000001
5.333699999999999
6.135500000000002
6.436599999999999
5.702399999999999
5.880599999999999
5.441
6.120999999999999
6.8877
6.465799999999999
5.899399999999999
5.123099999999999
4.920800000000001
4.862399999999999
4.4563
4.6036
4.602100000000001
4.2255
3.672200000000001
3.6019
4.352799999999999
4.4758
5.4971
6.096699999999999
5.0745
4.7758
5.920200000000001
6.611300000000001
6.821499999999999
7.283400000000001
6.402699999999999
6.5647
6.7819
6.4741
6.109300000000002
4.7444
4.9853000000000005
6.011900000000001
5.937400000000001
5.700699999999999
5.5878000000000005
4.9805
4.9776
5.239
5.4661
5.611400000000001
5.937299999999999
6.258000000000001
6.398299999999999
6.044899999999999
5.4325
5.0514
5.1643
6.268399999999999
6.9557
6.9565
6.977500000000001
6.807500000000001
6.209800000000001
5.4771
4.8702
5.5926
6.2745
6.127600000000001
6.4297
6.484400000000001
6.284199999999999
6.462799999999999
5.582599999999999
4.027100000000001
5.037299999999999
5.780500000000002
5.001
4.6115
4.7713
5.331799999999999
5.4202
5.2483
5.8209
5.990700000000001
5.6484000000000005
5.421399999999998
5.0671
5.0082
5.723000000000001
5.795500000000001
4.9249
4.897499999999999
5.201199999999999
6.2405
6.329700000000002
5.743
5.6576
5.6323
5.665199999999999
5.433300000000002
5.506000000000001
5.125699999999999
4.567400000000001
4.515199999999999
4.7165
5.334700000000001
5.1338
4.6507
5.0848
4.907500000000001
4.598699999999999
4.774399999999999
5.0748
4.9067
4.1930000000000005
4.2041
4.2399
4.408999999999999
5.0532
4.8161
5.3015
5.1579
3.936
4.7856
4.9177
4.0152
4.1096
4.4179
4.1288
4.3957
4.539899999999999
3.8397
3.5721000000000003
4.0626
4.2643
3.786399999999999
3.9309
4.0421
4.0903
4.022399999999999
3.9782
4.262700000000001
3.8632
4.0132
4.4097
3.7899
3.8206
3.9493
4.6518
5.0484
3.930800000000001
3.801999999999999
4.3072
4.1013
4.1041
3.9001
3.624200000000001
3.8695
4.3697
5.1201
4.753300000000001
4.1734
4.4578
4.1899
3.4960000000000004
3.7179000000000006
4.216900000000001
4.317200000000001
3.7794
3.8292
3.9463
2.5339
3.3828000000000005
3.5712999999999995
2.6299
3.0444
1.7744
2.201
3.2305
3.2372999999999994
3.921300000000001
2.896299999999999
2.194
3.3667
3.9288000000000007
3.8104
3.4605
3.5167
3.7264
3.6711
4.138700000000001
4.7181
4.6668
4.0673
4.3950000000000005
4.883800000000001
4.7433000000000005
4.4802
4.0661000000000005
4.4396
4.6516
4.179500000000001
4.3994
5.259999999999999
5.089899999999999
4.7899
4.498
4.2332
4.2922
3.9717000000000007
4.151400000000001
4.183299999999999
4.610200000000001
5.2336
5.651100000000001
5.646699999999999
5.265899999999999
4.5091
4.7558
5.28
4.7044
4.824400000000001
4.9236
5.061600000000001
5.542599999999998
5.371499999999998
5.0585
5.008299999999999
5.2161
5.4628000000000005
5.391100000000002
5.1349
4.521199999999999
4.3447
5.002699999999999
5.165799999999999
5.447900000000001
5.3979
4.5876
4.656000000000001
4.850099999999999
5.438599999999999
5.687599999999999
5.0181
4.136100000000001
4.1177
4.9028
4.6267000000000005
4.5276
4.9724
5.624000000000002
5.7067000000000005
5.2688000000000015
5.5641
5.5123
5.489
4.783
5.4167000000000005
6.548800000000001
6.313300000000001
6.228399999999999
5.445400000000001
4.9155
5.4771
5.723199999999999
5.3674
5.625300000000001
6.5124
7.259399999999999
7.0939
6.334899999999999
5.7075
6.616700000000001
7.112499999999999
6.416799999999999
6.492999999999999
6.286099999999999
5.949600000000001
5.8689
6.625699999999999
7.2039
7.1633
7.19
6.7187
6.1629000000000005
6.345
7.512
7.846799999999999
7.1262
6.7697
7.3139
7.0105
6.8909
7.482700000000001
7.2652
6.980599999999998
6.863699999999999
7.0876
7.513099999999998
8.2722
7.745899999999999
8.0162
