98.85
82.15
74.43333333333334
67.1
62.39
49.45
40.26
34.52
30.43
24.5
19.46
19.43
19.21
20.4
26.25
25.65
23.67
21.19
17.51
9.4
12.28
11.77
11.59
11.25
16.4
14.93
20.93
19.09
17.98
17.76
19.0
15.39
16.53
16.25
12.63
9.83
8.08
7.39
8.62
8.65
9.41
9.04
8.86
8.64
8.02
8.09
7.28
6.43
5.75
6.6
6.54
10.56
12.7
13.84
12.76
14.61
11.96
12.55
13.23
13.56
12.71
12.72
11.29
17.36
20.15
23.98
26.92
30.87
28.96
29.29
27.11
28.41
28.83
31.41
29.7
32.08
36.37
35.1
31.75
34.28
32.46
37.09
34.61
34.15
32.95
34.44
31.27
33.1
34.6
36.24
34.35
26.6
27.23
23.61
22.32
22.42
23.36
21.68
23.42
23.89
24.11
24.63
27.51
32.27
29.6
29.03
31.54
28.16
24.51
28.2
31.15
26.76
27.65
23.72
20.26
16.67
15.4
17.85
19.85
28.34
33.11
35.37
31.75
29.84
22.94
17.68
16.47
21.86
23.22
22.76
22.89
23.34
21.47
20.9
28.94
28.04
30.0
30.4
33.32
31.8
34.57
32.82
32.23
31.51
25.99
23.2
20.99
24.32
23.91
28.26
36.06
37.91
31.98
34.25
29.82
27.19
28.53
31.37
28.53
33.49
31.3
28.62
25.42
24.7
20.36
19.87
22.55
22.36
25.1
23.2
27.18
29.73
32.13
28.87
29.08
23.22
18.25
16.3
19.57
21.05
22.94
25.66
28.71
23.68
26.48
25.83
25.14
21.67
25.47
23.55
26.24
25.08
27.53
27.0
27.99
26.17
32.88
29.87
28.19
27.37
26.61
21.14
22.11
25.13
24.82
23.85
25.17
32.36
30.11
29.71
31.15
28.99
25.8
25.39
23.84
30.77
29.78
31.63
34.2
37.89
27.87
26.68
21.95
17.29
15.55
16.26
20.26
18.81
19.65
16.25
16.05
13.08
12.66
15.78
18.0
20.2
20.03
22.77
23.06
22.47
23.53
25.46
26.23
24.21
25.12
22.91
24.24
23.73
23.82
22.19
23.93
24.34
21.9
24.22
25.71
23.43
23.71
25.55
24.09
25.68
25.6
25.68
26.16
26.78
26.96
28.06
24.0
23.03
24.66
21.8
20.9
20.92
21.57
18.36
17.68
17.86
19.23
17.21
19.15
19.94
21.57
22.07
25.36
27.33
26.66
24.74
30.02
25.67
23.36
24.87
27.99
23.28
28.78
29.54
31.27
33.21
32.66
31.73
30.54
27.5
23.17
22.98
24.44
26.52
26.95
28.44
28.32
28.09
26.4
28.13
31.07
29.39
26.36
23.64
20.65
21.66
23.01
22.22
26.38
29.3
22.72
25.31
25.74
25.49
25.61
28.67
27.42
26.87
24.47
22.9
20.07
20.22
20.25
21.52
22.14
23.46
25.0
24.45
23.32
21.01
21.86
18.36
17.42
18.71
20.42
20.97
22.19
23.78
22.65
23.77
22.32
21.95
21.62
23.28
22.43
25.04
23.91
26.84
31.79
33.62
31.92
33.26
30.28
24.54
22.71
24.88
24.83
25.04
25.73
24.37
24.88
23.94
22.98
19.44
20.73
16.22
17.02
17.67
19.94
20.46
23.48
21.05
21.57
20.86
20.75
19.61
22.71
21.85
21.73
21.22
21.78
22.16
22.8
21.76
20.59
20.26
17.37
16.16
18.26
20.4
19.43
22.99
24.76
24.53
28.35
29.2
28.19
31.36
32.48
30.59
28.89
27.16
24.08
21.05
18.85
21.51
21.36
21.94
26.22
27.84
29.99
32.41
31.68
32.65
33.98
28.54
26.6
30.27
27.96
27.04
31.9
29.99
25.42
24.95
24.69
22.09
29.95
30.75
27.5
25.74
23.23
15.44
13.55
17.09
15.38
15.57
20.31
22.1
22.27
27.0
31.85
30.9
35.2
32.81
31.84
26.77
22.52
18.37
20.04
20.49
21.22
22.17
23.87
23.73
18.78
20.99
23.89
27.46
28.69
32.18
30.45
29.47
25.41
26.35
25.96
26.74
24.51
24.42
22.54
20.61
23.51
24.42
26.07
32.76
36.37
37.69
39.36
41.12
35.58
33.05
29.81
31.0
29.57
26.31
28.24
26.53
22.54
18.16
19.44
17.82
16.89
17.54
17.28
16.86
14.71
17.85
19.26
19.49
18.57
18.15
19.76
18.95
17.49
17.87
23.04
20.0
20.69
23.99
25.06
23.88
21.97
23.77
22.73
20.98
17.36
20.81
17.44
15.83
17.03
19.27
18.54
21.99
23.16
29.0
29.5
30.8
28.63
29.17
23.75
25.28
21.75
20.02
19.75
21.88
19.45
23.47
25.27
26.32
26.22
24.96
20.34
20.66
20.36
17.85
19.27
21.05
23.59
24.03
26.09
27.6
28.23
24.46
23.68
23.6
22.57
25.2
28.8
31.14
31.52
29.18
24.32
24.99
22.37
26.43
27.34
31.52
26.82
26.49
20.93
21.53
18.91
19.43
21.46
19.64
18.74
21.84
25.1
26.24
27.23
28.63
24.95
20.21
20.67
20.59
19.98
19.4
22.61
18.13
17.37
16.42
