111.35
100.225
97.5
81.475
78.34
69.35
62.69
47.25
50.23
49.2
43.88
32.72
31.49
25.09
20.7
13.58
18.08
18.1
22.94
19.79
18.95
15.95
19.57
16.11
12.57
20.13
22.91
29.61
30.01
32.04
29.59
33.12
21.08
23.84
20.76
15.92
8.11
8.07
4.76
7.12
6.85
16.83
23.24
18.75
16.77
21.66
11.68
6.04
13.11
21.67
23.76
24.93
25.05
18.12
16.44
14.38
13.3
12.52
15.59
8.33
3.44
3.35
20.1
16.89
19.87
23.93
25.44
11.14
15.43
18.59
16.6
17.73
15.17
11.04
9.44
7.51
24.72
25.23
25.07
26.38
43.1
28.38
34.01
34.01
35.15
25.67
22.54
26.71
26.71
21.87
16.86
17.49
11.13
28.37
37.94
36.66
34.03
31.14
22.44
16.84
19.83
27.19
27.17
26.59
26.03
24.69
24.19
23.15
16.35
12.71
23.57
30.39
34.47
33.31
32.98
20.32
6.64
2.56
7.69
8.46
9.61
11.91
12.08
7.45
11.73
33.0
30.7
40.27
42.93
38.33
18.0
21.15
11.89
8.73
6.69
6.08
4.99
5.74
8.22
10.52
8.15
9.07
10.39
12.41
15.44
16.14
15.39
12.84
12.46
16.69
21.14
22.14
22.76
18.71
33.15
31.86
37.84
45.84
45.77
22.35
18.63
13.48
7.52
8.2
20.55
25.91
23.94
25.97
25.47
15.46
12.35
22.61
17.92
20.17
21.03
18.56
7.26
7.26
5.25
4.23
11.4
23.19
23.44
23.08
20.32
13.61
15.21
14.96
20.27
27.22
26.76
16.01
22.66
17.29
16.28
16.28
12.94
6.29
9.49
4.54
4.54
4.33
7.8
7.88
14.39
14.98
18.44
22.66
22.49
20.65
30.08
27.08
24.41
27.7
24.69
15.99
27.49
23.18
19.57
25.97
37.34
30.72
31.25
32.02
29.66
18.62
23.64
26.08
31.24
26.61
33.42
24.79
35.5
30.33
29.26
24.59
25.28
11.16
11.48
20.28
23.38
21.32
37.06
35.69
26.05
19.16
23.34
7.33
17.4
24.25
24.25
22.07
33.41
22.32
29.36
34.48
32.23
20.89
21.56
8.67
5.95
7.12
11.79
11.39
10.53
11.11
9.69
11.22
12.4
15.36
14.35
16.92
19.76
20.77
19.97
23.2
24.23
32.12
30.04
27.59
24.36
30.94
14.05
13.67
17.63
19.83
18.74
18.7
20.09
16.27
14.97
12.07
13.22
10.35
11.64
8.77
2.58
3.18
5.1
6.24
8.31
10.46
20.76
20.43
18.35
16.39
19.52
7.61
16.59
18.22
18.11
12.83
12.69
2.37
5.79
5.79
16.04
25.08
36.54
31.28
40.69
30.94
23.11
12.22
13.98
11.28
13.38
12.17
20.51
18.47
12.4
10.28
23.66
15.45
21.06
20.46
23.25
10.25
11.4
8.6
8.74
5.56
5.18
8.48
10.45
11.42
25.95
27.52
23.48
28.24
29.67
28.15
26.77
25.58
16.23
14.27
7.24
15.94
15.77
15.58
22.62
16.55
10.32
12.29
14.01
15.24
15.24
13.41
14.21
14.79
5.99
14.63
13.81
19.97
19.61
21.13
25.24
34.76
30.95
29.01
29.03
16.71
10.42
14.33
21.74
23.39
25.12
22.06
13.03
5.68
5.09
10.0
9.82
16.47
18.93
16.24
9.5
11.66
5.01
10.86
18.19
34.27
39.77
49.51
41.27
39.58
40.14
32.48
28.23
28.1
24.69
7.72
7.72
6.29
6.29
21.25
28.14
45.05
40.99
41.33
24.64
19.03
4.58
4.58
4.24
4.1
4.59
9.21
11.95
12.27
17.1
20.17
16.52
18.75
21.99
16.8
19.81
16.38
12.73
18.77
29.36
22.24
33.48
35.18
29.14
26.24
27.57
25.46
27.23
33.78
26.09
24.03
17.37
13.93
3.82
8.43
14.26
13.8
12.45
20.2
22.3
18.67
18.8
21.1
13.4
13.84
11.8
9.66
7.6
8.55
3.84
8.28
9.22
10.61
12.44
10.38
8.72
14.35
16.79
13.96
17.37
14.79
11.88
11.19
24.1
20.6
28.83
28.4
31.79
21.46
28.51
20.17
17.03
14.18
18.75
18.69
30.59
34.13
31.63
28.93
22.66
15.01
15.88
20.53
19.33
18.77
21.57
25.98
26.34
28.95
28.66
22.04
16.53
12.88
13.27
16.76
17.69
14.42
11.64
11.03
7.52
6.51
8.67
18.54
18.65
27.43
34.1
33.25
34.91
29.59
23.96
24.46
30.2
38.44
44.81
41.52
40.33
36.19
21.42
29.09
34.11
31.4
34.65
50.62
48.29
50.78
48.59
49.62
29.97
22.13
34.83
40.14
39.53
42.43
50.28
33.99
42.3
35.59
31.54
19.62
23.28
19.48
20.31
23.22
23.42
22.25
14.51
22.05
19.61
24.75
22.38
27.54
29.43
29.08
23.63
29.21
20.75
10.54
10.52
11.11
5.93
9.13
14.33
14.34
13.74
21.66
18.0
17.4
27.66
39.39
29.55
43.27
38.62
30.28
22.73
21.09
15.55
15.55
14.34
22.25
