55.15
59.0
60.63333333333333
55.5625
49.11
43.05
37.39
31.98
31.75
38.79
38.7
37.43
37.52
33.87
26.92
26.22
22.71
22.04
21.19
29.31
28.94
31.94
29.32
27.57
17.49
20.22
18.56
16.91
18.99
21.74
19.17
18.29
16.09
14.63
11.27
9.2
9.69
11.51
10.76
10.43
13.67
14.41
13.75
15.29
14.79
10.5
11.03
10.28
8.27
8.32
8.53
6.67
7.16
6.54
11.49
13.26
13.32
16.29
18.6
14.3
20.02
22.41
21.18
22.3
25.3
21.69
25.99
28.97
27.7
29.48
29.91
24.22
21.2
25.26
22.42
21.45
26.51
28.56
27.17
31.54
34.08
28.6
29.17
27.74
27.14
29.79
30.38
29.81
31.13
30.2
25.13
28.46
27.83
31.72
29.47
32.75
34.05
36.02
36.4
38.1
35.06
32.27
29.42
24.12
21.89
19.96
16.58
24.45
29.99
31.64
35.81
45.38
38.96
33.25
29.2
23.79
15.45
15.57
16.4
18.22
23.36
26.22
28.95
29.2
27.64
25.55
22.64
20.74
22.37
22.34
23.84
27.89
28.63
27.54
29.4
30.12
29.49
27.73
31.54
36.59
32.23
29.97
30.74
26.54
21.34
22.88
21.99
19.11
18.65
21.76
27.53
31.44
37.14
46.29
47.24
46.27
45.82
49.38
44.04
39.95
38.91
35.83
30.95
31.97
33.76
30.39
33.34
33.48
29.16
29.43
32.66
29.1
24.47
24.54
20.72
16.3
18.51
16.93
14.93
18.79
20.81
23.24
25.8
23.77
21.89
22.45
15.47
17.54
21.29
23.39
20.65
23.07
20.86
19.56
16.45
17.61
18.57
20.21
20.08
19.99
18.88
17.36
17.58
17.52
24.23
23.32
24.5
22.44
23.06
17.16
19.42
19.13
20.37
21.86
21.57
21.53
20.99
23.41
23.8
27.17
34.43
39.78
36.43
38.3
36.12
26.98
22.95
20.92
14.48
13.58
12.93
16.37
19.29
21.9
23.58
30.3
27.23
27.89
28.78
33.08
26.78
25.69
24.03
24.95
19.07
19.71
19.91
21.98
20.38
22.71
22.8
23.11
21.65
19.09
14.12
14.79
14.08
15.86
22.3
26.92
26.95
27.87
26.39
22.1
19.76
19.57
18.77
25.34
27.75
30.32
33.2
31.93
28.77
27.43
25.99
22.13
24.93
19.76
20.16
22.21
27.09
25.72
28.17
27.04
25.78
25.19
25.99
23.85
24.15
23.8
21.34
19.56
19.47
20.86
18.08
19.51
19.44
17.62
13.36
15.22
12.42
18.71
21.41
27.95
26.92
29.09
23.57
25.24
21.37
23.85
24.03
23.37
22.47
19.86
20.05
18.75
20.45
24.41
28.38
25.5
24.66
25.33
22.61
21.47
22.83
23.02
23.51
21.45
20.47
20.25
23.35
22.2
22.5
25.53
25.07
21.96
20.92
20.15
20.18
20.22
21.07
22.13
21.37
17.39
18.23
17.65
17.99
20.0
22.61
24.54
24.14
23.45
21.45
18.42
15.74
18.2
23.19
24.56
29.72
28.66
25.68
19.56
21.56
17.52
20.25
21.89
22.76
21.33
20.67
20.69
18.66
19.42
18.47
20.31
20.42
22.43
23.55
25.03
26.13
26.25
24.78
21.46
22.19
23.51
21.66
24.3
24.88
24.15
22.48
20.61
19.13
18.35
18.34
15.58
18.25
19.55
20.19
18.65
20.04
20.63
19.82
19.3
19.14
17.37
17.46
17.93
18.25
19.82
20.05
18.17
16.2
15.38
16.67
17.37
17.95
16.67
20.25
16.23
17.07
18.4
20.06
18.43
21.2
23.16
24.48
25.53
23.53
25.91
23.09
26.74
29.09
31.86
28.9
33.01
27.36
26.03
26.49
25.11
23.57
23.36
22.04
20.14
22.01
21.56
23.4
23.0
23.64
23.4
22.41
21.32
25.46
26.55
26.41
27.46
25.28
21.02
21.81
21.99
19.38
21.62
20.97
17.79
17.32
19.28
18.36
18.42
21.37
21.25
18.74
18.37
18.02
16.74
16.07
18.39
20.24
22.57
21.4
21.99
24.55
24.6
21.29
22.43
22.49
21.39
21.55
28.25
28.81
29.75
30.32
28.11
23.57
24.75
21.92
18.05
19.3
20.53
18.96
24.5
24.83
25.33
23.17
23.12
18.66
19.99
17.46
17.85
15.99
15.32
14.2
16.19
14.5
14.96
15.06
14.66
16.32
18.13
26.17
26.67
26.17
23.07
24.48
16.94
18.88
20.62
23.04
21.77
22.83
20.65
20.64
16.46
16.0
15.75
18.81
19.14
19.04
17.2
16.29
12.68
10.44
13.68
15.7
17.95
19.82
22.32
21.26
20.63
20.99
21.05
21.12
22.24
25.03
23.36
23.96
25.25
24.74
25.55
28.44
30.45
27.91
28.73
28.6
23.31
19.58
20.72
20.35
19.9
23.66
26.08
26.8
27.12
23.31
20.73
24.08
26.98
26.33
28.04
28.02
22.9
19.03
19.84
19.25
18.17
18.77
17.0
16.0
15.65
16.62
15.41
15.27
15.58
15.9
16.64
15.34
15.74
14.94
16.24
14.43
15.11
15.87
14.3
