0.5973771334834777
4.834059270268643
7.419219769462142
8.24093919696215
9.386564044503938
12.862441439184522
15.163317218811544
16.16909200277685
16.496380013576644
16.395893537435576
15.807095708823915
14.194811253011444
13.169309938167585
13.713497083992593
13.235833384016043
12.911707533185837
12.709442735300772
11.951385000186091
11.300632807347684
11.399260352107962
11.8020534139695
12.334240713715824
12.338203074329678
11.442424737757468
10.646750343680848
8.983787364516195
7.974235830024156
7.289205792834415
7.402863616296935
8.208359291997557
7.875465922168834
7.746177560786448
8.139289974444202
8.080909044674138
7.289938507161444
7.749225941988694
7.623754802840094
7.301469613771149
6.963120945625803
6.493073353149946
6.0891985078692
6.071805600196968
6.266392543935988
6.091564792035525
6.275235790229699
7.1151734488579965
7.116871722834679
6.594661854520328
6.464288721693167
6.675040454924085
5.812198299522279
5.922344521540507
7.322539874492383
7.953134793485537
8.367129857082741
9.38049496731097
9.603598326864873
10.003985313124543
11.687861896315814
12.424214187674954
13.269232521143142
14.796908375137852
15.9199880496801
15.157763687027716
15.448470842060766
15.123356331008102
14.332698934991486
13.914599660370136
13.45244445122058
13.70321587353082
13.984740534602295
14.786653866080904
14.544012003723736
15.770691065992526
15.108485510028649
14.971653825341612
14.398486342218291
14.51644518904593
14.500753730066632
14.532292236855522
14.31827606396422
14.973296894256976
14.447924025519454
14.606654809489768
16.29681460300054
17.63040556592674
17.456724736247985
18.88797210456333
19.31415375027056
18.57258494793638
17.590648402335884
17.83593558091955
16.96730885090311
16.75800828508558
16.64961416242551
16.858162854528175
16.494256131912987
16.184630961584393
15.254440001863872
14.657468529713832
14.083502079057943
13.042598413201748
12.87258400522758
13.01400963077192
13.245992822549448
13.43057508398508
13.765364008620123
12.718468153427263
12.546135890872623
11.302081222725311
11.072184331138864
11.134843326504749
12.618210130393193
12.31861793876434
13.48774727391673
12.961086891014071
12.961396544654722
12.407808307846716
12.406692879471212
11.855010337800683
12.389984711981697
12.49944911295057
11.647138725359303
11.004953926947278
10.736728477479238
10.178338769343233
9.541780987087348
9.947244263428484
10.860854670528278
11.238123806014125
11.300670938608269
10.97198319737135
11.634695036511896
11.781495547006555
12.15907938363591
13.559292248080494
14.485474988305011
13.809292251816794
12.774579358024662
12.575516068043148
11.878997078965178
11.659659554359724
11.272122763284262
11.867928652314175
11.146130879808188
10.90423380508328
11.40758852210578
12.27784598730685
12.569786698659428
13.37643644892096
13.720309971432226
13.644886109445135
13.92636004902349
14.62941153050826
15.435458536119416
15.824576097545965
15.360877923012795
15.19691017631804
14.581831464120738
13.280365964048844
12.442857073359884
13.010026113403098
13.486115381907943
13.940877829674523
14.522928069816194
14.147187608343488
13.19981998695667
12.2710730399987
10.673196256040027
10.48693496886343
11.174649820751302
11.267757374435076
10.56149029303406
11.408686196536143
11.174574564678224
10.480616171764447
10.237740137114756
10.978316059957477
10.39747200306173
10.692218302351096
11.530656548589317
12.044086397187918
11.6679371068616
12.415847895349875
13.054505055127317
13.036642603231932
12.972327889333734
13.639437395780028
13.53750882692895
12.331282885530047
12.37260992366113
13.643269403447968
13.245393015136637
13.408651971919364
13.771530151052763
13.394004685160873
12.78485227480422
13.371155668225196
14.41877959958048
14.37930310724398
14.762747730998356
14.922045636707836
15.169468664382888
14.194340942217709
14.730145972737684
14.451563357119458
14.751189338139955
14.382789071297257
15.15239996628102
15.3713949038498
15.4933715677399
14.657049074345029
15.419166617623262
15.665366767938512
16.04048925912327
16.94069934059254
17.66483121260282
18.096131672998528
18.48373550156563
18.28274013771448
18.59071113372593
19.2704926404095
18.92465907669669
17.72817091305692
17.817464201825253
17.596277037966157
15.931249409815614
14.999089683117704
15.454496567725608
15.14835840466817
14.06165812964664
14.719740968174587
15.61398567494888
15.431890836786147
15.787366007650192
17.080287272425167
17.97085575515735
18.269053804279416
19.170188091327248
19.39709739133469
18.93058296916393
18.234292755267088
18.14790486584698
17.5981908827879
17.359161051241223
17.07894671373595
17.553491829308182
17.715608133405897
17.88798942677866
17.97691159764375
17.64866065370921
16.589729467691278
15.66395607815502
15.64716385673736
15.443672107265764
16.318822423017735
18.283589019766872
19.815925600982272
19.987660289809945
20.245795615403598
20.06664063763127
19.098899452947435
18.505185108352144
18.13991204889162
17.456358974225708
17.557770314406792
16.950932153821817
16.0968784710244
15.44311251916623
14.994949726039987
14.325396809059512
15.045305647837722
15.141276201989998
17.07674196381803
18.89392011728789
20.105525465925503
20.80727953943529
21.56037489280139
19.95837069218932
19.019824890522592
18.51677558631257
16.71707417936567
15.45670110823632
15.065531454059537
15.07494079583235
14.837282941209889
15.864456515817093
16.91654349604735
17.456876278163225
17.638478243122123
17.561385926166427
17.57945985901667
18.035074105846427
18.267255971402413
18.33111093813366
18.295678910014782
18.024365753625112
16.844895470648055
16.84571334628058
16.332758502329792
16.509683023410638
16.42402082983757
17.32686530231078
17.87158981696321
17.89528512858092
17.943159247801056
17.83856699167682
16.526441795553726
15.567447285851308
16.471956410126673
16.595109804666787
16.520450431148078
17.12488558974479
17.642124737397626
17.235628366726832
16.997636331338647
17.4086265095928
18.941755465530388
18.696035386133516
18.57700913178539
19.22597150789937
19.72424351241496
18.5760769696838
19.18443714214209
19.723496903411743
19.380545427022795
18.7341481002867
17.69686037334273
17.553948154468422
16.571767328746
16.35673786962053
16.735389931928665
18.627517726063655
18.28710338106165
18.68264097937343
18.827736583891987
19.192512494590268
18.829687056174222
19.758188300617075
20.632952562184418
20.811079336405943
19.700460102977065
19.656489111488767
19.241900368194912
18.822421308223497
18.36749183216084
19.153629878753343
18.74224889938588
19.06291440757598
18.31088772587741
18.102659906334047
18.32267125809165
18.386655804191815
17.52556150972586
17.634074815930777
18.28196273622025
17.922154514557146
17.14804476841743
17.39862438793967
17.77331181590576
17.254328981028532
18.644798673554348
19.58561993124273
20.097440142790266
20.247706588271328
20.1644048905437
18.62077242786337
18.140968931347057
17.832373233715725
17.324960080047006
18.307117626869665
18.57985664261882
19.35234741088395
19.403974854064085
20.657903146324088
21.22962182020456
21.61947082139777
21.219357390989007
21.20458488584277
20.89775484414964
19.13462340736262
17.959937248177724
18.034612010127532
17.65726797972112
16.72957511696532
17.293338154403074
17.568499183929145
17.5764101178542
17.634156578753046
18.330669301958714
18.81568334499601
18.799892094712256
19.327235672755013
19.304366124491416
19.95033470257921
20.555026358989497
21.955504013344903
22.289190290380883
22.646944790530355
22.42413007307422
20.60889159402329
18.941070549839363
17.89371233110577
17.133717860737534
16.061695360278044
17.1316258423066
18.29475246889483
18.852234904446096
19.99064268500905
20.51940992246288
20.522712111613377
20.642625479757463
20.743484515052483
20.710830424528705
21.146157586824188
20.948346144596904
20.583859015956783
20.504081333564127
19.813230370059163
19.42888007500305
19.80339027031948
19.630760076906554
18.93738900584545
19.70728945439971
19.18925756785061
18.90585499006312
19.68077355322218
19.99718491093384
19.87010503700309
20.226775646102272
20.5693254544051
19.936412545889187
20.032076262059
19.837773021416336
20.572277893606405
21.166170453911818
21.30787863168086
21.90219532980029
21.793086640585454
21.55009000238085
19.75460461513201
19.462828433650053
18.55653961114297
18.54482370994659
18.781973091209647
20.438273383658444
21.271811352149403
22.62102706271336
23.15270960365107
23.100502769048397
22.734546569332515
22.37332021795956
22.00485330757827
21.07361736303229
20.203731967778012
19.642833421394247
19.896303825883628
19.37439166703629
19.570246629256747
19.259237142370228
19.876203882761548
18.828891106629257
18.456325316877084
18.412045447051003
18.490095177773263
17.48219321211775
17.143623257703826
17.06912166018023
16.439912460140732
17.118944755865005
17.87884359849388
18.73443969561808
18.36263554001737
19.42591623154173
19.306829496168746
18.847646255953407
17.061965380943988
17.485199249454613
16.835382716356257
16.278069006313164
16.1731691676086
18.109905396683487
18.65063209497036
18.612144360779475
19.39509878203542
19.99114996366364
20.30013214393909
20.537174510424787
21.00743145240442
19.958955276402573
18.729692872313493
17.48079040596522
16.364143249585776
16.176124884099607
16.602345127972498
17.545794256438445
18.483606961181454
18.78507570366647
19.085280572445665
19.28444854125681
19.560006328552
19.164823383500416
18.8210942008007
18.72343095202228
19.231626951841264
17.723131169785464
16.865784579831793
17.72823835590425
17.572008012251146
16.77298374069188
17.217703257768687
17.48708454987665
17.043195740179982
17.209104083938936
16.66441152098914
16.733861515354107
17.144806931840204
18.05469492554753
18.005991400817923
18.979086295668328
20.403330822879767
20.11317763706194
19.925447950980804
20.29227671610154
19.8922209145352
18.73637938027588
18.735246701632278
17.763831609392437
16.253309528794695
16.60050404752456
17.153005636538886
17.405500821996895
18.278591975362843
18.25022560279508
18.1237657191416
18.22379270050081
18.63897327574969
18.325942170748228
19.7141907802272
20.622361298731384
20.402361842371228
20.61559781775322
21.004477455013365
20.20288107080147
19.221236336603894
20.245258383738985
20.26081042415155
19.870198432477
21.02170031140336
22.082378979330727
21.92034108881481
22.253255365634462
22.16979543265956
22.6699364498788
21.73200421928477
21.5750931238174
21.46857242179372
21.98426564875912
20.691066308952028
19.81909400039499
19.197058862803875
19.574148933353
18.274981877949102
18.39688175378768
18.92979566855951
19.44139699980593
19.65041952224693
20.15357484810546
20.62828228217704
21.80683884377716
21.00960708351424
20.126069827628797
20.268740644968545
20.22894073101618
18.72828299706078
18.992507857240643
18.58566441220681
18.57470464576681
18.211237834572547
18.64671535905127
18.642237250900592
18.68062288158676
18.924470223862013
19.26144602933017
19.10814145128568
17.606751720227873
16.420560906296696
16.38764052581339
15.760281355177266
15.745717829244466
17.403716856847677
18.763835647059256
18.677834291006832
18.47113775455652
18.770708249098263
18.16911814106508
18.15022050386247
17.251671556541943
18.320284726792824
19.003075677444517
