0.1772725276783925
1.031520892268275
1.2079986561789635
1.4625533989988595
1.5502897960468578
1.8937583351873652
1.681837143116462
1.4666563234706178
0.9876689324845864
0.6801060306073539
0.3255524014761832
0.2113040815912758
0.1752787806482229
0.2675237051284321
0.1856529669150747
0.2141206052356142
0.1939904218071604
0.2044265794011958
0.1957914385147982
0.1974392603615478
0.1542480849883128
0.1527831310365499
0.1206690778853861
0.0620223254471682
0.0792158506062549
0.0745677753107752
0.0708302216366516
0.0090276934214518
0.0489138694872585
0.0659770956757086
-0.0152759449062621
0.023448348962557
0.0746968640132887
0.0691480341797723
0.0305225558565431
0.1034255492663512
-0.0021590770092575
-0.0510051349084634
-0.0730933308349215
-0.0533086857532959
-0.0500988741795992
-0.0307735279286277
0.0037552803606598
-0.0634906515330548
-0.0434611164538314
-0.064899274989966
-0.0682234718727854
-0.1406046850456974
-0.1297657474226937
-0.1939303549670659
-0.1601698063661232
-0.1642925355478048
-0.1308059375436909
-0.0732506638437874
-0.0831970565895987
-0.1215936053625743
-0.11187672416396
-0.0909213283422469
-0.0916987762338608
-0.0571440680820806
-0.0160472543870034
0.0235853345882286
0.040125930780127
0.0264079145983681
0.0557514383000646
-0.0073933356196354
-0.0256528495907943
-0.0595537060626938
-0.0660892663985158
-0.054394639683574
0.0411728796209676
0.1542330298129483
0.2259328185415573
0.3633332872442414
0.4034945227744165
0.395570937234141
0.3333719320420044
0.3598474006128391
0.2654908401165226
0.3088365622158641
0.3726486554308957
0.4689938278146875
0.4966833961387529
0.6666569700053263
0.6842658428517904
0.7588195193435296
0.802656905986098
0.8268844142394449
0.7541375104875762
0.7349843801209556
0.6569481572688173
0.6237522686859106
0.6698945914452846
0.6897726097192607
0.7652655093245687
0.781585605299477
0.7665042791945758
0.7332982800592466
0.6898617121679975
0.6840269829086538
0.7478563595839764
0.7845170415514664
0.8533228475254983
1.0359020031380684
0.9804634603168068
0.9163834860093184
0.8595232681784657
0.8101312230843548
0.6433075636729355
0.6323389789377232
0.6934246499473206
0.6995766262334421
0.6104544227278295
0.644514277447925
0.6179215401893089
0.5608168679023571
0.5170935474194005
0.5101008544729578
0.4816572688602341
0.4619293311992576
0.4321490166677173
0.4911673855202483
0.5140124067608138
0.5071162281819113
0.6273363587727876
0.60268631745902
0.5768481424651932
0.7182807371212284
0.7622841139245098
0.6661651922052984
0.6858778175052308
0.6823393222380364
0.5229614842077198
0.4578188734166373
0.4174673550354608
0.4137123826090117
0.3931648357997535
0.4730188897228818
0.4516146953399683
0.5049972194880078
0.5271820903441279
0.5556653845159242
0.4586133182692448
0.450590759474489
0.4009897174086598
0.3541846407165879
0.2830148267447889
0.3690549638924812
0.396338744318462
0.3800770108997141
0.3977995322299804
0.5220035670594245
0.5211983890631104
0.5858216394964122
0.6996967107904236
0.7298746423158371
0.6523246893607051
0.6663252072700786
0.5921244114386581
0.5383653584362457
0.5644284966563045
0.5307926156692186
0.4940259653489663
0.481107797291923
0.4897344086913726
0.4866667047965569
0.5439154491783791
0.5717684201191344
0.5290724477272476
0.4700460019075253
0.4091593869850119
0.4072418973677103
0.3000091558294794
0.3569648485326756
0.3649135456982487
0.4007425428290335
0.3604578575481463
0.4378444604334458
0.3974592349849967
0.5244198335583108
0.5695504698159989
0.6316716242503587
0.596727350057866
0.6584865808596502
0.5563190816040057
0.5141789489026649
0.4254209343640398
0.4616191967053718
0.4370955465444114
0.4909559147138081
0.4349252465212525
0.4575265299092995
0.4443080575455044
0.468059085816077
0.3799531182155048
0.4957507275956588
0.4789134772720202
0.4886876744456439
0.5376172252228197
0.6002178754353504
0.4875947233099484
0.6097393872874861
0.5918243328273364
0.5307152504573898
0.6070127491847813
0.667455257905827
0.6120336144431173
0.6743168227933419
0.7101525540264874
0.7056390382051141
0.7112375586376457
0.7653957685256794
0.6753711626306582
0.714460357671388
0.60306017737861
0.583548639678971
0.5368293204071034
0.7417811510844885
0.7119107092675905
0.7667669967802324
0.8311309877219943
0.8197330137756182
0.754834929888037
0.7236045436874082
0.7953813964904409
0.7726608869430605
0.8808545294979052
0.8180753516804308
0.911338762546397
0.9193164049974044
0.9529344527659596
0.8671408706716806
0.8259334610488014
0.7163195737898136
0.6845788872602777
0.6458722026175198
0.5623898923060087
0.5542821550504661
0.5290529353577479
0.4478729621206428
0.4693154866400706
0.5750226656505242
0.6178820914377107
0.6794326558061661
0.7181949644965762
0.6632349419163122
0.5555893147682152
0.4429872762520329
0.4116665526285901
0.36590694129919
0.3069789677903237
0.3266484401762023
0.428050519911033
0.361793001139209
0.4223951640406689
0.4486297262854894
0.4656801493168374
0.410871015392729
0.4948934057599441
0.4291262169838167
0.4165538490696244
0.410707859620582
0.4479924804973174
0.4523633054697808
0.3520137581884222
0.3430707211697814
0.2900936600006613
0.2747277841305528
0.2154405679847725
0.2428825064147226
0.2118730443002278
0.2287806206089954
0.2012105670437127
0.1953226154108488
0.2552628529450627
0.3141434363496996
0.3170843818114285
0.3354929679722314
0.3646612028381974
0.3864243811438118
0.376729860245289
0.4275598473367515
0.427103801099939
0.4191048288239905
0.489118132225242
0.4652473335615494
0.302103113528763
0.2236710561764334
0.1931114800385807
0.1021574869504931
0.087672443179732
0.2040065840920805
0.2828105384824866
0.3031476479715234
0.2602845515059723
0.2431265389973672
0.2475176198044087
0.217718785003427
0.201377413772521
0.2192804001326136
0.2376370120310872
0.2780317288074143
0.2594324934848917
0.1756820523124701
0.1832847983876
0.2422434609139714
0.2103018036531689
0.2467461578779189
0.4235078462425102
0.4784810478345994
0.5129896829597886
0.4915722502632031
0.4526743452030613
0.3564768629994618
0.383742779802279
0.3285345578315846
0.361605959867013
0.3935007574802697
0.3164199518019664
0.2571481178317832
0.3253608212254723
0.2504078205595827
0.2136181393587218
0.3255695156010627
0.2863772924665281
0.199795120764979
0.2107657562432338
0.2119668357071218
0.1536505865119515
0.1873594937902159
0.2286234537966267
0.28359778560948
0.3583530485736064
0.4302312397828111
0.4255042416986891
0.4577940597295413
0.4546249356889185
0.4314445622351544
0.4031979346528594
0.4420192415223352
0.4058693399349248
0.3638374599797604
0.3337499480286937
0.3728537065442254
0.2671991914749748
0.1763774374448606
0.1943406822242847
0.1890336664376709
0.1995153266190425
0.2676218352238147
0.3551257300866076
0.37766632876209
0.4167057712226373
0.3369034089366447
0.4212788909192718
0.3693607443332515
0.2994232743290358
0.2231818920182813
0.2356832340532928
0.1621469947105123
0.1756437511787116
0.2851619473354765
0.3431100388000342
0.3882479388269291
0.3333767856731324
0.3733177853901015
0.3658192265176207
0.3753231901302029
0.3488222802763711
0.4280422797472837
0.465332091141701
0.4651265092217363
0.4367633096881259
0.4437303000859899
0.3979579332559558
0.3236549282796634
0.3847208574867407
0.4435574953733996
0.4231194837798488
0.4669068496021358
0.4696712204071423
0.3919097434485013
0.3388876293091105
0.389205087721531
0.3777627436450135
0.3768858596477276
0.3916332257638133
0.4402270523314833
0.4386143571606242
0.4751071529615022
0.515057575231678
0.5302808064989888
0.4966402968504266
0.5123663813594594
0.4749765468606137
0.4316865602050355
0.4480516274868795
0.413495047910515
0.4030018751261772
0.4119495144519846
0.4099176112997045
0.4115114365506401
0.4461565616219907
0.4077610286970279
0.4495877386307069
0.5362213014735441
0.4738338114176874
0.5628475640223255
0.5816146987590536
0.5268846922777835
0.4322971968179864
0.4407160812988037
0.4097561376383668
0.4517693102631146
0.4385830016338679
0.5020008086886895
0.5442105998241363
0.6569859663018238
0.6190161372804976
0.6046691882673332
0.6305619071090343
0.6060677991461929
0.42478142539777
0.3991092404392284
0.4395333798148865
0.3777126499401985
0.3801846659439293
0.3988694661031253
0.3916470119655101
0.3097513695122232
0.3437063050133729
0.3080473583346809
0.3801704362098892
0.4933482799307466
0.6063862011426179
0.56803756838271
0.635006594388429
0.5369905678496001
0.5161435417070946
0.5261446052398575
0.6195885581242669
0.598996737344575
0.711542003591783
0.6693724423310351
0.5569710832829902
0.5255371272380484
0.598279391744866
0.5352429725136462
0.5074199243427662
0.5073761600793449
0.4710821182005011
0.3451507055500224
0.3475796469176087
0.3791073412105487
0.3989771849741915
0.4001871975490985
0.4343294858648419
0.4749112693078898
0.4660482520979265
0.4842881659816846
0.5498354733815272
0.5068436613860616
0.4148861192263158
0.4212393566726145
0.4134130462844143
0.3843263635060407
0.4787135582521038
0.4657765439443644
0.4942767308049864
0.5624756782292559
0.5438994703579886
0.4637714462057676
0.4543852683847024
0.3752284791572589
0.2858893364951482
0.2584142918903386
0.2951885396123704
0.384509543197657
0.4593857403108679
0.4728331046921823
0.4250466057823708
0.4282018738182868
0.3871897933798198
0.3965482732212756
0.4770024105278048
0.5110832983607368
0.5495860783102559
0.519988174732696
0.5246332727713362
0.5112955432716264
0.5633295001654794
0.5129639617975457
0.5660866627381418
0.509162523997481
0.5037150284004991
0.4281742179089882
0.4560749074284823
0.4139023573637567
0.4447069497437217
0.4276338762641301
0.5278488132255856
0.5252428456212845
0.6583584053434035
0.6974341174571991
0.7223635707593924
0.6684750339090515
0.684794210185682
0.5723631025173657
0.6255535979143019
0.6506500514963033
0.6396924653452828
0.6031630540104834
0.6409184668741655
0.5040221540756417
0.4166897946614397
0.4420651566365945
0.3842099004459637
0.2975665791572469
0.2772846746200632
0.2986072666247413
0.2902380832670356
0.3650119074585671
0.4701300597840277
0.4973498139478801
0.4872216495786399
0.5117578630188737
0.5400741113142249
0.5170698619889051
0.5470449312997444
0.7053462625790188
0.708014246462226
0.7154276763062107
0.7849197252844222
0.7972874012429956
0.6055768611388964
0.5518275631722214
0.537067243661453
0.5073346295549799
0.5004352746048507
0.5356037687889746
0.5998313168539776
0.616175120109028
0.6971092962833118
0.6707579009123121
0.7293642022111259
0.7155669368962585
0.6818510992612381
0.521415141921984
0.4465819784080129
0.338533130022292
0.2586333676981416
0.2209955077015848
0.2115769382358188
0.3227432372736155
0.4093370651557214
0.5243636567361095
0.4334367937104039
0.3222140054128886
0.0374271352543725
-0.125582098292204
-0.2637370897018842
-0.3764608454943305
-0.3222267878322455
-0.151529569675421
-0.1298909111900598
-0.0188857064153117
0.0494967678208514
0.0592467909536724
0.1120622255797149
0.1678598415527221
0.0424421727434954
0.0973138673970219
0.1549517107710586
0.159411403584127
0.1721010677832993
0.2120267811661743
0.269827712261411
0.2347363326862306
0.2097712744060149
0.1801010754129795
0.1630294107382218
0.1395231002726886
0.1463939491739427
0.1565661375315613
0.158878354772608
0.2302292822323522
0.2492229131033334
0.2911180531723929
0.2992823034481088
0.3430703401459833
0.2614748835957804
0.2703018761241246
0.2233127080008013
0.2006731597579767
0.1967577851815534
0.2098410584417931
0.256424262146229
0.2722949445121256
0.2560877674647351
0.227859512916603
