1.1799999475479126
0.8600000143051147
1.0399999618530271
1.1399999856948853
0.9800000190734864
1.2999999523162842
1.0399999618530271
1.0399999618530271
1.059999942779541
0.8600000143051147
1.559999942779541
1.2200000286102295
1.5800000429153442
0.7799999713897705
0.699999988079071
0.8999999761581421
1.8200000524520876
0.9800000190734864
1.8200000524520876
0.8600000143051147
0.9399999976158142
1.4600000381469729
0.8199999928474426
0.5
0.8600000143051147
1.7599999904632568
1.159999966621399
1.0
1.100000023841858
0.7599999904632568
1.0199999809265137
1.7200000286102295
0.8199999928474426
1.0800000429153442
1.4600000381469729
0.6800000071525574
1.2200000286102295
0.9800000190734864
2.039999961853028
1.2999999523162842
1.2200000286102295
0.7400000095367432
1.0399999618530271
1.1200000047683716
0.5799999833106995
0.8199999928474426
2.039999961853028
0.6800000071525574
2.0
0.699999988079071
0.6200000047683716
1.0
1.059999942779541
1.3200000524520874
1.559999942779541
1.559999942779541
1.2599999904632568
1.440000057220459
1.7599999904632568
2.5999999046325684
2.0
2.539999961853028
2.039999961853028
2.799999952316284
2.319999933242798
2.680000066757202
3.359999895095825
2.220000028610229
2.9200000762939453
3.0
2.900000095367432
4.199999809265137
3.7799999713897705
3.7200000286102295
3.920000076293945
4.139999866485596
5.019999980926514
7.260000228881836
6.239999771118164
4.599999904632568
5.079999923706055
7.960000038146973
6.619999885559082
4.239999771118164
6.800000190734863
6.840000152587891
6.940000057220459
9.100000381469728
15.859999656677246
16.100000381469727
15.880000114440918
13.15999984741211
12.81999969482422
23.780000686645508
20.18000030517578
26.540000915527344
36.77999877929688
35.380001068115234
31.020000457763672
45.20000076293945
45.900001525878906
47.59999847412109
66.95999908447266
73.73999786376953
80.16000366210938
97.27999877929688
105.83999633789062
80.54000091552734
82.76000213623047
92.5999984741211
81.73999786376953
78.68000030517578
62.880001068115234
58.81999969482422
64.0
61.2599983215332
55.18000030517578
45.7599983215332
41.52000045776367
34.540000915527344
31.36000061035156
32.84000015258789
32.599998474121094
28.5
26.100000381469727
25.459999084472656
26.13999938964844
25.540000915527344
25.86000061035156
23.15999984741211
20.57999992370605
16.979999542236328
14.119999885559082
12.979999542236328
12.4399995803833
13.539999961853027
14.539999961853027
14.880000114440918
14.880000114440918
13.5600004196167
11.600000381469728
9.899999618530272
10.4399995803833
10.600000381469728
10.81999969482422
11.699999809265137
12.600000381469728
14.260000228881836
14.279999732971191
16.5
18.280000686645508
20.100000381469727
19.299999237060547
19.21999931335449
18.18000030517578
17.739999771118164
15.880000114440918
17.520000457763672
17.299999237060547
18.21999931335449
18.1200008392334
18.63999938964844
18.36000061035156
16.799999237060547
15.920000076293944
15.0
13.800000190734863
14.960000038146973
15.619999885559082
16.200000762939453
15.739999771118164
17.600000381469727
18.479999542236328
18.959999084472656
18.81999969482422
20.3799991607666
19.280000686645508
16.719999313354492
15.779999732971191
18.07999992370605
20.399999618530277
19.739999771118164
19.540000915527344
20.84000015258789
19.559999465942383
15.31999969482422
12.359999656677246
16.959999084472656
21.600000381469727
24.15999984741211
32.5
39.959999084472656
42.2400016784668
39.119998931884766
37.720001220703125
36.36000061035156
37.380001068115234
37.93999862670898
45.34000015258789
40.13999938964844
34.779998779296875
24.65999984741211
28.84000015258789
32.13999938964844
30.979999542236328
33.68000030517578
35.20000076293945
45.5
48.459999084472656
48.70000076293945
42.52000045776367
34.81999969482422
27.979999542236328
27.299999237060547
25.540000915527344
51.59999847412109
56.02000045776367
45.20000076293945
17.540000915527344
12.880000114440918
12.020000457763672
14.279999732971191
17.739999771118164
19.440000534057617
17.799999237060547
16.0
15.800000190734863
17.18000030517578
17.5
15.960000038146973
14.640000343322754
13.479999542236328
10.800000190734863
21.959999084472656
36.400001525878906
37.08000183105469
25.8799991607666
15.0600004196167
14.119999885559082
19.86000061035156
24.31999969482422
42.13999938964844
34.939998626708984
23.81999969482422
25.0
31.600000381469727
29.3799991607666
24.18000030517578
19.200000762939453
14.359999656677246
28.020000457763672
24.440000534057617
37.459999084472656
29.959999084472656
21.34000015258789
7.079999923706055
7.739999771118164
8.140000343322754
14.84000015258789
19.71999931335449
50.43999862670898
50.5
43.0
25.07999992370605
22.0
14.31999969482422
10.520000457763672
43.13999938964844
42.43999862670898
52.880001068115234
40.63999938964844
31.780000686645508
10.9399995803833
10.960000038146973
10.539999961853027
22.86000061035156
33.459999084472656
30.8799991607666
35.58000183105469
26.479999542236328
16.15999984741211
9.359999656677246
23.31999969482422
29.780000686645508
41.119998931884766
46.31999969482422
47.060001373291016
41.52000045776367
27.399999618530277
14.84000015258789
56.47999954223633
59.41999816894531
39.02000045776367
54.08000183105469
58.0
40.619998931884766
21.559999465942383
18.86000061035156
39.93999862670898
35.18000030517578
107.68000030517578
135.32000732421875
110.77999877929688
39.220001220703125
13.640000343322754
10.640000343322754
13.779999732971191
11.020000457763672
13.779999732971191
17.65999984741211
15.699999809265137
9.18000030517578
7.079999923706055
17.799999237060547
17.68000030517578
20.040000915527344
16.18000030517578
18.0
11.5
9.760000228881836
8.779999732971191
10.359999656677246
12.380000114440918
19.71999931335449
24.540000915527344
26.239999771118164
21.479999542236328
18.3799991607666
13.079999923706056
24.31999969482422
35.18000030517578
28.0
19.26000022888184
19.780000686645508
21.15999984741211
26.26000022888184
19.479999542236328
12.600000381469728
6.820000171661377
24.0
38.81999969482422
46.13999938964844
41.93999862670898
33.47999954223633
28.780000686645508
27.31999969482422
25.280000686645508
29.15999984741211
21.440000534057617
27.959999084472656
26.18000030517578
25.34000015258789
20.57999992370605
19.86000061035156
29.15999984741211
34.040000915527344
34.29999923706055
35.040000915527344
43.459999084472656
42.34000015258789
36.119998931884766
36.040000915527344
38.619998931884766
30.15999984741211
31.26000022888184
32.880001068115234
33.84000015258789
34.880001068115234
41.77999877929688
42.060001373291016
34.68000030517578
22.8799991607666
25.600000381469727
26.940000534057617
22.899999618530277
23.18000030517578
23.799999237060547
29.65999984741211
33.119998931884766
36.43999862670898
34.220001220703125
35.720001220703125
34.81999969482422
32.040000915527344
27.200000762939453
28.520000457763672
39.119998931884766
47.77999877929688
39.02000045776367
25.399999618530277
30.26000022888184
30.559999465942383
27.3799991607666
22.71999931335449
23.15999984741211
25.07999992370605
25.299999237060547
24.520000457763672
15.5600004196167
48.040000915527344
40.70000076293945
2.3399999141693115
1.6399999856948853
1.3200000524520874
1.340000033378601
1.600000023841858
1.6200000047683716
2.5
2.900000095367432
5.0
7.480000019073486
5.699999809265137
5.579999923706055
6.699999809265137
6.079999923706055
15.5600004196167
23.940000534057617
18.71999931335449
8.979999542236328
63.08000183105469
62.5
30.07999992370605
1.0399999618530271
0.8199999928474426
3.299999952316284
13.979999542236328
12.600000381469728
9.800000190734863
3.839999914169312
3.140000104904175
2.799999952316284
7.039999961853027
59.77999877929688
60.7599983215332
88.23999786376953
59.7599983215332
35.959999084472656
16.579999923706055
15.760000228881836
9.31999969482422
55.560001373291016
62.7400016784668
66.04000091552734
43.09999847412109
38.15999984741211
42.880001068115234
39.52000045776367
46.13999938964844
34.31999969482422
22.520000457763672
10.380000114440918
14.760000228881836
17.760000228881836
21.3799991607666
26.63999938964844
38.7400016784668
33.2599983215332
18.71999931335449
37.18000030517578
44.220001220703125
34.560001373291016
26.81999969482422
28.15999984741211
32.70000076293945
32.20000076293945
29.57999992370605
29.780000686645508
32.380001068115234
33.29999923706055
36.84000015258789
27.020000457763672
33.119998931884766
23.280000686645508
55.31999969482422
60.41999816894531
38.91999816894531
16.959999084472656
12.5600004196167
10.399999618530272
5.460000038146973
16.920000076293945
15.520000457763672
58.15999984741211
53.31999969482422
28.899999618530277
7.539999961853027
51.58000183105469
67.77999877929688
96.8000030517578
80.87999725341797
45.0
37.959999084472656
32.86000061035156
18.059999465942383
6.599999904632568
3.640000104904175
2.700000047683716
1.559999942779541
2.319999933242798
1.9600000381469729
2.759999990463257
25.34000015258789
26.68000030517578
18.200000762939453
14.5
11.84000015258789
18.399999618530277
29.420000076293945
29.26000022888184
25.65999984741211
22.700000762939453
29.540000915527344
30.18000030517578
29.420000076293945
47.060001373291016
44.220001220703125
35.2400016784668
18.420000076293945
15.020000457763672
12.880000114440918
16.139999389648438
15.779999732971191
16.700000762939453
15.300000190734863
20.3799991607666
25.68000030517578
31.1200008392334
28.26000022888184
25.979999542236328
26.6200008392334
30.940000534057617
23.1200008392334
47.2400016784668
38.43999862670898
17.68000030517578
10.619999885559082
13.520000457763672
21.21999931335449
26.420000076293945
23.059999465942383
38.09999847412109
30.100000381469727
15.039999961853027
8.479999542236328
13.880000114440918
14.800000190734863
29.34000015258789
24.1200008392334
11.699999809265137
8.020000457763672
12.359999656677246
15.760000228881836
15.420000076293944
13.199999809265137
9.720000267028809
8.260000228881836
7.880000114440918
7.739999771118164
7.760000228881836
7.78000020980835
7.639999866485596
13.739999771118164
10.800000190734863
10.4399995803833
13.739999771118164
15.5600004196167
15.539999961853027
17.959999084472656
29.65999984741211
44.09999847412109
44.70000076293945
40.34000015258789
39.81999969482422
42.20000076293945
39.79999923706055
29.18000030517578
32.2599983215332
36.43999862670898
76.91999816894531
64.33999633789062
34.2599983215332
20.13999938964844
20.459999084472656
69.54000091552734
86.13999938964844
58.900001525878906
42.15999984741211
29.26000022888184
15.9399995803833
23.799999237060547
27.520000457763672
37.63999938964844
38.459999084472656
33.5
21.459999084472656
35.13999938964844
84.08000183105469
58.27999877929688
5.320000171661377
4.900000095367432
5.5
5.21999979019165
7.820000171661377
7.340000152587891
7.179999828338623
17.360000610351562
24.979999542236328
18.979999542236328
11.5
18.76000022888184
15.65999984741211
15.220000267028809
20.86000061035156
48.2400016784668
38.59999847412109
30.84000015258789
20.76000022888184
18.5
21.239999771118164
28.899999618530277
24.71999931335449
25.100000381469727
33.63999938964844
27.959999084472656
23.959999084472656
17.1200008392334
10.779999732971191
9.600000381469728
15.5
21.100000381469727
19.780000686645508
19.440000534057617
20.1200008392334
20.739999771118164
20.299999237060547
28.899999618530277
20.81999969482422
20.940000534057617
22.399999618530277
20.299999237060547
17.239999771118164
26.71999931335449
28.479999542236328
49.380001068115234
37.29999923706055
18.739999771118164
76.26000213623047
111.5
74.18000030517578
41.720001220703125
93.23999786376952
113.18000030517578
77.18000030517578
36.29999923706055
26.68000030517578
20.65999984741211
17.780000686645508
12.9399995803833
20.780000686645508
21.8799991607666
17.84000015258789
13.140000343322754
8.539999961853027
19.020000457763672
21.31999969482422
13.5
9.979999542236328
10.359999656677246
9.979999542236328
12.140000343322754
12.140000343322754
15.800000190734863
62.7599983215332
74.41999816894531
54.15999984741211
20.979999542236328
8.960000038146973
3.900000095367432
60.540000915527344
96.66000366210938
67.94000244140625
20.020000457763672
0.6800000071525574
11.300000190734863
11.600000381469728
49.70000076293945
59.220001220703125
40.7400016784668
14.5
16.920000076293945
118.23999786376952
164.0800018310547
108.26000213623048
38.81999969482422
11.800000190734863
33.02000045776367
35.400001525878906
28.76000022888184
11.380000114440918
14.380000114440918
16.020000457763672
19.13999938964844
13.420000076293944
16.6200008392334
25.280000686645508
21.21999931335449
35.0
36.08000183105469
35.18000030517578
22.399999618530277
14.119999885559082
10.859999656677246
16.739999771118164
24.739999771118164
20.84000015258789
15.239999771118164
66.77999877929688
87.19999694824219
64.58000183105469
26.040000915527344
11.079999923706056
19.299999237060547
18.76000022888184
17.760000228881836
9.4399995803833
8.319999694824219
6.019999980926514
5.0
2.9200000762939453
6.28000020980835
27.07999992370605
32.0
21.86000061035156
19.81999969482422
19.420000076293945
17.260000228881836
14.979999542236328
79.72000122070312
134.77999877929688
125.23999786376952
80.26000213623047
42.880001068115234
23.26000022888184
10.68000030517578
3.839999914169312
11.039999961853027
17.100000381469727
12.739999771118164
20.059999465942383
19.36000061035156
18.36000061035156
13.84000015258789
9.68000030517578
4.619999885559082
3.259999990463257
3.740000009536743
3.200000047683716
2.240000009536743
12.199999809265137
14.119999885559082
10.9399995803833
6.239999771118164
19.36000061035156
16.81999969482422
8.380000114440918
2.319999933242798
28.399999618530277
56.400001525878906
44.70000076293945
22.6200008392334
11.619999885559082
27.8799991607666
26.899999618530277
23.959999084472656
12.760000228881836
11.18000030517578
55.02000045776367
75.9800033569336
66.37999725341797
56.7400016784668
41.560001373291016
26.1200008392334
27.13999938964844
25.76000022888184
15.880000114440918
6.880000114440918
6.760000228881836
8.260000228881836
17.760000228881836
14.15999984741211
20.600000381469727
17.799999237060547
14.699999809265137
12.079999923706056
20.31999969482422
28.040000915527344
19.86000061035156
19.479999542236328
22.959999084472656
19.31999969482422
8.520000457763672
8.100000381469727
14.220000267028809
14.020000457763672
34.400001525878906
30.399999618530277
21.059999465942383
9.079999923706056
8.119999885559082
8.739999771118164
7.420000076293945
8.020000457763672
7.139999866485596
5.900000095367432
4.400000095367432
22.600000381469727
33.119998931884766
30.020000457763672
19.020000457763672
11.539999961853027
13.31999969482422
16.0
16.579999923706055
17.18000030517578
13.84000015258789
16.3799991607666
20.5
22.399999618530277
17.600000381469727
9.68000030517578
6.619999885559082
10.579999923706056
8.5600004196167
17.079999923706055
21.280000686645508
19.280000686645508
10.880000114440918
11.399999618530272
23.0
31.420000076293945
28.07999992370605
32.08000183105469
49.77999877929688
53.68000030517578
39.47999954223633
23.15999984741211
14.079999923706056
18.5
22.0
29.200000762939453
33.459999084472656
26.15999984741211
19.15999984741211
19.1200008392334
16.5
22.18000030517578
26.34000015258789
25.13999938964844
20.65999984741211
20.13999938964844
32.63999938964844
28.76000022888184
21.899999618530277
14.31999969482422
14.460000038146973
20.63999938964844
51.959999084472656
44.81999969482422
27.559999465942383
11.460000038146973
17.479999542236328
18.540000915527344
14.779999732971191
43.77999877929688
56.29999923706055
41.70000076293945
16.31999969482422
5.78000020980835
6.960000038146973
11.15999984741211
122.26000213623048
216.9600067138672
241.77999877929688
228.1000061035156
181.75999450683597
103.76000213623048
37.720001220703125
8.920000076293945
0.3199999928474426
0.2800000011920929
0.2800000011920929
0.1599999964237213
5.539999961853027
13.199999809265137
13.619999885559082
11.81999969482422
10.31999969482422
7.71999979019165
13.4399995803833
23.979999542236328
21.68000030517578
22.5
21.18000030517578
21.600000381469727
13.539999961853027
8.359999656677246
6.599999904632568
7.28000020980835
16.200000762939453
18.420000076293945
21.5
16.079999923706055
11.979999542236328
21.280000686645508
18.57999992370605
12.5600004196167
4.039999961853027
6.619999885559082
5.239999771118164
5.699999809265137
7.619999885559082
10.079999923706056
12.15999984741211
18.71999931335449
19.059999465942383
24.1200008392334
21.5
16.579999923706055
9.039999961853027
23.1200008392334
21.76000022888184
19.84000015258789
9.4399995803833
7.71999979019165
24.299999237060547
25.920000076293945
14.479999542236328
2.799999952316284
9.039999961853027
10.100000381469728
8.319999694824219
4.679999828338623
5.239999771118164
3.660000085830689
2.0
1.0
4.179999828338623
60.59999847412109
132.3000030517578
144.66000366210938
116.04000091552734
59.79999923706055
30.059999465942383
17.3799991607666
15.020000457763672
20.520000457763672
49.7599983215332
42.93999862670898
25.479999542236328
24.739999771118164
34.29999923706055
35.380001068115234
22.65999984741211
14.0
16.440000534057617
20.8799991607666
15.119999885559082
9.359999656677246
9.880000114440918
10.239999771118164
7.079999923706055
5.0
5.900000095367432
10.460000038146973
13.539999961853027
12.300000190734863
7.480000019073486
4.599999904632568
13.779999732971191
15.579999923706056
13.880000114440918
10.34000015258789
11.31999969482422
8.800000190734863
6.460000038146973
16.6200008392334
20.899999618530277
13.68000030517578
8.220000267028809
7.380000114440918
8.779999732971191
9.399999618530272
10.9399995803833
9.0
6.28000020980835
4.71999979019165
5.039999961853027
5.739999771118164
5.900000095367432
5.28000020980835
7.559999942779541
14.84000015258789
15.0
38.52000045776367
36.5
23.299999237060547
17.760000228881836
19.13999938964844
13.020000457763672
11.9399995803833
11.140000343322754
12.520000457763672
14.920000076293944
18.86000061035156
13.15999984741211
13.399999618530272
28.459999084472656
24.940000534057617
34.91999816894531
28.84000015258789
28.739999771118164
18.020000457763672
13.100000381469728
12.779999732971191
10.31999969482422
20.100000381469727
23.26000022888184
34.79999923706055
24.799999237060547
46.2400016784668
42.0
36.2400016784668
31.100000381469727
34.959999084472656
38.619998931884766
33.63999938964844
36.86000061035156
28.780000686645508
19.899999618530277
14.65999984741211
45.900001525878906
40.5
25.520000457763672
16.15999984741211
22.21999931335449
27.020000457763672
27.81999969482422
28.399999618530277
22.520000457763672
26.18000030517578
25.3799991607666
22.440000534057617
13.260000228881836
8.0600004196167
5.360000133514404
5.340000152587891
4.760000228881836
4.5
4.420000076293945
4.71999979019165
4.480000019073486
47.2400016784668
46.040000915527344
23.979999542236328
5.960000038146973
34.939998626708984
36.68000030517578
71.69999694824219
63.63999938964844
39.400001525878906
26.18000030517578
20.780000686645508
12.220000267028809
0.9200000166893004
3.0
5.179999828338623
7.320000171661377
7.539999961853027
25.440000534057617
30.84000015258789
21.420000076293945
15.260000228881836
12.65999984741211
19.21999931335449
25.36000061035156
40.43999862670898
37.08000183105469
24.57999992370605
20.57999992370605
18.059999465942383
16.65999984741211
44.119998931884766
42.400001525878906
43.77999877929688
24.81999969482422
15.0600004196167
39.220001220703125
44.220001220703125
38.65999984741211
17.579999923706055
8.100000381469727
9.100000381469728
20.059999465942383
31.5
35.900001525878906
31.34000015258789
28.76000022888184
35.47999954223633
25.399999618530277
11.220000267028809
15.880000114440918
16.219999313354492
9.359999656677246
16.200000762939453
16.8799991607666
19.31999969482422
17.6200008392334
20.920000076293945
22.26000022888184
26.63999938964844
32.7599983215332
33.34000015258789
30.920000076293945
51.2599983215332
56.77999877929688
49.84000015258789
38.84000015258789
33.18000030517578
35.18000030517578
34.68000030517578
44.09999847412109
42.43999862670898
39.5
27.07999992370605
22.68000030517578
26.739999771118164
29.940000534057617
30.76000022888184
28.34000015258789
21.21999931335449
23.71999931335449
17.079999923706055
9.119999885559082
1.559999942779541
9.579999923706056
9.960000038146973
7.019999980926514
3.5999999046325684
3.799999952316284
12.0600004196167
11.81999969482422
8.0600004196167
4.039999961853027
19.31999969482422
20.21999931335449
13.800000190734863
29.31999969482422
31.459999084472656
24.420000076293945
31.15999984741211
28.920000076293945
21.34000015258789
23.18000030517578
19.84000015258789
31.34000015258789
31.76000022888184
25.3799991607666
21.299999237060547
25.68000030517578
27.100000381469727
27.36000061035156
16.559999465942383
27.31999969482422
42.86000061035156
44.2400016784668
31.399999618530277
19.71999931335449
16.280000686645508
36.20000076293945
39.31999969482422
31.700000762939453
21.81999969482422
31.440000534057617
32.36000061035156
27.799999237060547
19.200000762939453
29.280000686645508
25.31999969482422
41.93999862670898
45.380001068115234
43.15999984741211
31.6200008392334
26.780000686645508
25.1200008392334
27.959999084472656
28.959999084472656
20.040000915527344
17.1200008392334
16.280000686645508
17.5
20.059999465942383
21.959999084472656
19.3799991607666
40.400001525878906
38.380001068115234
27.0
29.84000015258789
36.84000015258789
28.36000061035156
19.920000076293945
24.86000061035156
32.91999816894531
33.36000061035156
33.79999923706055
27.399999618530277
22.100000381469727
18.6200008392334
19.200000762939453
20.18000030517578
21.13999938964844
22.81999969482422
23.899999618530277
20.739999771118164
18.63999938964844
19.76000022888184
21.1200008392334
26.700000762939453
31.440000534057617
24.57999992370605
13.399999618530272
11.460000038146973
15.279999732971191
17.799999237060547
23.559999465942383
29.07999992370605
28.020000457763672
24.559999465942383
23.34000015258789
21.420000076293945
21.5
22.600000381469727
32.380001068115234
32.880001068115234
31.15999984741211
31.65999984741211
31.559999465942383
30.3799991607666
28.6200008392334
27.299999237060547
28.3799991607666
30.399999618530277
32.02000045776367
33.060001373291016
33.400001525878906
38.2400016784668
43.880001068115234
42.560001373291016
39.31999969482422
38.040000915527344
38.68000030517578
39.47999954223633
37.540000915527344
28.799999237060547
21.520000457763672
19.34000015258789
22.700000762939453
24.540000915527344
24.31999969482422
26.700000762939453
27.899999618530277
27.15999984741211
23.57999992370605
23.540000915527344
23.0
20.979999542236328
19.239999771118164
20.0
20.63999938964844
21.780000686645508
22.13999938964844
21.979999542236328
22.459999084472656
23.0
23.36000061035156
22.239999771118164
23.399999618530277
23.540000915527344
23.979999542236328
25.520000457763672
26.959999084472656
27.84000015258789
24.479999542236328
20.18000030517578
19.6200008392334
21.280000686645508
19.459999084472656
17.68000030517578
17.139999389648438
16.200000762939453
15.100000381469728
15.800000190734863
16.18000030517578
18.059999465942383
24.239999771118164
30.63999938964844
32.060001373291016
31.57999992370605
33.779998779296875
31.34000015258789
30.559999465942383
32.720001220703125
35.459999084472656
36.459999084472656
37.720001220703125
34.060001373291016
30.6200008392334
26.15999984741211
26.399999618530277
21.200000762939453
16.979999542236328
19.5
25.0
28.299999237060547
29.76000022888184
30.34000015258789
30.920000076293945
29.479999542236328
27.6200008392334
25.920000076293945
26.780000686645508
27.36000061035156
27.71999931335449
21.84000015258789
17.139999389648438
16.239999771118164
17.219999313354492
17.420000076293945
17.540000915527344
18.07999992370605
18.100000381469727
21.07999992370605
23.86000061035156
25.57999992370605
26.100000381469727
24.420000076293945
24.420000076293945
25.26000022888184
27.31999969482422
29.799999237060547
30.26000022888184
28.68000030517578
28.0
26.700000762939453
28.540000915527344
27.299999237060547
27.459999084472656
26.440000534057617
27.280000686645508
27.420000076293945
27.07999992370605
24.36000061035156
22.520000457763672
21.84000015258789
22.63999938964844
22.0
22.5
22.200000762939453
21.86000061035156
21.979999542236328
23.13999938964844
22.84000015258789
22.540000915527344
23.57999992370605
22.780000686645508
22.86000061035156
22.26000022888184
21.84000015258789
21.21999931335449
21.520000457763672
22.780000686645508
23.520000457763672
23.200000762939453
23.780000686645508
21.71999931335449
22.31999969482422
21.63999938964844
22.100000381469727
21.440000534057617
22.13999938964844
22.440000534057617
23.600000381469727
24.600000381469727
25.239999771118164
25.3799991607666
25.36000061035156
25.81999969482422
26.399999618530277
23.780000686645508
17.8799991607666
12.84000015258789
10.34000015258789
10.460000038146973
11.399999618530272
11.699999809265137
11.34000015258789
10.380000114440918
9.539999961853027
10.199999809265137
11.31999969482422
11.100000381469728
10.619999885559082
10.739999771118164
10.619999885559082
11.65999984741211
12.619999885559082
12.920000076293944
12.539999961853027
12.359999656677246
12.859999656677246
12.84000015258789
13.720000267028809
13.68000030517578
14.520000457763672
15.199999809265137
15.600000381469728
15.720000267028809
16.600000381469727
17.1200008392334
18.68000030517578
19.440000534057617
20.399999618530277
19.84000015258789
18.600000381469727
18.34000015258789
19.13999938964844
20.63999938964844
21.0
21.71999931335449
22.700000762939453
23.040000915527344
22.68000030517578
22.18000030517578
23.440000534057617
23.71999931335449
24.8799991607666
25.57999992370605
25.920000076293945
26.959999084472656
29.200000762939453
31.8799991607666
33.20000076293945
31.84000015258789
32.5
33.81999969482422
35.65999984741211
35.15999984741211
35.34000015258789
34.720001220703125
34.459999084472656
33.34000015258789
35.279998779296875
35.29999923706055
37.15999984741211
37.84000015258789
38.47999954223633
40.0
40.41999816894531
39.97999954223633
41.70000076293945
41.91999816894531
42.0
41.959999084472656
42.119998931884766
41.02000045776367
42.220001220703125
43.70000076293945
41.619998931884766
37.540000915527344
38.52000045776367
39.720001220703125
39.880001068115234
37.79999923706055
35.7400016784668
35.86000061035156
35.959999084472656
36.900001525878906
36.09999847412109
34.939998626708984
34.52000045776367
34.91999816894531
37.68000030517578
37.15999984741211
36.20000076293945
32.36000061035156
32.720001220703125
33.599998474121094
33.099998474121094
32.58000183105469
31.5
32.540000915527344
