-272.6299133300781
-155.12973022460938
-216.92601013183597
-157.64356994628906
-213.4137725830078
-110.6718521118164
-259.7789001464844
-128.12530517578125
-169.8470916748047
-143.40333557128906
-90.3110809326172
-78.88064575195312
-68.33712768554688
-69.1844253540039
-68.88240814208984
-77.04377746582031
-58.850616455078125
-58.0745849609375
-59.78935623168945
-47.572147369384766
-47.39308166503906
-44.8510627746582
-39.57252883911133
-39.02896118164063
-45.90607452392578
-42.580509185791016
-29.99604797363281
-63.04351043701172
-40.46528244018555
-35.98222351074219
-29.97077369689941
-31.742090225219727
-39.65255355834961
-26.56031990051269
-27.396772384643555
-29.0277099609375
-64.80042266845703
-24.9610538482666
-22.242624282836918
-17.71597671508789
-18.755443572998047
-16.155445098876953
-31.934226989746094
-15.261499404907228
-12.668179512023926
-15.465100288391112
-11.40810203552246
-14.2688627243042
-11.655966758728027
-11.77615451812744
-8.790973663330078
-14.036620140075684
-8.834424018859863
-1.523590087890625
-7.892419338226318
-5.763875961303711
-7.054360389709473
1.8844436407089236
2.261027336120605
11.785710334777832
-0.0981109589338302
6.926790714263916
7.527691841125488
13.096763610839844
15.007603645324709
22.97240257263184
19.5429744720459
21.313159942626957
29.848920822143555
34.64855194091797
29.183778762817383
47.466064453125
45.846439361572266
43.75005340576172
38.69483947753906
40.40728378295898
66.92633819580078
78.42477416992188
123.81753540039062
114.85326385498048
98.22509765625
110.75987243652344
132.5655975341797
146.78228759765625
169.2705841064453
183.0389709472656
234.0347137451172
199.9036865234375
196.0688323974609
292.8665466308594
216.91705322265625
263.5389709472656
318.75469970703125
333.778564453125
441.4566345214844
476.8742980957031
439.479736328125
303.9244689941406
453.675048828125
440.3812255859375
487.8758239746094
571.3086547851562
541.2357177734375
562.337158203125
537.447998046875
570.791748046875
762.1886596679688
810.130615234375
854.5186767578125
921.2807006835938
870.8812255859375
828.5889282226562
927.0947875976562
1075.0030517578125
1212.892333984375
1059.738037109375
974.2318115234376
1068.7789306640625
1291.1640625
1307.46044921875
1242.942138671875
1180.6025390625
1213.789306640625
1276.981201171875
1238.02783203125
1155.06787109375
1233.6024169921875
1362.667236328125
1319.396728515625
1259.50830078125
1244.596923828125
1319.302978515625
1354.8187255859375
1262.21240234375
1352.1597900390625
1314.7862548828125
1354.2493896484375
1461.8544921875
1526.7618408203125
1604.3829345703125
1612.8382568359375
1584.8448486328125
1576.494384765625
1698.641357421875
1790.8409423828125
1746.3577880859375
1667.1043701171875
1617.112060546875
1684.4228515625
1797.34619140625
1815.3421630859373
1682.76416015625
1583.7752685546875
1579.525634765625
1539.516845703125
1568.3682861328125
1618.0179443359375
1685.57470703125
1613.63623046875
1684.474365234375
1751.15185546875
1641.9599609375
1578.49072265625
1671.57666015625
1776.9769287109375
1717.9130859375
1808.2574462890625
1893.94677734375
1847.37841796875
1825.1728515625
1864.220458984375
1890.1741943359373
1943.3125
1942.26953125
1902.4351806640625
1827.2806396484373
1985.109375
2025.92822265625
2026.389404296875
2060.279541015625
2128.3603515625
2099.90087890625
2083.85693359375
2057.4208984375
2117.071044921875
2046.78564453125
1976.9217529296875
2078.781982421875
2049.88134765625
2052.292724609375
2072.8369140625
2147.567138671875
2143.951416015625
2202.601806640625
2263.6142578125
2212.273681640625
2204.813232421875
2234.1044921875
2274.70263671875
2239.63427734375
2193.126953125
2241.63916015625
1854.543701171875
1619.8082275390625
1712.0665283203125
1775.70068359375
1859.2059326171875
1857.67431640625
1977.782958984375
2023.0537109375
1905.155029296875
2087.059814453125
2198.73974609375
2231.941650390625
2283.39404296875
2201.5029296875
2209.481201171875
2246.260986328125
2324.137939453125
2313.22265625
508.8074951171875
686.6322021484375
1016.4209594726562
1505.172607421875
1758.5975341796875
1855.5115966796875
1867.0323486328125
1835.3865966796875
1981.4927978515625
2019.0076904296875
2014.4766845703125
1976.0687255859373
2079.935546875
2165.345703125
2203.576416015625
2236.114990234375
2079.445556640625
2004.228759765625
2162.516357421875
2157.17529296875
2290.189453125
2300.29345703125
2277.40771484375
2330.015869140625
2337.54296875
2341.851318359375
2345.08740234375
2347.11572265625
2309.33837890625
2334.18701171875
2403.384033203125
2428.480224609375
2386.333984375
2328.140869140625
2331.199462890625
2295.3544921875
2299.685302734375
2355.096923828125
2316.95947265625
2339.592041015625
2354.369140625
2363.125732421875
2520.1572265625
2561.576904296875
2573.25146484375
2508.9462890625
2484.671630859375
2547.185546875
2474.769775390625
2378.228515625
2396.13037109375
2369.400146484375
2387.637939453125
2350.394775390625
2377.781494140625
2500.7001953125
2498.4052734375
2505.3662109375
2550.24365234375
2493.063232421875
2382.156494140625
2341.94287109375
2279.83544921875
2374.5380859375
2409.9052734375
2413.9931640625
2425.144287109375
2400.8603515625
2414.9091796875
2474.50048828125
2503.7431640625
2605.474609375
2522.8037109375
2457.00732421875
2472.34130859375
2435.56396484375
2240.2509765625
2174.081298828125
2314.69189453125
2388.73291015625
2460.324462890625
2490.095947265625
2571.52783203125
2531.91259765625
2543.372802734375
2493.172119140625
2552.8935546875
2477.107421875
2444.9951171875
990.774169921875
1434.75341796875
1754.2967529296875
1727.9976806640625
2250.652099609375
1892.7822265625
1796.9051513671875
2182.31689453125
2272.955078125
2456.08984375
2485.315185546875
2518.183349609375
2509.733642578125
2503.6845703125
2552.818603515625
2468.59521484375
2462.3701171875
2514.0751953125
2534.491455078125
2532.45068359375
2567.11083984375
2618.17578125
2657.445068359375
2627.994140625
2634.125
2625.228759765625
2549.44775390625
2496.24365234375
2542.6357421875
2583.86865234375
1771.78857421875
1557.764892578125
1707.30126953125
1805.61279296875
1872.8939208984373
2225.3662109375
2282.44091796875
2526.96728515625
2572.226806640625
2314.050048828125
2038.4964599609373
2149.760986328125
2195.8671875
2366.416015625
2523.238037109375
2502.87744140625
2558.951171875
2641.878173828125
2632.626953125
2613.955078125
2670.989013671875
2617.6298828125
2534.824951171875
2449.647216796875
2405.547607421875
2489.791259765625
2408.3642578125
2405.91064453125
2447.091064453125
2501.6337890625
2545.400390625
2586.73291015625
2606.9755859375
2544.401123046875
2578.99462890625
2563.79248046875
1773.2740478515625
1558.61962890625
1930.614990234375
2136.525634765625
2264.876708984375
2397.0732421875
2045.70068359375
2055.414306640625
2486.02490234375
2445.429931640625
2494.51708984375
2404.443359375
2376.687744140625
2419.498291015625
2434.880615234375
2267.11962890625
2228.634033203125
2418.426025390625
2400.6298828125
2466.749755859375
2225.506591796875
2190.171630859375
2385.811767578125
2446.6748046875
2167.636962890625
2135.629150390625
2459.3515625
2485.083251953125
2521.534423828125
2519.835205078125
2491.678955078125
2540.364501953125
2562.961181640625
2542.149658203125
2607.509765625
2626.863037109375
2650.603759765625
2281.7509765625
2030.5955810546875
1546.3636474609375
1347.7401123046875
1940.8040771484373
1608.7054443359375
1705.7418212890625
2181.2060546875
2164.017822265625
2409.85791015625
2353.44189453125
2351.57275390625
2514.8291015625
2518.1875
2507.8671875
2500.489990234375
2195.5224609375
2228.660888671875
2505.926025390625
2491.20556640625
2587.389892578125
2632.70654296875
2666.086181640625
2698.5732421875
2551.89501953125
2392.085693359375
2457.647705078125
2546.15771484375
2626.71630859375
2619.019287109375
2666.24462890625
2718.398193359375
2686.82177734375
2747.8876953125
2761.95751953125
2743.505615234375
2709.06396484375
2741.989990234375
2749.1103515625
2764.7861328125
2759.22900390625
2713.937744140625
2722.465087890625
2721.894775390625
2779.248779296875
2765.826904296875
2661.600830078125
2604.880615234375
2730.974609375
1890.7923583984373
1079.3726806640625
823.388427734375
505.7033996582031
418.1967468261719
498.3917846679688
883.8428344726562
1226.2513427734375
1542.93505859375
1776.677490234375
2131.651611328125
2280.8701171875
2384.82666015625
2486.42431640625
2437.836181640625
2485.684814453125
2574.783935546875
2680.035400390625
2694.9580078125
2662.4345703125
2715.644775390625
2736.27001953125
2757.29150390625
2742.12158203125
2759.686279296875
2784.21240234375
2730.926513671875
2711.272705078125
2684.18896484375
2660.168701171875
2694.48974609375
2664.803466796875
2633.1865234375
2656.475830078125
2641.639892578125
2623.941650390625
2632.36572265625
2663.810302734375
2433.5712890625
2287.597900390625
2542.921875
2644.607177734375
2711.23876953125
2668.791015625
2453.58837890625
2505.953857421875
2708.6279296875
2724.6298828125
2566.91357421875
2481.70849609375
2697.43896484375
2709.360107421875
2725.289794921875
2715.3994140625
2664.906494140625
2711.6640625
2778.717529296875
2765.213134765625
2721.02587890625
2706.4892578125
2804.150634765625
2718.573486328125
2775.213134765625
2818.009033203125
2791.143798828125
2620.76708984375
2328.12744140625
2370.71728515625
566.0748291015625
1082.2479248046875
1875.7484130859373
2276.891357421875
2322.964111328125
2583.042724609375
2528.1591796875
2621.973388671875
2695.0986328125
2749.5126953125
2675.273681640625
2708.202880859375
2723.87939453125
2675.115966796875
2688.187744140625
2588.2236328125
2544.185546875
2548.625244140625
2701.81787109375
2729.6748046875
2752.4755859375
2690.735107421875
2701.111328125
1973.05908203125
1793.6177978515625
2303.444580078125
2202.54736328125
2249.060546875
2449.828369140625
2580.595703125
2660.462890625
2712.6611328125
2731.624267578125
2597.43310546875
1716.7205810546875
1433.9862060546875
1785.739013671875
2059.77978515625
2278.26708984375
2448.1591796875
2646.486328125
2459.863037109375
2329.203857421875
2386.278076171875
2564.36572265625
2609.08349609375
2653.444091796875
2675.893798828125
2344.898193359375
1729.8082275390625
1271.3916015625
1323.0369873046875
1905.0234375
2432.4990234375
2412.17041015625
2226.288330078125
2140.3583984375
2246.8125
2530.802978515625
2318.575439453125
2232.546630859375
2381.6806640625
2242.462890625
2221.282470703125
2243.68505859375
2425.4697265625
2500.88525390625
2532.056884765625
2549.461181640625
2574.8017578125
2556.621337890625
1740.6136474609375
1257.4892578125
1465.33154296875
2113.323974609375
1303.07177734375
928.8348999023438
1183.08837890625
1257.80224609375
1702.0093994140625
1954.5703125
2275.3515625
2471.034912109375
2576.458740234375
2562.175048828125
2523.815673828125
2636.5888671875
2644.6484375
2575.730224609375
2557.437744140625
2528.654541015625
2597.4189453125
2635.452392578125
2698.4501953125
2651.046142578125
2644.886474609375
2729.23291015625
2546.9619140625
2408.40478515625
2497.5146484375
2702.5478515625
2509.738037109375
2486.005615234375
2590.968017578125
2723.4990234375
2699.746826171875
2684.2705078125
2695.719482421875
2628.50634765625
2592.845947265625
2742.948974609375
2791.699462890625
2805.7109375
2765.31396484375
2745.0009765625
2869.506591796875
2804.244140625
2719.398681640625
2637.54248046875
2694.2685546875
2666.127197265625
2627.573486328125
2644.08349609375
2679.83837890625
2749.233154296875
2710.9033203125
2770.26416015625
2793.4970703125
2788.5302734375
2810.650634765625
2836.489990234375
2887.048095703125
2828.9921875
2827.435546875
2853.132080078125
2817.5546875
2831.854736328125
2875.81005859375
2879.331787109375
2901.6865234375
2814.094970703125
2767.489990234375
2851.67431640625
2859.550048828125
2873.0166015625
2937.45751953125
2950.684326171875
2876.281982421875
2838.04345703125
2691.105712890625
2585.6455078125
2533.9228515625
2482.356689453125
2702.573974609375
2786.286865234375
2851.69873046875
2859.283203125
2881.266845703125
2934.530517578125
3000.50537109375
3016.8974609375
3061.235595703125
3099.965087890625
3111.730224609375
3071.1103515625
3032.9755859375
2925.29931640625
2939.525634765625
2891.13623046875
2914.4833984375
2683.660888671875
2345.37451171875
2570.378173828125
2741.5615234375
2796.163330078125
2930.288818359375
2873.5263671875
2870.3056640625
2916.044677734375
2971.821044921875
2992.26220703125
3013.816650390625
2978.23974609375
2935.566162109375
3002.0400390625
3048.068359375
3040.47216796875
3018.082275390625
3023.427490234375
2972.61865234375
2996.48779296875
2966.369140625
2320.076171875
1862.55126953125
2191.60791015625
2149.9013671875
1984.73388671875
2124.5029296875
2448.8330078125
2747.9169921875
2743.885986328125
2730.445556640625
2858.116943359375
2840.76904296875
2832.58447265625
2808.948486328125
2876.2119140625
2846.591552734375
2862.94677734375
2907.16064453125
2941.0322265625
2920.766357421875
2897.998046875
2935.152587890625
2935.171142578125
2868.305419921875
2836.863037109375
2887.22509765625
2859.83740234375
2801.189697265625
2767.434326171875
2871.089599609375
2668.738037109375
2656.885986328125
2880.304443359375
2835.741943359375
2794.826904296875
2210.75634765625
1261.3143310546875
1249.427734375
1732.916748046875
1941.09326171875
2057.283935546875
2122.120361328125
2189.499755859375
2120.8291015625
2132.586669921875
2200.475830078125
2227.8466796875
2255.062255859375
2311.040771484375
2325.72900390625
2333.445556640625
2209.484619140625
2099.5009765625
2220.136474609375
2454.1337890625
2394.9404296875
2373.2060546875
2490.464111328125
2616.6669921875
2650.9560546875
2682.21533203125
2732.435546875
2798.324951171875
2847.370849609375
2644.7470703125
2616.774658203125
2698.821044921875
2661.34814453125
2800.40966796875
2740.5087890625
2826.47509765625
2409.94287109375
1744.33935546875
1784.4571533203125
1846.0909423828125
2112.550537109375
2738.800048828125
2692.828369140625
2636.31005859375
2664.649658203125
2679.61181640625
2388.07177734375
2412.42236328125
2675.8154296875
2670.500732421875
2165.051513671875
2174.76513671875
2507.27490234375
1575.6142578125
1087.730712890625
1280.6717529296875
1774.755615234375
2429.207275390625
2770.9736328125
2648.55712890625
2683.25927734375
2618.609619140625
2596.474853515625
2634.41552734375
2583.771484375
2616.3740234375
2722.9052734375
2787.79052734375
2721.389404296875
2597.37939453125
2526.69775390625
2468.328125
2436.130859375
2536.00537109375
2581.26318359375
2673.5224609375
2688.82177734375
2763.380859375
2802.615966796875
2794.84033203125
2822.157470703125
2760.307861328125
2729.851318359375
2663.6015625
2751.048095703125
2825.453125
2825.53271484375
2616.329345703125
2512.83837890625
2709.63525390625
2742.0322265625
2736.3505859375
2826.738037109375
2776.734619140625
2798.54052734375
2852.46240234375
2960.512451171875
2939.873779296875
2865.91748046875
2900.25439453125
2904.384033203125
2946.65380859375
2942.52880859375
2946.099365234375
2951.8828125
3039.52587890625
3093.1611328125
3035.291015625
3002.4951171875
2989.605224609375
2998.186767578125
3000.4833984375
3024.414794921875
3043.859375
3017.309326171875
2963.886474609375
2934.68994140625
2956.812744140625
2904.46875
2899.310302734375
2885.53369140625
2830.918212890625
2795.718994140625
2834.445068359375
2892.396240234375
2948.341796875
2991.541259765625
3026.813232421875
3042.26025390625
3037.09130859375
3047.3564453125
3052.5732421875
3058.019775390625
3052.38427734375
3038.6875
3041.453857421875
3050.514404296875
3077.84521484375
3070.554443359375
3056.641357421875
3018.37255859375
3038.3369140625
3079.340087890625
3076.414306640625
3082.53125
3075.001953125
3087.35791015625
3054.032470703125
3021.766357421875
3002.380859375
3015.09228515625
3027.227783203125
3038.099609375
3023.953857421875
3021.232421875
3021.891357421875
2983.12255859375
2992.016845703125
3068.685546875
3070.41552734375
3099.477783203125
3075.588134765625
3080.787109375
3095.83154296875
3118.9794921875
3120.7236328125
3117.748046875
3127.306640625
3118.359130859375
3108.409912109375
3108.338134765625
3112.3271484375
3114.850341796875
3121.62744140625
3122.7021484375
3139.495849609375
3081.14306640625
3063.75
3075.0732421875
3099.683837890625
3105.849365234375
3116.389892578125
3109.099609375
3110.764892578125
3129.302490234375
3135.843017578125
3142.485595703125
3146.31689453125
3146.63134765625
3148.01025390625
3145.73583984375
3151.78466796875
3156.959716796875
3127.20068359375
3102.9013671875
3107.27880859375
3133.208984375
3115.541015625
3107.139892578125
3125.615966796875
3130.8916015625
3142.672119140625
3158.1767578125
3167.005859375
3110.0400390625
3069.711181640625
3117.534423828125
3144.5166015625
3156.946533203125
3134.91259765625
3128.350830078125
3085.07275390625
3080.90625
3146.89990234375
3159.4365234375
3155.389404296875
3164.474609375
3132.4697265625
3106.47412109375
3128.8076171875
3130.7568359375
3121.94384765625
3116.613525390625
3129.89306640625
3052.522216796875
3013.007568359375
3118.308837890625
3137.61181640625
3146.140625
3121.758056640625
3149.544921875
3185.90478515625
3185.719482421875
3171.30810546875
3131.685302734375
3101.017578125
3058.77685546875
3014.94287109375
3001.732177734375
3013.542236328125
3104.321533203125
3129.327392578125
3122.2177734375
3051.117919921875
2921.190673828125
2920.150634765625
3050.159423828125
3129.49462890625
3168.7021484375
3179.09912109375
3183.07373046875
3151.438720703125
3145.7275390625
3150.876220703125
3178.460205078125
3180.130615234375
3179.5380859375
3183.218994140625
3196.037841796875
3190.62060546875
3204.6337890625
3168.92626953125
3151.682861328125
3132.836669921875
3178.6474609375
3187.3642578125
3181.872802734375
3174.986572265625
3185.689697265625
3183.600830078125
3188.12158203125
3203.012451171875
3200.961181640625
3165.98876953125
3178.265625
3178.4619140625
3177.738037109375
3175.4560546875
3181.71240234375
3186.20166015625
3195.3212890625
3190.87646484375
3149.468505859375
3151.75927734375
3205.15380859375
3196.394775390625
3170.784423828125
3183.455078125
3200.751220703125
3214.945556640625
3214.66845703125
3210.501220703125
3209.74755859375
3213.837890625
3209.77001953125
3209.588134765625
3210.788818359375
3216.56005859375
3216.438232421875
3216.6923828125
3213.2470703125
3220.29541015625
3218.5615234375
3221.126953125
3211.06494140625
3206.945068359375
3209.21337890625
3220.06005859375
3224.378173828125
3218.3662109375
3215.269775390625
3156.287109375
3137.461181640625
3209.5751953125
3212.461669921875
3231.281982421875
3216.681640625
3207.1767578125
3205.696044921875
3217.784423828125
3220.62939453125
3236.97216796875
3227.300048828125
3226.643798828125
3196.27880859375
3186.24853515625
3206.89306640625
3219.1279296875
3223.706298828125
3221.492919921875
3230.71240234375
3228.816162109375
3223.442138671875
3207.880859375
3201.4443359375
3210.597412109375
3217.780029296875
3217.7568359375
3208.68896484375
3200.447509765625
3220.15869140625
3223.77490234375
3228.8251953125
3223.755615234375
3178.69873046875
3176.56494140625
3244.6416015625
3217.892578125
3208.72900390625
3211.58251953125
3220.4345703125
3216.8876953125
3219.86474609375
3228.77978515625
3224.90966796875
3232.23974609375
3218.177490234375
3199.271240234375
3126.237548828125
3129.439697265625
3185.23974609375
3187.380859375
3185.781982421875
3236.273681640625
3218.452392578125
3202.294921875
3205.606201171875
3231.134765625
3239.906494140625
3237.8349609375
3237.561767578125
3235.26904296875
3234.70849609375
3232.581298828125
3238.60498046875
3187.086669921875
3178.1962890625
3241.32275390625
3246.280517578125
3246.640380859375
3239.5322265625
3233.20068359375
3237.04541015625
3241.985595703125
3243.901611328125
3243.332275390625
3249.501953125
3251.343017578125
3190.313720703125
3173.620849609375
3227.61865234375
3241.58251953125
3255.1767578125
3239.794921875
3247.69384765625
3256.349609375
3248.914306640625
3264.1513671875
3270.312744140625
3257.70849609375
3246.426513671875
3245.821533203125
3250.905517578125
3255.369384765625
3249.56103515625
3206.891845703125
3204.8466796875
3195.4287109375
3194.2138671875
3234.66552734375
3215.79931640625
3202.44189453125
3218.59375
3226.576171875
3239.085205078125
3240.3974609375
3240.60498046875
3232.676025390625
3187.093017578125
3147.8134765625
3053.436279296875
2962.610595703125
2967.808349609375
3143.9306640625
3176.634033203125
3203.2119140625
3197.48681640625
3136.27880859375
3154.820556640625
3191.391357421875
3220.085693359375
3225.7060546875
3231.26318359375
3234.667724609375
3245.9609375
3222.048095703125
3160.7763671875
3159.78564453125
3211.362548828125
3228.6123046875
3251.595947265625
3267.333740234375
3266.876220703125
3203.221923828125
3191.18896484375
3242.720947265625
3244.170654296875
3254.29248046875
3135.0625
3124.1640625
3251.3603515625
3255.31494140625
3258.590087890625
3260.30322265625
3267.743408203125
3270.43115234375
3270.505615234375
3269.753173828125
3269.560302734375
3282.5419921875
3281.648193359375
3212.020263671875
3191.885009765625
3249.6875
3210.89990234375
3222.067138671875
3277.0166015625
3267.21728515625
3258.47802734375
3251.3515625
3251.938232421875
3256.663330078125
3257.701171875
3249.7919921875
3244.54345703125
3243.6962890625
3242.22509765625
3242.036865234375
3247.858642578125
3257.5927734375
3260.81005859375
3256.007568359375
3255.285400390625
3254.054931640625
3252.94970703125
3256.141357421875
3260.678466796875
3258.6669921875
3191.3642578125
3190.52001953125
3256.02099609375
3261.615234375
3244.1396484375
3244.29248046875
3268.549072265625
3269.694580078125
3269.5361328125
3270.40771484375
3269.69091796875
3273.077880859375
3271.064697265625
3277.190673828125
3277.764404296875
3276.32177734375
3277.283447265625
3234.938232421875
3182.67626953125
3177.204345703125
3275.07666015625
3212.198486328125
3215.27783203125
3278.862548828125
3276.248046875
3276.5537109375
3280.446533203125
3277.339111328125
3230.73583984375
3221.4970703125
3261.4189453125
3273.653076171875
3281.302490234375
3283.72509765625
3282.773681640625
3284.71435546875
3281.16552734375
3283.831298828125
3285.899169921875
3287.784912109375
3289.722900390625
3292.63134765625
3292.685302734375
3294.45166015625
3293.687255859375
3285.216796875
3281.724609375
3280.489013671875
3280.793701171875
3284.821533203125
3289.171142578125
3290.81494140625
3287.016357421875
3285.368408203125
3287.833984375
3294.484130859375
3295.133544921875
3291.5888671875
3288.82373046875
3290.155517578125
3290.734375
3295.971923828125
3296.147705078125
3294.483154296875
3284.84912109375
3284.596923828125
3281.228759765625
3289.861572265625
3299.16943359375
3296.9521484375
3288.36572265625
3280.635986328125
3279.040283203125
3286.258056640625
3290.376220703125
3294.91943359375
3295.1240234375
3295.332763671875
3292.6494140625
3289.850341796875
3282.557861328125
3279.9267578125
3286.891845703125
3294.436279296875
3300.179443359375
3234.78125
3233.434326171875
3296.6650390625
3295.6669921875
3229.660888671875
3230.720947265625
3297.550537109375
3299.555908203125
3302.101318359375
3305.8525390625
3304.16259765625
3304.07666015625
3304.55224609375
3242.313232421875
3240.947265625
3254.84619140625
3248.720703125
3244.113037109375
3291.897705078125
3227.3896484375
3225.542236328125
3292.668212890625
3291.504150390625
3246.58447265625
3246.4873046875
3255.35302734375
3259.201171875
3241.406982421875
3240.85498046875
3261.587158203125
3259.874755859375
3303.164306640625
3306.608154296875
3310.6513671875
3316.575927734375
3320.406494140625
3322.82373046875
3323.426513671875
3321.801025390625
3319.31591796875
3319.498779296875
3326.56884765625
3333.9736328125
3335.181884765625
3333.836181640625
3333.755859375
3333.968017578125
3330.548095703125
3326.906005859375
3324.60498046875
3327.33935546875
3241.054931640625
3238.327392578125
3234.643798828125
3320.055419921875
3319.499267578125
3318.51318359375
3314.74072265625
3315.994384765625
3324.242431640625
3325.281005859375
3323.545654296875
3319.0185546875
3319.798095703125
3319.465087890625
3318.95068359375
3319.916259765625
3322.014892578125
3321.3564453125
3321.40380859375
3321.034912109375
3320.8369140625
3321.44189453125
3321.566162109375
3226.6123046875
3224.5361328125
3320.72802734375
3323.418701171875
3323.101806640625
3324.27783203125
3322.73095703125
3319.7236328125
3320.343994140625
3324.9921875
3325.70166015625
3322.206787109375
3321.63623046875
3325.194091796875
3313.517822265625
3308.339111328125
3310.399169921875
3321.91162109375
3276.33056640625
3229.337158203125
3275.224365234375
3321.762451171875
3323.2255859375
3260.338134765625
3260.536865234375
3324.343017578125
3325.32373046875
3323.081787109375
3324.96533203125
3325.6591796875
3260.635009765625
3257.507568359375
3324.7294921875
3326.1611328125
3325.6982421875
3325.9658203125
3278.26025390625
3279.0869140625
3332.12060546875
3332.092529296875
3331.12158203125
3327.355224609375
3328.061279296875
3331.490966796875
3332.44189453125
3331.835205078125
3330.688232421875
3329.8193359375
3330.871337890625
3329.303466796875
3328.27783203125
3328.13525390625
3326.280517578125
3326.582763671875
3327.346923828125
3280.4013671875
3281.743408203125
3327.734619140625
3325.2275390625
3265.43115234375
3263.752197265625
3193.78466796875
3180.39306640625
3100.02587890625
3150.5244140625
3220.552490234375
3181.054443359375
3188.014892578125
3010.050537109375
3017.048828125
3002.712158203125
3072.544677734375
3200.41552734375
3272.97021484375
3274.87158203125
3315.02880859375
3314.800048828125
3226.564453125
3223.79052734375
3221.6953125
3270.175048828125
3321.49072265625
3320.745849609375
3319.990234375
3318.363037109375
3322.111572265625
3261.689697265625
3259.904296875
3326.467529296875
3313.7158203125
3314.328369140625
3313.73779296875
3279.578857421875
3280.524658203125
3330.101318359375
3330.841796875
3331.514404296875
