-274.48309326171875
-325.58612060546875
-214.04754638671875
-224.5022430419922
-237.2078094482422
-159.671875
-262.1166687011719
-237.11509704589844
-127.62908935546876
-81.70198059082031
-227.56370544433597
-91.32410430908205
-123.8430633544922
-150.68527221679688
-57.3062744140625
-116.41778564453124
-62.72999572753906
-64.25035858154297
-57.106563568115234
-78.76315307617188
-86.32546997070312
-85.81986999511719
-49.53117752075195
-77.99990844726562
-46.6792221069336
-41.96425628662109
-44.827728271484375
-67.5457992553711
-43.49259948730469
-31.18280792236328
-39.46325302124024
-87.33613586425781
-41.029815673828125
-56.59114837646485
-53.36033630371094
-50.21846771240234
-50.103302001953125
-23.877098083496094
-19.30486297607422
-19.077957153320312
-21.341197967529297
-25.18955993652344
-21.88433074951172
-11.86355972290039
-16.36524200439453
-12.991754531860352
-24.960346221923828
-14.328081130981444
-9.392046928405762
-14.319969177246094
-9.929386138916016
-8.600052833557129
-5.753974437713623
-1.86700177192688
2.286155939102173
2.1173012256622314
1.270491600036621
0.9421333074569702
4.80426836013794
10.033319473266602
7.031729698181152
10.705266952514648
10.119407653808594
11.090002059936523
19.82874298095703
25.379980087280277
20.94147491455078
22.737985610961918
24.574525833129883
31.600942611694336
54.71744537353516
43.8267822265625
63.849159240722656
70.61953735351562
65.19047546386719
102.73196411132812
113.1755828857422
155.21249389648438
130.9205322265625
171.7945556640625
150.9999542236328
152.47979736328125
215.7560577392578
260.5997009277344
289.21368408203125
257.5462646484375
363.0986633300781
318.33209228515625
361.7081298828125
351.3487854003906
411.1792602539063
449.8543395996094
466.6751708984375
481.5947570800781
442.02386474609375
526.1322631835938
567.6868896484375
635.7908935546875
646.3466186523438
659.200439453125
729.5142211914062
767.8010864257812
668.3694458007812
713.9913940429688
835.3326416015625
821.69287109375
894.029296875
1022.1693725585938
898.8635864257812
1015.5836181640624
1204.2110595703125
1274.118408203125
1272.3172607421875
1272.985107421875
1300.060791015625
1342.932861328125
1342.61962890625
1329.8748779296875
1326.1109619140625
1286.84228515625
1270.031494140625
1280.2176513671875
1286.53857421875
1362.1456298828125
1312.790771484375
1163.92724609375
1031.2125244140625
1075.36083984375
1117.5562744140625
1164.0908203125
1163.318359375
1198.8603515625
1225.7322998046875
1257.0670166015625
1319.87841796875
1350.6114501953125
1379.59912109375
1380.7176513671875
1344.260498046875
1356.1990966796875
1364.4473876953125
1403.3916015625
1366.8599853515625
1290.1712646484375
1281.8343505859375
1237.1800537109375
1334.1156005859375
1407.9620361328125
1364.7568359375
1466.1663818359375
1454.3570556640625
1461.0347900390625
1634.571044921875
1622.162353515625
1607.568603515625
1595.8631591796875
1564.5528564453125
1637.700927734375
1673.6798095703125
1713.9107666015625
1770.9771728515625
1762.126220703125
1790.5037841796875
1858.493896484375
1883.956298828125
1876.4337158203125
1895.7855224609373
1872.25390625
1871.7034912109373
1911.0869140625
1922.680908203125
1943.4842529296875
1977.029541015625
1978.87744140625
1974.4351806640625
1932.0738525390625
2005.64208984375
2125.743408203125
2131.3955078125
2072.681396484375
2027.9803466796875
2016.15185546875
2106.957275390625
1953.1326904296875
1885.202392578125
1894.14892578125
2020.0191650390625
2060.35888671875
2039.4677734375
2111.3125
2083.5849609375
1967.3143310546875
1765.18505859375
1731.5380859375
1848.3973388671875
1985.7418212890625
1991.6317138671875
1955.5177001953125
1962.587646484375
2064.264892578125
2253.9287109375
2288.468505859375
2252.743408203125
389.0739440917969
305.6294250488281
281.86383056640625
333.5376281738281
641.0687255859375
868.0094604492188
993.7374877929688
1091.2998046875
1184.491943359375
1328.4698486328125
1515.1171875
1634.5853271484375
1746.3162841796875
1786.6806640625
1929.1405029296875
2106.67822265625
2152.423583984375
2221.220458984375
2266.7421875
2298.5107421875
2360.84033203125
2121.065185546875
1638.63037109375
1722.0145263671875
2031.8314208984373
2194.87744140625
2289.984375
2265.25537109375
2288.48583984375
2405.0654296875
2313.208740234375
2132.613525390625
2134.531005859375
2342.0146484375
2381.759765625
2367.0966796875
2315.132568359375
2298.287109375
1663.5914306640625
1302.3709716796875
1188.89599609375
1395.3739013671875
1854.5692138671875
2137.832275390625
2128.793701171875
2082.181884765625
2162.92138671875
2168.379638671875
2168.731201171875
2077.785400390625
2091.25390625
2163.247802734375
2175.3046875
2173.642822265625
2189.987060546875
2344.83837890625
2354.633056640625
2398.716796875
2492.5732421875
2468.28369140625
2394.099365234375
2339.16259765625
2388.363525390625
2486.3232421875
2481.4658203125
2500.73779296875
2527.27587890625
2578.92431640625
2478.79931640625
2350.7021484375
2381.066162109375
2202.9658203125
2051.003173828125
2212.005126953125
2289.169677734375
2341.186767578125
2365.6044921875
2494.533203125
2490.13525390625
2426.912109375
2434.650634765625
2501.148681640625
2518.98046875
2477.0986328125
2475.96533203125
2350.3994140625
2319.858642578125
2390.253662109375
2373.678466796875
2448.669677734375
2514.0390625
2521.759033203125
2440.1826171875
2341.0732421875
2325.979248046875
2394.34521484375
2401.5458984375
2444.259521484375
2483.08447265625
2521.566650390625
2534.239501953125
2520.70654296875
2427.60205078125
2400.18896484375
2465.448486328125
2529.26416015625
2526.07666015625
2510.450439453125
2498.376220703125
2475.869384765625
2421.9169921875
2493.5888671875
2524.8515625
2519.69384765625
911.3778686523438
1220.133544921875
1859.502197265625
2205.7470703125
2222.133544921875
2198.482421875
2280.26123046875
2449.791015625
2442.931884765625
2441.66162109375
2484.0146484375
2542.883056640625
2605.3642578125
2545.985107421875
2495.50830078125
2514.154541015625
2576.896240234375
2505.413330078125
2515.676513671875
2617.302001953125
2586.551513671875
2579.923828125
2615.2265625
2645.3134765625
2591.884521484375
2555.601318359375
2643.564453125
2686.576904296875
2739.748046875
2772.527099609375
2793.648681640625
2796.51806640625
2790.2412109375
2793.63720703125
2794.178466796875
2787.649658203125
2785.792236328125
2794.6298828125
2807.9873046875
2801.735595703125
2797.570068359375
2805.914306640625
2832.353759765625
2834.54931640625
2826.141357421875
2810.957763671875
2810.2314453125
2818.970947265625
2832.650390625
2828.0869140625
2829.828125
2832.01708984375
2821.693115234375
2793.53369140625
2812.40185546875
2841.328369140625
2825.182861328125
2792.27978515625
2744.8349609375
1845.1881103515625
577.7745971679688
1295.8974609375
1916.25146484375
2392.190673828125
2365.623779296875
2319.296142578125
2339.23876953125
2447.48193359375
2529.7353515625
2601.66259765625
2678.95654296875
2712.0517578125
2795.19677734375
2769.034912109375
2674.140625
2551.52783203125
2559.371337890625
2642.390869140625
2671.975830078125
2629.0888671875
2536.955810546875
2596.780029296875
2614.954345703125
2471.41552734375
2469.20654296875
2526.536376953125
2614.971923828125
2697.336181640625
2696.13525390625
2663.18310546875
2374.30078125
2172.690673828125
2240.104736328125
2273.358154296875
2380.4912109375
2456.561767578125
2517.96728515625
2585.757568359375
2676.9482421875
2680.983154296875
2689.21240234375
2721.875
2697.24072265625
2698.9326171875
2702.97998046875
2664.3583984375
2637.76123046875
2723.132568359375
2778.324462890625
2781.07275390625
2791.24072265625
2797.77978515625
2811.85498046875
2737.736572265625
2662.3134765625
2660.769775390625
2739.615234375
2765.110595703125
2775.961181640625
2764.8193359375
2805.91748046875
2820.68115234375
2828.80224609375
2836.50146484375
2847.905029296875
2847.658447265625
2847.39990234375
2854.697509765625
2853.323974609375
2845.92529296875
2845.905517578125
2858.1337890625
2874.6474609375
2867.123046875
2863.9033203125
2875.890869140625
2903.61181640625
2903.672607421875
2881.03466796875
2866.3525390625
2873.623779296875
2882.890625
2895.67431640625
2902.111328125
2902.0810546875
2901.73291015625
2901.8408203125
2911.792236328125
2919.87939453125
2932.06689453125
2934.011474609375
2935.0478515625
2938.969482421875
2901.4306640625
2880.79052734375
2907.975830078125
2916.186767578125
2919.854736328125
2926.2734375
2861.609375
2845.9736328125
2868.5771484375
2670.624267578125
2586.07373046875
2685.438720703125
2820.1787109375
2880.9482421875
2879.138427734375
2850.453857421875
2822.422607421875
2797.408447265625
2742.216796875
2542.395751953125
2423.77197265625
2660.001220703125
2767.603515625
2723.397216796875
2566.916259765625
2590.90869140625
2775.50341796875
2763.44775390625
2727.649169921875
2682.621826171875
2644.379638671875
2635.010009765625
2699.60791015625
2776.63916015625
2839.110595703125
2880.035888671875
2872.7978515625
2863.25
2371.5029296875
2280.53662109375
2535.26123046875
2625.341796875
2671.191162109375
2747.085205078125
2761.228515625
2822.12939453125
2782.2451171875
2642.996337890625
2570.996826171875
2519.399169921875
2508.66162109375
2532.084228515625
2632.517578125
2668.902099609375
2725.18603515625
2760.761962890625
2770.998046875
2753.432861328125
2734.95654296875
2556.5498046875
2260.690673828125
2283.4697265625
2580.90478515625
2695.775634765625
2704.6376953125
2749.042724609375
2759.852294921875
2807.00244140625
2765.193115234375
2678.58349609375
2685.45751953125
2662.287109375
2748.16943359375
2829.6796875
2787.965576171875
2836.2392578125
2783.102783203125
2603.897216796875
2509.000244140625
2506.74658203125
2642.60498046875
1749.520263671875
1202.2376708984375
1580.7305908203125
2263.16748046875
2604.48486328125
2681.17431640625
2289.17724609375
2045.061767578125
2194.8681640625
2344.595947265625
2446.49169921875
2541.82177734375
1711.576904296875
1094.0020751953125
1316.6829833984375
1534.8140869140625
1665.7451171875
1712.464111328125
1764.0394287109375
1885.7298583984373
2037.8623046875
2128.133544921875
2206.97216796875
2238.92626953125
2314.611083984375
2354.771484375
2344.733154296875
2378.255126953125
2333.234130859375
2252.445556640625
2115.331298828125
2192.059326171875
2252.092041015625
2266.6611328125
2203.443359375
2209.197998046875
2374.33203125
2428.718994140625
2433.53662109375
2386.4267578125
2299.9619140625
2378.640869140625
2629.673828125
2660.57275390625
2438.710693359375
2263.958984375
2485.4443359375
2514.921875
2161.8876953125
1774.9449462890625
1743.3057861328125
2086.116455078125
2316.896484375
2414.53515625
2484.218017578125
2580.5244140625
2549.13720703125
2519.07568359375
2561.239013671875
2631.83251953125
2713.70068359375
2763.672607421875
2789.87255859375
2813.02490234375
2835.394775390625
2854.051025390625
2837.6162109375
2592.1982421875
2550.24365234375
2615.4326171875
2613.127197265625
2750.236328125
2751.55224609375
2772.367431640625
2767.10791015625
2744.78125
2781.52099609375
2705.88134765625
2691.0380859375
2724.98876953125
2711.275634765625
2283.40087890625
2003.9312744140625
2136.181884765625
2460.96630859375
2536.601806640625
2615.88134765625
2671.3955078125
2731.822509765625
2796.538818359375
2835.99072265625
2838.72900390625
2749.210693359375
2774.5927734375
2905.16552734375
2860.749755859375
2916.754150390625
2935.141357421875
2912.912109375
2901.666259765625
2882.2578125
733.083251953125
1057.520263671875
1539.0390625
1943.5096435546875
2412.2919921875
2205.891357421875
2193.414306640625
2511.686279296875
2539.64208984375
2645.69091796875
2623.110595703125
2662.7216796875
2827.09912109375
2724.659912109375
2718.169677734375
2867.63916015625
2875.711181640625
2885.735107421875
2869.68115234375
2866.760986328125
2920.5078125
2818.013671875
2770.138427734375
2789.85693359375
2679.63427734375
2727.9970703125
2747.414794921875
2719.9033203125
2732.9462890625
2726.46337890625
2753.954345703125
2807.40087890625
2878.1396484375
2913.001953125
2939.355224609375
2986.6708984375
3002.331787109375
2925.61376953125
2877.577880859375
2811.120849609375
2777.93994140625
2892.793212890625
2868.072509765625
2848.796142578125
2834.3359375
2796.98193359375
2768.07177734375
2695.00927734375
2803.351318359375
2765.900634765625
2802.949951171875
2791.389892578125
2772.055419921875
2830.506591796875
1537.457763671875
1644.9453125
2435.21875
2679.42822265625
2629.313232421875
2682.598388671875
2775.726806640625
2709.046875
2706.542236328125
2780.968017578125
2898.88134765625
2928.52978515625
2860.774169921875
2611.8681640625
2480.563232421875
2579.015869140625
2550.13037109375
2564.88330078125
2537.325927734375
2401.248046875
2394.8046875
2447.358154296875
2667.26416015625
2669.4345703125
2670.66162109375
2703.9697265625
2677.29931640625
2708.387451171875
2731.286865234375
2741.7900390625
2770.0322265625
2738.65478515625
2640.08447265625
2580.02587890625
2515.7119140625
2580.288818359375
2351.366455078125
2460.572265625
2527.489990234375
2672.873046875
2654.8828125
2578.3486328125
2566.91796875
2689.6376953125
2720.37744140625
2795.921142578125
2724.31884765625
2715.311767578125
2741.115966796875
2775.531005859375
2799.418701171875
2799.795654296875
2791.25537109375
2801.773681640625
2839.989990234375
2858.158447265625
2180.800048828125
1610.39794921875
1877.9066162109373
2472.744140625
2744.225341796875
2814.80029296875
2865.2099609375
2887.31396484375
2889.99755859375
2866.482421875
2845.175048828125
2846.998779296875
2901.921875
2908.88720703125
2953.732421875
2920.932861328125
2900.632568359375
2922.43212890625
2978.658447265625
2953.10595703125
2933.8359375
2973.513671875
2979.60302734375
3013.271240234375
3016.383056640625
2999.659912109375
2987.98779296875
2990.795654296875
2952.464599609375
2952.449462890625
3013.658203125
3013.93896484375
3003.233154296875
3013.18115234375
3028.42333984375
3027.482177734375
3026.5400390625
3031.09619140625
3022.5224609375
3028.264404296875
3033.63623046875
3043.1259765625
3044.550048828125
3053.5419921875
3053.625244140625
3051.532470703125
3051.904296875
3053.202880859375
3065.35498046875
3062.176025390625
3058.5859375
3060.5966796875
3061.49658203125
3032.03125
2983.012451171875
3003.89599609375
2902.475341796875
2919.650390625
3048.3798828125
3049.748779296875
3057.863525390625
3064.898193359375
3047.034912109375
3047.734375
3059.412841796875
3067.17529296875
3012.639892578125
3016.59375
3092.57177734375
3094.701904296875
3093.80029296875
3097.134765625
3091.125732421875
3080.70849609375
3107.25927734375
3086.90087890625
3025.531005859375
3017.007080078125
3058.063720703125
2937.382080078125
2914.427490234375
2987.96240234375
2993.830078125
3074.55029296875
3077.557861328125
3087.3486328125
3062.327392578125
3046.646240234375
3060.5888671875
3073.658203125
3072.80810546875
3075.2890625
3092.896240234375
3096.7119140625
3093.39306640625
3098.35498046875
3101.4345703125
3107.47998046875
3116.514892578125
3123.299072265625
3112.351318359375
3109.736572265625
3102.685546875
3108.244384765625
3114.388671875
3114.3466796875
3106.418701171875
3102.9599609375
3089.756591796875
3083.317138671875
3086.519287109375
3108.7421875
3113.2041015625
3098.15380859375
3109.829345703125
3040.2099609375
3010.790283203125
3061.57275390625
3035.7197265625
3047.424072265625
2992.40869140625
2956.818115234375
3023.009033203125
2988.923828125
3019.820556640625
3011.68994140625
3021.0517578125
3031.625732421875
3049.327880859375
3048.40771484375
3059.647216796875
3091.98583984375
3069.60693359375
3000.615966796875
2990.8564453125
2982.024658203125
2987.0625
3030.8994140625
3079.823486328125
3093.82666015625
3062.653076171875
2991.186767578125
2838.18994140625
2780.945068359375
2836.116943359375
2884.94775390625
2873.941650390625
2913.584716796875
2952.72802734375
2941.63818359375
2941.44287109375
3000.807861328125
3047.9423828125
3038.7060546875
3029.65185546875
3048.91552734375
3004.50927734375
3031.5
3117.7626953125
3115.419921875
3105.88037109375
3116.197509765625
3115.36181640625
3129.317138671875
3121.886962890625
3130.848388671875
3082.1591796875
3082.664306640625
3084.7431640625
3130.240966796875
3059.519287109375
3056.47314453125
3058.935302734375
3058.091796875
3129.180419921875
3134.357421875
3140.631591796875
3093.8427734375
3083.211669921875
3037.050537109375
3052.683837890625
3079.443115234375
3076.149169921875
3098.944091796875
3114.5625
3055.70166015625
3029.844482421875
3069.5029296875
3103.523193359375
3066.796630859375
3065.9013671875
3114.744384765625
3107.999267578125
3121.504638671875
3045.398681640625
2935.03466796875
2971.89697265625
3072.1533203125
3135.341796875
3051.296142578125
3049.485595703125
3102.18896484375
3169.921630859375
3154.599609375
3141.465576171875
3148.72216796875
3159.44873046875
3179.244384765625
3191.031982421875
3174.843994140625
3165.579345703125
3179.3994140625
3148.4658203125
3122.328125
3128.847900390625
3147.441162109375
3152.976806640625
3163.1552734375
3156.98095703125
3126.361572265625
3113.31396484375
3136.770263671875
3145.429931640625
3164.6181640625
3174.57958984375
3161.756591796875
3173.02783203125
3170.811279296875
3176.249267578125
3177.985595703125
3183.661865234375
3189.081787109375
3184.271484375
3128.702392578125
3121.749267578125
3169.52099609375
3178.65966796875
3186.966796875
3194.227783203125
3195.011474609375
3195.34375
3199.99072265625
3200.957275390625
3195.60009765625
3188.69873046875
3194.106201171875
3198.4072265625
3203.173828125
3199.4111328125
3204.78564453125
3206.3837890625
3203.275634765625
3207.25
3201.475830078125
3196.2431640625
3193.330078125
3198.003173828125
3196.147216796875
3200.870361328125
3209.604736328125
3209.336181640625
3211.322509765625
3202.37841796875
3200.83154296875
3195.749755859375
3197.042724609375
3205.625
3213.888671875
3223.261962890625
3196.84375
3181.74658203125
3177.820556640625
3188.093017578125
3127.0712890625
3129.1552734375
3196.663818359375
3149.34375
3082.148681640625
3123.964111328125
3187.980712890625
3189.038818359375
3202.822509765625
3206.1591796875
3204.218017578125
3201.607421875
3207.735595703125
3211.614990234375
3213.766357421875
3217.624267578125
3225.6923828125
3206.615234375
3190.92431640625
3127.947265625
3120.1142578125
3181.082763671875
3182.624267578125
3188.169921875
3195.159912109375
3204.161865234375
3209.42333984375
3207.81396484375
3205.140625
3208.898681640625
3214.694091796875
3220.02490234375
3220.834716796875
3219.019775390625
3214.865966796875
3222.46630859375
3228.42529296875
3228.782470703125
3230.362548828125
3110.2421875
3053.3056640625
3115.98974609375
3153.6728515625
3160.33056640625
3166.06591796875
3117.81103515625
2982.31689453125
3013.118408203125
3137.7265625
3201.156982421875
3210.5224609375
3156.3427734375
3145.52001953125
3206.171142578125
3118.37060546875
3051.437255859375
3129.880859375
3155.187744140625
3077.547119140625
3080.550537109375
3125.982177734375
3223.140869140625
3209.63818359375
3199.8193359375
3237.980712890625
3235.30322265625
3233.4306640625
3229.109375
3232.977783203125
3235.841552734375
3238.249755859375
3241.2138671875
3239.234619140625
3230.035400390625
3234.0888671875
3240.92431640625
3183.015869140625
3173.74755859375
3234.9169921875
3236.37353515625
3194.587890625
3197.68212890625
3246.5771484375
3247.4072265625
3188.791015625
3041.237548828125
3018.88720703125
3132.551025390625
3214.638427734375
3223.92626953125
3167.165283203125
3164.3818359375
3233.626220703125
3230.66259765625
3232.847900390625
3238.140380859375
3237.2490234375
3239.055908203125
3240.1015625
3247.156005859375
3249.68212890625
3246.19677734375
3246.161865234375
3248.2861328125
3251.377197265625
3247.8818359375
3181.582763671875
3131.4248046875
3193.051025390625
3189.15380859375
3190.378173828125
3175.466552734375
3104.259765625
2919.81689453125
3040.329345703125
3187.710205078125
3143.023193359375
3142.987548828125
3170.978759765625
3174.173828125
3241.197265625
3243.853759765625
3194.64990234375
3197.2529296875
3196.42041015625
3247.00634765625
3253.19677734375
3252.54052734375
3253.1689453125
3245.738525390625
3233.631591796875
3235.7861328125
3237.96875
3247.5947265625
3256.7822265625
3264.447509765625
3263.294677734375
3261.816650390625
3258.726318359375
3163.574951171875
3112.0791015625
3157.08935546875
3149.902099609375
3243.697265625
3246.553466796875
3250.455322265625
3253.0048828125
3253.878173828125
3207.790283203125
3205.757080078125
3203.37353515625
3210.345703125
3215.42626953125
3169.8203125
3214.163818359375
3259.3818359375
3259.171142578125
3259.1494140625
3258.037841796875
3264.041259765625
3268.553466796875
3269.4462890625
3267.630615234375
3267.485107421875
3247.94384765625
3248.2421875
3270.164794921875
3271.890625
3275.791015625
3278.5615234375
3279.1982421875
3282.38525390625
3281.755859375
3281.12939453125
3280.6884765625
3281.50244140625
3280.808349609375
3281.957275390625
3283.769775390625
3280.539794921875
3275.47314453125
3271.39404296875
3269.634765625
3271.22509765625
3270.7099609375
3276.52978515625
3272.608642578125
3270.13134765625
3266.0224609375
3264.751220703125
3262.4873046875
3265.142578125
3271.6513671875
3275.820556640625
3223.3662109375
3218.55908203125
3216.668212890625
3266.912109375
3207.98974609375
3200.4853515625
3247.906494140625
3245.815673828125
3251.190673828125
3257.628173828125
3257.150634765625
3259.3193359375
3276.295654296875
3282.929931640625
3284.0126953125
3279.8740234375
3277.66064453125
3278.265625
3278.46435546875
3276.83740234375
3279.608154296875
3281.756591796875
3280.5224609375
3281.884033203125
3281.3701171875
3288.813720703125
3291.99462890625
3289.972900390625
3285.73193359375
3284.75
3284.02490234375
3279.710205078125
3278.33251953125
3281.784912109375
3285.284423828125
3286.945556640625
3288.603515625
3241.203857421875
3240.922119140625
3289.628173828125
3290.199462890625
3290.785400390625
3293.255859375
3296.6025390625
3296.5107421875
3295.6611328125
3293.66259765625
3294.195068359375
3293.136474609375
3295.7275390625
3294.828857421875
3293.54931640625
3228.12744140625
3228.945556640625
3270.413818359375
3269.802490234375
3290.63525390625
3210.806884765625
3210.287109375
3240.508544921875
3286.78662109375
3236.6201171875
3236.071533203125
3234.713134765625
3183.168701171875
3182.383544921875
3179.153076171875
3278.817138671875
3279.9013671875
3286.3359375
3287.698974609375
3287.911865234375
3291.706298828125
3294.2216796875
3298.299072265625
3302.255615234375
3202.648193359375
3148.75146484375
3195.214599609375
3246.84375
3298.158203125
3232.573974609375
3177.08056640625
3242.326904296875
3241.36083984375
3289.56494140625
3289.63720703125
3226.580078125
3230.422119140625
3293.434326171875
3293.2568359375
3246.014404296875
3247.640625
3297.6689453125
3301.463134765625
3301.888671875
3299.324951171875
3250.783203125
3252.6708984375
3250.5478515625
3246.088134765625
3246.3544921875
3246.8720703125
3298.5546875
3298.004150390625
3300.767822265625
3299.67822265625
3298.946044921875
3298.986328125
3301.792236328125
3304.186767578125
3303.871826171875
3303.93115234375
3306.97802734375
3308.599609375
3244.7294921875
3244.975830078125
3309.864990234375
3309.9287109375
3309.906494140625
3294.3603515625
3292.398681640625
3228.276611328125
3241.24755859375
3304.912841796875
3308.2333984375
3307.437255859375
3306.113037109375
3304.26708984375
3303.397705078125
3304.1220703125
3303.4677734375
3188.715087890625
3187.233642578125
3186.036865234375
3185.0625
3148.345947265625
3079.628662109375
3132.89306640625
3197.9501953125
3199.710693359375
3251.122802734375
2884.251220703125
2766.741943359375
2925.441162109375
3185.949951171875
3157.121337890625
3051.9150390625
3158.093994140625
3137.196044921875
3246.126953125
3200.3447265625
3202.464599609375
3254.1162109375
3302.45068359375
3300.210205078125
3301.660400390625
3249.61572265625
3144.947265625
3140.180419921875
3038.033203125
2977.68408203125
2981.130615234375
2873.127197265625
2817.3486328125
2988.359619140625
3198.2666015625
3146.101318359375
3196.406982421875
3305.3251953125
3306.02001953125
3253.711181640625
3201.0673828125
3093.404296875
3145.2880859375
3090.766845703125
3194.42529296875
3253.6298828125
3305.635009765625
3253.94189453125
3197.192138671875
3142.586181640625
3139.7294921875
3027.28759765625
3025.5302734375
2721.5185546875
2484.67333984375
2598.656982421875
2542.1826171875
2422.063720703125
2480.54150390625
2535.590087890625
2657.691162109375
2719.2802734375
2884.484619140625
2841.0830078125
2744.989013671875
2631.29052734375
2734.275390625
2747.119384765625
2584.37744140625
2576.6357421875
2796.1845703125
3010.20751953125
2912.521484375
2915.52880859375
2979.0537109375
3017.51708984375
2973.658203125
2976.4150390625
2978.69970703125
2963.329345703125
2950.80322265625
2896.9453125
3011.529052734375
2837.31787109375
2721.000732421875
2839.996826171875
2650.787841796875
2705.121826171875
3128.017822265625
3084.037109375
2966.936279296875
2958.076171875
2752.5615234375
2817.6083984375
3081.2763671875
2900.794921875
3014.384033203125
3132.749267578125
3180.505859375
3129.522705078125
3074.511474609375
3253.79248046875
3252.94091796875
3255.9775390625
3195.05908203125
3085.563720703125
3076.1875
3133.1953125
3010.1396484375
3009.0771484375
2869.23681640625
2626.346923828125
2885.3974609375
3129.206787109375
3007.654052734375
2877.552490234375
2682.0595703125
2742.981201171875
2882.55029296875
3009.281982421875
2826.787109375
2939.539306640625
3139.236328125
3066.601318359375
3116.236328125
3117.67041015625
3023.4560546875
3023.765869140625
3134.021240234375
3259.56689453125
3207.094970703125
3078.046875
3060.453857421875
2875.675537109375
3008.456298828125
3129.819091796875
3189.24853515625
3189.782470703125
3072.047119140625
