0.9363497072173448
17.67781855604766
21.0843228057123
21.08080692786825
23.001294943559856
21.380598343795395
23.273017806550165
22.83643107702751
23.11848955785016
22.554764390999324
21.96418989510825
23.231227562176585
22.704489205049068
23.13969106919191
22.614298228800536
22.750984821139728
22.51287123906097
21.582378010696868
23.102871829721558
22.89571329059882
22.510519178127407
23.17440588336025
23.377441338602598
22.952057339255887
23.217892787422173
22.47128679271572
23.15302158193178
23.21221730408693
22.894257633815805
22.95746293362973
22.542754782444717
22.065533755294847
22.43271820262587
22.13560027707165
22.771908144113144
22.83290710378791
22.93497149934563
22.43344897848467
22.2025516051377
23.59069895108741
21.897813169405755
23.303053853055445
22.77662402814732
23.31516357817572
23.17957434907943
23.47190678497964
23.093305546145576
22.840015842043798
23.604608544142785
23.11931619476161
23.239269715491183
23.622489407926047
22.261809194033763
23.91600170784397
23.791310995701256
22.51796529294711
23.31876289363598
22.051472706968347
23.60709409495214
22.71333929735012
23.16224709316596
23.102865025018403
22.78224085848906
23.22117976733473
22.545175193615865
23.016197863008134
22.202052514714588
22.720111311073488
23.419890943199917
23.12383826390944
23.877098567479543
22.899375896561505
21.933565872646383
23.19428065148722
22.56397035920283
22.692214279542032
23.472570168005465
22.840470636021976
22.931344168696945
23.952816665526058
22.447949587162626
23.572349551334312
23.76858248924153
22.573439038176748
23.06589060163931
22.853103404213424
23.117348988104524
23.17705751452247
22.968256936769546
23.454499260112453
22.814736745720587
23.408310071565896
22.754864467417065
23.415091425736406
22.873215796037016
23.339169739645136
22.834728696828176
23.798439065470703
22.51237631466487
23.001798943847653
