-27.11798873402104
16.402507468196003
19.99911607312934
20.361630052924543
20.863725914031463
21.21034004562906
22.19856187840035
21.81757390054328
22.044969203893743
23.67158211628636
23.238104067599707
22.92135238609612
22.83598165952502
22.300948621472816
22.284971454333707
23.06451401334064
22.988787194945356
23.52168355927165
22.529213183180666
21.143462525061995
23.33523650205928
23.341888975113903
23.67584426452715
21.73287134885925
22.67617437400483
22.44093488130728
22.680184387314736
22.20426437785903
22.855148314058724
23.161972492931252
22.610476633123245
22.04929048075694
23.22434404062208
22.748921967233827
23.069549492391733
22.709973381389503
22.47405416523076
23.14461524895379
22.7633348025832
23.361784935650807
22.37613871703098
22.685025213005662
23.639380117297843
23.10743855356892
23.697631248925816
22.810243282670235
23.182915166973245
22.590659307834034
23.140004890686637
22.833332347435142
22.89735202661577
22.36789241483065
23.23610981574568
21.89804348510034
22.176551974548573
22.873364023338077
24.03451949328831
23.671124070511784
23.271698028254004
23.14930278010968
22.81107694497764
23.315617224608605
23.80171066212036
22.96222650762398
22.612084111556577
22.56322298279881
22.695606937863328
23.944719005148382
22.964538097819844
22.00401501055257
23.36109685915807
23.37634244672763
22.978111888809188
22.397913897492398
23.760711611142515
22.47347094777654
24.362968497929064
22.608428193844887
24.177319474443483
22.050197306171786
23.325453539501734
23.00000327258725
23.665346782950547
23.2134486600259
24.00534011191373
22.630899335770454
23.55691169036289
23.191757054234994
22.474505954099765
22.94159499573144
23.550220983409453
23.12766310282745
22.741826201112232
22.113385397267397
23.091136446365518
23.585652674108783
22.37778043634762
22.68178985971026
22.40357571895236
22.89853961939671
