-27.69660397586249
25.7600326372506
26.26366282311639
25.91972105874731
25.9706318844927
25.821587567630367
26.03502934523021
25.631352066177225
25.600178306075872
26.0201045388304
25.824311840885585
25.52885515333524
26.10102946359329
25.242781788847186
25.692455018174524
25.67250510107733
25.65082530177104
26.158764984210464
25.75891183002518
25.868622851437195
25.758966771222017
25.79715332266395
26.08511927206674
25.94831695631155
26.04598956272949
25.916912888109128
25.849709516781395
26.253806261576464
25.98875597378869
25.990489063880887
26.160316614601957
25.970875831740454
25.86255592485381
25.73747051508836
25.938252981816586
25.831126517305268
26.0487329255129
26.05356298355046
25.744497625753137
25.958722811828697
25.59891959608939
25.659222837204684
26.010904581281785
25.513853860585765
25.861075152808453
26.041334458680986
25.911957308524343
26.13005699814701
25.946814549696125
25.470653494425974
26.086646082551407
25.380433900609088
25.947661740630988
25.512216443551385
26.056600936886863
25.90497341990289
25.607272967907956
25.36382051316959
25.746483496471647
25.493616318294627
26.02166013192537
25.46559736319294
25.949715670962096
25.80907654871513
25.80611621622239
25.569672522634438
25.74315249784008
26.357614176410483
25.828692508664727
25.941137863504856
25.76177597897341
25.88393994093524
25.866256158924283
25.63584743227656
25.792299367964706
25.6470243899214
25.741065795426724
25.746152692550154
26.07317812720354
25.28396522402205
26.0383705876914
25.39819678240915
25.72574370859495
25.62682110257495
25.623480330240444
26.28481519506659
25.588344122056725
25.69007429508072
25.66817954029459
25.679091183952707
25.629789647917374
25.98459584671521
26.000543437282825
25.759799507354955
25.83305537993039
25.61884063795182
25.836692092952426
25.48089685658535
25.84184218636453
25.843464994525768
