9.1
8.2
7.3
22.42
32.01
38.67
40.28
29.86
36.54
61.53
52.13
53.3
58.44
64.89
68.8
69.43
66.8
82.63
57.76
58.94
71.49
67.1
75.46
64.95
82.17
66.55
66.62
46.25
54.87
42.78
52.22
53.96
46.95
37.3
31.31
32.55
33.34
31.67
20.54
20.27
20.75
2.97
2.28
4.96
4.17
0.58
1.61
1.55
2.08
1.87
3.05
3.73
1.28
1.79
1.19
2.38
1.28
0.04
0.53
1.15
4.15
0.92
1.8
1.85
1.51
0.14
0.0
0.0
0.0
0.09
0.13
0.0
0.58
2.65
3.04
10.38
13.89
11.19
2.86
17.68
28.8
16.46
5.31
6.95
4.31
2.54
1.35
5.54
5.45
3.91
3.86
15.09
18.68
14.97
6.77
9.05
6.46
2.97
0.6
2.82
1.28
0.59
1.26
1.05
5.62
3.96
1.83
3.95
9.54
6.16
10.12
16.33
11.64
1.51
0.9
0.38
2.12
0.01
0.32
2.12
6.29
4.25
1.93
1.1
6.62
14.46
25.71
11.2
10.12
12.28
24.3
18.76
3.57
4.65
1.26
13.16
24.81
10.22
4.51
5.61
3.95
1.09
3.96
4.3
5.05
8.42
7.89
30.95
28.37
27.24
17.46
6.49
13.8
5.41
18.26
7.6
7.05
8.75
2.65
7.55
13.48
28.23
35.34
34.46
24.04
34.97
27.26
21.61
21.98
11.19
9.54
2.65
2.28
5.13
2.25
5.13
7.87
3.66
7.76
3.2
7.05
11.38
22.27
16.84
12.4
12.17
6.35
8.68
10.76
12.4
16.65
11.53
11.48
9.2
10.79
22.91
28.03
10.37
9.71
9.88
1.32
4.05
5.52
1.32
0.18
0.93
0.65
1.78
5.6
25.42
23.01
19.01
22.7
24.95
33.1
54.09
47.15
38.56
46.11
41.5
46.3
28.3
34.0
30.41
11.04
10.04
12.92
26.1
27.41
24.56
41.65
37.23
1.49
8.91
16.37
3.48
2.26
4.23
5.48
5.14
9.05
5.35
0.91
0.67
4.79
5.21
5.29
9.63
8.1
1.79
7.51
5.13
17.41
16.77
15.37
12.84
13.05
21.39
8.65
9.65
22.89
24.52
20.89
14.82
19.71
21.14
34.64
24.75
19.83
21.15
11.08
14.67
6.05
11.73
3.4
3.12
11.17
19.17
10.81
7.24
15.57
30.61
16.47
14.22
10.06
21.23
13.91
18.48
7.98
8.83
17.75
3.14
3.89
2.7
3.63
5.95
5.0
3.8
11.93
26.57
12.38
17.23
14.18
22.16
13.42
13.57
13.85
5.52
9.41
14.24
22.44
30.08
47.88
32.03
19.61
9.87
12.31
9.66
6.29
4.56
3.37
3.42
2.2
12.94
9.42
19.9
11.31
9.69
14.24
10.93
5.28
26.96
31.38
30.35
19.58
18.93
7.37
8.57
4.9
10.21
6.98
7.04
4.88
7.32
7.54
10.47
3.49
5.78
3.03
4.07
7.22
15.78
6.93
7.8
10.07
7.8
12.18
21.2
18.34
11.68
8.23
28.48
46.89
31.38
34.72
28.85
10.69
10.95
13.25
11.66
28.63
18.5
41.23
9.29
12.42
16.52
18.86
16.51
18.0
6.95
11.54
12.42
11.77
15.1
12.62
10.83
21.56
22.67
12.81
23.55
19.16
13.86
9.1
8.58
11.98
6.37
12.4
16.32
30.63
21.95
11.88
22.85
18.48
21.74
19.99
19.82
9.84
9.58
7.15
9.86
8.78
12.14
8.9
28.12
17.21
13.35
11.61
17.64
17.45
28.6
25.0
27.01
38.15
29.52
24.48
36.02
41.32
54.43
33.61
42.55
32.14
28.89
20.42
14.21
11.19
14.43
7.22
9.63
18.33
11.36
4.64
4.76
7.91
16.42
19.9
12.55
7.08
19.84
19.3
7.08
19.47
31.59
13.55
18.96
8.57
13.28
5.25
5.23
5.76
15.49
17.17
9.56
5.42
8.18
6.56
9.96
5.54
4.16
2.27
5.88
9.61
11.75
8.14
22.46
22.71
14.4
17.72
3.33
2.89
9.96
1.48
11.62
7.56
10.87
11.45
9.77
7.15
6.46
7.25
13.15
14.98
11.37
15.84
15.87
34.11
31.28
40.32
42.04
31.57
34.78
38.6
42.2
22.08
22.76
27.33
18.14
33.17
24.91
28.17
9.88
5.72
4.44
6.5
11.81
16.82
13.23
4.83
4.56
11.91
6.51
16.31
16.54
23.97
26.16
15.95
11.28
18.22
16.14
14.17
8.46
3.26
8.7
9.04
5.28
18.3
15.64
5.83
9.01
5.39
4.88
2.76
6.69
14.1
16.04
14.22
3.59
6.86
9.15
4.86
3.31
8.52
7.4
4.88
4.06
4.45
16.24
23.2
11.83
14.33
15.92
17.68
25.57
30.14
23.63
26.35
31.78
19.87
19.29
27.03
20.91
25.03
17.38
12.67
20.6
17.85
20.71
17.52
11.89
13.63
13.32
9.2
10.04
9.87
10.58
11.65
17.71
34.58
25.84
28.35
14.84
18.84
32.26
20.74
24.37
22.63
28.58
21.3
17.13
32.43
24.97
