22.07
36.86
34.93
30.58
31.96
37.35
15.23
8.79
8.21
14.08
20.23
19.89
15.9
17.48
15.79
25.29
0.51
6.0
6.73
11.14
22.37
23.19
20.1
30.7
6.98
14.09
10.05
6.22
3.5
10.0
6.58
17.34
14.03
20.52
12.23
4.13
6.21
3.08
6.77
5.81
13.63
10.57
15.0
15.88
15.31
15.89
19.29
18.79
19.61
4.23
4.73
8.38
4.52
7.64
9.61
2.86
4.02
16.34
13.68
25.14
21.75
44.44
49.5
60.8
59.13
50.75
53.78
78.61
71.79
84.37
86.29
78.4
71.78
65.79
45.82
23.26
27.02
19.96
24.48
10.01
13.63
17.65
20.86
30.17
32.89
18.07
3.49
2.4
1.19
4.55
2.46
2.44
0.46
0.0
1.78
5.55
2.24
3.86
11.77
9.97
2.85
7.98
17.05
39.18
20.42
31.63
20.16
14.39
7.03
16.8
31.89
49.95
53.13
78.53
61.59
57.69
54.07
54.05
42.26
20.1
10.37
7.83
15.33
5.76
3.74
0.73
8.53
5.5
13.34
7.95
4.62
4.84
3.55
1.0
1.82
2.41
2.67
2.84
0.65
1.16
0.32
0.0
0.0
0.0
0.0
0.0
0.15
0.0
0.0
0.0
0.36
0.85
4.2
11.84
16.48
9.0
8.49
16.5
23.54
32.89
23.16
21.33
13.02
19.28
10.61
14.89
22.63
20.03
28.14
10.95
5.14
14.21
19.87
13.27
24.25
28.57
27.97
7.13
15.42
27.36
13.8
13.07
8.67
13.0
13.93
35.39
28.08
9.01
11.72
5.74
1.7
4.02
1.75
4.89
2.69
6.78
7.52
4.93
5.05
13.84
4.71
5.4
1.1
7.55
5.1
14.15
15.27
4.83
6.72
10.8
9.58
5.05
9.36
7.6
7.99
1.0
3.8
3.92
2.13
5.44
1.81
1.62
6.47
4.61
10.35
12.08
9.57
7.42
4.42
5.68
11.36
12.92
15.55
15.69
4.52
0.82
0.89
5.26
2.21
8.33
7.55
9.2
38.26
12.0
7.49
8.24
7.26
6.65
10.37
7.32
9.22
2.19
8.21
2.94
1.31
6.24
18.6
25.16
27.33
32.63
30.76
33.79
23.1
20.25
19.87
29.13
26.8
10.9
13.93
14.71
16.91
20.19
21.91
26.06
16.15
18.84
22.1
13.0
11.12
19.42
16.27
17.26
36.67
33.43
33.25
18.19
25.4
15.67
8.57
16.13
8.76
27.09
18.95
12.8
7.54
15.91
29.07
18.28
11.95
20.07
34.36
24.48
9.74
7.95
12.96
5.75
3.61
4.72
14.14
16.67
15.35
26.72
25.14
20.99
17.22
15.52
6.75
4.98
10.79
15.17
25.38
15.42
21.93
12.17
4.92
12.5
18.36
8.27
9.89
8.02
6.8
13.38
24.16
16.91
8.34
5.56
10.45
19.31
22.91
18.0
9.43
11.62
11.09
9.29
11.39
12.87
6.84
14.39
7.91
13.39
15.0
14.85
11.67
8.49
10.18
14.08
23.89
13.86
11.1
16.01
16.84
14.78
16.63
12.96
11.39
17.28
6.64
4.29
9.51
11.57
17.65
22.73
8.32
12.68
11.07
2.49
3.82
17.37
14.78
18.01
23.79
10.21
7.51
20.89
22.06
30.01
31.79
46.78
47.83
37.26
38.12
47.57
40.04
48.77
41.8
20.38
22.08
26.35
20.11
20.51
24.24
24.16
10.98
10.71
16.58
9.31
4.89
7.99
7.73
12.76
12.29
9.12
18.34
5.31
8.38
9.64
12.85
10.61
29.21
23.66
16.94
17.66
8.05
8.98
8.13
14.92
15.72
7.73
21.51
13.74
19.11
20.36
10.54
15.1
19.0
10.49
16.38
12.09
21.25
24.3
10.58
18.1
31.18
42.68
33.57
23.74
19.82
29.12
29.69
31.31
17.26
22.15
20.22
27.15
37.01
30.97
13.05
14.89
26.34
23.15
26.8
15.79
17.77
14.91
23.27
20.63
21.94
16.01
28.5
30.81
39.19
25.17
21.47
24.51
20.38
12.22
4.71
12.76
16.28
12.08
16.66
17.85
14.93
14.71
13.18
5.93
4.92
5.05
2.48
5.33
6.2
4.65
1.13
5.14
8.74
11.14
7.3
14.03
13.47
12.98
24.17
13.89
8.29
6.54
5.74
5.18
7.16
9.36
12.22
4.84
6.09
5.38
7.78
9.04
9.74
7.92
9.81
11.68
5.29
7.44
6.3
3.99
7.92
14.07
18.81
25.78
14.87
21.79
25.7
12.81
9.41
6.01
11.91
14.99
11.78
14.56
10.75
13.53
6.67
9.3
9.75
4.34
9.68
12.96
7.03
17.35
21.5
17.31
14.24
23.68
34.65
23.98
14.87
12.29
12.1
8.02
8.81
6.98
7.58
9.72
9.75
7.37
9.41
32.65
10.76
7.63
7.86
4.69
6.11
11.21
8.04
15.5
16.44
12.26
8.55
3.49
5.26
8.93
12.64
18.41
22.41
25.72
20.78
12.0
4.27
4.89
10.75
15.84
10.45
5.33
10.84
11.84
4.15
10.72
20.49
27.77
32.77
24.95
16.62
9.74
