10.4
16.6
16.87
8.61
23.6
24.83
7.69
34.05
35.94
35.78
51.1
49.05
44.69
41.22
22.91
40.97
37.31
32.08
29.71
18.19
23.84
30.45
29.4
28.09
21.96
13.44
25.04
22.88
22.36
20.09
15.97
16.56
9.39
14.26
8.43
21.86
15.88
10.14
4.16
18.31
7.93
6.19
2.0
3.17
0.0
2.64
1.54
2.2
3.69
1.06
1.82
1.44
0.78
0.0
0.0
2.46
2.07
0.07
0.0
1.15
0.66
1.55
8.77
25.53
32.02
38.73
28.71
23.01
46.64
61.17
36.83
47.28
32.11
25.03
15.27
8.97
5.02
0.23
2.16
2.0
1.37
0.91
0.7
0.79
0.92
5.37
10.34
15.67
24.67
14.58
29.31
36.26
22.69
19.29
6.78
9.48
19.16
12.21
14.11
22.95
13.15
12.03
2.59
15.93
11.57
5.29
3.09
1.87
4.77
7.38
14.04
23.03
19.11
14.84
12.67
5.78
7.17
4.74
1.36
4.22
2.61
8.45
24.18
21.66
41.48
38.77
30.35
19.22
6.68
10.08
6.18
3.1
13.0
14.49
15.41
16.64
18.55
16.09
21.4
13.49
14.65
14.81
16.82
26.31
20.26
20.84
25.01
9.33
12.56
8.13
2.97
0.89
3.08
3.25
4.06
5.54
14.08
14.13
26.97
16.11
9.09
3.56
5.19
7.71
7.85
11.45
8.98
6.89
16.53
9.75
13.02
27.48
31.16
7.74
6.94
6.51
5.35
5.39
5.52
6.96
9.87
18.87
5.98
6.26
11.98
9.39
14.88
23.89
24.03
12.64
9.02
10.58
15.21
16.55
18.29
18.97
16.68
13.17
6.56
5.22
10.39
3.82
10.13
17.77
11.23
15.86
11.98
12.19
50.96
39.86
26.61
5.23
5.96
5.19
8.46
17.88
2.9
8.29
6.11
31.5
17.58
15.47
15.39
4.36
4.83
9.77
11.63
9.14
7.96
13.33
20.29
15.76
65.64
46.69
22.54
31.93
29.13
12.55
11.01
9.53
7.4
8.72
10.77
9.55
10.36
11.7
15.02
15.75
13.99
13.42
18.62
5.71
8.45
10.25
42.23
27.55
10.65
7.65
16.32
6.47
12.99
6.1
23.64
11.01
6.21
5.09
10.42
12.93
15.51
8.2
7.7
24.23
54.57
15.63
19.83
4.92
7.14
12.65
16.54
23.3
18.58
12.63
6.32
14.48
18.86
14.77
21.26
6.07
9.29
11.09
15.82
18.19
20.87
14.97
14.11
25.61
18.75
12.64
13.13
16.62
13.71
11.48
18.82
16.08
43.4
32.65
7.45
29.75
36.04
18.91
17.14
6.44
7.62
11.53
3.02
12.17
10.34
8.42
6.31
6.78
12.71
10.76
36.16
30.82
29.03
30.96
16.62
11.06
13.84
5.92
7.17
6.97
17.61
18.81
18.13
3.07
14.22
34.59
16.66
16.74
16.76
11.88
13.55
9.93
21.62
17.41
18.64
18.08
12.62
15.21
2.79
1.93
4.09
24.55
22.31
26.46
23.51
21.97
18.98
13.87
7.67
14.36
22.31
37.69
34.15
24.3
7.02
4.41
4.5
3.56
7.69
4.44
9.25
4.22
8.83
11.27
7.08
20.53
4.22
3.62
12.14
9.67
4.82
6.39
7.43
4.6
4.07
6.26
8.23
33.31
45.68
38.26
35.9
27.69
22.56
9.02
16.88
9.18
10.3
10.21
11.96
12.67
7.91
3.52
8.18
10.45
11.67
11.42
6.18
15.29
10.75
5.7
7.48
28.29
24.14
26.8
33.34
33.95
45.67
41.97
22.07
21.81
5.42
12.41
14.48
23.36
9.62
4.98
7.49
8.31
7.43
29.3
21.14
22.17
23.59
9.68
9.18
12.42
5.64
10.94
6.52
7.37
5.38
7.06
8.86
7.58
6.85
9.77
14.2
4.51
7.27
10.63
31.62
30.71
11.14
16.71
17.51
19.01
20.36
11.34
16.51
25.51
20.39
4.95
5.06
8.82
20.01
9.79
9.04
5.87
12.68
13.65
25.4
18.09
12.14
14.36
11.03
10.87
4.85
7.89
8.23
17.23
19.06
36.95
29.86
23.26
35.0
12.18
11.13
3.34
13.44
3.86
9.84
4.88
7.25
10.69
9.17
8.39
10.25
12.27
27.96
23.55
11.21
14.63
18.79
32.38
20.05
22.08
15.4
11.65
17.23
9.11
16.27
7.13
3.13
5.44
6.36
12.1
11.76
25.09
38.59
37.01
52.18
40.07
34.67
12.85
21.66
12.23
12.49
4.28
4.82
37.1
13.3
24.46
15.43
11.08
7.72
5.26
3.47
16.79
11.71
4.19
8.46
14.56
14.77
14.27
14.97
28.87
15.37
20.32
22.56
7.18
6.3
3.79
6.36
5.32
6.37
9.33
16.74
8.81
5.54
8.01
5.31
8.12
8.42
1.64
7.61
8.04
13.89
37.7
44.07
14.96
11.24
3.28
8.33
16.65
18.05
11.93
13.6
18.95
20.16
35.65
42.45
43.5
11.26
6.87
8.43
4.49
11.0
6.43
5.79
29.76
28.09
32.81
31.82
17.88
29.6
38.12
48.58
30.71
