61.16
70.13
56.19
68.52
77.01
90.86
62.47
42.55
58.5
44.77
50.37
27.39
24.37
15.61
26.95
6.92
7.05
5.33
6.87
0.92
7.93
1.64
4.55
9.42
5.88
8.43
15.36
3.29
4.57
4.91
0.13
1.23
0.78
2.61
0.86
3.7
8.43
0.52
0.57
0.22
0.0
2.18
0.0
0.73
1.21
2.89
3.59
23.18
8.83
2.31
9.99
17.89
6.3
34.1
41.71
74.99
63.53
35.09
12.63
6.82
1.25
1.54
2.03
3.12
0.36
6.46
2.15
0.66
1.99
3.52
2.34
21.58
4.31
15.46
31.55
36.75
55.57
68.26
56.73
56.39
74.44
82.12
44.74
43.9
12.65
12.17
12.94
13.99
8.34
2.14
1.92
2.97
6.78
8.67
5.56
1.74
1.12
1.09
0.45
2.39
0.54
2.05
1.28
3.02
1.17
1.55
1.32
6.04
8.64
23.85
31.0
49.4
48.84
70.76
41.75
31.75
26.66
28.12
8.27
3.63
1.74
0.72
0.39
0.93
3.52
3.13
16.62
38.13
22.01
9.61
12.99
5.12
11.05
10.03
9.27
14.53
32.59
9.18
6.86
10.96
0.73
2.05
0.23
0.49
1.4
2.48
5.03
24.26
15.44
10.03
4.34
11.65
9.56
13.62
11.58
3.14
1.51
2.32
7.13
13.75
7.34
5.1
6.84
1.0
1.52
19.41
10.56
4.24
9.41
24.3
41.56
18.69
17.9
41.27
32.73
12.93
7.84
15.71
19.16
14.93
20.0
9.89
7.41
5.54
4.74
11.84
14.12
8.29
5.33
4.21
16.89
11.37
13.28
3.82
8.02
5.02
1.82
8.98
5.45
4.99
19.18
46.53
46.32
50.98
43.03
43.01
27.3
11.95
21.57
1.72
7.15
31.76
21.92
25.95
17.37
21.06
14.96
12.08
23.8
9.42
5.32
14.02
21.2
7.16
4.25
4.85
7.98
26.68
26.41
13.9
6.75
12.63
12.06
8.12
7.22
5.95
12.95
15.8
17.27
16.76
12.05
40.65
23.38
28.29
6.67
3.86
4.79
7.28
12.85
20.32
14.05
24.57
14.2
34.44
4.14
4.2
7.54
6.98
9.41
19.57
8.6
6.99
9.38
4.26
3.9
6.6
8.58
8.58
5.94
8.28
34.04
25.05
49.49
43.18
19.78
9.3
9.82
9.48
9.87
8.84
14.61
10.04
5.34
8.77
10.9
31.49
7.08
17.26
18.3
12.97
6.98
5.97
5.58
5.1
10.69
7.31
18.77
19.18
21.04
29.69
24.54
19.19
20.02
21.12
17.41
24.02
6.48
19.11
25.83
11.09
16.9
11.33
31.98
48.44
51.11
62.25
15.3
10.46
12.01
14.33
9.14
9.91
6.24
16.13
17.81
17.77
4.95
9.36
6.49
15.4
26.47
22.59
10.97
11.61
15.38
8.24
23.01
12.28
13.0
5.97
6.77
19.29
12.26
10.48
39.42
29.4
22.5
7.66
6.49
16.33
6.55
5.48
11.05
25.16
13.72
5.86
18.76
19.11
17.02
11.07
3.45
11.65
17.95
8.97
6.46
12.26
10.61
10.0
10.62
23.25
8.4
9.8
22.16
15.01
9.92
2.91
6.89
6.14
4.3
7.4
6.75
3.75
9.63
12.52
14.46
12.3
21.25
19.58
29.91
22.34
24.79
5.59
6.3
4.9
4.53
12.46
11.09
41.08
17.87
11.83
24.0
26.73
10.31
33.43
13.7
8.75
7.65
9.4
9.85
6.55
8.46
3.73
3.56
11.62
10.02
27.72
32.56
21.75
32.9
34.39
40.83
32.4
10.63
8.39
9.59
8.93
20.1
24.94
14.81
19.23
7.86
6.57
6.08
15.74
15.27
18.21
10.7
6.0
9.75
5.8
8.55
8.04
8.49
10.31
17.34
10.88
9.21
10.99
5.36
13.61
13.05
16.28
23.74
16.81
11.21
24.25
31.02
18.61
16.82
12.52
24.5
14.01
27.69
18.41
6.52
14.92
8.49
7.54
12.71
17.91
9.57
6.8
11.32
21.05
33.35
40.39
44.54
54.11
66.38
82.12
53.12
48.2
34.42
25.99
21.59
21.11
10.21
2.93
9.76
11.77
14.19
17.82
12.7
6.1
10.75
12.03
5.77
2.72
3.6
12.14
14.21
5.96
4.62
3.49
1.88
3.54
6.4
17.79
20.93
9.28
11.69
4.6
7.93
9.46
21.05
15.97
21.82
25.6
21.75
19.93
12.37
9.72
5.53
4.6
3.26
4.78
8.92
10.28
6.74
16.79
18.95
11.38
21.12
17.0
14.5
6.96
14.63
21.12
20.62
11.04
8.42
11.26
7.69
3.84
5.56
11.68
12.54
7.04
3.96
4.6
22.39
19.41
24.98
15.66
14.69
5.0
7.48
2.11
6.73
4.98
5.17
4.57
4.37
27.82
25.22
35.07
39.83
41.82
63.03
77.82
56.59
39.43
9.38
19.46
19.15
17.46
11.83
17.58
15.31
14.89
7.28
10.93
6.33
8.5
5.15
8.17
12.06
10.09
6.18
9.37
9.98
12.3
8.84
11.43
6.2
9.64
10.17
12.79
9.92
10.84
