209.61
206.45
205.17
228.23
169.41
187.68
175.49
175.1
127.66
122.72
107.19
99.89
62.16
22.15
13.31
13.03
11.97
3.71
5.94
4.03
0.0
0.72
0.0
0.0
0.17
0.65
1.24
0.0
0.8
0.09
1.28
1.39
1.01
1.01
5.35
7.35
8.12
9.16
1.2
2.67
1.02
0.0
2.77
5.57
3.78
2.87
3.37
7.85
15.69
1.55
0.23
1.34
7.26
6.11
20.33
23.19
15.31
5.2
26.06
10.39
15.13
4.17
1.4
2.46
1.52
1.3
1.49
3.88
3.36
4.12
0.05
2.91
8.53
4.12
3.99
15.69
10.92
9.21
32.47
47.21
47.35
54.77
67.94
30.61
19.55
3.1
11.34
5.03
5.55
7.56
2.69
11.43
4.56
2.41
6.71
11.94
11.55
8.96
17.69
0.42
0.64
0.42
0.0
1.47
2.39
14.56
11.66
2.84
4.41
4.24
1.03
4.57
11.99
16.45
22.26
18.35
11.13
1.13
0.32
0.0
2.9
1.36
0.04
0.11
0.33
6.97
7.88
6.2
9.23
13.76
6.61
1.11
8.19
6.63
18.73
15.74
24.52
15.27
50.12
39.25
58.74
26.93
17.05
22.6
16.79
11.76
10.02
1.32
2.13
4.16
6.32
4.23
2.2
1.51
10.63
28.88
19.1
1.77
4.16
3.63
3.95
17.22
3.94
2.63
37.34
37.49
42.1
41.79
6.02
3.85
6.75
7.68
4.07
2.4
5.12
12.63
17.17
14.67
11.87
14.73
5.73
8.82
4.16
4.93
2.66
1.19
7.86
7.7
2.14
35.35
26.17
20.67
16.55
10.71
7.64
3.2
2.89
3.38
12.26
20.8
59.42
41.23
53.02
52.36
54.0
58.85
54.72
47.41
72.03
52.1
40.26
55.89
38.84
33.27
41.56
46.73
30.74
40.25
36.83
24.47
25.32
20.95
24.55
5.09
2.5
6.79
16.57
4.1
3.04
3.27
5.69
11.19
21.44
20.93
23.54
15.18
1.21
11.07
12.9
17.35
20.86
26.02
7.86
29.75
24.45
11.22
11.28
6.95
9.7
8.8
5.59
6.82
4.46
3.94
6.9
7.57
7.0
9.1
2.73
1.23
0.0
0.68
0.81
0.31
1.29
0.22
0.53
1.49
8.6
17.86
14.72
4.22
1.99
6.76
2.67
2.68
1.76
4.33
5.08
11.36
12.03
12.72
16.03
11.95
19.32
12.6
5.13
17.05
11.54
2.56
3.38
7.37
12.43
13.17
0.5
6.84
4.23
2.39
4.68
3.17
5.2
1.69
5.97
14.7
11.9
36.69
40.14
42.08
43.39
54.09
57.09
23.76
21.72
24.92
34.41
37.96
6.66
1.44
2.77
3.76
2.32
1.96
6.92
3.71
1.88
6.0
35.08
24.15
5.41
6.37
6.37
10.9
6.37
11.7
28.5
28.15
5.88
5.94
14.21
15.42
22.75
10.65
13.44
1.23
4.39
6.66
3.27
8.52
6.43
24.31
17.73
25.38
21.77
26.99
11.92
17.02
30.02
52.71
39.26
5.62
4.17
9.31
12.49
6.79
3.7
1.71
1.17
4.13
14.12
16.94
11.07
15.76
18.78
8.61
10.87
9.99
4.01
5.3
6.27
10.54
12.56
16.53
27.18
31.91
33.15
38.49
33.01
14.23
6.06
2.68
6.42
7.43
8.09
23.21
16.97
26.85
41.18
22.95
18.74
14.61
21.78
27.5
27.57
31.51
16.18
17.4
3.86
13.02
11.61
5.55
8.02
10.82
17.71
25.9
50.18
48.7
34.72
9.2
1.96
7.04
3.96
1.11
1.02
1.64
4.39
1.13
4.56
5.4
2.99
7.27
11.36
20.56
18.91
17.09
8.34
4.34
7.21
5.16
6.34
3.77
7.45
13.9
21.19
30.75
12.78
10.77
10.85
11.62
9.92
25.55
16.74
8.04
9.45
4.54
3.53
18.44
19.87
27.99
31.84
22.9
12.32
6.49
5.55
11.91
13.18
12.29
3.36
0.8
7.92
9.76
12.4
23.45
15.84
6.86
12.06
10.28
19.18
28.76
22.55
31.63
38.84
47.31
47.06
27.01
13.74
5.55
20.49
13.96
7.43
4.62
10.04
5.98
11.9
10.32
6.52
18.04
16.13
4.88
8.77
11.19
11.75
20.91
33.91
32.78
41.3
22.99
30.02
28.29
31.05
6.6
5.57
6.34
2.99
12.09
3.64
10.61
13.6
30.04
43.23
50.22
45.71
12.6
17.79
22.91
32.04
11.77
20.14
11.64
10.02
12.35
7.74
7.81
13.22
25.64
29.12
6.12
3.16
2.63
4.94
9.6
20.36
21.46
34.45
46.23
62.57
66.28
75.28
44.04
22.24
14.36
24.04
14.54
16.4
17.78
4.05
7.75
20.76
30.7
33.42
39.94
41.1
56.1
46.92
45.42
48.26
56.1
58.11
64.44
41.72
24.73
35.37
25.35
11.7
5.13
5.64
5.86
9.84
11.45
9.89
7.69
5.94
7.45
2.51
1.46
2.2
2.28
2.62
4.76
6.13
1.79
5.9
2.78
9.1
9.92
7.76
2.46
6.49
5.18
6.74
6.45
