-0.7834
-0.5164
-0.2078
0.3034
0.8666999999999999
1.1891
1.4235999999999998
2.08
2.3344
2.5454
2.8239
3.0602000000000005
3.4090000000000007
3.3321
3.5259000000000005
4.014
3.8185
3.8143
3.7737000000000007
3.8675000000000006
3.7994
4.169899999999999
4.1334
4.1625
4.0074000000000005
4.0722000000000005
4.3256
4.6445
4.3636
4.79
4.386
5.1279
4.6064
4.4532
4.282299999999999
5.1923
4.6362000000000005
4.9798
5.1147
5.490699999999999
5.592299999999999
5.957100000000001
5.838699999999999
6.666900000000001
6.0443
6.333799999999999
6.504999999999999
6.9888
7.5553
7.295199999999999
7.693000000000001
8.128
7.6013
7.463400000000002
7.6183
8.765
8.1988
7.8461
8.290799999999999
8.5704
9.212700000000002
9.3068
10.546399999999998
11.372599999999997
11.671399999999998
12.3268
11.890700000000002
11.1925
12.6067
12.834200000000004
11.7942
12.1908
11.5977
12.002600000000005
11.273299999999995
10.705899999999996
10.35
9.552
9.622800000000002
10.2442
10.308799999999998
9.627200000000002
9.4444
9.7374
9.9185
10.4496
11.07
11.7333
12.2014
11.804300000000003
12.7038
13.3076
12.399399999999998
12.172800000000002
11.4647
11.769800000000002
12.4532
11.720299999999998
11.7161
12.910900000000003
12.159400000000003
11.9593
11.013000000000002
12.128199999999998
12.0536
11.6381
11.0781
11.107699999999998
11.605600000000004
11.9902
12.2653
13.207500000000003
12.9326
12.3446
12.4223
12.1118
12.220800000000004
11.809900000000004
10.9865
11.8554
11.3731
12.3465
13.2351
13.177199999999996
14.3303
14.194900000000002
13.939799999999998
13.2567
12.179
12.62
12.397499999999996
12.0058
13.120500000000002
12.9398
12.9377
12.9767
13.525
13.081600000000002
13.4165
12.849200000000002
13.235500000000002
12.9395
13.142199999999995
13.446700000000003
13.2726
13.110200000000004
13.6422
12.899699999999998
13.033
12.5399
11.843700000000002
11.2827
11.968
12.1901
12.4852
12.4941
13.1484
13.2669
14.1045
13.4739
13.0461
12.0592
12.8366
13.0088
12.817700000000002
13.4789
13.057700000000002
13.349199999999998
13.820800000000002
13.4438
13.828399999999998
14.3618
14.460200000000002
13.311000000000002
13.0752
12.854300000000002
13.170400000000004
12.961100000000002
12.5849
13.2085
13.624399999999998
14.156100000000002
13.1049
13.1976
13.4102
13.308499999999997
13.734400000000004
14.572500000000002
14.6305
13.6798
13.4685
13.7568
14.0478
14.02
14.3442
14.338499999999996
14.1041
13.865100000000002
13.4748
13.3792
13.6439
13.0042
13.8542
14.1758
13.9092
14.451199999999998
13.7943
14.036899999999996
15.894700000000002
15.3364
15.0676
13.489
12.727
13.328499999999998
13.515599999999996
14.3817
12.6939
13.729899999999995
13.6381
15.1983
14.4296
14.4256
14.1095
12.845
13.5006
13.8945
14.203300000000002
13.907399999999996
13.773599999999998
14.231599999999998
14.696000000000002
14.597
16.782899999999998
15.854899999999995
14.8893
15.4442
15.0995
13.9829
13.971200000000003
14.0679
13.535199999999998
13.6331
14.1943
14.0881
14.0491
13.9158
14.489600000000005
14.6734
14.593699999999998
14.4921
15.083999999999998
13.9797
14.1541
14.575999999999995
15.9966
15.2732
14.0853
14.6065
14.5444
13.750100000000002
14.4576
13.965800000000002
15.2654
14.6069
13.169499999999998
13.335
14.2117
14.2489
14.858899999999998
14.006100000000002
14.1276
15.3607
16.572200000000002
14.9654
14.8035
13.6162
14.192399999999996
14.8454
15.011
15.5363
14.8533
14.5306
13.763499999999995
14.879700000000003
15.173899999999998
14.826200000000004
15.141400000000004
13.845999999999997
14.2983
14.449500000000002
15.0396
14.977700000000002
15.058799999999998
14.8327
14.663500000000004
15.2393
14.982
14.8357
15.0239
15.0018
15.285500000000004
14.610300000000004
15.121899999999998
14.8551
16.3163
16.1408
14.194499999999998
15.8716
16.3106
15.3796
15.1543
14.3486
14.620699999999998
14.7318
13.958300000000005
14.4036
14.6039
14.1884
14.2707
14.2097
15.023700000000002
14.643999999999998
16.2516
15.944600000000005
16.0803
15.7454
15.167500000000002
14.7443
14.8015
14.0395
14.290100000000002
14.438299999999996
15.172299999999998
15.085400000000002
15.3449
13.8256
15.3236
15.9813
15.278
15.2328
15.344
14.935899999999998
15.011500000000002
14.926100000000003
15.3838
15.623399999999998
15.57
15.4932
15.0987
14.997199999999998
13.2648
13.538899999999998
13.8342
15.6193
15.6458
15.920500000000002
15.7456
15.5735
15.7445
15.1733
14.831499999999998
15.5012
15.7611
16.2824
15.944599999999998
15.748
14.515100000000002
13.8858
14.2196
14.136400000000002
14.1879
14.4483
14.4842
13.9106
14.798900000000003
15.049400000000002
14.370499999999998
15.530899999999995
13.9922
14.033300000000004
14.8384
14.996000000000002
14.596800000000004
14.854800000000004
14.675400000000002
14.397200000000003
13.925800000000002
14.830700000000002
14.810900000000002
16.43
16.8519
16.465600000000006
16.394699999999997
16.339399999999998
15.607099999999996
14.842
15.599899999999998
15.1074
14.979899999999995
15.187699999999998
15.2906
15.4461
14.682399999999998
14.159199999999998
15.207
15.023099999999998
15.2563
15.1557
14.863900000000005
15.498399999999997
15.098300000000002
15.1453
15.046399999999997
16.4662
16.0025
15.9941
16.5398
16.5706
17.1492
16.9512
16.1126
16.2317
14.7838
15.68
15.888
16.098599999999998
15.428200000000002
14.5738
14.506999999999998
14.8756
14.5463
16.360999999999997
16.0898
16.219399999999997
16.0104
15.137
14.9999
15.660900000000002
14.8067
15.42
15.019
15.105899999999997
14.648500000000002
14.8729
14.7176
14.85
15.0274
15.1498
15.235300000000002
14.3092
14.859799999999998
15.094500000000004
16.464800000000004
16.609799999999996
15.450599999999998
15.8256
15.836100000000002
15.994800000000003
16.0675
15.4718
15.834899999999998
16.394299999999998
16.003400000000003
14.3032
14.462399999999995
14.854300000000002
16.124799999999997
15.357899999999995
15.1265
14.685200000000002
15.3752
15.8207
16.1251
16.0973
15.491200000000005
15.952099999999998
15.6054
15.660600000000002
15.0295
14.798899999999996
14.8571
15.677400000000002
16.1719
16.860000000000003
16.674100000000003
16.299299999999995
16.8156
15.615100000000002
15.6676
14.669399999999996
15.54
14.8052
14.9817
14.434100000000004
14.6789
15.011800000000004
14.669
14.8584
15.477000000000002
15.834500000000002
16.8628
16.573999999999998
15.594599999999998
16.169999999999998
16.410400000000003
16.887199999999996
16.473300000000002
16.430699999999998
16.2923
15.867900000000002
16.080499999999997
15.7346
16.268900000000002
15.4039
15.0394
15.251
15.6007
16.293699999999998
16.2026
16.637099999999997
17.3688
17.2585
17.7708
17.3733
17.347800000000003
16.287
16.4101
15.9418
15.940399999999997
15.0517
15.1664
17.2299
16.018900000000002
16.9009
16.3125
16.2986
15.689199999999998
14.914999999999996
14.7584
15.923799999999996
15.909900000000002
15.095100000000002
15.8085
16.3295
15.996099999999998
16.190999999999995
16.1511
16.6545
16.1628
16.766800000000003
16.915300000000002
15.4699
15.184500000000003
14.5927
14.4372
15.429099999999998
15.0306
16.019599999999997
16.3785
15.369699999999998
14.981699999999998
15.064900000000002
15.134100000000004
15.2551
15.39
15.0712
15.230199999999998
15.653800000000004
15.851
17.4408
17.6209
16.6701
16.1011
14.5666
15.168399999999997
15.9636
16.429100000000002
16.1427
16.0191
16.389400000000002
16.746100000000002
17.429599999999997
17.294899999999995
17.604200000000002
15.624399999999998
14.757300000000004
15.5094
14.993900000000002
15.960000000000004
15.013800000000002
15.1621
17.0536
17.1242
17.484
17.2272
16.725099999999998
17.3185
17.6614
17.9035
17.689
