-1.286012524213635
-1.2127899437644636
-0.6882322309099779
-0.454056716144965
-0.1322333677010287
0.4357226387133332
0.5172198420678386
0.7386561254901396
0.989682206110966
1.3677241167852223
1.5757835695456617
1.660799996782153
1.8447407997320773
2.253093894134771
2.9547885167604493
3.1933247429954044
3.538443243562361
3.9759753539664335
4.469872183386121
4.690203438550609
5.259939964699501
5.280858058489974
5.842556452411007
6.35134297210065
6.545394394113783
7.183884980174099
7.463610264295396
6.871982000764652
7.259832335585746
7.522695150091978
7.152722660816739
7.53008785821632
7.705407070811356
8.098189107953521
7.916456262951874
8.2900852294197
9.046010371966482
7.850559809075289
8.133771627865752
8.022393667591304
8.521333196378066
9.075158870341898
8.366490188406678
8.648423473050675
9.286514191523557
9.70203668504928
9.652166249268443
11.165388177422075
10.447359490393303
9.841520136651448
10.77161563994297
11.251585302041626
10.669905674134377
12.389625115661984
12.722863573782474
14.015998157160736
13.414469445560872
12.364960751270267
11.227447133146272
11.25978684314745
10.11720488151737
10.235413384835688
10.35930016307397
10.850985066333113
10.283185868681684
11.408198699904446
10.694445673730376
9.832481157237774
10.03366199193668
11.079581884896657
11.094816651480109
12.267061364390404
11.314029454990887
12.072150035760307
12.819908269279075
12.996533650135513
13.61330281641346
13.99070692604336
13.54235606172397
13.577231301991292
13.985849776138313
14.407977834857055
13.268312772784832
13.315822529913996
11.96890189570003
11.589793618776756
11.809297438859916
12.030799700417807
11.298736293991071
10.78175985719705
10.8127337769619
11.174175002509925
11.532776662761426
11.9308960598954
11.51033762977081
11.234498110767158
10.868708040986554
9.929091257020668
10.608948230378866
10.034951805576943
9.938807622949737
11.053231906732533
10.696482875567884
10.569260147566643
10.490597505244558
10.986442303640397
10.336210118354058
11.944879381800984
11.74539295203617
12.982579503786056
13.580518784311256
14.142611896736282
14.140235573348496
15.268202198193976
13.88292635806024
13.684811560028812
13.237360271528942
13.359321777885391
12.210551106508824
11.465049902310971
11.254931776602636
10.719982080574985
10.22578033818688
10.65288120138294
11.373457850133354
11.620185684511489
12.606216949655511
13.947553820548396
13.127665741885751
12.739144807886651
12.96165499949857
12.083105244567571
12.869803313480466
12.772199943380452
12.630572693152567
13.32503885957597
14.009687109339712
12.852648315806292
12.16071055303916
12.802137237463915
11.613935644570516
11.550999993086135
10.58269592067595
10.501431546178
11.181004686488516
11.711226376211446
12.07526432784094
13.75284477394728
13.251981577308952
13.1439433698809
12.380465801408906
12.92945106248654
13.060016491335686
13.191843618161323
13.161019279605071
11.884510270384396
11.607529421709954
12.07320985957886
12.669352337598273
13.528205767413418
12.840915486240146
12.594148385287918
12.417319856678048
12.005707600846256
12.202462340415842
13.675859807392596
13.137215271954997
12.708253548373008
13.05957297288814
14.145706383830683
14.989411812083238
13.763683626656
13.868682980886076
15.048261197172922
14.383920385979586
13.447833903861833
13.479293549311851
13.734573908196673
13.740078227316095
14.001855659469443
13.997427979323897
13.325343753541098
12.997426222675353
12.612526543634122
12.63741812758684
13.764993273957463
13.565690773351191
13.359585075483963
12.894341091113308
12.680291843357052
13.76932743835096
13.454088167628443
13.734647706569346
13.16672027756388
13.301573158219515
12.97196338375005
12.676077045519587
13.326564260893708
13.072397128406276
13.10858111780148
14.23815996659245
15.570829388410456
15.801282233100252
15.82588991787324
15.34684793658203
15.477743395032006
14.692355209597803
13.781169492455744
14.45834894635952
12.65522198353128
13.414935482724136
14.879404095033244
14.70481949430943
14.706374443177292
14.45285837655586
14.761904788292094
13.898411492223888
13.89099267203515
14.455142957762495
12.846680841635242
13.001879991485405
14.082807246686198
14.407710263178878
13.244999315544936
12.663622934854322
12.832213849939263
13.752437756852192
14.843552272576478
14.773257172501095
14.392619574516004
13.781336114395096
13.93443239732627
13.8713899523713
13.673027514169794
13.275531857946104
13.192727939745703
13.955860502865962
14.073699394168685
14.350140519589996
14.548517494381532
14.150539170261688
15.588486045616833
14.664737713185138
14.864551189304096
13.294730207230744
13.1352461446299
13.589578777017389
13.550416856331289
14.22284682422885
14.608764791600784
14.524754895348895
14.728256995681548
14.434658022378684
15.406452838772736
13.317659359139473
13.46130360379006
13.470113605346278
13.594983741015984
13.570992735905506
14.428872594721604
13.71931453256438
13.404443017656272
14.004428830524803
13.249118902994594
13.12315790485929
13.59227624674761
13.383776607192058
14.010885199396675
13.631860388348162
13.872177915294571
15.27162654483406
14.61222511568404
16.049732277658386
15.992644122392491
14.396675998098877
14.156265106774272
13.654390267914309
13.549645365660824
13.408584023890192
13.695484677875095
14.371884571778455
13.98030676890464
13.49515141708544
13.73915804382385
13.98174410088304
15.348206986526732
13.746203795960492
14.7944925022493
14.286977013053829
14.20054968825927
13.83301696327596
13.664731125649473
13.907276095730698
13.288278618788375
14.53359708258943
14.172730924338584
14.94044417356086
14.927620216641651
14.93480572643946
15.76945558077951
15.209098846543917
14.958924750348178
15.085888327576916
15.030665864155472
14.636420807818638
15.069072937454632
14.203265996220605
15.027127484649531
15.004819457205326
14.528523509831643
14.880308906955683
14.385116233222057
15.677047013058557
16.37631158602699
16.604485771849024
16.842967528860903
14.692269437069935
14.533390182860815
14.55538813394458
14.594797069925642
14.39608242522643
14.19966499944403
14.055302551778142
14.800117630960878
14.710108011963603
15.047142282063584
13.689017869647238
13.956050116386564
14.164485005916136
14.724750007194457
15.57786091089078
15.135591785527684
14.843554064854397
14.580330631004085
14.79429592509009
14.238761955564913
15.450886286623726
15.074532333424584
14.787992732094406
14.127657200990573
14.089909305403683
15.197167246533828
14.769758613593536
14.665244338404928
16.065484077259754
15.730446444482563
15.11981951589018
14.210302293713658
13.851854053603386
14.709924743976154
14.232516755282788
13.88462305722494
14.54960581411856
15.496694851510542
14.678787176255527
14.22532272691372
15.166612407617832
15.20248471350448
15.387886005036735
14.395165440048595
13.744115259766316
14.470705213460043
14.862887400352776
14.316025916061989
13.595761742638802
14.628694943473947
14.353590161447192
15.072777503857049
14.307662785876492
15.395331047221529
14.59189368586182
14.710855346185603
15.18467328950788
15.22261742031198
14.503284876419348
13.665642142409954
14.140998834350697
14.0118803716664
13.84795186771602
13.970628041239545
13.916269822904455
13.795549559144852
14.254064026280773
15.304367040022928
15.02643476663784
14.74605812735276
15.619871998626367
15.231374266622272
16.211920696049777
15.542507971082289
15.867922033205804
13.964870387684266
14.431164985936128
13.655848476017166
13.993358468975444
14.576539755191398
14.511067395905975
16.47585603327675
15.310252613253803
14.840778929890512
16.08299914922336
15.670880118611926
15.216019907723664
16.52877620787044
14.44750986287687
14.622760161513678
14.434921053035994
14.489277283714182
14.630509719819615
14.249586982920189
14.35907316379548
14.033422750043242
13.509950005832255
14.663038196443958
14.910550200301063
15.894949432565571
16.410037909689123
15.350257287790694
16.23502171129089
16.69359023433616
16.5795443990842
16.112576244528334
14.215588834305072
14.652538544586925
14.38830835933372
14.723145447801066
15.446009111091684
16.014577770348122
15.56660005231116
15.487800464043271
14.519381053918018
14.258123529676991
14.45958472789104
15.275408987519016
15.207095938313536
15.174172608835642
15.028669090425948
14.425426067528592
14.331555971233932
14.9205157070262
14.950899816189514
14.498147257680332
15.049215434396997
14.898942602866954
15.61080791776293
15.164680888297095
14.806583278288704
15.22715342783042
14.685513613792828
15.20325735769871
14.953577907389455
15.606713170038809
16.001500564645532
15.646996465324714
15.346024076994029
16.208532737582818
16.42227165982481
16.1185283887895
15.879141889734289
15.05463165913278
16.014660969624277
15.616566150748502
16.28024819821784
15.948203323180564
14.688478628697249
15.679606203407976
14.78393595912195
14.912552986783233
15.44404733736199
15.703851047411046
15.270974502657598
14.92344948870403
15.420573947411707
16.16486550449849
16.80207080686732
17.125761069832425
17.161738041685624
17.544924311341074
17.888206576720023
18.22715684022798
17.155279482808567
17.445838559767644
16.86328611939552
16.284414932246747
16.313447623312946
16.303491533941155
15.113974065578514
14.700609635704213
15.10525905364745
15.147764473402315
15.421430473667726
15.79940671350151
15.239059567317746
14.663344312436877
14.787876273148674
15.378064907600429
14.259320831790951
14.307533739674891
13.98209717278578
15.484702246868622
15.87160589307064
14.320993103518628
14.155674341821078
14.59360188805647
14.017057346808013
14.228112781257146
14.305043151164538
16.184141510532296
16.108622397156292
15.36689597676329
15.138016700240604
14.750885442668174
14.823136408426574
15.246071599796752
15.768089248854276
15.96187109540035
16.155933547482952
16.31017386694049
15.83911700800278
16.04337694953676
15.33429808525535
15.03390841252023
14.293138501668148
13.960709631661086
13.743341633590116
14.338828199393753
14.589359030517985
15.46509814770789
15.312705893635052
15.649314969166245
15.675503468132074
15.40003219240826
16.195446148984384
15.989281417921667
15.922228089323616
15.176364553934004
15.66283195403671
16.198053244232295
16.179654922107275
15.544457092577868
14.97665663305437
15.460458898697029
15.524407739533569
14.81310749143083
14.798194706250031
15.624086697403948
15.756878910845955
14.614373707671172
14.436967632876016
14.88600400821502
16.37782562571342
16.311028830239444
16.228949453273678
16.143006612398928
16.070518991635637
14.519697230392904
15.23228770783565
14.665775527528586
14.524821714153695
14.494499288921157
14.716649244356926
14.464261394049664
14.655345733807335
17.003673856285214
16.632493715029348
17.294250892706547
17.297616709440266
17.333768998144823
17.732862277816622
18.07578953318068
17.759142202274802
17.23233791382014
15.48335388500567
16.219924830686026
16.101018752794992
16.209295974604146
15.61362668317092
15.952993825309358
15.944052883289592
16.258324840043866
14.984908748444694
15.375347615159953
14.988499850899345
14.893084516896776
14.683219795977523
15.101985067655637
15.581105571786004
15.41498424757017
15.021577175922404
15.547447080736426
15.414714395290728
15.359372024067396
15.358814072410956
15.564382767113596
15.337452681324772
15.62324000386672
15.677946028731826
15.97575406268854
15.78750163298684
15.95957383019003
