0.0
0.0
0.0199999995529651
0.0199999995529651
0.0
0.0199999995529651
0.0199999995529651
0.0
0.0
0.0
0.0
0.0
0.0199999995529651
0.0599999986588954
0.2199999988079071
0.6800000071525574
1.059999942779541
1.940000057220459
3.940000057220459
6.539999961853027
11.800000190734863
16.68000030517578
22.13999938964844
27.479999542236328
24.21999931335449
20.34000015258789
23.21999931335449
36.18000030517578
34.81999969482422
20.68000030517578
13.020000457763672
18.940000534057617
32.63999938964844
31.13999938964844
19.8799991607666
11.18000030517578
17.34000015258789
31.040000915527344
30.3799991607666
18.200000762939453
11.18000030517578
16.760000228881836
26.540000915527344
23.68000030517578
20.440000534057617
28.959999084472656
29.15999984741211
17.31999969482422
9.359999656677246
13.899999618530272
25.799999237060547
23.81999969482422
23.440000534057617
30.540000915527344
28.780000686645508
17.479999542236328
10.539999961853027
13.720000267028809
23.68000030517578
37.47999954223633
35.13999938964844
20.979999542236328
12.5600004196167
17.760000228881836
30.34000015258789
28.540000915527344
17.360000610351562
8.960000038146973
9.239999771118164
12.859999656677246
17.079999923706055
25.920000076293945
23.459999084472656
20.26000022888184
24.84000015258789
38.31999969482422
36.619998931884766
22.700000762939453
13.600000381469728
16.399999618530273
26.18000030517578
25.0
18.479999542236328
16.34000015258789
24.07999992370605
34.31999969482422
31.76000022888184
19.399999618530277
10.81999969482422
13.5600004196167
22.21999931335449
34.540000915527344
32.2400016784668
19.86000061035156
11.079999923706056
14.220000267028809
21.739999771118164
34.34000015258789
30.540000915527344
18.65999984741211
11.18000030517578
13.81999969482422
22.18000030517578
33.7599983215332
31.520000457763672
19.0
10.600000381469728
11.68000030517578
20.440000534057617
32.599998474121094
29.6200008392334
17.059999465942383
9.619999885559082
11.479999542236328
18.18000030517578
25.15999984741211
21.31999969482422
17.559999465942383
20.479999542236328
28.07999992370605
24.540000915527344
21.940000534057617
26.26000022888184
24.76000022888184
24.5
32.040000915527344
29.920000076293945
18.18000030517578
10.0600004196167
12.5600004196167
19.540000915527344
31.5
29.780000686645508
17.81999969482422
9.300000190734863
10.220000267028809
16.280000686645508
23.15999984741211
31.15999984741211
26.959999084472656
16.899999618530273
10.420000076293944
13.68000030517578
20.86000061035156
29.200000762939453
26.34000015258789
15.84000015258789
7.679999828338623
10.0600004196167
16.68000030517578
24.21999931335449
35.29999923706055
32.720001220703125
20.559999465942383
11.880000114440918
13.65999984741211
19.399999618530277
27.15999984741211
25.5
17.65999984741211
11.859999656677246
14.479999542236328
22.13999938964844
33.959999084472656
31.6200008392334
20.6200008392334
12.800000190734863
15.220000267028809
22.0
30.559999465942383
28.5
19.979999542236328
13.5600004196167
17.1200008392334
24.26000022888184
32.91999816894531
31.780000686645508
21.71999931335449
15.119999885559082
17.18000030517578
24.040000915527344
32.31999969482422
29.1200008392334
17.260000228881836
11.619999885559082
13.800000190734863
20.700000762939453
28.36000061035156
26.200000762939453
17.799999237060547
12.579999923706056
15.619999885559082
23.440000534057617
32.41999816894531
30.63999938964844
19.959999084472656
12.68000030517578
13.5600004196167
17.399999618530273
22.18000030517578
27.799999237060547
26.200000762939453
16.260000228881836
11.4399995803833
11.760000228881836
17.579999923706055
24.8799991607666
31.100000381469727
27.15999984741211
16.440000534057617
9.199999809265137
10.479999542236328
14.600000381469728
18.15999984741211
21.959999084472656
27.1200008392334
23.68000030517578
19.700000762939453
19.1200008392334
22.920000076293945
28.479999542236328
25.959999084472656
18.100000381469727
13.039999961853027
14.520000457763672
18.739999771118164
21.26000022888184
23.36000061035156
27.26000022888184
23.700000762939453
19.899999618530277
18.600000381469727
22.239999771118164
26.57999992370605
24.81999969482422
21.920000076293945
23.13999938964844
28.71999931335449
26.3799991607666
16.8799991607666
10.960000038146973
10.84000015258789
14.65999984741211
19.200000762939453
22.559999465942383
27.920000076293945
25.26000022888184
15.68000030517578
10.239999771118164
11.4399995803833
15.739999771118164
19.21999931335449
21.63999938964844
25.100000381469727
21.280000686645508
17.860000610351562
17.3799991607666
20.68000030517578
24.280000686645508
27.21999931335449
23.63999938964844
20.34000015258789
20.57999992370605
23.540000915527344
28.1200008392334
25.81999969482422
17.18000030517578
11.359999656677246
12.640000343322754
16.1200008392334
18.81999969482422
22.68000030517578
27.18000030517578
24.440000534057617
20.540000915527344
21.799999237060547
27.68000030517578
23.57999992370605
20.780000686645508
20.8799991607666
26.239999771118164
22.780000686645508
18.1200008392334
16.420000076293945
17.979999542236328
21.020000457763672
25.600000381469727
22.420000076293945
19.299999237060547
18.76000022888184
23.21999931335449
27.8799991607666
25.459999084472656
16.420000076293945
11.079999923706056
12.420000076293944
17.459999084472656
23.299999237060547
28.13999938964844
24.6200008392334
18.84000015258789
17.5
20.559999465942383
24.420000076293945
27.059999465942383
24.780000686645508
22.34000015258789
22.13999938964844
24.84000015258789
26.86000061035156
23.15999984741211
18.200000762939453
17.139999389648438
21.520000457763672
27.65999984741211
24.5
20.26000022888184
20.31999969482422
25.07999992370605
22.86000061035156
20.3799991607666
21.18000030517578
29.65999984741211
29.280000686645508
19.700000762939453
11.859999656677246
12.279999732971191
15.859999656677246
17.940000534057617
19.920000076293945
22.3799991607666
26.479999542236328
23.040000915527344
18.739999771118164
17.399999618530273
21.36000061035156
26.100000381469727
24.31999969482422
20.8799991607666
23.71999931335449
29.459999084472656
28.040000915527344
17.65999984741211
11.800000190734863
12.979999542236328
16.65999984741211
19.65999984741211
23.780000686645508
29.200000762939453
25.399999618530277
16.600000381469727
10.380000114440918
10.800000190734863
13.979999542236328
17.079999923706055
21.21999931335449
26.81999969482422
23.57999992370605
19.739999771118164
19.020000457763672
23.76000022888184
29.18000030517578
24.76000022888184
20.84000015258789
21.559999465942383
25.200000762939453
20.34000015258789
17.059999465942383
17.1200008392334
21.100000381469727
26.07999992370605
23.280000686645508
19.739999771118164
17.799999237060547
20.459999084472656
24.31999969482422
28.920000076293945
25.57999992370605
15.859999656677246
9.479999542236328
8.899999618530273
11.300000190734863
14.359999656677246
17.1200008392334
19.81999969482422
23.520000457763672
28.15999984741211
26.26000022888184
17.540000915527344
11.899999618530272
11.460000038146973
13.600000381469728
15.9399995803833
17.1200008392334
19.420000076293945
23.36000061035156
27.239999771118164
23.86000061035156
19.76000022888184
19.959999084472656
24.36000061035156
27.239999771118164
24.21999931335449
20.65999984741211
21.34000015258789
25.36000061035156
22.299999237060547
19.1200008392334
18.84000015258789
23.1200008392334
27.020000457763672
23.68000030517578
21.1200008392334
22.1200008392334
28.13999938964844
26.1200008392334
18.520000457763672
12.199999809265137
11.31999969482422
14.119999885559082
16.899999618530273
18.920000076293945
22.239999771118164
27.739999771118164
25.520000457763672
15.800000190734863
9.9399995803833
10.15999984741211
13.479999542236328
15.739999771118164
17.8799991607666
21.65999984741211
25.13999938964844
22.63999938964844
19.739999771118164
18.799999237060547
23.059999465942383
27.100000381469727
24.0
19.559999465942383
19.6200008392334
22.959999084472656
28.200000762939453
24.57999992370605
20.1200008392334
21.1200008392334
28.21999931335449
25.57999992370605
17.3799991607666
10.699999809265137
10.960000038146973
12.0
13.479999542236328
16.68000030517578
18.940000534057617
21.3799991607666
22.979999542236328
27.100000381469727
25.059999465942383
17.0
10.880000114440918
10.699999809265137
12.779999732971191
14.039999961853027
15.800000190734863
19.07999992370605
21.920000076293945
24.13999938964844
25.959999084472656
21.21999931335449
17.700000762939453
16.760000228881836
20.86000061035156
23.399999618530277
25.65999984741211
21.239999771118164
17.540000915527344
17.200000762939453
20.399999618530277
24.899999618530277
31.540000915527344
28.920000076293945
19.21999931335449
13.300000190734863
13.81999969482422
17.15999984741211
18.68000030517578
20.479999542236328
21.76000022888184
24.15999984741211
26.81999969482422
24.13999938964844
21.940000534057617
21.420000076293945
23.65999984741211
26.57999992370605
23.26000022888184
20.65999984741211
21.100000381469727
23.780000686645508
25.31999969482422
21.440000534057617
18.979999542236328
18.540000915527344
20.3799991607666
23.100000381469727
26.739999771118164
23.3799991607666
18.520000457763672
18.34000015258789
22.21999931335449
25.81999969482422
22.31999969482422
18.540000915527344
17.3799991607666
19.239999771118164
22.280000686645508
23.26000022888184
24.959999084472656
26.100000381469727
21.6200008392334
19.059999465942383
19.18000030517578
22.739999771118164
25.13999938964844
20.280000686645508
16.399999618530273
16.299999237060547
19.239999771118164
22.81999969482422
25.36000061035156
22.459999084472656
19.71999931335449
19.520000457763672
22.600000381469727
26.68000030517578
23.57999992370605
20.26000022888184
20.959999084472656
23.540000915527344
25.459999084472656
20.86000061035156
17.700000762939453
16.479999542236328
20.13999938964844
25.020000457763672
24.440000534057617
23.059999465942383
23.71999931335449
28.520000457763672
26.200000762939453
18.07999992370605
13.100000381469728
12.5
14.720000267028809
18.63999938964844
23.13999938964844
25.940000534057617
20.899999618530277
17.079999923706055
16.700000762939453
20.459999084472656
23.84000015258789
25.5
23.0
20.18000030517578
20.21999931335449
23.020000457763672
28.020000457763672
26.0
17.860000610351562
11.31999969482422
11.0600004196167
13.539999961853027
16.459999084472656
20.34000015258789
23.81999969482422
25.799999237060547
22.3799991607666
18.440000534057617
17.15999984741211
19.13999938964844
22.899999618530277
26.26000022888184
23.739999771118164
19.899999618530277
19.31999969482422
20.280000686645508
21.440000534057617
23.479999542236328
26.0
23.5
21.540000915527344
21.799999237060547
23.940000534057617
27.8799991607666
25.21999931335449
17.34000015258789
10.31999969482422
10.020000457763672
11.739999771118164
13.640000343322754
15.579999923706056
17.799999237060547
18.65999984741211
19.739999771118164
18.68000030517578
18.600000381469727
18.559999465942383
18.479999542236328
18.440000534057617
19.440000534057617
20.959999084472656
21.040000915527344
21.200000762939453
21.520000457763672
21.57999992370605
22.979999542236328
25.479999542236328
21.1200008392334
15.279999732971191
14.100000381469728
14.399999618530272
15.880000114440918
16.940000534057617
17.520000457763672
18.299999237060547
21.899999618530277
26.399999618530277
23.18000030517578
20.31999969482422
21.8799991607666
25.420000076293945
21.920000076293945
18.34000015258789
18.81999969482422
21.780000686645508
25.0
26.440000534057617
21.780000686645508
17.020000457763672
16.760000228881836
19.940000534057617
22.239999771118164
24.020000457763672
25.68000030517578
20.559999465942383
16.100000381469727
15.720000267028809
19.13999938964844
21.84000015258789
24.0
25.21999931335449
21.81999969482422
19.6200008392334
20.63999938964844
23.600000381469727
25.0
25.18000030517578
21.26000022888184
17.34000015258789
16.200000762939453
18.5
21.26000022888184
23.979999542236328
28.040000915527344
24.84000015258789
21.34000015258789
19.559999465942383
21.63999938964844
25.059999465942383
21.71999931335449
18.420000076293945
16.760000228881836
18.65999984741211
22.15999984741211
27.31999969482422
26.71999931335449
19.0
13.220000267028809
12.84000015258789
14.920000076293944
16.280000686645508
17.6200008392334
22.0
25.76000022888184
22.36000061035156
19.18000030517578
18.84000015258789
22.420000076293945
26.299999237060547
25.059999465942383
17.760000228881836
12.579999923706056
12.15999984741211
13.460000038146973
15.399999618530272
18.799999237060547
20.5
21.8799991607666
24.559999465942383
27.81999969482422
24.07999992370605
19.18000030517578
18.979999542236328
21.86000061035156
23.15999984741211
26.059999465942383
24.100000381469727
20.280000686645508
19.31999969482422
22.3799991607666
25.84000015258789
23.13999938964844
20.520000457763672
21.0
25.1200008392334
23.479999542236328
21.0
19.63999938964844
21.479999542236328
22.959999084472656
26.059999465942383
23.15999984741211
21.280000686645508
21.21999931335449
24.65999984741211
25.899999618530277
22.18000030517578
19.07999992370605
18.899999618530277
20.440000534057617
23.5
25.540000915527344
22.5
19.57999992370605
20.739999771118164
24.21999931335449
28.399999618530277
25.520000457763672
18.5
13.899999618530272
13.479999542236328
16.139999389648438
19.18000030517578
22.36000061035156
24.780000686645508
27.76000022888184
24.3799991607666
22.8799991607666
22.86000061035156
27.100000381469727
22.979999542236328
19.899999618530277
19.71999931335449
24.15999984741211
29.18000030517578
26.71999931335449
19.440000534057617
14.34000015258789
14.539999961853027
17.940000534057617
22.399999618530277
28.040000915527344
25.520000457763672
17.260000228881836
11.119999885559082
10.460000038146973
12.0
13.380000114440918
16.100000381469727
18.799999237060547
20.15999984741211
23.479999542236328
27.34000015258789
25.5
17.65999984741211
11.960000038146973
10.779999732971191
12.520000457763672
16.0
20.100000381469727
23.440000534057617
26.65999984741211
24.84000015258789
21.700000762939453
21.100000381469727
23.31999969482422
26.71999931335449
24.059999465942383
20.26000022888184
19.1200008392334
21.6200008392334
22.26000022888184
23.3799991607666
24.040000915527344
23.559999465942383
24.940000534057617
27.959999084472656
24.71999931335449
21.13999938964844
20.920000076293945
24.040000915527344
27.8799991607666
24.15999984741211
20.5
20.100000381469727
23.100000381469727
26.86000061035156
25.040000915527344
18.36000061035156
13.479999542236328
13.5600004196167
16.600000381469727
19.520000457763672
23.540000915527344
28.1200008392334
25.71999931335449
18.280000686645508
13.699999809265137
13.31999969482422
15.18000030517578
15.800000190734863
18.920000076293945
22.239999771118164
25.21999931335449
21.780000686645508
18.3799991607666
17.600000381469727
19.420000076293945
21.63999938964844
23.239999771118164
23.18000030517578
24.5
28.040000915527344
26.280000686645508
19.18000030517578
14.18000030517578
13.520000457763672
15.15999984741211
17.360000610351562
20.63999938964844
23.3799991607666
27.34000015258789
25.940000534057617
19.020000457763672
13.100000381469728
12.699999809265137
15.760000228881836
17.8799991607666
19.540000915527344
22.600000381469727
26.920000076293945
24.540000915527344
23.15999984741211
22.6200008392334
25.739999771118164
22.700000762939453
20.239999771118164
20.07999992370605
22.520000457763672
22.520000457763672
25.36000061035156
23.459999084472656
21.200000762939453
20.71999931335449
22.899999618530277
27.8799991607666
26.0
19.07999992370605
13.960000038146973
15.18000030517578
16.719999313354492
17.81999969482422
20.399999618530277
23.700000762939453
26.739999771118164
24.0
20.34000015258789
19.739999771118164
22.979999542236328
27.6200008392334
23.979999542236328
19.540000915527344
17.540000915527344
19.420000076293945
20.940000534057617
22.6200008392334
25.940000534057617
22.739999771118164
18.5
18.280000686645508
20.34000015258789
23.739999771118164
28.200000762939453
26.31999969482422
19.059999465942383
13.539999961853027
12.720000267028809
14.739999771118164
17.559999465942383
22.15999984741211
27.520000457763672
26.459999084472656
19.399999618530277
14.479999542236328
14.31999969482422
17.5
20.1200008392334
21.26000022888184
21.239999771118164
23.84000015258789
28.559999465942383
25.520000457763672
17.040000915527344
11.720000267028809
12.119999885559082
14.619999885559082
17.3799991607666
21.18000030517578
24.0
27.600000381469727
24.57999992370605
22.739999771118164
23.34000015258789
26.920000076293945
24.100000381469727
21.399999618530277
22.6200008392334
26.76000022888184
22.76000022888184
19.899999618530277
20.979999542236328
24.940000534057617
28.739999771118164
26.700000762939453
19.34000015258789
13.960000038146973
14.119999885559082
17.65999984741211
21.959999084472656
26.020000457763672
23.26000022888184
19.979999542236328
20.07999992370605
24.57999992370605
27.63999938964844
25.299999237060547
17.459999084472656
12.260000228881836
12.899999618530272
15.399999618530272
19.5
23.13999938964844
26.15999984741211
22.399999618530277
19.71999931335449
19.100000381469727
22.799999237060547
26.399999618530277
22.15999984741211
18.399999618530277
18.040000915527344
22.100000381469727
27.299999237060547
26.020000457763672
17.739999771118164
12.65999984741211
12.68000030517578
15.84000015258789
16.559999465942383
17.959999084472656
20.200000762939453
25.899999618530277
23.63999938964844
20.100000381469727
19.31999969482422
23.200000762939453
26.920000076293945
24.399999618530277
20.479999542236328
20.020000457763672
22.940000534057617
25.86000061035156
22.739999771118164
19.18000030517578
18.899999618530277
22.399999618530277
25.65999984741211
23.040000915527344
19.600000381469727
20.36000061035156
23.420000076293945
24.979999542236328
26.059999465942383
21.13999938964844
16.360000610351562
15.920000076293944
21.76000022888184
26.86000061035156
24.520000457763672
22.5
24.559999465942383
28.3799991607666
26.6200008392334
18.700000762939453
13.279999732971191
13.140000343322754
15.359999656677246
18.479999542236328
20.559999465942383
25.34000015258789
23.31999969482422
21.040000915527344
21.559999465942383
24.1200008392334
29.15999984741211
25.780000686645508
17.520000457763672
10.800000190734863
10.760000228881836
13.760000228881836
16.139999389648438
18.13999938964844
20.959999084472656
24.6200008392334
28.239999771118164
24.81999969482422
20.81999969482422
19.8799991607666
22.280000686645508
26.15999984741211
22.600000381469727
20.68000030517578
21.07999992370605
24.420000076293945
27.31999969482422
24.600000381469727
20.780000686645508
21.420000076293945
25.440000534057617
23.76000022888184
20.799999237060547
20.200000762939453
23.6200008392334
27.940000534057617
25.68000030517578
18.84000015258789
13.4399995803833
13.5600004196167
16.780000686645508
19.399999618530277
24.13999938964844
29.020000457763672
25.959999084472656
18.31999969482422
12.720000267028809
14.0600004196167
16.5
19.920000076293945
22.479999542236328
26.040000915527344
23.84000015258789
19.600000381469727
18.84000015258789
22.899999618530277
28.100000381469727
25.239999771118164
17.799999237060547
13.199999809265137
14.520000457763672
17.239999771118164
19.6200008392334
21.420000076293945
26.1200008392334
23.6200008392334
19.26000022888184
18.84000015258789
21.739999771118164
24.940000534057617
28.020000457763672
25.200000762939453
17.959999084472656
14.199999809265137
14.640000343322754
15.100000381469728
17.280000686645508
23.5
28.71999931335449
24.0
19.21999931335449
17.399999618530273
20.020000457763672
23.440000534057617
27.459999084472656
25.18000030517578
18.420000076293945
14.460000038146973
15.300000190734863
17.700000762939453
18.979999542236328
20.07999992370605
21.86000061035156
25.459999084472656
22.799999237060547
19.0
17.940000534057617
20.0
23.420000076293945
26.68000030517578
23.479999542236328
19.5
18.200000762939453
21.18000030517578
22.739999771118164
25.239999771118164
23.280000686645508
20.959999084472656
21.34000015258789
25.600000381469727
23.34000015258789
20.420000076293945
19.559999465942383
20.65999984741211
23.71999931335449
27.5
24.21999931335449
20.34000015258789
21.559999465942383
27.3799991607666
25.31999969482422
17.68000030517578
12.619999885559082
12.4399995803833
15.199999809265137
18.13999938964844
21.0
23.71999931335449
27.739999771118164
25.13999938964844
17.239999771118164
13.220000267028809
13.0
14.479999542236328
17.639999389648438
21.459999084472656
25.040000915527344
21.07999992370605
18.479999542236328
17.600000381469727
21.68000030517578
24.81999969482422
28.15999984741211
24.020000457763672
19.63999938964844
18.76000022888184
21.440000534057617
24.280000686645508
28.440000534057617
26.13999938964844
18.559999465942383
13.479999542236328
13.640000343322754
17.940000534057617
22.31999969482422
26.21999931335449
24.420000076293945
22.34000015258789
22.65999984741211
25.81999969482422
22.959999084472656
18.440000534057617
17.540000915527344
23.15999984741211
31.100000381469727
28.13999938964844
19.21999931335449
13.15999984741211
13.479999542236328
16.5
18.07999992370605
20.520000457763672
22.81999969482422
26.299999237060547
23.81999969482422
21.100000381469727
22.07999992370605
26.5
24.0
21.5
22.63999938964844
25.280000686645508
21.479999542236328
17.979999542236328
16.979999542236328
19.059999465942383
20.76000022888184
23.76000022888184
26.479999542236328
24.100000381469727
21.520000457763672
21.76000022888184
25.280000686645508
22.81999969482422
21.559999465942383
22.8799991607666
26.63999938964844
24.3799991607666
21.979999542236328
23.13999938964844
27.540000915527344
23.31999969482422
19.76000022888184
18.920000076293945
22.899999618530277
25.780000686645508
22.68000030517578
20.36000061035156
20.899999618530277
23.520000457763672
27.0
23.84000015258789
21.0
21.5
25.920000076293945
23.1200008392334
20.200000762939453
20.299999237060547
23.399999618530277
25.5
22.459999084472656
20.0
21.81999969482422
24.399999618530277
26.18000030517578
21.68000030517578
17.079999923706055
17.239999771118164
20.1200008392334
22.86000061035156
23.700000762939453
25.18000030517578
22.5
20.440000534057617
20.68000030517578
22.239999771118164
24.299999237060547
25.34000015258789
21.71999931335449
17.540000915527344
18.1200008392334
21.6200008392334
26.07999992370605
22.299999237060547
18.84000015258789
16.8799991607666
19.280000686645508
21.86000061035156
26.6200008392334
22.26000022888184
17.920000076293945
17.760000228881836
21.5
25.71999931335449
21.540000915527344
18.26000022888184
19.280000686645508
21.36000061035156
26.07999992370605
21.700000762939453
17.920000076293945
18.0
20.420000076293945
22.8799991607666
25.600000381469727
20.920000076293945
15.619999885559082
13.81999969482422
16.520000457763672
19.5
22.520000457763672
26.020000457763672
23.81999969482422
19.07999992370605
17.540000915527344
19.26000022888184
22.540000915527344
24.1200008392334
26.76000022888184
24.07999992370605
20.799999237060547
19.57999992370605
22.280000686645508
24.6200008392334
29.84000015258789
26.13999938964844
16.600000381469727
9.15999984741211
8.739999771118164
10.0600004196167
12.619999885559082
16.739999771118164
20.399999618530277
22.899999618530277
26.600000381469727
22.81999969482422
18.420000076293945
17.459999084472656
21.31999969482422
26.280000686645508
22.540000915527344
18.21999931335449
16.0
18.31999969482422
19.559999465942383
23.0
25.899999618530277
21.100000381469727
16.799999237060547
15.899999618530272
19.36000061035156
23.920000076293945
28.31999969482422
24.65999984741211
21.6200008392334
22.299999237060547
24.36000061035156
26.84000015258789
23.799999237060547
21.780000686645508
22.86000061035156
28.200000762939453
24.65999984741211
20.6200008392334
21.31999969482422
27.700000762939453
24.239999771118164
19.920000076293945
20.459999084472656
25.700000762939453
23.420000076293945
18.18000030517578
17.780000686645508
22.799999237060547
25.6200008392334
22.920000076293945
18.600000381469727
17.079999923706055
19.0
21.780000686645508
26.540000915527344
24.57999992370605
19.8799991607666
18.57999992370605
20.540000915527344
23.700000762939453
27.559999465942383
24.3799991607666
21.799999237060547
21.1200008392334
23.86000061035156
25.8799991607666
22.059999465942383
17.81999969482422
16.3799991607666
19.420000076293945
23.13999938964844
28.420000076293945
23.68000030517578
19.68000030517578
20.540000915527344
26.520000457763672
24.040000915527344
21.440000534057617
21.5
25.8799991607666
22.63999938964844
20.399999618530277
20.299999237060547
24.71999931335449
29.34000015258789
24.799999237060547
19.18000030517578
17.65999984741211
19.84000015258789
23.420000076293945
28.26000022888184
23.020000457763672
17.260000228881836
15.619999885559082
17.8799991607666
19.979999542236328
21.65999984741211
23.540000915527344
25.479999542236328
21.200000762939453
16.700000762939453
16.0
19.020000457763672
23.13999938964844
28.799999237060547
24.299999237060547
18.34000015258789
15.859999656677246
17.84000015258789
21.68000030517578
27.799999237060547
23.940000534057617
18.6200008392334
16.899999618530273
20.68000030517578
25.3799991607666
20.979999542236328
15.84000015258789
14.399999618530272
17.440000534057617
21.63999938964844
24.440000534057617
28.299999237060547
25.1200008392334
15.760000228881836
9.300000190734863
10.460000038146973
14.039999961853027
17.520000457763672
20.15999984741211
23.420000076293945
26.84000015258789
23.81999969482422
20.059999465942383
19.799999237060547
22.020000457763672
26.3799991607666
23.84000015258789
19.18000030517578
19.1200008392334
22.71999931335449
27.6200008392334
24.540000915527344
19.5
17.760000228881836
20.200000762939453
23.979999542236328
27.700000762939453
23.21999931335449
18.420000076293945
17.559999465942383
20.399999618530277
23.68000030517578
28.18000030517578
23.780000686645508
17.979999542236328
17.34000015258789
21.0
23.479999542236328
24.780000686645508
26.65999984741211
23.0
19.440000534057617
20.299999237060547
24.559999465942383
30.059999465942383
27.18000030517578
16.18000030517578
10.15999984741211
10.18000030517578
11.68000030517578
13.220000267028809
16.959999084472656
19.540000915527344
22.420000076293945
23.1200008392334
25.540000915527344
22.6200008392334
18.07999992370605
18.71999931335449
22.399999618530277
25.100000381469727
20.559999465942383
15.579999923706056
14.920000076293944
17.079999923706055
20.459999084472656
24.07999992370605
28.8799991607666
23.940000534057617
18.0
16.68000030517578
20.479999542236328
23.8799991607666
25.68000030517578
20.65999984741211
16.68000030517578
15.18000030517578
17.020000457763672
19.1200008392334
21.899999618530277
25.559999465942383
20.07999992370605
15.5600004196167
