0.0
0.0
0.0
0.0
0.0
0.0
0.0
0.0
0.0
0.0
0.0
0.0
0.0
0.0
0.0
0.0
0.0
0.0599999986588954
0.1400000005960464
0.2800000011920929
0.800000011920929
2.2799999713897705
4.619999885559082
6.800000190734863
8.899999618530273
12.279999732971191
15.4399995803833
20.18000030517578
27.15999984741211
24.700000762939453
20.559999465942383
20.920000076293945
27.6200008392334
24.81999969482422
22.31999969482422
27.040000915527344
24.899999618530277
22.299999237060547
24.6200008392334
31.700000762939453
28.700000762939453
15.960000038146973
8.960000038146973
12.600000381469728
20.68000030517578
30.979999542236328
29.18000030517578
18.34000015258789
10.020000457763672
11.760000228881836
19.8799991607666
31.559999465942383
29.68000030517578
17.559999465942383
8.359999656677246
8.880000114440918
15.460000038146973
25.0
33.939998626708984
28.21999931335449
16.3799991607666
9.239999771118164
11.4399995803833
20.07999992370605
29.07999992370605
25.979999542236328
15.5
7.659999847412109
7.920000076293945
12.68000030517578
17.020000457763672
20.81999969482422
28.520000457763672
25.26000022888184
14.5
6.820000171661377
8.420000076293945
13.520000457763672
20.0
28.57999992370605
26.299999237060547
15.020000457763672
8.699999809265137
10.739999771118164
16.360000610351562
23.6200008392334
31.81999969482422
28.57999992370605
17.3799991607666
12.140000343322754
14.399999618530272
19.34000015258789
24.0
29.600000381469727
26.3799991607666
17.15999984741211
10.4399995803833
10.720000267028809
15.539999961853027
20.020000457763672
25.1200008392334
23.600000381469727
22.8799991607666
25.81999969482422
23.81999969482422
20.559999465942383
22.71999931335449
27.239999771118164
24.5
20.540000915527344
23.239999771118164
29.200000762939453
27.3799991607666
18.65999984741211
14.31999969482422
16.059999465942383
20.020000457763672
25.040000915527344
23.299999237060547
22.280000686645508
24.540000915527344
29.6200008392334
27.280000686645508
18.84000015258789
13.399999618530272
13.399999618530272
15.880000114440918
19.13999938964844
22.0
23.65999984741211
25.059999465942383
21.8799991607666
16.700000762939453
16.040000915527344
20.21999931335449
24.520000457763672
28.34000015258789
25.520000457763672
16.940000534057617
11.779999732971191
12.039999961853027
14.4399995803833
16.860000610351562
19.239999771118164
23.200000762939453
26.71999931335449
23.15999984741211
18.76000022888184
19.799999237060547
23.100000381469727
26.559999465942383
22.899999618530277
18.979999542236328
19.07999992370605
23.280000686645508
28.1200008392334
24.459999084472656
21.780000686645508
22.780000686645508
26.559999465942383
23.979999542236328
21.21999931335449
20.8799991607666
23.57999992370605
27.57999992370605
25.200000762939453
18.020000457763672
12.579999923706056
12.119999885559082
16.0
18.100000381469727
20.780000686645508
22.200000762939453
24.299999237060547
25.059999465942383
21.280000686645508
18.100000381469727
17.139999389648438
19.6200008392334
22.299999237060547
25.739999771118164
22.899999618530277
20.34000015258789
19.459999084472656
21.8799991607666
26.15999984741211
25.81999969482422
19.36000061035156
13.739999771118164
13.0600004196167
15.420000076293944
18.0
21.600000381469727
25.15999984741211
22.6200008392334
19.559999465942383
18.920000076293945
24.440000534057617
31.600000381469727
30.280000686645508
21.239999771118164
15.600000381469728
17.260000228881836
20.739999771118164
23.6200008392334
24.299999237060547
26.0
23.459999084472656
20.31999969482422
20.520000457763672
24.1200008392334
28.81999969482422
25.76000022888184
19.200000762939453
14.859999656677246
14.84000015258789
16.34000015258789
18.700000762939453
21.36000061035156
22.86000061035156
24.07999992370605
26.420000076293945
23.31999969482422
20.559999465942383
21.18000030517578
23.959999084472656
27.520000457763672
25.3799991607666
17.459999084472656
13.479999542236328
13.420000076293944
15.880000114440918
16.700000762939453
19.65999984741211
23.34000015258789
26.600000381469727
23.799999237060547
19.520000457763672
18.34000015258789
22.18000030517578
25.21999931335449
22.739999771118164
20.71999931335449
19.15999984741211
21.739999771118164
24.459999084472656
28.86000061035156
26.459999084472656
20.040000915527344
16.18000030517578
16.479999542236328
18.700000762939453
22.100000381469727
24.780000686645508
26.31999969482422
23.520000457763672
20.940000534057617
21.700000762939453
25.3799991607666
24.34000015258789
22.399999618530277
23.36000061035156
25.100000381469727
22.739999771118164
19.059999465942383
19.68000030517578
22.479999542236328
25.440000534057617
23.600000381469727
20.63999938964844
21.100000381469727
24.459999084472656
28.920000076293945
26.68000030517578
20.6200008392334
15.81999969482422
16.100000381469727
18.100000381469727
20.020000457763672
23.34000015258789
26.36000061035156
24.979999542236328
23.479999542236328
24.18000030517578
27.600000381469727
24.899999618530277
21.959999084472656
23.34000015258789
25.299999237060547
22.71999931335449
20.540000915527344
20.520000457763672
23.600000381469727
25.540000915527344
22.34000015258789
18.979999542236328
19.799999237060547
22.700000762939453
24.399999618530277
25.479999542236328
23.34000015258789
22.420000076293945
21.63999938964844
23.420000076293945
25.100000381469727
23.100000381469727
22.31999969482422
23.280000686645508
26.15999984741211
23.3799991607666
20.940000534057617
19.84000015258789
22.26000022888184
26.0
24.31999969482422
22.040000915527344
22.0
24.86000061035156
25.71999931335449
23.200000762939453
22.059999465942383
23.239999771118164
25.920000076293945
22.76000022888184
18.3799991607666
17.059999465942383
18.76000022888184
20.459999084472656
22.36000061035156
25.059999465942383
24.979999542236328
23.020000457763672
23.040000915527344
23.899999618530277
26.520000457763672
25.559999465942383
21.65999984741211
18.040000915527344
18.5
19.920000076293945
20.76000022888184
23.21999931335449
25.280000686645508
23.299999237060547
21.0
22.100000381469727
23.63999938964844
25.440000534057617
24.780000686645508
24.940000534057617
25.459999084472656
22.920000076293945
20.780000686645508
20.65999984741211
22.3799991607666
23.57999992370605
24.86000061035156
27.6200008392334
25.07999992370605
19.36000061035156
16.65999984741211
17.6200008392334
19.63999938964844
21.68000030517578
24.420000076293945
27.959999084472656
25.459999084472656
19.68000030517578
16.65999984741211
15.979999542236328
17.719999313354492
19.63999938964844
22.6200008392334
25.18000030517578
23.76000022888184
21.5
20.81999969482422
22.799999237060547
23.8799991607666
24.559999465942383
27.76000022888184
26.18000030517578
20.68000030517578
17.200000762939453
17.780000686645508
19.979999542236328
22.26000022888184
23.979999542236328
24.26000022888184
25.920000076293945
24.479999542236328
22.399999618530277
23.13999938964844
26.020000457763672
24.68000030517578
20.21999931335449
21.0
23.86000061035156
26.68000030517578
24.65999984741211
22.299999237060547
22.84000015258789
25.399999618530277
24.5
22.399999618530277
22.63999938964844
24.3799991607666
26.479999542236328
25.200000762939453
20.76000022888184
18.34000015258789
16.899999618530273
17.979999542236328
19.07999992370605
20.6200008392334
23.8799991607666
28.059999465942383
27.040000915527344
21.479999542236328
17.280000686645508
17.299999237060547
18.71999931335449
19.3799991607666
20.280000686645508
20.71999931335449
22.31999969482422
24.559999465942383
27.020000457763672
27.059999465942383
23.18000030517578
19.899999618530277
19.559999465942383
22.63999938964844
24.920000076293945
26.440000534057617
24.920000076293945
22.420000076293945
21.559999465942383
24.81999969482422
27.3799991607666
25.57999992370605
21.420000076293945
18.15999984741211
17.959999084472656
20.040000915527344
23.040000915527344
25.479999542236328
24.739999771118164
22.76000022888184
22.0
23.239999771118164
24.21999931335449
24.899999618530277
26.15999984741211
23.559999465942383
22.600000381469727
24.940000534057617
27.420000076293945
26.299999237060547
21.459999084472656
20.559999465942383
21.520000457763672
22.899999618530277
23.5
25.6200008392334
25.040000915527344
20.36000061035156
17.6200008392334
17.260000228881836
18.020000457763672
18.020000457763672
20.0
21.07999992370605
22.540000915527344
23.200000762939453
24.420000076293945
25.81999969482422
25.57999992370605
20.540000915527344
15.739999771118164
14.300000190734863
16.020000457763672
17.5
19.84000015258789
22.57999992370605
25.6200008392334
23.739999771118164
21.780000686645508
21.059999465942383
23.100000381469727
24.65999984741211
26.68000030517578
24.21999931335449
23.18000030517578
25.36000061035156
24.479999542236328
23.440000534057617
24.1200008392334
25.040000915527344
23.0
21.100000381469727
20.940000534057617
21.84000015258789
24.18000030517578
25.979999542236328
25.100000381469727
22.15999984741211
19.8799991607666
18.899999618530277
19.36000061035156
20.13999938964844
21.31999969482422
22.71999931335449
24.920000076293945
27.36000061035156
25.18000030517578
20.5
17.81999969482422
18.520000457763672
19.459999084472656
21.200000762939453
23.34000015258789
24.299999237060547
26.100000381469727
24.280000686645508
22.920000076293945
22.440000534057617
23.68000030517578
24.1200008392334
24.84000015258789
25.6200008392334
24.700000762939453
23.440000534057617
23.399999618530277
24.5
25.239999771118164
24.299999237060547
24.040000915527344
24.520000457763672
25.420000076293945
23.920000076293945
22.26000022888184
21.479999542236328
22.86000061035156
25.71999931335449
23.57999992370605
22.0
21.520000457763672
22.6200008392334
24.540000915527344
27.26000022888184
25.15999984741211
21.57999992370605
18.799999237060547
18.559999465942383
19.979999542236328
22.6200008392334
25.059999465942383
23.200000762939453
21.540000915527344
20.700000762939453
22.1200008392334
23.200000762939453
23.8799991607666
25.959999084472656
24.200000762939453
23.65999984741211
25.059999465942383
23.040000915527344
20.799999237060547
19.899999618530277
21.71999931335449
23.3799991607666
24.600000381469727
25.81999969482422
25.059999465942383
20.299999237060547
15.739999771118164
16.139999389648438
19.36000061035156
22.86000061035156
23.76000022888184
25.399999618530277
24.21999931335449
24.200000762939453
23.81999969482422
25.440000534057617
25.940000534057617
22.040000915527344
20.07999992370605
21.520000457763672
24.57999992370605
25.399999618530277
24.76000022888184
24.440000534057617
24.920000076293945
25.420000076293945
23.540000915527344
22.36000061035156
22.780000686645508
27.059999465942383
26.63999938964844
22.040000915527344
18.540000915527344
19.059999465942383
20.520000457763672
22.200000762939453
25.600000381469727
24.479999542236328
21.18000030517578
20.21999931335449
21.63999938964844
22.399999618530277
23.479999542236328
24.07999992370605
25.71999931335449
24.540000915527344
23.799999237060547
23.3799991607666
25.65999984741211
23.18000030517578
21.13999938964844
20.059999465942383
21.979999542236328
23.57999992370605
26.239999771118164
26.65999984741211
24.1200008392334
21.63999938964844
21.979999542236328
23.299999237060547
24.739999771118164
25.959999084472656
25.739999771118164
22.1200008392334
19.3799991607666
19.739999771118164
22.040000915527344
24.84000015258789
25.959999084472656
22.57999992370605
21.84000015258789
23.3799991607666
24.34000015258789
25.81999969482422
24.280000686645508
23.68000030517578
23.739999771118164
25.07999992370605
23.84000015258789
23.15999984741211
24.0
25.040000915527344
23.059999465942383
21.239999771118164
20.299999237060547
22.940000534057617
26.520000457763672
27.479999542236328
23.0
21.200000762939453
21.8799991607666
22.68000030517578
24.520000457763672
26.57999992370605
27.0
23.81999969482422
21.559999465942383
22.07999992370605
24.540000915527344
26.81999969482422
25.020000457763672
21.059999465942383
18.559999465942383
18.1200008392334
19.399999618530277
21.459999084472656
22.700000762939453
25.239999771118164
23.600000381469727
22.63999938964844
22.15999984741211
22.799999237060547
24.059999465942383
26.36000061035156
26.799999237060547
23.31999969482422
21.1200008392334
22.040000915527344
24.459999084472656
26.040000915527344
25.979999542236328
22.780000686645508
20.399999618530277
19.6200008392334
22.13999938964844
24.700000762939453
28.059999465942383
26.739999771118164
22.68000030517578
20.459999084472656
19.559999465942383
20.86000061035156
22.15999984741211
23.6200008392334
26.399999618530277
25.84000015258789
20.600000381469727
17.100000381469727
16.65999984741211
18.020000457763672
18.700000762939453
20.440000534057617
22.020000457763672
24.3799991607666
25.65999984741211
23.5
22.21999931335449
22.440000534057617
25.07999992370605
24.36000061035156
22.059999465942383
21.899999618530277
24.020000457763672
25.34000015258789
24.059999465942383
22.18000030517578
21.739999771118164
24.07999992370605
26.920000076293945
25.020000457763672
21.059999465942383
18.6200008392334
18.700000762939453
20.559999465942383
21.6200008392334
23.3799991607666
25.940000534057617
23.700000762939453
22.81999969482422
23.0
23.57999992370605
24.540000915527344
25.86000061035156
25.34000015258789
20.739999771118164
18.26000022888184
16.579999923706055
17.6200008392334
19.520000457763672
23.57999992370605
26.15999984741211
25.059999465942383
20.71999931335449
18.18000030517578
17.260000228881836
19.399999618530277
20.799999237060547
23.81999969482422
25.399999618530277
24.299999237060547
22.040000915527344
22.13999938964844
25.520000457763672
25.71999931335449
21.13999938964844
18.1200008392334
18.8799991607666
20.040000915527344
21.71999931335449
23.68000030517578
25.700000762939453
26.31999969482422
24.31999969482422
22.31999969482422
21.8799991607666
24.18000030517578
25.76000022888184
24.700000762939453
22.21999931335449
21.86000061035156
22.459999084472656
24.280000686645508
26.18000030517578
25.3799991607666
21.540000915527344
19.13999938964844
19.940000534057617
23.280000686645508
25.21999931335449
23.479999542236328
22.899999618530277
23.13999938964844
24.5
25.5
24.3799991607666
22.280000686645508
23.940000534057617
25.63999938964844
23.07999992370605
21.540000915527344
21.65999984741211
22.700000762939453
23.36000061035156
26.6200008392334
25.920000076293945
22.6200008392334
19.15999984741211
20.26000022888184
22.15999984741211
23.3799991607666
24.57999992370605
26.899999618530277
25.15999984741211
21.36000061035156
18.57999992370605
18.84000015258789
20.299999237060547
22.979999542236328
24.76000022888184
24.959999084472656
25.3799991607666
23.31999969482422
22.280000686645508
22.3799991607666
24.57999992370605
26.3799991607666
24.71999931335449
23.799999237060547
23.979999542236328
25.420000076293945
23.3799991607666
23.65999984741211
23.799999237060547
25.57999992370605
25.21999931335449
22.040000915527344
18.81999969482422
18.68000030517578
21.299999237060547
23.979999542236328
25.899999618530277
25.18000030517578
21.63999938964844
18.780000686645508
18.200000762939453
20.700000762939453
21.76000022888184
22.959999084472656
25.399999618530277
25.36000061035156
21.57999992370605
19.200000762939453
19.8799991607666
20.81999969482422
22.700000762939453
23.3799991607666
24.559999465942383
24.34000015258789
26.31999969482422
24.34000015258789
22.700000762939453
23.3799991607666
24.739999771118164
26.0
26.059999465942383
22.84000015258789
20.31999969482422
20.3799991607666
22.6200008392334
24.0
24.63999938964844
27.059999465942383
26.559999465942383
23.07999992370605
20.65999984741211
22.1200008392334
23.600000381469727
25.940000534057617
25.239999771118164
21.63999938964844
18.739999771118164
19.540000915527344
21.559999465942383
22.420000076293945
25.07999992370605
24.959999084472656
23.6200008392334
22.81999969482422
23.71999931335449
25.31999969482422
23.299999237060547
22.200000762939453
22.6200008392334
24.459999084472656
26.8799991607666
26.399999618530277
22.520000457763672
20.15999984741211
21.13999938964844
22.799999237060547
24.15999984741211
25.86000061035156
24.200000762939453
23.5
23.239999771118164
24.13999938964844
24.540000915527344
25.920000076293945
25.63999938964844
21.71999931335449
19.540000915527344
19.36000061035156
21.020000457763672
22.040000915527344
24.26000022888184
24.71999931335449
26.18000030517578
25.84000015258789
24.21999931335449
21.26000022888184
21.799999237060547
23.200000762939453
24.940000534057617
25.479999542236328
24.3799991607666
23.520000457763672
23.600000381469727
24.8799991607666
25.57999992370605
25.239999771118164
22.899999618530277
19.520000457763672
19.36000061035156
19.6200008392334
21.0
22.100000381469727
22.71999931335449
22.780000686645508
25.700000762939453
23.280000686645508
21.959999084472656
22.6200008392334
24.21999931335449
25.15999984741211
23.559999465942383
21.940000534057617
22.200000762939453
22.15999984741211
22.31999969482422
23.559999465942383
25.520000457763672
23.799999237060547
20.81999969482422
21.07999992370605
23.020000457763672
23.3799991607666
25.399999618530277
24.739999771118164
25.399999618530277
24.26000022888184
23.0
22.68000030517578
24.520000457763672
25.1200008392334
21.979999542236328
20.420000076293945
20.799999237060547
22.020000457763672
23.780000686645508
26.200000762939453
25.420000076293945
22.26000022888184
19.5
20.57999992370605
21.6200008392334
22.540000915527344
22.239999771118164
24.0
23.979999542236328
26.13999938964844
23.959999084472656
22.31999969482422
22.780000686645508
24.18000030517578
23.81999969482422
23.84000015258789
24.31999969482422
25.76000022888184
25.700000762939453
21.959999084472656
20.239999771118164
19.540000915527344
19.280000686645508
20.63999938964844
21.65999984741211
23.280000686645508
24.86000061035156
27.059999465942383
26.76000022888184
23.76000022888184
23.65999984741211
24.5
25.57999992370605
24.540000915527344
23.940000534057617
24.440000534057617
26.8799991607666
26.36000061035156
24.239999771118164
22.200000762939453
22.81999969482422
25.3799991607666
24.780000686645508
24.280000686645508
24.200000762939453
24.020000457763672
23.959999084472656
26.76000022888184
27.18000030517578
23.440000534057617
19.739999771118164
18.18000030517578
20.57999992370605
21.3799991607666
21.81999969482422
23.1200008392334
23.76000022888184
24.299999237060547
25.8799991607666
24.84000015258789
21.899999618530277
21.600000381469727
24.299999237060547
24.940000534057617
26.200000762939453
25.76000022888184
23.040000915527344
19.899999618530277
19.84000015258789
21.31999969482422
22.57999992370605
23.940000534057617
25.34000015258789
24.63999938964844
23.21999931335449
24.1200008392334
26.040000915527344
24.84000015258789
25.200000762939453
23.780000686645508
22.81999969482422
22.36000061035156
23.700000762939453
25.959999084472656
25.57999992370605
21.059999465942383
18.26000022888184
19.559999465942383
21.299999237060547
22.84000015258789
23.76000022888184
23.3799991607666
24.020000457763672
24.100000381469727
24.280000686645508
24.26000022888184
26.280000686645508
26.239999771118164
23.600000381469727
21.280000686645508
21.0
22.18000030517578
23.65999984741211
25.63999938964844
24.959999084472656
23.31999969482422
23.040000915527344
23.040000915527344
23.3799991607666
23.86000061035156
25.399999618530277
25.26000022888184
23.31999969482422
22.520000457763672
23.100000381469727
23.65999984741211
24.57999992370605
26.18000030517578
24.0
22.739999771118164
22.1200008392334
22.020000457763672
22.86000061035156
21.780000686645508
22.65999984741211
25.36000061035156
25.280000686645508
23.0
20.84000015258789
20.71999931335449
20.65999984741211
21.63999938964844
23.440000534057617
25.540000915527344
23.979999542236328
21.979999542236328
23.1200008392334
25.15999984741211
23.71999931335449
22.3799991607666
22.600000381469727
23.8799991607666
24.299999237060547
24.63999938964844
25.780000686645508
26.399999618530277
23.84000015258789
23.280000686645508
23.059999465942383
24.15999984741211
24.84000015258789
26.5
26.13999938964844
24.3799991607666
22.57999992370605
21.36000061035156
23.3799991607666
25.18000030517578
23.600000381469727
21.21999931335449
20.81999969482422
22.31999969482422
24.200000762939453
25.57999992370605
24.65999984741211
22.200000762939453
21.559999465942383
22.81999969482422
24.520000457763672
25.21999931335449
23.84000015258789
21.299999237060547
23.739999771118164
26.200000762939453
24.540000915527344
23.739999771118164
23.13999938964844
24.6200008392334
25.520000457763672
24.63999938964844
24.21999931335449
24.420000076293945
26.100000381469727
23.540000915527344
21.780000686645508
22.3799991607666
24.059999465942383
25.65999984741211
23.86000061035156
21.299999237060547
20.700000762939453
21.280000686645508
23.6200008392334
24.57999992370605
26.280000686645508
24.81999969482422
23.5
23.420000076293945
24.440000534057617
24.799999237060547
27.280000686645508
27.440000534057617
24.559999465942383
21.84000015258789
20.57999992370605
22.3799991607666
24.26000022888184
26.940000534057617
26.5
23.239999771118164
20.440000534057617
18.86000061035156
20.15999984741211
21.040000915527344
21.920000076293945
21.81999969482422
22.739999771118164
22.940000534057617
24.13999938964844
25.739999771118164
23.540000915527344
22.68000030517578
24.13999938964844
25.21999931335449
23.540000915527344
23.21999931335449
24.34000015258789
25.0
26.3799991607666
25.020000457763672
23.21999931335449
22.479999542236328
21.63999938964844
23.18000030517578
23.040000915527344
25.36000061035156
26.07999992370605
23.76000022888184
21.8799991607666
20.440000534057617
20.86000061035156
21.979999542236328
23.459999084472656
24.81999969482422
26.899999618530277
26.1200008392334
22.84000015258789
20.540000915527344
21.34000015258789
21.899999618530277
23.979999542236328
25.81999969482422
25.34000015258789
22.21999931335449
19.559999465942383
18.84000015258789
20.0
22.200000762939453
23.559999465942383
24.63999938964844
25.86000061035156
24.200000762939453
22.84000015258789
21.68000030517578
24.200000762939453
25.200000762939453
24.940000534057617
24.540000915527344
23.15999984741211
25.15999984741211
22.520000457763672
20.739999771118164
20.459999084472656
22.0
23.059999465942383
24.07999992370605
25.700000762939453
25.15999984741211
23.239999771118164
22.3799991607666
23.71999931335449
24.979999542236328
25.8799991607666
25.84000015258789
23.84000015258789
21.68000030517578
19.84000015258789
18.979999542236328
21.440000534057617
21.420000076293945
22.940000534057617
24.299999237060547
24.559999465942383
26.100000381469727
24.780000686645508
23.920000076293945
23.21999931335449
24.540000915527344
26.559999465942383
25.739999771118164
22.1200008392334
20.700000762939453
20.76000022888184
22.920000076293945
23.76000022888184
24.86000061035156
25.81999969482422
25.18000030517578
22.5
21.739999771118164
20.440000534057617
23.31999969482422
25.700000762939453
25.600000381469727
22.420000076293945
21.540000915527344
21.520000457763672
22.920000076293945
23.940000534057617
26.1200008392334
25.3799991607666
23.239999771118164
21.84000015258789
23.940000534057617
24.920000076293945
24.040000915527344
24.81999969482422
25.920000076293945
26.68000030517578
23.020000457763672
22.21999931335449
21.399999618530277
21.299999237060547
21.479999542236328
22.020000457763672
23.81999969482422
25.920000076293945
25.020000457763672
23.13999938964844
21.780000686645508
22.100000381469727
22.68000030517578
23.239999771118164
23.34000015258789
23.36000061035156
23.26000022888184
25.040000915527344
24.479999542236328
23.979999542236328
25.399999618530277
25.200000762939453
22.780000686645508
20.479999542236328
20.26000022888184
21.84000015258789
21.68000030517578
22.739999771118164
22.5
22.959999084472656
23.459999084472656
24.040000915527344
25.65999984741211
24.700000762939453
24.239999771118164
24.459999084472656
25.520000457763672
25.059999465942383
24.280000686645508
23.100000381469727
22.13999938964844
23.600000381469727
25.21999931335449
24.63999938964844
24.899999618530277
24.440000534057617
24.81999969482422
26.15999984741211
25.200000762939453
23.920000076293945
21.8799991607666
21.71999931335449
22.600000381469727
23.81999969482422
24.100000381469727
24.780000686645508
25.71999931335449
24.34000015258789
22.600000381469727
23.540000915527344
25.57999992370605
25.13999938964844
22.0
21.68000030517578
22.799999237060547
23.600000381469727
23.979999542236328
23.979999542236328
26.540000915527344
26.65999984741211
24.520000457763672
22.65999984741211
22.899999618530277
22.440000534057617
23.8799991607666
26.57999992370605
27.36000061035156
23.84000015258789
21.020000457763672
21.299999237060547
21.799999237060547
22.700000762939453
23.63999938964844
26.57999992370605
24.899999618530277
24.040000915527344
24.68000030517578
26.440000534057617
25.940000534057617
23.540000915527344
22.280000686645508
23.020000457763672
23.18000030517578
24.6200008392334
25.100000381469727
24.31999969482422
24.34000015258789
26.1200008392334
26.21999931335449
22.5
20.5
20.31999969482422
20.5
21.239999771118164
20.979999542236328
21.71999931335449
21.799999237060547
23.600000381469727
24.1200008392334
23.26000022888184
23.21999931335449
23.780000686645508
25.3799991607666
24.959999084472656
24.31999969482422
23.86000061035156
25.5
24.020000457763672
24.059999465942383
24.540000915527344
26.26000022888184
25.13999938964844
23.31999969482422
22.559999465942383
22.63999938964844
22.5
21.920000076293945
23.440000534057617
23.299999237060547
24.100000381469727
25.65999984741211
25.979999542236328
21.81999969482422
20.34000015258789
21.84000015258789
22.6200008392334
25.0
26.940000534057617
26.0
21.739999771118164
19.959999084472656
20.200000762939453
22.18000030517578
22.63999938964844
23.479999542236328
25.239999771118164
23.86000061035156
24.3799991607666
24.8799991607666
25.31999969482422
25.1200008392334
23.399999618530277
21.8799991607666
20.76000022888184
23.13999938964844
25.440000534057617
23.899999618530277
23.100000381469727
23.020000457763672
25.21999931335449
25.21999931335449
22.459999084472656
20.899999618530277
21.239999771118164
20.700000762939453
21.5
22.1200008392334
23.81999969482422
25.239999771118164
24.700000762939453
23.239999771118164
23.76000022888184
25.34000015258789
25.13999938964844
21.899999618530277
20.6200008392334
20.940000534057617
21.13999938964844
21.479999542236328
22.6200008392334
23.34000015258789
24.84000015258789
25.34000015258789
26.0
22.940000534057617
22.07999992370605
21.280000686645508
22.940000534057617
22.700000762939453
22.86000061035156
25.6200008392334
25.239999771118164
23.739999771118164
21.68000030517578
22.3799991607666
23.040000915527344
24.3799991607666
23.86000061035156
25.899999618530277
25.3799991607666
