0.1000000014901161
0.050000000745058
0.0
0.0
0.0
0.0
0.0
0.0
0.0
0.0
0.0
0.0
0.1599999964237213
0.4600000083446502
0.9399999976158142
1.8600000143051147
4.079999923706055
9.199999809265137
17.420000076293945
25.940000534057617
21.13999938964844
23.479999542236328
40.63999938964844
39.59999847412109
21.920000076293945
11.859999656677246
19.600000381469727
41.560001373291016
39.119998931884766
22.31999969482422
13.9399995803833
25.68000030517578
25.71999931335449
14.260000228881836
7.739999771118164
12.279999732971191
21.8799991607666
39.0
38.29999923706055
23.600000381469727
13.300000190734863
20.15999984741211
39.560001373291016
40.959999084472656
25.5
10.739999771118164
6.0
11.619999885559082
19.5
37.86000061035156
40.41999816894531
27.040000915527344
10.579999923706056
6.860000133514404
11.020000457763672
20.280000686645508
35.81999969482422
35.13999938964844
20.940000534057617
14.15999984741211
22.86000061035156
40.619998931884766
40.540000915527344
26.940000534057617
11.619999885559082
7.760000228881836
10.84000015258789
18.940000534057617
30.81999969482422
30.3799991607666
20.63999938964844
13.0
22.21999931335449
43.380001068115234
42.5
27.899999618530277
10.800000190734863
9.640000343322754
19.020000457763672
35.5
31.81999969482422
18.520000457763672
10.18000030517578
19.36000061035156
42.29999923706055
44.09999847412109
27.5
10.15999984741211
6.960000038146973
16.639999389648438
42.119998931884766
43.58000183105469
27.15999984741211
8.619999885559082
5.260000228881836
8.779999732971191
21.299999237060547
49.70000076293945
50.119998931884766
32.36000061035156
11.65999984741211
6.820000171661377
12.039999961853027
24.540000915527344
54.08000183105469
57.18000030517578
37.47999954223633
14.800000190734863
6.840000152587891
11.479999542236328
26.200000762939453
26.799999237060547
15.720000267028809
8.180000305175781
16.420000076293945
36.040000915527344
35.34000015258789
20.799999237060547
8.15999984741211
11.199999809265137
26.86000061035156
28.459999084472656
17.420000076293945
10.300000190734863
19.68000030517578
42.47999954223633
43.65999984741211
26.86000061035156
9.119999885559082
5.699999809265137
11.260000228881836
25.71999931335449
27.31999969482422
18.200000762939453
11.760000228881836
16.100000381469727
23.020000457763672
36.0
33.52000045776367
19.18000030517578
10.18000030517578
10.5600004196167
20.71999931335449
42.52000045776367
42.68000030517578
27.200000762939453
8.119999885559082
3.799999952316284
4.28000020980835
9.140000343322754
20.65999984741211
41.70000076293945
41.619998931884766
27.18000030517578
9.960000038146973
7.300000190734863
15.399999618530272
25.8799991607666
23.239999771118164
21.239999771118164
34.060001373291016
35.41999816894531
21.86000061035156
13.720000267028809
22.700000762939453
45.41999816894531
45.2599983215332
28.959999084472656
10.479999542236328
7.340000152587891
13.279999732971191
21.63999938964844
36.400001525878906
34.119998931884766
22.399999618530277
12.279999732971191
19.81999969482422
43.2599983215332
47.040000915527344
31.479999542236328
11.899999618530272
8.960000038146973
17.84000015258789
35.560001373291016
36.27999877929688
23.440000534057617
15.31999969482422
22.540000915527344
42.720001220703125
42.34000015258789
25.600000381469727
9.479999542236328
6.139999866485596
9.4399995803833
19.559999465942383
38.65999984741211
40.040000915527344
25.71999931335449
9.640000343322754
6.079999923706055
10.460000038146973
22.6200008392334
44.29999923706055
46.400001525878906
31.399999618530277
13.899999618530272
6.900000095367432
7.760000228881836
16.34000015258789
35.02000045776367
36.119998931884766
24.5
15.800000190734863
22.899999618530277
43.97999954223633
44.81999969482422
29.26000022888184
11.460000038146973
7.340000152587891
11.81999969482422
23.479999542236328
43.040000915527344
45.43999862670898
32.2400016784668
14.279999732971191
7.860000133514404
11.15999984741211
20.479999542236328
37.43999862670898
41.15999984741211
29.920000076293945
15.100000381469728
7.800000190734863
10.760000228881836
18.65999984741211
34.0
33.18000030517578
20.440000534057617
15.5600004196167
23.520000457763672
40.29999923706055
39.7400016784668
26.3799991607666
11.239999771118164
6.019999980926514
9.699999809265137
20.31999969482422
36.220001220703125
35.84000015258789
24.5
18.18000030517578
27.799999237060547
28.959999084472656
20.780000686645508
14.640000343322754
21.1200008392334
30.21999931335449
25.920000076293945
15.18000030517578
9.039999961853027
13.960000038146973
27.100000381469727
28.739999771118164
19.07999992370605
14.020000457763672
18.76000022888184
29.18000030517578
29.399999618530277
20.6200008392334
15.520000457763672
22.059999465942383
36.560001373291016
38.119998931884766
25.979999542236328
13.779999732971191
10.5600004196167
11.699999809265137
15.600000381469728
21.5
29.940000534057617
29.020000457763672
19.5
13.739999771118164
14.960000038146973
18.1200008392334
23.8799991607666
35.560001373291016
35.84000015258789
25.15999984741211
13.739999771118164
11.460000038146973
15.81999969482422
25.68000030517578
27.799999237060547
20.059999465942383
15.9399995803833
23.34000015258789
35.84000015258789
33.7400016784668
22.280000686645508
15.779999732971191
18.420000076293945
28.540000915527344
29.239999771118164
20.63999938964844
14.579999923706056
17.739999771118164
27.5
27.31999969482422
18.920000076293945
13.300000190734863
17.219999313354492
27.959999084472656
28.3799991607666
19.34000015258789
15.760000228881836
17.780000686645508
25.700000762939453
25.57999992370605
19.299999237060547
16.719999313354492
24.86000061035156
37.959999084472656
36.34000015258789
24.239999771118164
18.739999771118164
24.299999237060547
37.27999877929688
35.220001220703125
24.21999931335449
17.3799991607666
20.18000030517578
29.5
29.13999938964844
20.479999542236328
15.65999984741211
19.280000686645508
28.520000457763672
27.31999969482422
18.899999618530277
14.640000343322754
17.68000030517578
26.5
26.040000915527344
17.760000228881836
15.039999961853027
19.540000915527344
26.799999237060547
26.239999771118164
19.15999984741211
14.020000457763672
17.020000457763672
26.100000381469727
26.239999771118164
17.979999542236328
11.079999923706056
13.579999923706056
20.65999984741211
29.299999237060547
29.57999992370605
21.3799991607666
16.799999237060547
19.700000762939453
29.31999969482422
27.81999969482422
17.739999771118164
14.479999542236328
18.040000915527344
26.899999618530277
25.780000686645508
17.299999237060547
13.380000114440918
15.539999961853027
23.459999084472656
33.939998626708984
32.47999954223633
21.21999931335449
16.079999923706055
18.239999771118164
21.200000762939453
26.57999992370605
24.780000686645508
22.780000686645508
25.280000686645508
24.239999771118164
23.239999771118164
27.5
26.280000686645508
17.639999389648438
12.880000114440918
15.359999656677246
22.899999618530277
32.599998474121094
31.959999084472656
22.940000534057617
17.440000534057617
17.920000076293945
21.700000762939453
26.899999618530277
25.15999984741211
17.079999923706055
10.899999618530272
10.380000114440918
13.020000457763672
16.5
20.059999465942383
26.280000686645508
23.540000915527344
21.479999542236328
21.81999969482422
27.299999237060547
24.81999969482422
22.3799991607666
25.13999938964844
23.920000076293945
21.920000076293945
24.1200008392334
31.399999618530277
28.559999465942383
19.540000915527344
14.279999732971191
14.65999984741211
19.059999465942383
24.07999992370605
29.21999931335449
24.899999618530277
20.940000534057617
25.36000061035156
25.81999969482422
18.8799991607666
14.0600004196167
14.699999809265137
19.479999542236328
25.31999969482422
23.979999542236328
19.559999465942383
19.13999938964844
22.239999771118164
27.600000381469727
25.799999237060547
18.57999992370605
13.460000038146973
14.779999732971191
17.719999313354492
22.5
28.239999771118164
25.6200008392334
16.31999969482422
10.720000267028809
11.800000190734863
15.9399995803833
21.34000015258789
26.700000762939453
23.700000762939453
21.739999771118164
22.68000030517578
28.399999618530277
25.600000381469727
18.1200008392334
13.5600004196167
15.4399995803833
18.8799991607666
23.479999542236328
28.520000457763672
24.739999771118164
21.780000686645508
23.799999237060547
30.36000061035156
27.86000061035156
19.26000022888184
11.899999618530272
12.399999618530272
16.8799991607666
23.540000915527344
34.400001525878906
31.68000030517578
21.979999542236328
14.220000267028809
15.279999732971191
19.86000061035156
25.13999938964844
22.15999984741211
19.1200008392334
22.239999771118164
31.6200008392334
29.65999984741211
19.920000076293945
13.920000076293944
14.399999618530272
18.8799991607666
25.739999771118164
23.18000030517578
19.65999984741211
19.459999084472656
24.84000015258789
30.780000686645508
27.520000457763672
18.799999237060547
13.020000457763672
15.81999969482422
20.399999618530277
25.559999465942383
21.100000381469727
17.5
17.65999984741211
22.1200008392334
27.479999542236328
24.399999618530277
19.440000534057617
18.739999771118164
22.020000457763672
28.739999771118164
27.57999992370605
19.239999771118164
13.460000038146973
12.720000267028809
15.880000114440918
19.959999084472656
25.21999931335449
23.059999465942383
20.959999084472656
20.57999992370605
23.5
27.940000534057617
25.65999984741211
17.459999084472656
12.920000076293944
13.5600004196167
18.57999992370605
25.200000762939453
23.920000076293945
22.0
23.65999984741211
29.1200008392334
27.65999984741211
19.34000015258789
13.539999961853027
14.5
18.31999969482422
22.15999984741211
25.940000534057617
22.739999771118164
20.799999237060547
21.399999618530277
25.36000061035156
21.780000686645508
17.579999923706055
17.700000762939453
21.3799991607666
24.81999969482422
28.100000381469727
23.6200008392334
18.940000534057617
19.540000915527344
22.600000381469727
25.479999542236328
23.979999542236328
21.920000076293945
23.0
27.979999542236328
24.559999465942383
21.600000381469727
20.239999771118164
22.31999969482422
27.0
24.799999237060547
21.280000686645508
21.020000457763672
24.31999969482422
28.040000915527344
24.6200008392334
22.100000381469727
23.63999938964844
29.600000381469727
28.63999938964844
19.84000015258789
14.779999732971191
16.3799991607666
22.280000686645508
30.540000915527344
28.68000030517578
19.5
13.140000343322754
15.5
21.18000030517578
29.63999938964844
29.68000030517578
20.799999237060547
13.100000381469728
13.039999961853027
17.459999084472656
22.0
27.739999771118164
26.26000022888184
18.07999992370605
12.720000267028809
13.199999809265137
16.959999084472656
23.540000915527344
30.520000457763672
27.26000022888184
16.920000076293945
12.039999961853027
13.539999961853027
17.860000610351562
22.36000061035156
27.420000076293945
26.07999992370605
18.15999984741211
12.720000267028809
12.479999542236328
15.460000038146973
19.100000381469727
23.76000022888184
28.899999618530277
26.459999084472656
18.540000915527344
13.300000190734863
13.4399995803833
17.200000762939453
21.100000381469727
25.299999237060547
21.780000686645508
18.479999542236328
20.76000022888184
25.959999084472656
23.959999084472656
23.0
24.84000015258789
31.26000022888184
27.13999938964844
17.6200008392334
12.239999771118164
13.15999984741211
16.719999313354492
20.8799991607666
27.520000457763672
25.979999542236328
18.200000762939453
13.920000076293944
15.15999984741211
17.940000534057617
19.21999931335449
21.540000915527344
25.76000022888184
23.559999465942383
21.899999618530277
24.739999771118164
32.97999954223633
31.700000762939453
22.15999984741211
16.5
16.719999313354492
21.520000457763672
25.71999931335449
21.63999938964844
16.420000076293945
16.100000381469727
20.34000015258789
24.76000022888184
29.920000076293945
24.68000030517578
18.13999938964844
15.81999969482422
18.1200008392334
22.040000915527344
29.1200008392334
26.979999542236328
17.68000030517578
12.0
12.380000114440918
17.399999618530273
23.940000534057617
33.65999984741211
30.059999465942383
19.31999969482422
12.140000343322754
14.020000457763672
18.459999084472656
21.84000015258789
25.200000762939453
22.31999969482422
18.979999542236328
20.71999931335449
25.6200008392334
22.8799991607666
19.299999237060547
20.5
26.3799991607666
24.26000022888184
20.84000015258789
23.920000076293945
29.84000015258789
26.420000076293945
16.68000030517578
10.520000457763672
10.34000015258789
13.31999969482422
16.1200008392334
19.84000015258789
24.15999984741211
29.479999542236328
27.299999237060547
18.65999984741211
14.5
17.020000457763672
21.459999084472656
24.600000381469727
29.26000022888184
24.940000534057617
19.26000022888184
18.57999992370605
21.899999618530277
26.399999618530277
24.280000686645508
22.86000061035156
22.959999084472656
25.420000076293945
23.36000061035156
20.959999084472656
20.63999938964844
23.100000381469727
26.71999931335449
24.63999938964844
22.07999992370605
21.700000762939453
24.899999618530277
27.6200008392334
23.040000915527344
19.36000061035156
19.540000915527344
23.18000030517578
26.07999992370605
21.940000534057617
18.559999465942383
19.940000534057617
23.57999992370605
26.13999938964844
21.81999969482422
19.36000061035156
18.979999542236328
20.299999237060547
25.3799991607666
23.18000030517578
19.420000076293945
17.719999313354492
20.6200008392334
23.6200008392334
27.559999465942383
22.299999237060547
18.040000915527344
17.739999771118164
21.739999771118164
25.100000381469727
21.13999938964844
17.34000015258789
18.920000076293945
23.940000534057617
27.399999618530277
22.920000076293945
18.8799991607666
20.059999465942383
25.57999992370605
24.899999618530277
22.65999984741211
20.739999771118164
23.440000534057617
28.520000457763672
24.8799991607666
19.399999618530277
17.479999542236328
20.6200008392334
25.040000915527344
23.0
19.600000381469727
18.07999992370605
20.18000030517578
23.57999992370605
27.520000457763672
24.3799991607666
20.959999084472656
21.059999465942383
22.3799991607666
24.899999618530277
27.940000534057617
22.479999542236328
16.899999618530273
15.5
18.739999771118164
21.15999984741211
24.020000457763672
26.440000534057617
22.739999771118164
18.13999938964844
15.760000228881836
16.719999313354492
18.479999542236328
21.63999938964844
29.1200008392334
27.0
19.21999931335449
12.199999809265137
11.739999771118164
13.34000015258789
14.880000114440918
16.219999313354492
16.6200008392334
18.26000022888184
22.959999084472656
29.920000076293945
27.280000686645508
18.100000381469727
12.34000015258789
13.68000030517578
15.9399995803833
16.31999969482422
16.0
16.399999618530273
18.0
19.26000022888184
21.3799991607666
24.040000915527344
28.020000457763672
23.780000686645508
19.31999969482422
19.86000061035156
25.3799991607666
22.3799991607666
19.15999984741211
18.440000534057617
23.739999771118164
29.8799991607666
28.479999542236328
17.860000610351562
11.5600004196167
12.380000114440918
16.239999771118164
18.940000534057617
22.5
26.239999771118164
23.57999992370605
20.440000534057617
21.63999938964844
26.86000061035156
24.07999992370605
20.959999084472656
22.26000022888184
26.459999084472656
23.81999969482422
20.940000534057617
21.399999618530277
27.8799991607666
25.959999084472656
17.959999084472656
10.920000076293944
10.699999809265137
13.079999923706056
15.460000038146973
18.07999992370605
19.81999969482422
21.34000015258789
23.21999931335449
27.26000022888184
24.84000015258789
20.18000030517578
19.479999542236328
21.26000022888184
23.299999237060547
25.399999618530277
20.440000534057617
16.059999465942383
15.079999923706056
17.18000030517578
19.780000686645508
23.540000915527344
28.07999992370605
24.399999618530277
21.68000030517578
21.34000015258789
27.0
25.3799991607666
17.719999313354492
13.579999923706056
13.34000015258789
15.619999885559082
18.36000061035156
22.200000762939453
25.26000022888184
22.26000022888184
19.920000076293945
17.860000610351562
19.36000061035156
19.57999992370605
22.8799991607666
27.34000015258789
25.18000030517578
17.200000762939453
13.079999923706056
12.65999984741211
15.739999771118164
18.459999084472656
23.34000015258789
28.940000534057617
25.07999992370605
17.020000457763672
12.880000114440918
13.960000038146973
15.65999984741211
18.15999984741211
21.07999992370605
25.600000381469727
22.959999084472656
21.18000030517578
21.600000381469727
24.540000915527344
27.540000915527344
23.040000915527344
18.26000022888184
17.68000030517578
20.899999618530277
24.600000381469727
28.18000030517578
23.71999931335449
19.520000457763672
18.040000915527344
19.86000061035156
21.71999931335449
24.020000457763672
27.200000762939453
24.239999771118164
20.920000076293945
21.1200008392334
24.07999992370605
28.200000762939453
25.68000030517578
17.68000030517578
12.18000030517578
12.0600004196167
13.5
14.81999969482422
16.5
20.15999984741211
24.600000381469727
31.200000762939453
28.13999938964844
19.059999465942383
13.199999809265137
15.31999969482422
18.959999084472656
23.540000915527344
28.57999992370605
26.100000381469727
18.020000457763672
12.520000457763672
12.640000343322754
14.619999885559082
17.079999923706055
20.239999771118164
22.76000022888184
25.459999084472656
22.799999237060547
19.200000762939453
19.600000381469727
23.780000686645508
29.0
23.65999984741211
20.13999938964844
19.3799991607666
23.84000015258789
27.420000076293945
23.15999984741211
18.8799991607666
18.459999084472656
20.920000076293945
25.059999465942383
22.440000534057617
19.81999969482422
18.700000762939453
20.299999237060547
22.059999465942383
22.739999771118164
22.63999938964844
24.76000022888184
26.459999084472656
22.899999618530277
18.68000030517578
18.8799991607666
23.799999237060547
28.07999992370605
23.31999969482422
18.6200008392334
18.13999938964844
20.899999618530277
22.920000076293945
27.21999931335449
25.100000381469727
17.700000762939453
11.979999542236328
10.119999885559082
11.279999732971191
13.880000114440918
15.15999984741211
16.1200008392334
17.8799991607666
20.15999984741211
21.57999992370605
24.459999084472656
29.239999771118164
25.5
16.520000457763672
10.600000381469728
9.84000015258789
12.15999984741211
13.199999809265137
15.300000190734863
16.760000228881836
19.979999542236328
25.13999938964844
22.5
18.13999938964844
15.880000114440918
18.940000534057617
23.63999938964844
27.8799991607666
22.86000061035156
17.360000610351562
17.299999237060547
19.86000061035156
20.920000076293945
20.780000686645508
21.799999237060547
23.299999237060547
27.07999992370605
23.520000457763672
20.399999618530277
20.540000915527344
24.84000015258789
30.520000457763672
27.979999542236328
18.8799991607666
11.34000015258789
10.880000114440918
13.18000030517578
14.9399995803833
16.65999984741211
17.6200008392334
19.65999984741211
21.07999992370605
22.5
23.8799991607666
26.15999984741211
22.399999618530277
18.799999237060547
16.399999618530273
15.699999809265137
16.15999984741211
17.420000076293945
18.200000762939453
18.940000534057617
19.239999771118164
19.979999542236328
22.76000022888184
24.520000457763672
28.459999084472656
23.420000076293945
19.1200008392334
18.420000076293945
20.68000030517578
25.36000061035156
23.1200008392334
20.799999237060547
19.899999618530277
24.100000381469727
28.600000381469727
25.239999771118164
16.440000534057617
10.520000457763672
9.84000015258789
11.640000343322754
13.81999969482422
15.84000015258789
18.899999618530277
22.299999237060547
26.440000534057617
24.07999992370605
20.15999984741211
18.21999931335449
19.459999084472656
20.440000534057617
21.979999542236328
23.280000686645508
26.459999084472656
23.26000022888184
18.76000022888184
16.479999542236328
17.940000534057617
19.1200008392334
19.979999542236328
22.540000915527344
24.15999984741211
25.739999771118164
20.65999984741211
16.440000534057617
14.600000381469728
14.140000343322754
13.739999771118164
15.140000343322754
16.100000381469727
16.040000915527344
17.920000076293945
20.700000762939453
23.21999931335449
26.36000061035156
22.799999237060547
19.13999938964844
17.739999771118164
19.13999938964844
20.280000686645508
22.020000457763672
25.65999984741211
22.26000022888184
18.059999465942383
17.68000030517578
19.71999931335449
23.86000061035156
26.239999771118164
21.13999938964844
14.84000015258789
14.039999961853027
17.239999771118164
20.34000015258789
23.780000686645508
28.21999931335449
24.100000381469727
18.81999969482422
17.940000534057617
22.559999465942383
27.540000915527344
25.280000686645508
17.100000381469727
13.100000381469728
13.68000030517578
16.959999084472656
20.57999992370605
24.76000022888184
29.799999237060547
25.0
19.700000762939453
16.3799991607666
18.13999938964844
22.200000762939453
25.040000915527344
22.0
16.65999984741211
14.9399995803833
16.81999969482422
19.440000534057617
21.940000534057617
24.100000381469727
25.5
22.280000686645508
15.5
12.960000038146973
14.359999656677246
16.5
18.71999931335449
20.57999992370605
25.21999931335449
23.13999938964844
20.6200008392334
21.15999984741211
24.600000381469727
27.57999992370605
25.18000030517578
17.5
12.739999771118164
14.15999984741211
17.31999969482422
20.559999465942383
24.13999938964844
28.200000762939453
23.799999237060547
19.239999771118164
17.200000762939453
19.31999969482422
20.3799991607666
20.65999984741211
21.68000030517578
23.21999931335449
26.440000534057617
24.020000457763672
20.559999465942383
20.799999237060547
24.299999237060547
27.100000381469727
24.020000457763672
21.1200008392334
21.07999992370605
24.399999618530277
27.959999084472656
24.63999938964844
22.21999931335449
22.920000076293945
28.1200008392334
26.059999465942383
18.07999992370605
13.720000267028809
14.0
16.5
20.200000762939453
22.31999969482422
28.780000686645508
26.65999984741211
18.920000076293945
13.479999542236328
13.699999809265137
16.540000915527344
18.959999084472656
21.959999084472656
23.26000022888184
25.920000076293945
22.26000022888184
17.719999313354492
17.139999389648438
20.280000686645508
24.739999771118164
25.76000022888184
21.479999542236328
17.799999237060547
18.3799991607666
21.059999465942383
23.81999969482422
26.8799991607666
24.420000076293945
21.21999931335449
21.479999542236328
24.280000686645508
29.459999084472656
27.979999542236328
20.979999542236328
15.579999923706056
15.979999542236328
18.799999237060547
21.520000457763672
24.21999931335449
26.600000381469727
23.13999938964844
18.81999969482422
16.040000915527344
17.399999618530273
17.520000457763672
18.399999618530277
21.540000915527344
25.13999938964844
21.440000534057617
17.65999984741211
15.760000228881836
16.200000762939453
17.18000030517578
18.13999938964844
20.57999992370605
22.940000534057617
25.65999984741211
22.36000061035156
18.65999984741211
17.799999237060547
21.0
23.1200008392334
24.600000381469727
25.31999969482422
22.1200008392334
18.6200008392334
18.899999618530277
22.5
26.21999931335449
24.13999938964844
20.459999084472656
20.420000076293945
25.18000030517578
21.979999542236328
19.739999771118164
21.200000762939453
27.200000762939453
25.920000076293945
18.18000030517578
13.15999984741211
13.140000343322754
14.9399995803833
17.18000030517578
19.84000015258789
21.899999618530277
24.26000022888184
28.299999237060547
25.299999237060547
18.540000915527344
14.300000190734863
15.0600004196167
16.5
19.940000534057617
22.63999938964844
28.020000457763672
24.0
20.36000061035156
18.459999084472656
21.739999771118164
25.280000686645508
21.780000686645508
19.020000457763672
16.8799991607666
18.940000534057617
22.700000762939453
25.81999969482422
21.15999984741211
17.940000534057617
18.440000534057617
22.299999237060547
23.84000015258789
26.940000534057617
22.63999938964844
17.979999542236328
16.81999969482422
19.959999084472656
23.15999984741211
27.479999542236328
24.020000457763672
20.540000915527344
20.07999992370605
25.81999969482422
23.8799991607666
19.899999618530277
19.34000015258789
23.84000015258789
29.280000686645508
25.5
16.280000686645508
11.15999984741211
11.5600004196167
13.539999961853027
15.079999923706056
17.899999618530273
21.21999931335449
24.799999237060547
29.36000061035156
25.399999618530277
16.899999618530273
10.880000114440918
11.539999961853027
13.68000030517578
16.15999984741211
17.420000076293945
17.860000610351562
19.0
21.040000915527344
23.65999984741211
26.739999771118164
23.63999938964844
22.18000030517578
23.18000030517578
28.57999992370605
25.76000022888184
17.65999984741211
12.579999923706056
13.579999923706056
16.079999923706055
19.399999618530277
23.040000915527344
25.6200008392334
22.0
17.65999984741211
15.4399995803833
16.31999969482422
19.6200008392334
21.57999992370605
25.739999771118164
22.799999237060547
19.280000686645508
17.459999084472656
20.76000022888184
24.26000022888184
27.959999084472656
25.18000030517578
16.799999237060547
11.479999542236328
11.880000114440918
14.960000038146973
17.479999542236328
20.420000076293945
22.280000686645508
23.899999618530277
27.399999618530277
25.68000030517578
16.68000030517578
11.239999771118164
10.460000038146973
11.739999771118164
12.65999984741211
14.779999732971191
16.440000534057617
15.960000038146973
16.15999984741211
17.200000762939453
17.81999969482422
19.3799991607666
22.040000915527344
25.26000022888184
21.959999084472656
18.739999771118164
18.799999237060547
21.059999465942383
24.920000076293945
29.299999237060547
24.979999542236328
20.979999542236328
20.440000534057617
24.1200008392334
27.15999984741211
23.559999465942383
20.239999771118164
19.1200008392334
22.200000762939453
25.559999465942383
22.399999618530277
18.21999931335449
18.399999618530277
20.65999984741211
23.76000022888184
24.559999465942383
27.1200008392334
23.13999938964844
18.239999771118164
17.100000381469727
19.76000022888184
20.81999969482422
21.86000061035156
23.18000030517578
25.36000061035156
22.15999984741211
17.540000915527344
16.200000762939453
17.540000915527344
17.65999984741211
18.540000915527344
19.739999771118164
20.8799991607666
22.3799991607666
23.540000915527344
25.940000534057617
23.18000030517578
19.899999618530277
19.100000381469727
20.899999618530277
23.07999992370605
25.520000457763672
20.76000022888184
16.440000534057617
13.5
14.760000228881836
14.600000381469728
15.520000457763672
16.139999389648438
17.860000610351562
18.13999938964844
18.71999931335449
18.399999618530277
18.440000534057617
18.21999931335449
20.940000534057617
21.8799991607666
21.100000381469727
19.21999931335449
21.979999542236328
19.71999931335449
20.479999542236328
21.63999938964844
23.600000381469727
24.07999992370605
22.780000686645508
22.700000762939453
24.07999992370605
24.020000457763672
24.1200008392334
24.940000534057617
26.200000762939453
21.420000076293945
17.559999465942383
17.079999923706055
19.21999931335449
20.520000457763672
21.739999771118164
22.959999084472656
23.65999984741211
25.15999984741211
22.07999992370605
17.979999542236328
15.020000457763672
15.81999969482422
16.3799991607666
16.31999969482422
18.18000030517578
19.920000076293945
