0.0
0.0
0.0199999995529651
0.0199999995529651
0.0199999995529651
0.0
0.0
0.0
0.0
0.0
0.0
0.0
0.0199999995529651
0.1000000014901161
0.1800000071525573
0.6399999856948853
1.3799999952316284
2.900000095367432
4.760000228881836
7.340000152587891
10.420000076293944
14.479999542236328
18.81999969482422
24.399999618530277
32.040000915527344
29.18000030517578
17.239999771118164
10.380000114440918
13.859999656677246
22.559999465942383
30.76000022888184
27.65999984741211
16.520000457763672
9.420000076293944
11.65999984741211
18.36000061035156
25.739999771118164
22.959999084472656
20.63999938964844
22.71999931335449
31.040000915527344
29.3799991607666
19.5
12.479999542236328
15.760000228881836
24.84000015258789
36.720001220703125
40.52000045776367
25.940000534057617
11.380000114440918
7.239999771118164
11.260000228881836
22.540000915527344
38.36000061035156
44.119998931884766
33.65999984741211
15.119999885559082
11.34000015258789
19.8799991607666
31.920000076293945
32.08000183105469
25.420000076293945
13.34000015258789
8.5600004196167
18.34000015258789
29.959999084472656
31.739999771118164
23.200000762939453
18.979999542236328
28.86000061035156
29.76000022888184
18.479999542236328
13.600000381469728
22.5
46.220001220703125
55.58000183105469
39.459999084472656
19.5
14.81999969482422
28.459999084472656
31.31999969482422
18.3799991607666
15.960000038146973
29.63999938964844
32.31999969482422
20.6200008392334
16.420000076293945
27.63999938964844
29.5
18.940000534057617
16.020000457763672
27.780000686645508
31.239999771118164
20.63999938964844
16.959999084472656
28.920000076293945
30.959999084472656
19.739999771118164
14.960000038146973
27.21999931335449
29.420000076293945
20.280000686645508
15.260000228881836
25.459999084472656
26.600000381469727
16.459999084472656
13.220000267028809
22.739999771118164
38.27999877929688
38.08000183105469
24.059999465942383
18.059999465942383
32.02000045776367
35.380001068115234
22.81999969482422
17.68000030517578
30.13999938964844
33.02000045776367
21.520000457763672
16.31999969482422
25.799999237060547
25.780000686645508
16.559999465942383
12.81999969482422
26.940000534057617
29.15999984741211
18.18000030517578
14.5
26.959999084472656
27.68000030517578
15.399999618530272
9.760000228881836
14.859999656677246
29.21999931335449
30.15999984741211
19.21999931335449
14.100000381469728
23.84000015258789
43.119998931884766
42.7599983215332
27.18000030517578
11.239999771118164
7.019999980926514
16.579999923706055
32.29999923706055
31.68000030517578
19.76000022888184
14.539999961853027
28.07999992370605
28.979999542236328
17.219999313354492
11.760000228881836
25.979999542236328
27.899999618530277
16.239999771118164
10.920000076293944
23.57999992370605
38.459999084472656
33.880001068115234
19.200000762939453
14.34000015258789
19.71999931335449
31.459999084472656
29.899999618530277
16.760000228881836
11.31999969482422
22.940000534057617
44.91999816894531
45.720001220703125
29.6200008392334
11.899999618530272
7.460000038146973
11.0600004196167
18.100000381469727
25.63999938964844
20.940000534057617
23.540000915527344
36.060001373291016
33.70000076293945
18.059999465942383
11.68000030517578
17.860000610351562
27.239999771118164
22.700000762939453
24.899999618530277
44.880001068115234
47.79999923706055
30.68000030517578
10.5600004196167
6.320000171661377
16.040000915527344
39.560001373291016
43.13999938964844
27.780000686645508
10.079999923706056
6.119999885559082
16.3799991607666
42.70000076293945
47.20000076293945
30.799999237060547
10.600000381469728
6.519999980926514
16.299999237060547
28.71999931335449
25.65999984741211
13.039999961853027
7.519999980926514
18.71999931335449
44.29999923706055
48.7599983215332
30.559999465942383
11.579999923706056
6.78000020980835
9.119999885559082
13.65999984741211
25.76000022888184
25.18000030517578
14.81999969482422
7.71999979019165
16.18000030517578
39.58000183105469
42.81999969482422
27.6200008392334
9.380000114440918
5.380000114440918
13.699999809265137
38.119998931884766
42.2400016784668
27.36000061035156
9.739999771118164
5.659999847412109
14.300000190734863
36.7400016784668
39.459999084472656
24.280000686645508
17.299999237060547
30.65999984741211
32.08000183105469
19.34000015258789
13.619999885559082
29.600000381469727
31.26000022888184
19.5
12.68000030517578
25.57999992370605
26.68000030517578
16.600000381469727
8.899999618530273
22.399999618530277
58.040000915527344
61.540000915527344
37.040000915527344
11.920000076293944
6.239999771118164
18.18000030517578
54.619998931884766
58.20000076293945
37.41999816894531
11.600000381469728
7.559999942779541
21.420000076293945
66.62000274658203
77.83999633789062
51.13999938964844
18.18000030517578
11.68000030517578
16.81999969482422
38.0
40.380001068115234
24.57999992370605
17.739999771118164
45.79999923706055
49.7400016784668
30.920000076293945
8.699999809265137
5.400000095367432
18.100000381469727
55.93999862670898
58.36000061035156
33.040000915527344
9.18000030517578
4.239999771118164
15.5600004196167
49.02000045776367
51.560001373291016
32.86000061035156
9.15999984741211
5.619999885559082
17.34000015258789
57.91999816894531
63.34000015258789
38.52000045776367
10.300000190734863
5.239999771118164
16.479999542236328
51.380001068115234
59.63999938964844
39.91999816894531
15.279999732971191
9.4399995803833
22.21999931335449
66.05999755859375
71.73999786376953
41.84000015258789
14.300000190734863
12.100000381469728
38.15999984741211
45.70000076293945
30.600000381469727
10.899999618530272
6.28000020980835
17.459999084472656
64.36000061035156
72.23999786376953
43.86000061035156
12.300000190734863
8.460000038146973
22.18000030517578
66.63999938964844
71.91999816894531
44.20000076293945
14.739999771118164
7.599999904632568
21.440000534057617
42.7599983215332
40.18000030517578
23.36000061035156
15.399999618530272
29.520000457763672
32.58000183105469
20.299999237060547
15.600000381469728
40.59999847412109
44.459999084472656
27.18000030517578
7.760000228881836
5.019999980926514
19.18000030517578
48.720001220703125
52.15999984741211
31.63999938964844
9.84000015258789
4.599999904632568
14.600000381469728
39.15999984741211
42.65999984741211
26.18000030517578
7.920000076293945
6.179999828338623
19.700000762939453
57.59999847412109
62.84000015258789
37.400001525878906
11.020000457763672
5.980000019073486
17.260000228881836
58.68000030517578
64.62000274658203
42.43999862670898
14.0
11.460000038146973
30.68000030517578
35.58000183105469
22.6200008392334
13.460000038146973
31.979999542236328
34.560001373291016
21.84000015258789
13.0
31.440000534057617
36.7400016784668
24.86000061035156
19.600000381469727
46.84000015258789
55.68000030517578
37.720001220703125
14.020000457763672
9.920000076293944
26.739999771118164
28.979999542236328
17.639999389648438
13.420000076293944
22.540000915527344
35.880001068115234
33.31999969482422
18.979999542236328
14.15999984741211
32.720001220703125
35.779998779296875
22.8799991607666
17.520000457763672
41.400001525878906
49.0
31.07999992370605
11.0
5.71999979019165
15.18000030517578
41.5
46.58000183105469
31.399999618530277
11.68000030517578
9.0600004196167
21.899999618530277
50.47999954223633
56.47999954223633
40.619998931884766
18.36000061035156
13.640000343322754
29.18000030517578
32.97999954223633
22.420000076293945
14.460000038146973
20.26000022888184
29.459999084472656
26.71999931335449
15.0600004196167
9.699999809265137
11.300000190734863
15.079999923706056
26.21999931335449
26.959999084472656
16.81999969482422
10.239999771118164
14.420000076293944
29.68000030517578
29.459999084472656
17.579999923706055
10.520000457763672
22.13999938964844
51.959999084472656
57.58000183105469
37.68000030517578
14.640000343322754
7.880000114440918
10.15999984741211
22.239999771118164
39.52000045776367
38.7400016784668
23.920000076293945
12.260000228881836
9.15999984741211
11.399999618530272
16.299999237060547
32.86000061035156
33.97999954223633
21.63999938964844
12.760000228881836
24.18000030517578
56.36000061035156
64.62000274658203
44.91999816894531
19.299999237060547
8.520000457763672
9.039999961853027
17.260000228881836
39.18000030517578
43.27999877929688
29.979999542236328
11.880000114440918
7.059999942779541
10.619999885559082
21.739999771118164
34.2400016784668
29.739999771118164
16.780000686645508
10.399999618530272
12.65999984741211
21.040000915527344
28.280000686645508
23.799999237060547
16.540000915527344
17.860000610351562
34.97999954223633
35.560001373291016
23.15999984741211
14.539999961853027
22.540000915527344
40.5
43.36000061035156
29.57999992370605
13.300000190734863
5.800000190734863
4.460000038146973
7.5
14.420000076293944
33.099998474121094
35.7599983215332
23.81999969482422
14.199999809265137
23.420000076293945
49.41999816894531
48.84000015258789
29.68000030517578
10.039999961853027
6.699999809265137
15.539999961853027
33.779998779296875
32.540000915527344
17.280000686645508
10.380000114440918
28.81999969482422
31.540000915527344
19.540000915527344
11.84000015258789
26.399999618530277
30.299999237060547
20.299999237060547
17.81999969482422
44.15999984741211
51.880001068115234
33.97999954223633
12.68000030517578
5.139999866485596
4.039999961853027
5.820000171661377
16.139999389648438
29.799999237060547
26.07999992370605
12.140000343322754
5.019999980926514
9.039999961853027
15.0
21.13999938964844
25.479999542236328
19.780000686645508
20.600000381469727
39.060001373291016
42.43999862670898
27.0
9.0
6.960000038146973
23.100000381469727
68.68000030517578
76.63999938964844
50.09999847412109
19.86000061035156
12.15999984741211
28.059999465942383
31.0
19.63999938964844
11.619999885559082
22.420000076293945
59.540000915527344
63.41999816894531
39.09999847412109
14.239999771118164
11.140000343322754
19.34000015258789
40.18000030517578
42.18000030517578
28.440000534057617
11.84000015258789
8.579999923706055
19.239999771118164
51.77999877929688
58.79999923706055
40.2599983215332
17.440000534057617
12.81999969482422
30.6200008392334
35.0
23.559999465942383
18.68000030517578
33.900001525878906
36.34000015258789
21.280000686645508
14.199999809265137
17.739999771118164
33.220001220703125
33.540000915527344
22.239999771118164
18.280000686645508
39.380001068115234
44.31999969482422
29.8799991607666
10.220000267028809
4.159999847412109
4.360000133514404
11.260000228881836
34.619998931884766
40.29999923706055
27.0
9.5
3.5999999046325684
3.680000066757202
6.679999828338623
13.119999885559082
28.420000076293945
28.8799991607666
18.200000762939453
10.020000457763672
11.739999771118164
15.15999984741211
17.139999389648438
26.440000534057617
24.959999084472656
21.440000534057617
23.07999992370605
39.15999984741211
40.36000061035156
29.6200008392334
11.800000190734863
5.5
4.539999961853027
6.0
8.65999984741211
11.260000228881836
13.880000114440918
22.600000381469727
49.400001525878906
54.459999084472656
36.400001525878906
14.34000015258789
5.840000152587891
8.079999923706055
21.100000381469727
54.7400016784668
61.7400016784668
41.31999969482422
17.3799991607666
9.079999923706056
12.800000190734863
23.420000076293945
50.220001220703125
54.08000183105469
35.70000076293945
14.65999984741211
11.979999542236328
16.420000076293945
23.739999771118164
42.34000015258789
44.0
30.780000686645508
13.739999771118164
9.859999656677246
20.399999618530277
48.77999877929688
54.36000061035156
36.13999938964844
15.34000015258789
6.099999904632568
4.599999904632568
5.159999847412109
8.520000457763672
12.699999809265137
20.86000061035156
41.119998931884766
43.09999847412109
29.36000061035156
13.4399995803833
8.619999885559082
16.360000610351562
30.31999969482422
30.15999984741211
19.13999938964844
14.220000267028809
17.860000610351562
21.799999237060547
40.31999969482422
43.2599983215332
28.5
11.260000228881836
6.400000095367432
5.880000114440918
9.859999656677246
24.07999992370605
56.65999984741211
63.2599983215332
42.36000061035156
19.040000915527344
15.119999885559082
23.899999618530277
49.560001373291016
51.08000183105469
33.15999984741211
13.100000381469728
7.820000171661377
12.779999732971191
27.559999465942383
29.8799991607666
19.559999465942383
11.140000343322754
9.960000038146973
13.800000190734863
23.239999771118164
49.380001068115234
53.47999954223633
36.880001068115234
15.800000190734863
12.140000343322754
22.18000030517578
32.720001220703125
29.07999992370605
15.979999542236328
9.600000381469728
9.4399995803833
12.140000343322754
13.779999732971191
17.219999313354492
23.1200008392334
33.459999084472656
30.57999992370605
18.700000762939453
10.31999969482422
10.460000038146973
17.920000076293945
35.79999923706055
37.36000061035156
25.479999542236328
9.84000015258789
6.059999942779541
6.960000038146973
9.520000457763672
12.779999732971191
17.479999542236328
23.71999931335449
35.34000015258789
34.81999969482422
22.959999084472656
15.979999542236328
22.399999618530277
39.459999084472656
40.97999954223633
27.26000022888184
11.859999656677246
6.840000152587891
11.119999885559082
22.540000915527344
47.84000015258789
52.959999084472656
36.2400016784668
16.1200008392334
9.380000114440918
8.779999732971191
9.9399995803833
16.260000228881836
30.020000457763672
31.71999931335449
21.940000534057617
12.760000228881836
12.260000228881836
18.76000022888184
29.020000457763672
29.26000022888184
18.8799991607666
12.920000076293944
16.239999771118164
26.040000915527344
24.459999084472656
21.700000762939453
22.26000022888184
28.979999542236328
26.26000022888184
16.5
11.420000076293944
12.640000343322754
15.220000267028809
19.81999969482422
28.1200008392334
26.36000061035156
17.139999389648438
9.979999542236328
10.020000457763672
13.100000381469728
17.959999084472656
27.520000457763672
27.959999084472656
19.899999618530277
12.0600004196167
11.859999656677246
20.559999465942383
34.2599983215332
34.7400016784668
23.81999969482422
18.100000381469727
27.459999084472656
26.600000381469727
16.8799991607666
8.960000038146973
11.720000267028809
24.3799991607666
49.560001373291016
55.040000915527344
39.7400016784668
19.5
12.899999618530272
19.920000076293945
29.68000030517578
28.600000381469727
18.020000457763672
12.699999809265137
18.700000762939453
34.880001068115234
38.31999969482422
27.86000061035156
14.140000343322754
11.18000030517578
13.960000038146973
17.739999771118164
18.899999618530277
22.86000061035156
27.059999465942383
24.239999771118164
20.239999771118164
24.68000030517578
42.2599983215332
44.93999862670898
31.020000457763672
15.15999984741211
10.119999885559082
15.520000457763672
26.040000915527344
23.700000762939453
22.700000762939453
28.0
27.57999992370605
17.68000030517578
11.739999771118164
20.1200008392334
46.08000183105469
50.31999969482422
34.599998474121094
16.540000915527344
13.300000190734863
23.899999618530277
53.380001068115234
59.880001068115234
43.040000915527344
21.63999938964844
16.739999771118164
27.700000762939453
28.81999969482422
19.559999465942383
15.5
29.899999618530277
33.70000076293945
23.040000915527344
16.219999313354492
28.459999084472656
29.57999992370605
19.13999938964844
9.880000114440918
10.0600004196167
17.540000915527344
28.459999084472656
24.959999084472656
22.280000686645508
32.2599983215332
33.20000076293945
23.76000022888184
16.18000030517578
25.200000762939453
26.440000534057617
19.059999465942383
13.020000457763672
24.280000686645508
38.77999877929688
36.540000915527344
22.68000030517578
18.600000381469727
33.36000061035156
35.220001220703125
23.63999938964844
15.380000114440918
22.07999992370605
39.27999877929688
40.34000015258789
27.559999465942383
13.020000457763672
10.0
19.200000762939453
33.7400016784668
31.959999084472656
20.6200008392334
14.960000038146973
23.600000381469727
43.459999084472656
46.560001373291016
29.739999771118164
13.31999969482422
8.34000015258789
13.0
26.440000534057617
28.399999618530277
19.799999237060547
11.539999961853027
12.899999618530272
22.040000915527344
44.79999923706055
48.18000030517578
33.599998474121094
15.34000015258789
12.079999923706056
15.65999984741211
25.81999969482422
25.100000381469727
16.459999084472656
13.760000228881836
24.15999984741211
49.119998931884766
52.5
36.5
16.8799991607666
11.760000228881836
19.440000534057617
38.119998931884766
39.47999954223633
27.799999237060547
12.31999969482422
6.380000114440918
6.159999847412109
8.680000305175781
10.31999969482422
13.899999618530272
17.760000228881836
23.959999084472656
29.059999465942383
23.420000076293945
17.079999923706055
15.539999961853027
15.600000381469728
17.059999465942383
18.559999465942383
24.700000762939453
39.09999847412109
38.560001373291016
25.5
12.140000343322754
7.920000076293945
12.34000015258789
24.21999931335449
44.68000030517578
46.040000915527344
30.8799991607666
15.0600004196167
10.960000038146973
19.020000457763672
32.619998931884766
32.52000045776367
21.399999618530277
16.0
29.13999938964844
31.68000030517578
21.8799991607666
12.34000015258789
12.279999732971191
21.71999931335449
45.84000015258789
48.619998931884766
33.58000183105469
15.31999969482422
11.5600004196167
23.21999931335449
48.13999938964844
52.59999847412109
34.599998474121094
16.780000686645508
14.300000190734863
27.81999969482422
30.1200008392334
21.26000022888184
17.079999923706055
30.68000030517578
32.18000030517578
21.34000015258789
17.079999923706055
27.020000457763672
26.600000381469727
17.739999771118164
14.279999732971191
23.21999931335449
38.7599983215332
38.59999847412109
26.13999938964844
11.84000015258789
6.199999809265137
5.5
7.820000171661377
15.779999732971191
32.2400016784668
33.540000915527344
22.76000022888184
17.68000030517578
24.459999084472656
47.29999923706055
52.41999816894531
38.70000076293945
18.420000076293945
15.859999656677246
25.57999992370605
26.239999771118164
17.520000457763672
11.619999885559082
17.8799991607666
35.20000076293945
39.220001220703125
26.31999969482422
13.15999984741211
9.81999969482422
11.199999809265137
15.859999656677246
19.979999542236328
28.63999938964844
27.799999237060547
19.07999992370605
12.800000190734863
17.299999237060547
32.900001525878906
34.41999816894531
24.600000381469727
17.459999084472656
21.600000381469727
29.459999084472656
25.799999237060547
16.040000915527344
11.520000457763672
13.779999732971191
18.0
22.920000076293945
27.600000381469727
23.15999984741211
19.979999542236328
22.299999237060547
26.5
22.57999992370605
20.899999618530277
30.1200008392334
30.600000381469727
20.36000061035156
11.380000114440918
9.899999618530272
12.300000190734863
15.859999656677246
19.13999938964844
29.57999992370605
30.459999084472656
20.86000061035156
15.899999618530272
23.3799991607666
39.36000061035156
38.18000030517578
25.920000076293945
12.199999809265137
10.039999961853027
14.15999984741211
27.540000915527344
29.040000915527344
19.68000030517578
12.140000343322754
12.279999732971191
15.239999771118164
22.399999618530277
37.900001525878906
40.0
28.959999084472656
14.4399995803833
11.15999984741211
15.279999732971191
28.479999542236328
30.059999465942383
21.07999992370605
15.920000076293944
22.68000030517578
43.959999084472656
49.43999862670898
37.040000915527344
19.07999992370605
14.039999961853027
19.420000076293945
33.939998626708984
35.720001220703125
26.040000915527344
13.140000343322754
8.479999542236328
11.119999885559082
20.36000061035156
33.220001220703125
32.380001068115234
22.68000030517578
19.399999618530277
28.520000457763672
30.36000061035156
21.459999084472656
15.300000190734863
16.3799991607666
23.26000022888184
30.020000457763672
27.3799991607666
17.700000762939453
13.739999771118164
15.81999969482422
25.36000061035156
25.899999618530277
18.600000381469727
14.18000030517578
20.020000457763672
33.040000915527344
33.13999938964844
22.540000915527344
18.239999771118164
24.6200008392334
36.959999084472656
35.939998626708984
24.899999618530277
18.34000015258789
23.63999938964844
34.63999938964844
33.34000015258789
23.6200008392334
19.940000534057617
28.479999542236328
29.65999984741211
21.07999992370605
15.899999618530272
20.459999084472656
31.479999542236328
31.920000076293945
22.940000534057617
17.260000228881836
23.920000076293945
37.900001525878906
39.59999847412109
27.6200008392334
15.039999961853027
11.520000457763672
15.260000228881836
24.0
41.15999984741211
43.09999847412109
31.020000457763672
16.6200008392334
13.880000114440918
20.8799991607666
37.540000915527344
38.20000076293945
27.239999771118164
13.960000038146973
11.020000457763672
14.880000114440918
26.18000030517578
26.3799991607666
18.21999931335449
13.65999984741211
22.0
37.68000030517578
37.459999084472656
26.559999465942383
12.619999885559082
10.68000030517578
17.540000915527344
30.34000015258789
31.71999931335449
22.13999938964844
16.84000015258789
21.440000534057617
29.68000030517578
27.68000030517578
18.13999938964844
13.5
16.239999771118164
23.459999084472656
34.900001525878906
32.41999816894531
23.200000762939453
16.100000381469727
17.639999389648438
23.440000534057617
32.939998626708984
31.100000381469727
21.479999542236328
17.280000686645508
24.36000061035156
39.81999969482422
41.70000076293945
30.520000457763672
15.520000457763672
11.800000190734863
16.34000015258789
27.1200008392334
27.780000686645508
20.07999992370605
14.539999961853027
18.34000015258789
29.979999542236328
30.68000030517578
22.15999984741211
16.81999969482422
22.8799991607666
37.560001373291016
37.81999969482422
27.65999984741211
14.899999618530272
12.5
14.859999656677246
21.86000061035156
31.739999771118164
30.8799991607666
21.440000534057617
16.459999084472656
18.780000686645508
27.07999992370605
27.559999465942383
19.899999618530277
15.4399995803833
17.6200008392334
24.739999771118164
35.939998626708984
34.84000015258789
24.86000061035156
19.020000457763672
26.739999771118164
28.31999969482422
20.86000061035156
12.420000076293944
13.140000343322754
19.57999992370605
28.459999084472656
26.5
18.26000022888184
14.68000030517578
20.479999542236328
31.34000015258789
30.81999969482422
21.559999465942383
16.6200008392334
23.239999771118164
32.41999816894531
29.21999931335449
18.57999992370605
13.960000038146973
20.399999618530277
33.08000183105469
32.599998474121094
23.479999542236328
17.579999923706055
24.31999969482422
37.34000015258789
37.08000183105469
26.3799991607666
15.0
11.640000343322754
16.200000762939453
26.200000762939453
26.5
19.020000457763672
14.079999923706056
17.940000534057617
28.8799991607666
29.280000686645508
20.899999618530277
15.5
16.5
20.479999542236328
27.739999771118164
25.5
17.399999618530273
12.699999809265137
16.559999465942383
23.63999938964844
31.84000015258789
29.36000061035156
18.600000381469727
13.079999923706056
16.639999389648438
24.280000686645508
32.36000061035156
28.239999771118164
19.540000915527344
13.420000076293944
15.239999771118164
20.440000534057617
27.34000015258789
25.26000022888184
16.84000015258789
12.479999542236328
13.800000190734863
16.899999618530273
22.1200008392334
31.07999992370605
29.84000015258789
20.780000686645508
14.300000190734863
16.280000686645508
24.26000022888184
37.70000076293945
38.20000076293945
27.1200008392334
15.260000228881836
12.15999984741211
14.5600004196167
22.040000915527344
33.36000061035156
33.459999084472656
23.200000762939453
16.5
19.459999084472656
25.700000762939453
24.0
22.5
25.26000022888184
23.459999084472656
20.86000061035156
23.399999618530277
30.13999938964844
27.520000457763672
19.459999084472656
12.859999656677246
13.859999656677246
17.440000534057617
24.13999938964844
30.15999984741211
27.899999618530277
19.399999618530277
15.079999923706056
16.15999984741211
21.34000015258789
29.040000915527344
28.15999984741211
19.959999084472656
13.720000267028809
16.780000686645508
19.959999084472656
21.15999984741211
23.15999984741211
25.6200008392334
23.420000076293945
19.399999618530277
17.15999984741211
18.559999465942383
22.63999938964844
30.559999465942383
28.76000022888184
20.020000457763672
15.140000343322754
15.31999969482422
17.799999237060547
21.34000015258789
26.399999618530277
24.479999542236328
19.63999938964844
19.13999938964844
25.34000015258789
24.18000030517578
22.81999969482422
24.799999237060547
35.58000183105469
35.18000030517578
25.8799991607666
14.34000015258789
10.5
10.34000015258789
11.079999923706056
11.81999969482422
12.380000114440918
12.960000038146973
16.280000686645508
21.81999969482422
30.36000061035156
28.36000061035156
18.81999969482422
12.899999618530272
14.18000030517578
19.81999969482422
28.239999771118164
26.280000686645508
17.860000610351562
12.220000267028809
15.239999771118164
22.5
30.63999938964844
29.280000686645508
19.6200008392334
15.5600004196167
18.399999618530277
26.920000076293945
25.6200008392334
17.280000686645508
13.020000457763672
17.899999618530273
29.399999618530277
30.0
21.65999984741211
15.479999542236328
18.84000015258789
28.100000381469727
27.280000686645508
19.540000915527344
14.600000381469728
19.520000457763672
30.86000061035156
31.700000762939453
22.700000762939453
18.299999237060547
23.600000381469727
28.520000457763672
24.5
20.459999084472656
22.0
25.299999237060547
22.600000381469727
21.21999931335449
26.299999237060547
24.81999969482422
20.299999237060547
21.559999465942383
31.540000915527344
31.479999542236328
22.040000915527344
14.020000457763672
13.859999656677246
20.799999237060547
30.440000534057617
28.920000076293945
18.780000686645508
12.380000114440918
11.579999923706056
16.34000015258789
22.5
30.959999084472656
30.799999237060547
21.86000061035156
14.119999885559082
11.859999656677246
11.65999984741211
12.399999618530272
14.0
18.36000061035156
21.26000022888184
23.1200008392334
26.15999984741211
22.36000061035156
20.100000381469727
22.1200008392334
30.020000457763672
28.200000762939453
19.65999984741211
13.65999984741211
15.880000114440918
21.440000534057617
28.239999771118164
26.959999084472656
19.020000457763672
13.68000030517578
15.199999809265137
17.8799991607666
19.700000762939453
24.780000686645508
31.26000022888184
31.34000015258789
21.440000534057617
15.779999732971191
17.15999984741211
21.0
27.739999771118164
25.440000534057617
17.479999542236328
13.359999656677246
16.5
19.1200008392334
19.86000061035156
21.86000061035156
26.520000457763672
25.0
21.07999992370605
24.07999992370605
34.36000061035156
34.439998626708984
23.81999969482422
17.799999237060547
18.86000061035156
24.020000457763672
29.5
27.979999542236328
19.959999084472656
15.279999732971191
17.65999984741211
23.940000534057617
32.619998931884766
31.3799991607666
21.84000015258789
16.600000381469727
18.1200008392334
23.1200008392334
31.059999465942383
30.13999938964844
21.440000534057617
14.720000267028809
15.220000267028809
18.5
22.15999984741211
24.1200008392334
29.18000030517578
27.63999938964844
19.559999465942383
14.260000228881836
15.800000190734863
22.100000381469727
27.459999084472656
24.13999938964844
21.520000457763672
