-679.9139404296875
-625.7276611328125
-562.74169921875
-482.7627258300781
-419.3339538574219
-365.1966857910156
-312.6573791503906
-268.3616943359375
-246.24880981445312
-218.39794921875
-184.1501007080078
-129.6169891357422
-81.43879699707031
-23.632986068725582
39.038360595703125
100.80728149414062
164.77366638183594
224.02029418945312
282.7827453613281
350.9348449707031
440.2584228515625
517.6278686523438
596.451171875
659.2286987304688
709.952392578125
772.81298828125
847.0717163085938
906.3200073242188
960.3283081054688
976.0272827148438
983.599609375
1008.747314453125
1055.8846435546875
1070.86181640625
1085.407470703125
1115.57958984375
1127.47216796875
1136.71826171875
1125.5059814453125
1126.0394287109375
1158.8338623046875
1121.944091796875
1146.145751953125
1175.06298828125
1184.37060546875
1186.0628662109375
1218.2711181640625
1224.1181640625
1186.3831787109375
1204.8846435546875
1271.818359375
1305.9727783203125
1273.020751953125
1242.7799072265625
1202.5054931640625
1219.26611328125
1278.404296875
1270.9019775390625
1283.574951171875
1276.2041015625
1319.6739501953125
1315.47021484375
1330.223388671875
1354.5819091796875
1370.4090576171875
1369.8486328125
1356.94140625
1344.8865966796875
1354.4754638671875
1342.7188720703125
1320.4241943359375
1326.5882568359375
1378.638427734375
1411.93603515625
1393.61328125
1384.713623046875
1396.905517578125
1417.4951171875
1438.645263671875
1455.4893798828125
1458.0234375
1436.7918701171875
1426.1478271484375
1435.4827880859375
1455.4940185546875
1472.438720703125
1489.8594970703125
1490.3834228515625
1478.5550537109375
1474.5
1482.6728515625
1491.890625
1499.6409912109375
1505.2554931640625
1510.09033203125
1497.11865234375
1489.9893798828125
1494.700927734375
1501.2344970703125
1511.5469970703125
1524.055908203125
1524.5511474609375
1526.1031494140625
1525.6651611328125
1528.38720703125
1529.016357421875
1537.9224853515625
1542.1990966796875
1539.2332763671875
1536.9742431640625
1545.8031005859375
1560.276123046875
1558.321533203125
1542.0245361328125
1533.6304931640625
1539.275634765625
1550.02392578125
1562.2001953125
1557.634521484375
1560.31201171875
1568.78173828125
1578.795654296875
1574.5675048828125
1519.185302734375
1512.798095703125
1515.3740234375
1556.87841796875
1527.3868408203125
1497.8572998046875
1503.717041015625
1544.4195556640625
1502.88134765625
1494.12451171875
1495.0784912109375
1581.6112060546875
1590.7042236328125
1593.8609619140625
1587.4281005859375
1534.35693359375
1527.752685546875
1570.59521484375
1539.2801513671875
1543.4268798828125
1587.0391845703125
1556.4097900390625
1560.700927734375
1552.67431640625
1545.5413818359375
1549.36572265625
1597.86767578125
1606.8260498046875
1600.8182373046875
1591.9837646484375
1593.666748046875
1559.885498046875
1566.6160888671875
1566.5162353515625
1606.287841796875
1605.3575439453125
1609.964111328125
1612.84375
1611.61376953125
1613.5166015625
1615.035888671875
1617.28955078125
1611.5687255859375
1600.2381591796875
1592.86962890625
1595.0146484375
1605.2545166015625
1610.045166015625
1616.4434814453125
1541.4788818359375
1543.546142578125
1587.04931640625
1582.7962646484375
1532.78076171875
1533.6956787109375
1541.94970703125
1589.27783203125
1632.5408935546875
1627.7305908203125
1627.0
1630.0445556640625
1633.0361328125
1639.763916015625
1643.2802734375
1633.4559326171875
1622.8656005859375
1623.012939453125
1629.4876708984375
1632.3944091796875
1632.1612548828125
1636.3548583984375
1638.97314453125
1640.2587890625
1643.432373046875
1651.7679443359375
1661.802490234375
1657.4390869140625
1643.6456298828125
1638.525146484375
1643.404541015625
1648.640625
1658.938232421875
1617.6448974609375
1621.3101806640625
1660.478271484375
1658.1181640625
1655.38623046875
1657.072509765625
1667.4686279296875
1666.3145751953125
1661.2423095703125
1655.89208984375
1653.7012939453125
1655.86376953125
1666.2890625
1671.0059814453125
1668.666259765625
1628.6895751953125
1633.5902099609375
1629.8516845703125
1668.6851806640625
1669.510986328125
1675.61572265625
1676.1239013671875
1675.19775390625
1667.6875
1668.7841796875
1670.0511474609375
1666.8203125
1667.1669921875
1672.7808837890625
1682.6031494140625
1690.0765380859375
1688.3023681640625
1683.2349853515625
1678.7772216796875
1683.04931640625
1689.8096923828125
1691.8985595703125
1687.0355224609375
1687.9697265625
1689.8028564453125
1691.1322021484375
1697.4501953125
1696.7073974609375
1692.59814453125
1683.40185546875
1680.8834228515625
1686.0653076171875
1689.138916015625
1696.770263671875
1703.1256103515625
1699.154052734375
1697.6998291015625
1698.524658203125
1699.463134765625
1695.3980712890625
1696.6881103515625
1698.3621826171875
1703.178955078125
1694.77294921875
1688.444580078125
1692.186279296875
1699.06787109375
1707.034423828125
1707.9376220703125
1703.2601318359375
1703.2359619140625
1706.526123046875
1714.4168701171875
1714.3778076171875
1711.14111328125
1699.036376953125
1698.05908203125
1704.444580078125
1710.475341796875
1719.0897216796875
1723.7484130859375
1724.266357421875
1723.30029296875
1719.8187255859375
1719.1072998046875
1715.0518798828125
1716.3096923828125
1719.9588623046875
1723.27197265625
1718.83642578125
1725.168701171875
1727.801513671875
1732.483154296875
1731.03369140625
1723.012939453125
1719.0753173828125
1725.97998046875
1729.63427734375
1730.80859375
1731.0821533203125
1726.8753662109375
1726.2354736328125
1725.604736328125
1727.8114013671875
1734.1212158203125
1732.315185546875
1733.5120849609375
1734.5267333984375
1736.8675537109375
1736.406982421875
1733.88525390625
1735.271240234375
1732.5897216796875
1732.11767578125
1733.8184814453125
1733.6572265625
1735.9046630859375
1737.17041015625
1736.8299560546875
1732.7210693359375
1735.4195556640625
1742.2293701171875
1736.0211181640625
1695.022216796875
1698.3804931640625
1694.4591064453125
1693.1435546875
1693.15234375
1694.6234130859375
1737.80517578125
1736.27734375
1734.4776611328125
1737.1209716796875
1742.1973876953125
1746.8868408203125
1750.552001953125
1745.7188720703125
1737.42578125
1738.0980224609375
1738.1463623046875
1738.54052734375
1746.3922119140625
1749.6612548828125
1745.5523681640625
1748.210205078125
1749.3359375
1750.4398193359375
1711.3643798828125
1712.0478515625
1750.5440673828125
1749.3262939453125
1745.156982421875
1747.5306396484375
1748.368408203125
1744.080322265625
1748.38037109375
1750.3643798828125
1713.6597900390625
1714.41357421875
1750.02392578125
1743.4825439453125
1746.2191162109375
1747.559814453125
1756.520751953125
1759.0284423828125
1762.2322998046875
1760.2835693359375
1751.6395263671875
1745.9881591796875
1747.2359619140625
1747.4134521484375
1751.02880859375
1762.588134765625
1763.2310791015625
1720.3994140625
1678.60986328125
1679.3070068359375
1714.6298828125
1757.6307373046875
1764.7666015625
1771.35595703125
1768.122314453125
1759.11474609375
1758.5386962890625
1759.0919189453125
1764.6943359375
1764.6925048828125
1763.0665283203125
1758.31689453125
1762.1097412109375
1764.39501953125
1757.2069091796875
1717.4052734375
1730.4290771484375
1732.670166015625
1732.174560546875
1770.3682861328125
1770.8839111328125
1772.94287109375
1768.3682861328125
1763.67041015625
1770.134521484375
1773.6265869140625
1773.5623779296875
1772.7677001953125
1774.1173095703125
1774.2093505859375
1779.654052734375
1775.2626953125
1767.85791015625
1764.743408203125
1767.5059814453125
1768.372802734375
1771.2952880859375
1775.6044921875
1781.4715576171875
1787.9508056640625
1785.3253173828125
1735.539794921875
1733.61572265625
1734.85693359375
1780.8314208984375
1738.770751953125
1735.50537109375
1737.1162109375
1784.5615234375
1788.3331298828125
1789.614013671875
1788.8828125
1780.0096435546875
1773.7593994140625
1777.5352783203125
1787.5223388671875
1790.3665771484375
1789.8782958984375
1782.5272216796875
1778.7198486328125
1780.2353515625
1785.16455078125
1791.2886962890625
1788.6854248046875
1784.9248046875
1781.608642578125
1776.556884765625
1779.9686279296875
1784.7606201171875
1790.0931396484375
1788.259521484375
1786.4278564453125
1787.834228515625
1788.7745361328125
1785.6376953125
1787.7049560546875
1793.72509765625
1789.594482421875
1788.223876953125
1795.6087646484375
1801.603759765625
1801.5743408203125
1794.813720703125
1793.1434326171875
1789.06201171875
1789.6495361328125
1797.09619140625
1800.7677001953125
1798.283447265625
1793.6572265625
1789.5780029296875
1792.75
1793.0860595703125
1790.5869140625
1795.9901123046875
1798.0089111328125
1798.5625
1793.935791015625
1797.875
1799.1495361328125
1802.80078125
1796.68212890625
1793.46728515625
1789.622314453125
1790.9112548828125
1790.6484375
1794.1925048828125
1804.7459716796875
1808.064208984375
1801.00634765625
1795.6126708984375
1795.7998046875
1799.4722900390625
1803.576904296875
1809.39404296875
1810.7490234375
1806.770263671875
1803.5389404296875
1761.6112060546875
1766.7738037109375
1802.4581298828125
1801.272216796875
1800.274658203125
1802.81689453125
1803.65771484375
1804.11181640625
1808.2823486328125
1808.8720703125
1805.350341796875
1803.053466796875
1802.822021484375
1804.6309814453125
1804.464111328125
1803.989013671875
1802.4376220703125
1802.9302978515625
1804.423583984375
1805.375
1805.7293701171875
1803.0294189453125
1799.3223876953125
1799.271240234375
1802.6558837890625
1805.659423828125
1807.2593994140625
1813.4459228515625
1813.93115234375
1809.6968994140625
1804.09765625
1805.083251953125
1808.157470703125
1773.826904296875
1775.1595458984375
1775.20703125
1815.5631103515625
1814.0821533203125
1814.2706298828125
1813.490966796875
1814.180908203125
1813.93798828125
1813.2852783203125
1814.2705078125
1815.744873046875
1767.0255126953125
1768.76611328125
1809.4488525390625
1808.2364501953125
1812.9610595703125
1809.9560546875
1811.9498291015625
1810.06494140625
1817.5198974609373
1774.0018310546875
1775.88720703125
1767.969482421875
1811.818115234375
1810.3941650390625
1812.5997314453125
1812.3375244140625
1816.108154296875
1821.422607421875
1817.74072265625
1819.0308837890625
1813.6971435546875
1814.67822265625
1815.824951171875
1817.259033203125
1817.9884033203125
1816.9097900390625
1819.0347900390625
1825.2830810546875
1774.911376953125
1773.4208984375
1768.97119140625
1770.849365234375
1815.819091796875
1822.247802734375
1827.70068359375
1825.4769287109373
1817.069091796875
1814.3729248046875
1817.6685791015625
1822.4669189453125
1824.498779296875
1823.5089111328125
1825.81396484375
1826.03076171875
1825.107666015625
1823.942138671875
1827.2940673828125
1829.7305908203125
1823.742919921875
1821.16552734375
1820.2431640625
1823.875
1827.0023193359373
1827.6103515625
1829.819091796875
1829.655029296875
1828.7020263671875
1826.9000244140625
1825.2060546875
1826.8765869140625
1829.535888671875
1825.057373046875
1794.1884765625
1787.1070556640625
1788.6929931640625
1813.32421875
1817.5523681640625
1821.40771484375
1822.29296875
1817.5809326171875
1821.0089111328125
1823.20703125
1823.2896728515625
1776.0970458984375
1778.6116943359375
1829.299560546875
1824.3687744140625
1821.68994140625
1818.7470703125
1823.860107421875
1828.09912109375
1828.68505859375
1827.8348388671875
1828.6585693359373
1828.5982666015625
1833.1268310546875
1833.8553466796875
1830.2198486328125
1781.1533203125
1779.751220703125
1782.33837890625
1826.83740234375
1830.063232421875
1832.9290771484373
1830.0140380859373
1825.007080078125
1824.048583984375
1831.280517578125
1836.37060546875
1832.8916015625
1816.5369873046875
1813.7432861328125
1829.4300537109373
1833.673583984375
1837.31591796875
1835.2032470703125
1835.4407958984373
1840.62353515625
1837.7979736328125
1834.5574951171875
1832.7001953125
1838.7049560546875
1843.2281494140625
1838.35693359375
1837.3466796875
1836.4625244140625
1837.4447021484373
1839.7027587890625
1843.77099609375
1842.1160888671875
1840.2884521484373
1838.803955078125
1839.29248046875
1841.294189453125
1845.0218505859373
1849.06494140625
1843.89404296875
1841.1182861328125
1842.8743896484373
1850.7171630859373
1851.6634521484373
1846.8282470703125
1840.9664306640625
1838.72509765625
1839.6923828125
1840.1669921875
1842.8175048828125
1845.8336181640625
1850.3656005859373
1845.526611328125
1844.0155029296875
1840.5660400390625
1821.428955078125
1825.9588623046875
1847.424560546875
1845.5478515625
1842.1541748046875
1839.47998046875
1846.396240234375
1849.90234375
1850.964111328125
1848.8682861328125
1842.6885986328125
1841.4449462890625
1841.506591796875
1842.7791748046875
1846.1455078125
1852.5389404296875
1848.6065673828125
1800.770751953125
1796.3409423828125
1800.6842041015625
1846.893310546875
1844.6253662109373
1841.94873046875
1845.938720703125
1846.039794921875
1840.837646484375
1834.484375
1840.907958984375
1842.9090576171875
1842.1807861328125
1846.7584228515625
1847.274658203125
1847.41259765625
1849.470458984375
1850.76025390625
1850.36767578125
1854.234375
1855.07958984375
1854.717529296875
1854.832763671875
1858.2410888671875
1862.7301025390625
1853.7261962890625
1852.223876953125
1853.26123046875
1851.2431640625
1854.9683837890625
1858.32177734375
1856.7010498046875
1850.2933349609373
1846.15576171875
1848.497802734375
1847.0947265625
1851.7119140625
1861.1373291015625
1867.1126708984373
1861.7027587890625
1853.7423095703125
1853.168701171875
1859.8035888671875
1861.6221923828125
1862.346923828125
1854.8238525390625
1849.5335693359373
1845.1878662109373
1843.4324951171875
1844.372802734375
1848.7081298828125
1849.545654296875
1854.4525146484373
1855.51611328125
1853.3614501953125
1850.8052978515625
1845.34716796875
1848.6220703125
1853.3443603515625
1855.7286376953125
1855.838623046875
1853.724365234375
1849.20458984375
1850.7509765625
1850.31591796875
1855.9906005859373
1856.3282470703125
1852.9146728515625
1849.586669921875
1852.9342041015625
1853.1036376953125
1858.6878662109373
1857.994384765625
1864.5579833984373
1858.659423828125
1853.76611328125
1852.7064208984373
1859.62060546875
1860.2628173828125
1858.43896484375
1855.9605712890625
1852.4512939453125
1852.8785400390625
1856.94873046875
1859.7835693359373
1860.864501953125
1855.2783203125
1852.5960693359373
1853.1429443359373
1855.690185546875
1858.0447998046875
1859.07275390625
1858.65478515625
1861.0146484375
1861.52001953125
1862.68310546875
1859.4034423828125
1861.5843505859373
1864.7806396484373
1866.6630859375
1864.8421630859373
1864.1422119140625
1863.69775390625
1865.545166015625
1870.8857421875
1874.1368408203125
1870.5400390625
1866.4024658203125
1861.092529296875
1862.97900390625
1869.3873291015625
1872.235107421875
1867.895263671875
1868.3193359375
1866.0301513671875
1864.048095703125
1864.0792236328125
1865.8895263671875
1867.3145751953125
1869.4468994140625
1869.28271484375
1869.466064453125
1873.174072265625
1869.8482666015625
1864.5582275390625
1862.0465087890625
1864.3388671875
1871.227294921875
1868.58837890625
1868.0908203125
1873.724853515625
1874.4268798828125
1871.0853271484373
1873.449951171875
1875.3631591796875
1880.3990478515625
1875.73876953125
1869.51806640625
1868.3206787109373
1871.3548583984373
1872.968017578125
1878.0726318359373
1879.7901611328125
1876.478759765625
1872.0128173828125
1873.9603271484373
1871.7332763671875
1876.92724609375
1881.05810546875
1878.3941650390625
1877.7454833984373
1878.13671875
1872.86767578125
1874.5032958984373
1877.839111328125
1879.2880859375
1881.55322265625
1877.934326171875
1877.3375244140625
1876.9593505859373
1879.4849853515625
1882.5440673828125
1885.798583984375
1885.4334716796875
1885.0213623046875
1884.6640625
1886.43017578125
1885.0552978515625
1883.015625
1881.887939453125
1882.41357421875
1884.7542724609373
1885.4686279296875
1886.1064453125
1885.2900390625
1882.162353515625
1878.3634033203125
1881.2288818359373
1882.724853515625
1883.590576171875
1883.260498046875
1881.4381103515625
1876.602294921875
1877.3175048828125
1879.44482421875
1889.772216796875
1890.3175048828125
1887.57666015625
1885.6385498046875
1886.1422119140625
1890.73974609375
1896.267333984375
1891.604736328125
1883.9368896484373
1887.6728515625
1889.6004638671875
1893.8046875
1892.4412841796875
1889.2633056640625
1887.92724609375
1885.9339599609373
1887.377685546875
1888.985107421875
1892.1728515625
1890.97119140625
1890.3154296875
1888.401611328125
1888.0631103515625
1888.28759765625
1890.7203369140625
1887.8365478515625
1880.2169189453125
1879.9749755859373
1880.70556640625
1881.5517578125
1883.0411376953125
1889.1343994140625
1889.142822265625
1889.6756591796875
1889.005615234375
1890.7080078125
1886.392333984375
1888.515625
1887.56298828125
1886.1199951171875
1886.65478515625
1890.5855712890625
1888.303955078125
1887.6959228515625
1891.3621826171875
1893.296142578125
1892.65966796875
1888.7548828125
1890.1090087890625
1889.07861328125
1888.39697265625
1886.338134765625
1889.2884521484373
1890.469482421875
1888.9375
1891.3984375
1891.3807373046875
1890.71875
1889.5841064453125
1894.885009765625
1899.7288818359373
1896.841552734375
1890.8084716796875
1894.64501953125
1895.830810546875
1896.6356201171875
1899.002685546875
1900.51025390625
1897.971435546875
1894.6990966796875
1895.9013671875
1894.455322265625
1894.2388916015625
1899.04736328125
1897.1383056640625
1900.7891845703125
1897.2930908203125
1896.5853271484373
1894.659423828125
1896.44775390625
1900.287353515625
1897.3890380859373
1895.002197265625
1897.6060791015625
1901.599853515625
1905.4871826171875
1911.0076904296875
1903.6322021484373
1895.2144775390625
1894.0518798828125
1897.62255859375
1900.6859130859373
1902.3861083984373
1901.9771728515625
1902.11572265625
1900.1864013671875
1902.41845703125
1900.607666015625
1904.736572265625
1908.196044921875
1910.150634765625
1906.4573974609373
1905.4312744140625
1904.1239013671875
1902.4281005859373
1901.6226806640625
1898.690673828125
1901.0997314453125
1896.95849609375
1896.6240234375
1898.07373046875
1904.0062255859373
1909.5777587890625
1913.1932373046875
1907.9708251953125
1910.7694091796875
1904.4765625
1904.3118896484373
1903.3843994140625
1905.9842529296875
1907.8492431640625
1910.7958984375
1910.5015869140625
1908.020263671875
1911.1494140625
1907.199951171875
1903.0626220703125
1902.46533203125
1903.79736328125
1904.7705078125
1908.553466796875
1910.97705078125
1907.5662841796875
1909.08984375
1914.4056396484373
1913.8790283203125
1904.85693359375
1895.858642578125
1898.3734130859373
1904.5955810546875
1905.681884765625
1901.8909912109373
1904.6405029296875
1907.6368408203125
1906.7052001953125
1905.951416015625
1907.2254638671875
1908.962158203125
1914.1221923828125
1915.344482421875
1914.615478515625
1917.8511962890625
1917.2110595703125
1910.2451171875
1905.109375
1906.401611328125
1908.2164306640625
1908.9134521484373
1916.7745361328125
1920.7662353515625
1915.415283203125
1914.7874755859373
1915.3271484375
1912.5908203125
1911.1507568359373
1913.5640869140625
1914.37109375
1910.5810546875
1910.1175537109373
1914.7001953125
1917.138916015625
1919.852783203125
1914.299560546875
1908.2823486328125
1909.0430908203125
1910.2779541015625
1913.21484375
1909.84765625
1907.73876953125
1912.73876953125
1914.193115234375
1915.3887939453125
1916.63916015625
1919.2813720703125
1922.128173828125
1915.69482421875
1909.1702880859373
1911.7723388671875
1916.438232421875
1919.65869140625
1917.661376953125
1916.9853515625
1917.6519775390625
1919.21435546875
1916.7147216796875
1917.268798828125
1918.3128662109373
1921.1981201171875
1922.8486328125
1917.1396484375
1919.40576171875
1925.48779296875
1922.1605224609373
1920.5718994140625
1920.7972412109373
1917.0216064453125
1915.1402587890625
1919.30908203125
1917.8331298828125
1916.6090087890625
1913.4176025390625
1916.33056640625
1927.8470458984373
1928.3204345703125
1921.8497314453125
1915.71923828125
1917.0721435546875
1917.5330810546875
1919.4737548828125
1921.446044921875
1922.5653076171875
1920.4647216796875
1919.04931640625
1920.38134765625
1920.75244140625
1921.5384521484373
1920.5654296875
1920.6964111328125
1924.4375
1915.302001953125
1917.3052978515625
1916.200927734375
1915.6312255859373
1914.34228515625
1915.99169921875
1916.1077880859373
1913.63427734375
1916.7728271484373
1920.15283203125
1924.2386474609373
1919.743896484375
1917.5574951171875
1917.666259765625
1922.3739013671875
1923.7166748046875
1918.9676513671875
1917.063720703125
1913.151611328125
1916.231689453125
1917.584716796875
1920.524658203125
1921.2515869140625
1919.2025146484373
1920.3856201171875
1922.80615234375
1923.51806640625
1923.99560546875
1921.587158203125
1916.4625244140625
1922.1334228515625
1929.64306640625
1926.7364501953125
1926.63427734375
1921.4737548828125
1925.795654296875
1929.2064208984373
1926.5830078125
1925.29296875
1931.5318603515625
1934.0106201171875
1928.3671875
1925.56494140625
1925.0489501953125
1927.517822265625
1930.6773681640625
1932.9842529296875
1928.912353515625
1923.5172119140625
1923.8359375
1929.94775390625
1933.5316162109373
1935.09375
1931.35546875
1925.7808837890625
1925.8870849609373
1927.184326171875
1929.764892578125
1932.5291748046875
1935.657470703125
1930.6561279296875
1927.6597900390625
1925.7601318359373
1924.862548828125
1929.8902587890625
1935.5894775390625
1931.80126953125
1927.904052734375
1928.9676513671875
1928.0947265625
1931.4747314453125
1931.9803466796875
1933.1580810546875
1930.8477783203125
1928.40869140625
1929.3653564453125
1935.387451171875
1940.348388671875
1934.62060546875
1930.080322265625
1931.8968505859373
1934.1435546875
1930.609375
1934.9637451171875
1939.4888916015625
1939.093017578125
1933.68701171875
1933.19873046875
1938.810302734375
1939.400146484375
1935.1131591796875
1934.3516845703125
1934.82275390625
1939.7890625
1940.0587158203125
1936.2484130859373
1934.890625
1933.9669189453125
1934.1484375
1932.8634033203125
1935.278076171875
1934.3062744140625
1939.033447265625
1939.2227783203125
1933.6612548828125
1928.6964111328125
1929.9468994140625
1935.0838623046875
1940.8153076171875
1944.7872314453125
1935.4471435546875
1934.8673095703125
1935.0535888671875
1933.377197265625
1933.2655029296875
1935.911865234375
1938.38671875
1940.909423828125
1942.9375
1947.42919921875
1941.255615234375
1938.4755859375
1938.02685546875
1940.1395263671875
1938.0853271484373
1936.1356201171875
1936.1956787109373
1944.7730712890625
1942.06787109375
1937.74072265625
1938.521728515625
1938.510498046875
1942.27734375
1943.139404296875
1946.4437255859373
1947.2230224609373
1948.5074462890625
1947.290283203125
1944.8206787109373
1945.39599609375
1942.5330810546875
1945.399169921875
1948.3740234375
1945.15869140625
1939.37939453125
1940.4488525390625
1944.0216064453125
1942.6708984375
1941.1556396484373
1943.9788818359373
1946.0390625
1947.6722412109373
1946.8956298828125
1943.6207275390625
1941.8370361328125
1943.274658203125
1947.7752685546875
1946.4803466796875
1942.756591796875
1941.86474609375
1940.88427734375
1946.0546875
1947.197509765625
1947.682373046875
1947.01416015625
1944.045654296875
1941.436767578125
1938.8668212890625
1939.0279541015625
1942.520263671875
1945.6234130859373
1943.9534912109373
1936.619384765625
1934.67724609375
1939.4979248046875
1944.6656494140625
1944.693603515625
1946.97607421875
1948.29052734375
1944.748779296875
1940.3984375
1943.4451904296875
1947.8214111328125
1944.8280029296875
1944.5430908203125
1946.74853515625
1946.3592529296875
1944.6287841796875
1947.3280029296875
1944.627685546875
1948.30810546875
1946.77685546875
1946.40478515625
1944.927978515625
1946.577392578125
1944.5748291015625
1940.1065673828125
1939.3187255859373
1938.9002685546875
1945.7633056640625
1950.237548828125
1952.5736083984373
1948.40234375
1946.166748046875
1949.8944091796875
1950.5994873046875
1953.08056640625
1954.826904296875
1948.57373046875
1946.0479736328125
1947.891845703125
1949.6602783203125
1950.32861328125
1947.3924560546875
1946.188232421875
1947.0584716796875
1951.405029296875
1954.321044921875
1954.9642333984373
1954.7362060546875
1953.20751953125
1950.1192626953125
1947.557373046875
1950.14990234375
1952.8353271484373
1956.63330078125
1953.4364013671875
1952.47998046875
1950.512939453125
1952.39404296875
1948.9158935546875
1951.5245361328125
1950.475341796875
1952.02099609375
1956.97314453125
1954.764892578125
1951.946044921875
1950.634033203125
1956.397705078125
1954.977783203125
1956.21044921875
1958.05126953125
1955.2772216796875
1953.606201171875
1957.9613037109373
1955.33447265625
1956.647705078125
1955.3565673828125
1953.7637939453125
1952.9124755859373
1953.2679443359373
1956.2191162109373
1955.7476806640625
1954.923095703125
1958.19677734375
1957.8482666015625
1952.942138671875
1950.225830078125
1951.5440673828125
1952.24853515625
1951.3140869140625
1954.6390380859373
1954.6802978515625
1954.9287109375
1953.708740234375
1951.3824462890625
1955.045654296875
1958.3287353515625
1958.072509765625
1954.668701171875
1957.3074951171875
1952.6109619140625
1955.0819091796875
1957.5584716796875
1955.8824462890625
1955.80908203125
1953.51220703125
1952.9442138671875
1955.391845703125
1958.735595703125
1958.1724853515625
1959.8175048828125
1958.052001953125
1957.6678466796875
1957.7193603515625
1961.93896484375
1956.514892578125
1953.3359375
1949.59130859375
1948.39501953125
1946.245361328125
1928.653076171875
1929.3599853515625
1935.0531005859373
1941.05419921875
1957.14306640625
1960.2852783203125
1952.044677734375
1952.9949951171875
1955.67822265625
1955.160888671875
1953.4559326171875
1953.9117431640625
1962.579345703125
1960.02734375
1958.4202880859373
1959.5487060546875
1960.486083984375
1962.2740478515625
1959.5322265625
1955.4056396484373
1954.512451171875
1957.6268310546875
1954.073486328125
1950.548095703125
1949.44091796875
1956.107666015625
1959.8594970703125
1961.9512939453125
1957.802978515625
1952.936279296875
1956.787841796875
1960.7984619140625
1961.16162109375
1961.3297119140625
1959.1981201171875
1956.9000244140625
1953.594482421875
1955.39404296875
1957.5023193359373
1957.8006591796875
1957.3245849609373
1957.619873046875
1958.1539306640625
1960.55224609375
1964.0648193359373
1963.936279296875
1966.85791015625
1961.4296875
1960.6929931640625
1960.227294921875
1962.6585693359373
1961.940185546875
1959.091064453125
1959.43310546875
1958.4136962890625
1956.537841796875
1956.271240234375
1957.2327880859373
1960.1890869140625
1956.904052734375
1952.6708984375
1954.341552734375
1955.09912109375
1958.400146484375
1961.3118896484373
1964.359375
1962.2108154296875
1963.4012451171875
1963.92041015625
1966.0367431640625
1964.584716796875
1959.8203125
1956.1253662109373
1958.408447265625
1961.08447265625
1966.2359619140625
1964.46435546875
1965.2462158203125
1966.12548828125
1969.1373291015625
1965.4976806640625
1961.4501953125
1957.7259521484373
1958.3868408203125
1955.4342041015625
1961.16162109375
1964.2872314453125
1963.8812255859373
1961.0347900390625
1962.9122314453125
1964.680908203125
1962.3638916015625
1966.4949951171875
1966.0994873046875
1969.1502685546875
1970.16748046875
