-680.4694213867188
-621.6199951171875
-563.456298828125
-480.6555786132813
-408.2600708007813
-337.76129150390625
-278.1807556152344
-238.7515411376953
-194.0305328369141
-145.63648986816406
-107.93914794921876
-62.48136138916016
2.0177366733551025
64.64427947998047
120.27728271484376
208.7619781494141
296.5152587890625
387.5033264160156
488.5774536132813
591.6505737304688
685.1263427734375
762.7705688476562
822.6642456054688
879.642333984375
892.5010986328125
905.89501953125
943.2208862304688
1012.0973510742188
1032.1103515625
989.2681884765624
981.9191284179688
1030.202880859375
1093.143310546875
1103.35302734375
1062.0628662109375
1050.7139892578125
1092.1978759765625
1159.612548828125
1171.38720703125
1135.1171875
1126.5623779296875
1140.692138671875
1181.431884765625
1198.4658203125
1205.7742919921875
1236.415283203125
1242.337890625
1212.6090087890625
1209.6727294921875
1237.973876953125
1281.777587890625
1282.35888671875
1291.9512939453125
1318.256103515625
1326.5301513671875
1304.6795654296875
1294.0811767578125
1303.84912109375
1330.3675537109375
1360.385986328125
1364.0341796875
1341.8681640625
1328.57666015625
1347.186279296875
1373.2398681640625
1370.9176025390625
1349.4267578125
1336.23046875
1337.8704833984375
1354.4161376953125
1376.346923828125
1401.932861328125
1401.09375
1397.3515625
1411.131591796875
1432.0546875
1431.4278564453125
1415.1168212890625
1404.0
1413.252197265625
1431.6463623046875
1437.035888671875
1426.408447265625
1429.864013671875
1442.506591796875
1460.7850341796875
1465.492919921875
1449.1087646484375
1440.0302734375
1447.6597900390625
1463.1715087890625
1476.459716796875
1477.0697021484375
1458.5081787109375
1452.684326171875
1460.0406494140625
1472.30810546875
1490.0765380859375
1488.4794921875
1475.4498291015625
1470.5948486328125
1472.676513671875
1488.6641845703125
1508.8656005859375
1510.5966796875
1491.837158203125
1483.8538818359375
1485.4095458984375
1502.428955078125
1518.4501953125
1518.272216796875
1500.4984130859375
1491.3458251953125
1497.8182373046875
1510.5357666015625
1519.2728271484375
1513.23388671875
1508.259033203125
1515.1474609375
1528.2872314453125
1527.2344970703125
1526.2523193359375
1531.078857421875
1531.1064453125
1530.6376953125
1540.5177001953125
1542.796142578125
1530.1915283203125
1522.2545166015625
1526.9945068359375
1535.103271484375
1550.532470703125
1547.462158203125
1537.108154296875
1531.5068359375
1533.40869140625
1543.83056640625
1553.188720703125
1560.3011474609375
1556.0657958984375
1546.5369873046875
1545.6676025390625
1550.6044921875
1561.00732421875
1565.2471923828125
1567.083740234375
1554.8125
1547.3868408203125
1555.2249755859375
1567.4542236328125
1575.16943359375
1583.0185546875
1581.2120361328125
1569.8642578125
1564.44189453125
1568.4508056640625
1578.4375
1587.34765625
1583.02783203125
1573.03173828125
1569.6893310546875
1577.735107421875
1591.103759765625
1602.4293212890625
1598.6212158203125
1587.526611328125
1583.3861083984375
1590.95654296875
1599.3951416015625
1605.1025390625
1600.6895751953125
1592.2998046875
1587.7794189453125
1598.688232421875
1608.4112548828125
1615.7923583984375
1613.5927734375
1604.0938720703125
1600.83837890625
1603.6260986328125
1614.1378173828125
1626.395263671875
1624.7689208984375
1610.075927734375
1605.7607421875
1605.1259765625
1612.2908935546875
1623.7662353515625
1624.329345703125
1610.704833984375
1608.1373291015625
1618.7109375
1630.92236328125
1635.743408203125
1631.2978515625
1620.8209228515625
1613.4827880859375
1615.93798828125
1623.672607421875
1628.515625
1636.1064453125
1637.18994140625
1622.279052734375
1619.911865234375
1625.1602783203125
1634.6878662109375
1645.8701171875
1651.0028076171875
1646.7840576171875
1633.69287109375
1626.546875
1628.2021484375
1635.2431640625
1637.381103515625
1640.17529296875
1650.050048828125
1650.006103515625
1647.3370361328125
1646.431884765625
1650.8675537109375
1656.16162109375
1657.78857421875
1650.2972412109375
1645.55517578125
1647.43896484375
1650.6640625
1657.330322265625
1662.1903076171875
1672.32421875
1667.7933349609375
1665.3486328125
1664.911865234375
1668.056396484375
1673.0048828125
1670.95947265625
1669.8883056640625
1676.2449951171875
1684.137451171875
1686.3199462890625
1676.0233154296875
1668.1064453125
1672.38037109375
1678.046875
1683.8106689453125
1689.2132568359375
1694.4337158203125
1691.849365234375
1683.98486328125
1684.162841796875
1686.698486328125
1694.58154296875
1694.7666015625
1693.131591796875
1697.3349609375
1660.4842529296875
1662.419189453125
1665.626220703125
1706.99365234375
1708.763427734375
1712.51025390625
1712.4537353515625
1710.79736328125
1712.1217041015625
1716.0289306640625
1720.6385498046875
1720.0517578125
1713.1824951171875
1709.4915771484375
1712.22607421875
1711.91796875
1715.33251953125
1720.5556640625
1729.6278076171875
1730.248779296875
1727.215576171875
1727.69921875
1732.958251953125
1732.3297119140625
1735.359375
1735.2852783203125
1740.76416015625
1736.2042236328125
1734.572021484375
1733.27197265625
1736.0540771484375
1738.64208984375
1746.4384765625
1749.0279541015625
1743.9603271484375
1737.821044921875
1741.7666015625
1750.10888671875
1750.65966796875
1740.3203125
1737.5784912109375
1739.4971923828125
1745.7154541015625
1751.0386962890625
1753.89599609375
1752.0904541015625
1746.8629150390625
1746.21728515625
1709.5582275390625
1714.843017578125
1717.9765625
1756.94873046875
1759.2152099609375
1720.912841796875
1721.9783935546875
1718.944580078125
1755.1746826171875
1750.53076171875
1753.7340087890625
1758.700439453125
1764.3834228515625
1762.389404296875
1760.8631591796875
1761.6195068359375
1769.9185791015625
1768.3046875
1761.322509765625
1761.986083984375
1768.737060546875
1773.1702880859375
1768.3192138671875
1765.94873046875
1763.3443603515625
1690.647705078125
1691.4315185546875
1692.860107421875
1731.612060546875
1732.34619140625
1767.390625
1764.233154296875
1764.4554443359375
1771.88916015625
1779.4449462890625
1779.3980712890625
1774.841064453125
1779.2152099609375
1789.1036376953125
1786.97998046875
1775.6937255859375
1767.2215576171875
1763.6658935546875
1734.7457275390625
1738.7015380859375
1778.2789306640625
1784.7203369140625
1782.44384765625
1772.9112548828125
1763.478759765625
1766.6240234375
1774.974853515625
1780.6260986328125
1786.7830810546875
1793.986083984375
1789.1534423828125
1787.779052734375
1788.147216796875
1791.3994140625
1790.65185546875
1782.5791015625
1781.0975341796875
1787.3050537109375
1792.978759765625
1784.9647216796875
1785.1763916015625
1784.79248046875
1789.1416015625
1797.266845703125
1797.9482421875
1793.55517578125
1790.8197021484375
1794.7362060546875
1798.1400146484375
1801.513916015625
1798.6778564453125
1784.97900390625
1777.0433349609375
1776.23486328125
1784.418701171875
1790.0943603515625
1792.317626953125
1794.1307373046875
1798.1546630859375
1801.0528564453125
1800.728271484375
1795.6259765625
1789.5430908203125
1788.4664306640625
1792.114501953125
1798.0194091796875
1798.7930908203125
1800.2559814453125
1802.1077880859373
1806.4326171875
1804.544189453125
1805.2249755859373
1806.6646728515625
1808.9654541015625
1810.5040283203125
1808.7293701171875
1804.3238525390625
1803.8681640625
1765.438720703125
1771.1279296875
1807.93212890625
1803.44970703125
1809.2723388671875
1815.3448486328125
1812.8704833984373
1809.969482421875
1810.6785888671875
1818.4998779296875
1813.334228515625
1806.27783203125
1800.567626953125
1803.538330078125
1807.01416015625
1809.927978515625
1810.20458984375
1818.263427734375
1823.3690185546875
1825.4508056640625
1814.4862060546875
1809.753173828125
1806.709716796875
1811.7542724609373
1813.1947021484373
1819.6798095703125
1820.4404296875
1822.1383056640625
1816.39111328125
1813.4559326171875
1814.9307861328125
1821.180419921875
1827.848388671875
1823.048583984375
1817.6800537109373
1820.03173828125
1824.1505126953125
1828.18408203125
1822.9783935546875
1819.5301513671875
1824.4317626953125
1831.26806640625
1828.87646484375
1820.993408203125
1814.607666015625
1814.6290283203125
1816.4056396484373
1822.77001953125
1824.59716796875
1827.228759765625
1823.0184326171875
1825.4412841796875
1834.6351318359373
1829.231689453125
1824.3363037109373
1819.8162841796875
1820.823486328125
1821.471435546875
1823.5313720703125
1830.444091796875
1834.611572265625
1833.497314453125
1832.8370361328125
1837.1400146484373
1833.4066162109373
1830.8682861328125
1829.9677734375
1831.4429931640625
1832.3203125
1838.6851806640625
1836.962158203125
1836.4521484375
1835.142822265625
1836.8768310546875
1840.559814453125
1842.0921630859373
1838.2802734375
1832.478271484375
1831.2750244140625
1834.7086181640625
1837.797607421875
1836.97998046875
1798.3265380859375
1752.260009765625
1793.079833984375
1837.7041015625
1839.0238037109373
1795.56982421875
1794.3890380859375
1793.984375
1836.0113525390625
1838.964111328125
1838.1651611328125
1840.2269287109373
1841.4222412109373
1841.5401611328125
1837.77734375
1829.4512939453125
1831.4228515625
1840.4365234375
1847.3712158203125
1847.3956298828125
1844.214111328125
1839.8287353515625
1844.004638671875
1847.953125
1855.24462890625
1849.8590087890625
1844.883544921875
1801.91064453125
1801.654541015625
1847.7054443359373
1806.2073974609373
1806.7261962890625
1809.89892578125
1852.5732421875
1847.8648681640625
1845.9027099609373
1849.10986328125
1853.3739013671875
1850.053955078125
1849.1300048828125
1845.57275390625
1847.087646484375
1847.6962890625
1851.8048095703125
1853.7918701171875
1850.9058837890625
1851.3582763671875
1851.7862548828125
1852.3302001953125
1854.252197265625
1856.7467041015625
1855.4937744140625
1857.2503662109373
1859.5040283203125
1854.6890869140625
1854.2811279296875
1852.85546875
1857.5244140625
1861.7305908203125
1865.15283203125
1862.633544921875
1859.54150390625
1862.396240234375
1862.560791015625
1853.0831298828125
1845.415283203125
1849.0224609375
1853.29736328125
1858.8662109375
1860.592041015625
1861.9083251953125
1860.4381103515625
1855.693603515625
1853.2454833984373
1856.5994873046875
1817.1361083984373
1820.231689453125
1867.509033203125
1863.9278564453125
1861.3048095703125
1867.2952880859373
1869.2081298828125
1868.7080078125
1861.2191162109373
1855.8656005859373
1857.0263671875
1858.3126220703125
1861.8115234375
1863.2752685546875
1869.2537841796875
1873.2347412109373
1869.982177734375
1861.5205078125
1861.6876220703125
1862.300048828125
1866.4951171875
1868.1552734375
1866.966064453125
1859.598388671875
1858.521240234375
1868.9248046875
1869.9212646484373
1869.2940673828125
1868.313720703125
1866.12255859375
1870.7822265625
1872.911865234375
1871.9134521484373
1872.91748046875
1870.2559814453125
1865.59326171875
1857.7901611328125
1860.26904296875
1863.1964111328125
1865.6494140625
1864.785888671875
1857.3043212890625
1851.807373046875
1853.994384765625
1849.684326171875
1849.2735595703125
1810.852294921875
1719.2110595703125
1677.30908203125
1680.0489501953125
1775.177490234375
1772.1617431640625
1819.97509765625
1777.9920654296875
1827.4346923828125
1870.955322265625
1828.966064453125
1821.332763671875
1820.8157958984373
1861.79443359375
1858.9359130859373
1860.7728271484373
1868.2203369140625
1867.1754150390625
1866.925048828125
1872.2198486328125
1876.2802734375
1872.4940185546875
1871.3831787109373
1872.30908203125
1876.2393798828125
1876.78857421875
1869.95654296875
1868.8857421875
1874.2857666015625
1881.840576171875
1879.1802978515625
1874.344482421875
1867.7852783203125
1872.078125
1873.502197265625
1870.5118408203125
1868.792236328125
1876.095947265625
1878.6009521484373
1874.04052734375
1871.6868896484373
1874.732177734375
1877.1875
1877.8175048828125
1876.708251953125
1872.2171630859373
1868.63671875
1870.2103271484373
1874.129638671875
1877.16748046875
1879.03662109375
1875.443603515625
1870.8028564453125
1874.763916015625
1874.641357421875
1877.80419921875
1879.7894287109373
1884.91064453125
1884.1802978515625
1883.3692626953125
1882.88330078125
1886.07177734375
1885.74365234375
1883.6903076171875
1882.3837890625
1881.9931640625
1882.162353515625
1884.9189453125
1884.899169921875
1885.4515380859373
1883.8873291015625
1874.9798583984373
1874.3065185546875
1874.881591796875
1880.9420166015625
1884.309814453125
1888.7379150390625
1894.72607421875
1893.5196533203125
1890.9139404296875
1888.077392578125
1888.9693603515625
1892.290283203125
1887.2840576171875
1883.665771484375
1879.4525146484373
1882.2852783203125
1882.012451171875
1883.332763671875
1885.33056640625
1891.373779296875
1892.12158203125
1894.30517578125
1897.656982421875
1891.4512939453125
1885.8800048828125
1889.2730712890625
1893.122802734375
1893.85595703125
1893.4613037109373
1893.072021484375
1892.6009521484373
1894.466064453125
1895.3118896484373
1894.7901611328125
1893.686279296875
1894.8917236328125
1896.0472412109373
1896.060791015625
1896.5189208984373
1896.630615234375
1894.87451171875
1900.27001953125
1901.9859619140625
1901.518798828125
1898.2451171875
1898.1668701171875
1898.83154296875
1900.5462646484373
1899.498779296875
1892.28271484375
1891.1656494140625
1892.2467041015625
1895.7872314453125
1897.84765625
1899.1097412109373
1898.3341064453125
1895.8779296875
1894.5589599609373
1896.690185546875
1903.2169189453125
1899.538330078125
1892.0855712890625
1891.1781005859373
1894.858154296875
1896.2288818359373
1894.4591064453125
1896.66845703125
1900.5472412109373
1898.9251708984373
1898.0010986328125
1899.379638671875
1902.3399658203125
1903.3192138671875
1901.654541015625
1900.9462890625
1900.0831298828125
1903.983154296875
1908.2052001953125
1904.895263671875
1899.405029296875
1895.6295166015625
1896.171142578125
1897.8597412109373
1904.96044921875
1909.71826171875
1907.1605224609373
1899.6617431640625
1895.663330078125
1893.9185791015625
1897.4317626953125
1899.147216796875
1899.6556396484373
1903.28515625
1908.487060546875
1911.2930908203125
1910.705810546875
1906.4295654296875
1901.2205810546875
1896.9892578125
1895.1656494140625
1900.634033203125
1904.1153564453125
1904.8804931640625
1904.9842529296875
1910.0706787109373
1909.2415771484373
1906.06640625
1906.09912109375
1909.265625
1912.8076171875
1908.1724853515625
1902.85693359375
1900.628173828125
1902.43701171875
1906.1009521484373
1910.123291015625
1912.4112548828125
1912.5
1914.760498046875
1915.5823974609373
1912.83203125
1912.482177734375
1910.2225341796875
1914.4659423828125
1918.1312255859373
1915.21533203125
1912.4415283203125
1910.2755126953125
1913.92626953125
1917.2861328125
1914.1842041015625
1910.51171875
1908.8365478515625
1907.7188720703125
1907.2750244140625
1909.5909423828125
1914.7392578125
1918.72265625
1918.3924560546875
1913.667236328125
1911.4715576171875
1912.0902099609373
1912.740966796875
1913.98974609375
1914.5189208984373
1915.262451171875
1915.2421875
1914.0078125
1913.4825439453125
1912.912841796875
1912.4771728515625
1912.9384765625
1915.690185546875
1915.688232421875
1915.1910400390625
1917.490478515625
1921.2308349609373
1915.625
1913.8538818359373
1914.536865234375
1914.8179931640625
1914.25390625
1918.9307861328125
1924.70654296875
1927.6329345703125
1922.1405029296875
1916.3681640625
1911.2322998046875
1913.9189453125
1874.7535400390625
1876.746826171875
1876.6658935546875
1923.2701416015625
1923.909423828125
1918.120361328125
1911.530029296875
1913.91259765625
1917.4873046875
1916.7205810546875
1916.4017333984373
1919.92724609375
1922.64599609375
1922.5675048828125
1921.50732421875
1921.8221435546875
1920.5877685546875
1920.3260498046875
1918.8638916015625
1925.3309326171875
1922.93603515625
1922.6522216796875
1918.4320068359373
1921.1005859375
1920.758544921875
1922.868408203125
1922.6993408203125
1923.77734375
1925.99169921875
1923.86279296875
1918.364501953125
1918.6231689453125
1921.8966064453125
1927.934326171875
1928.2105712890625
1924.4447021484373
1923.3956298828125
1926.2852783203125
1929.828857421875
1928.094482421875
1931.0211181640625
1925.9029541015625
1923.71484375
1927.0660400390625
1927.3404541015625
1928.7042236328125
1929.53564453125
1928.9764404296875
1925.943115234375
1925.482177734375
1927.549072265625
1927.810302734375
1927.6534423828125
1931.1959228515625
1931.5615234375
1929.9759521484373
1927.1387939453125
1926.3673095703125
1924.853759765625
1926.3338623046875
1929.9429931640625
1928.762451171875
1929.977783203125
1932.0894775390625
1935.4212646484373
1930.8531494140625
1923.20947265625
1919.4342041015625
1922.141845703125
1928.2249755859373
1930.6990966796875
1930.07568359375
1933.692138671875
1934.65673828125
1933.3634033203125
1934.77392578125
1936.2645263671875
1939.5556640625
1936.1651611328125
1934.02734375
1936.9849853515625
1939.921875
1936.2325439453125
1933.4888916015625
1934.5982666015625
1933.689697265625
1932.24462890625
1931.596923828125
1932.5333251953125
1927.0927734375
1928.4501953125
1933.79296875
1933.30224609375
1936.4892578125
1937.3408203125
1936.4150390625
1936.3232421875
1939.8988037109373
1944.3505859375
1941.5653076171875
1932.2677001953125
1929.4488525390625
1930.2059326171875
1934.0098876953125
1939.956298828125
1943.8812255859373
1941.65185546875
1938.74560546875
1933.893310546875
1934.95751953125
1939.18359375
1945.1048583984373
1944.6324462890625
1943.556884765625
1941.3917236328125
1943.97265625
1945.89404296875
1943.046875
1938.3062744140625
1937.3382568359373
1936.36962890625
1934.3648681640625
1935.569091796875
1935.3157958984373
1940.313232421875
1947.6195068359373
1946.59130859375
1941.1837158203125
1943.1053466796875
1945.7476806640625
1949.8447265625
1948.632080078125
1942.431396484375
1942.118408203125
1946.9002685546875
1947.2337646484373
1943.6478271484373
1942.287841796875
1943.5062255859373
1947.2322998046875
1952.1309814453125
1948.7432861328125
1944.43408203125
1942.52685546875
1946.1719970703125
1949.9503173828125
1950.47412109375
1946.100830078125
1946.56591796875
1946.3729248046875
1951.8057861328125
1953.11474609375
1951.26611328125
1951.8299560546875
1955.0615234375
1955.3287353515625
1953.319580078125
1948.5965576171875
1943.6490478515625
1942.3909912109373
1946.063720703125
1949.710205078125
1954.9296875
1951.453857421875
1948.3438720703125
1946.89599609375
1951.0809326171875
1955.7001953125
1956.0972900390625
1955.02197265625
1950.3438720703125
1948.0262451171875
1944.6669921875
1943.3790283203125
1946.2147216796875
1950.00927734375
1951.73681640625
1951.7650146484373
1952.8778076171875
1948.340576171875
1947.3079833984373
1950.8734130859373
1951.4560546875
1956.4775390625
1953.5341796875
1952.1767578125
1952.7371826171875
1954.35595703125
1955.0166015625
1952.38232421875
1949.9376220703125
1950.4716796875
1956.10302734375
1953.1820068359373
1953.3572998046875
1953.180908203125
1958.1162109375
1960.4324951171875
1960.67041015625
1955.321044921875
1951.8001708984373
1953.5540771484373
1958.3297119140625
1961.8035888671875
1964.504638671875
1962.76513671875
1961.0723876953125
1956.4989013671875
1957.0018310546875
1959.5487060546875
1961.7908935546875
1961.8740234375
1965.306396484375
1967.70556640625
1967.641357421875
1961.93359375
1960.520263671875
1962.5472412109373
1963.6683349609373
1962.6231689453125
1956.787841796875
1953.6737060546875
1957.19091796875
1957.7740478515625
1962.79248046875
1963.9117431640625
1969.421142578125
1967.0517578125
1965.4320068359373
1962.983154296875
1964.9754638671875
1967.8310546875
1969.036376953125
1966.583740234375
1961.3455810546875
1957.968017578125
1958.4744873046875
1959.998779296875
1962.12255859375
1967.380126953125
1969.1885986328125
1965.332763671875
1961.6162109375
1961.8050537109373
1962.7183837890625
1967.072021484375
1970.9732666015625
1971.69091796875
1967.3626708984373
1962.1728515625
1962.6778564453125
1964.4364013671875
1962.90478515625
1962.2081298828125
1964.626708984375
1967.2545166015625
1966.4080810546875
1965.778076171875
1963.8443603515625
1963.5869140625
1967.110107421875
1970.2694091796875
1968.5059814453125
1967.416748046875
1968.5848388671875
1968.3533935546875
1968.2181396484373
1966.787841796875
1964.049072265625
1966.01025390625
1965.7767333984373
1968.680908203125
1968.87158203125
1966.1474609375
1966.1778564453125
1967.4892578125
1968.3895263671875
1969.2462158203125
1969.16650390625
1967.2225341796875
1968.1925048828125
1975.379638671875
1972.7215576171875
1967.81689453125
1963.9727783203125
1965.594482421875
1966.08447265625
1969.569580078125
1972.532470703125
1973.537353515625
1974.7933349609373
1971.0997314453125
1963.0567626953125
1963.5565185546875
1966.6329345703125
1969.3232421875
1973.099365234375
1973.5244140625
1973.9300537109373
1972.6622314453125
1972.444091796875
1971.0501708984373
1970.95361328125
1974.2996826171875
1977.2926025390625
1975.75732421875
1975.0894775390625
1975.2548828125
1976.660888671875
1979.8564453125
1987.5589599609373
1986.0196533203125
1977.6329345703125
1973.403076171875
1976.128173828125
1979.8629150390625
1977.8740234375
1982.6256103515625
1981.9390869140625
1981.23486328125
1980.9122314453125
1982.740478515625
1982.5662841796875
1983.809326171875
1983.4000244140625
1983.83154296875
1986.792236328125
1985.1624755859373
1979.6251220703125
1977.959716796875
1979.6837158203125
1984.71875
1983.5765380859373
1984.25439453125
1985.8380126953125
1989.21630859375
1989.2198486328125
1986.552001953125
1987.1363525390625
1989.789794921875
1989.3553466796875
1987.73681640625
1988.8089599609373
1991.7498779296875
1986.53955078125
1985.09033203125
1982.0411376953125
1982.4376220703125
1985.318603515625
1987.3179931640625
1989.72802734375
1987.1724853515625
1989.596923828125
1991.5462646484373
1995.548095703125
1990.1785888671875
1990.825927734375
1990.8472900390625
1994.4854736328125
1990.7666015625
1990.541748046875
1989.424072265625
1990.809814453125
1989.1949462890625
1985.99462890625
1987.4486083984373
1992.3695068359373
1995.5831298828125
1991.9736328125
1985.4520263671875
1987.576416015625
1991.5921630859373
1993.2635498046875
1993.00341796875
1989.4921875
1989.3187255859373
1989.9620361328125
1989.2073974609373
1989.8319091796875
1992.818115234375
1993.2806396484373
1997.3397216796875
1995.350341796875
1997.1600341796875
1993.353271484375
1991.9588623046875
1994.0255126953125
1992.194091796875
1986.4573974609373
1985.585205078125
1987.385986328125
1989.0313720703125
1988.8616943359373
1994.6768798828125
1994.91162109375
1994.4737548828125
1994.075927734375
1992.800048828125
1993.8922119140625
1996.7840576171875
1994.3427734375
1993.1351318359373
1993.7381591796875
1996.3265380859373
1998.46630859375
1994.7509765625
1992.0426025390625
1991.8031005859373
1992.6920166015625
1992.5810546875
1996.8701171875
1999.2734375
1999.7572021484373
2001.5430908203125
1997.33935546875
1996.9456787109373
1992.64306640625
1993.76416015625
1995.7142333984373
1998.2523193359373
2001.6668701171875
1996.7894287109373
1991.9647216796875
1990.035888671875
1993.19873046875
1998.6357421875
2001.213134765625
1996.6312255859373
1994.375732421875
1995.005615234375
1997.6168212890625
1999.58203125
2001.74169921875
2002.123291015625
1996.1802978515625
1992.06494140625
1995.9140625
1997.6602783203125
1998.2457275390625
1998.7908935546875
2000.6881103515625
2002.977294921875
1999.86328125
1997.8983154296875
2001.8128662109373
2003.61328125
2007.510986328125
2003.78271484375
1994.5709228515625
1987.7730712890625
1988.1832275390625
1994.7828369140625
2000.4320068359373
2003.2548828125
2001.387451171875
2002.02587890625
2006.7254638671875
2005.3597412109373
2001.0098876953125
2001.5372314453125
2002.9173583984373
2005.40966796875
2005.3321533203125
2001.69970703125
1999.7376708984373
1997.76904296875
2003.25244140625
2005.127685546875
2008.5992431640625
2004.2906494140625
2001.6441650390625
2002.109375
2002.13623046875
2006.6585693359373
2010.1376953125
2009.1558837890625
2005.8564453125
2006.5308837890625
2008.740478515625
2010.1527099609373
2005.4320068359373
2005.0506591796875
2006.73974609375
2012.56689453125
2010.5015869140625
2006.178466796875
2006.4256591796875
2009.65869140625
2011.751220703125
2011.6468505859373
2009.8590087890625
2011.91357421875
2010.815673828125
2009.703857421875
2010.2535400390625
2011.2784423828125
2010.79541015625
2006.9671630859373
2004.6351318359373
2008.9840087890625
2008.375732421875
2010.08154296875
2011.94287109375
2011.8787841796875
2010.4945068359373
2011.547607421875
2012.9248046875
2014.1192626953125
2015.41650390625
2012.9508056640625
2011.380615234375
2012.7080078125
2014.0523681640625
2015.341064453125
2011.93408203125
2010.5145263671875
2007.4801025390625
2008.796142578125
2006.5618896484373
2011.57861328125
2009.819091796875
2007.182861328125
2007.9000244140625
2010.717529296875
2011.27783203125
2011.0958251953125
2012.0692138671875
2016.39501953125
2016.6231689453125
2014.9984130859373
2012.642333984375
2012.46484375
2015.99365234375
2016.24951171875
2013.6890869140625
2010.1448974609373
2011.75244140625
2013.8470458984373
2020.9652099609373
2020.4097900390625
2015.086669921875
2013.9573974609373
2016.896728515625
2016.0511474609373
2015.6466064453125
2016.415771484375
2016.59765625
2015.815673828125
2018.2962646484373
2017.873779296875
2017.9686279296875
2017.02490234375
2019.815673828125
2017.419189453125
2016.1700439453125
2015.94384765625
2017.7637939453125
2023.339111328125
2026.1488037109373
2021.6097412109373
2019.6630859375
2018.2730712890625
2018.46240234375
2018.91015625
2017.045166015625
2015.88232421875
2015.1026611328125
2018.6529541015625
2023.3023681640625
2022.8717041015625
2022.415283203125
2019.7576904296875
2013.2901611328125
2010.666259765625
2010.65478515625
2015.6134033203125
2017.8118896484373
2018.03955078125
2018.517822265625
2016.73193359375
2015.630615234375
2017.0072021484373
2019.22900390625
2020.15625
2025.885986328125
2023.6495361328125
2021.42626953125
2020.920166015625
2026.156982421875
2028.2529296875
2025.129638671875
2022.53564453125
2024.3004150390625
2027.19482421875
2025.1463623046875
2023.370361328125
2023.4990234375
2024.0587158203125
2022.1773681640625
2022.8304443359373
2025.8453369140625
2028.7254638671875
2024.6636962890625
2022.044189453125
2018.6134033203125
2019.6075439453125
2021.2125244140625
2023.0892333984373
2023.3511962890625
2021.28125
2020.8209228515625
2022.13916015625
2025.1484375
2027.70068359375
2027.9515380859373
2021.5648193359373
2018.9119873046875
2019.771728515625
2022.1177978515625
2024.41650390625
2023.5703125
2024.0513916015625
2025.803466796875
2026.9915771484373
2029.0762939453125
2030.64501953125
2028.4005126953125
2023.40185546875
2022.2816162109373
2026.3118896484373
2027.4967041015625
2025.9039306640625
2028.4268798828125
2029.1455078125
2028.2735595703125
2029.4793701171875
2028.67626953125
2029.498779296875
2025.5418701171875
2026.0635986328125
2027.24658203125
2031.08154296875
2032.88330078125
2032.3905029296875
2025.6650390625
2027.1697998046875
2028.262451171875
2028.0931396484373
2025.635009765625
2028.6630859375
2026.61767578125
2027.59716796875
