35.2
27.94
32.14
37.12
31.42
26.46
25.3
37.51
28.74
11.62
13.7
17.62
14.44
8.53
10.73
15.27
17.2
21.19
19.21
11.72
11.58
16.32
11.04
2.42
4.7
10.36
14.32
14.15
14.26
17.15
13.11
7.79
8.72
14.28
10.92
6.11
8.53
7.37
4.27
9.15
23.62
20.36
6.7
11.61
13.22
7.64
14.37
15.0
23.69
22.78
7.32
9.9
8.02
5.72
14.61
11.47
5.52
7.34
7.76
10.0
12.69
12.82
11.82
10.27
17.38
23.0
23.93
15.64
11.48
23.56
23.89
22.22
19.55
13.02
17.25
27.87
19.75
9.19
13.67
12.39
7.53
14.09
20.44
13.58
18.59
30.43
20.42
17.5
24.52
16.67
13.49
15.87
22.41
28.15
27.23
21.02
10.61
14.0
17.44
14.39
15.88
22.99
16.98
20.12
23.66
15.81
13.21
22.63
23.88
20.88
20.86
20.08
22.39
14.28
12.06
11.85
16.21
13.06
4.71
4.88
9.06
10.01
10.05
17.17
14.04
14.35
16.79
12.06
17.38
15.44
19.15
35.4
29.05
10.59
9.96
18.49
22.56
18.02
12.68
11.08
14.75
16.75
13.39
12.74
16.05
16.98
15.89
17.99
13.81
9.32
12.0
14.7
11.38
10.41
10.53
10.37
11.34
15.4
34.63
24.98
5.57
8.19
7.56
7.83
12.99
14.62
13.3
11.9
8.89
8.88
9.26
6.57
13.53
18.36
9.66
6.37
14.55
18.98
13.88
16.45
18.01
16.53
20.83
17.19
9.87
13.81
20.33
19.7
13.87
26.59
28.55
12.71
10.73
18.84
27.54
18.28
12.05
19.2
17.9
18.49
25.13
21.64
12.6
10.42
13.11
11.4
11.91
10.08
8.47
10.2
23.64
22.96
14.11
21.1
15.69
12.8
16.58
21.51
16.78
9.08
14.04
17.26
19.93
16.06
9.18
7.02
14.54
15.59
10.3
20.15
16.62
10.01
11.23
18.29
22.78
15.07
9.74
12.01
14.64
12.98
17.21
13.85
7.29
6.79
14.16
23.32
14.82
5.55
8.38
17.9
16.39
6.93
13.26
19.77
15.87
16.7
29.12
26.78
17.46
11.59
8.61
16.8
19.07
18.86
15.93
15.78
16.04
25.51
32.44
22.07
17.01
12.87
14.27
16.32
14.86
15.98
18.83
20.44
11.91
9.31
13.39
18.35
23.42
18.96
14.23
11.74
10.7
16.07
20.17
14.3
12.05
14.49
13.68
10.51
12.26
20.35
17.2
13.62
14.14
19.02
15.99
7.96
9.71
14.45
16.48
19.57
20.16
12.33
17.87
20.46
19.25
20.26
23.54
20.92
11.24
14.11
12.92
24.37
25.8
15.55
13.98
9.72
8.81
19.16
24.23
14.31
10.76
17.57
17.4
8.53
18.26
21.56
12.64
9.7
11.29
14.82
17.48
17.56
13.41
18.29
22.55
15.62
13.37
16.15
19.08
17.04
13.61
10.94
8.26
10.16
10.52
14.9
20.96
21.0
14.19
7.67
12.73
15.3
13.53
10.78
10.35
14.78
21.24
23.76
17.61
23.93
21.73
12.74
13.23
18.4
17.27
21.93
27.15
16.31
12.97
10.79
9.19
8.48
22.82
23.54
12.21
24.61
22.94
13.52
18.74
21.07
16.08
12.76
20.09
27.93
19.61
12.6
20.61
18.59
9.34
7.99
13.35
13.92
16.15
16.45
14.98
21.5
15.05
9.24
10.58
13.22
11.17
10.45
22.36
23.87
25.49
33.19
21.66
8.72
13.41
13.11
13.46
17.13
11.83
23.63
27.75
22.08
29.0
22.68
16.72
17.5
13.75
20.68
20.53
12.7
19.25
19.8
23.81
27.36
15.48
12.14
14.97
20.43
19.94
11.1
29.89
38.61
22.94
24.01
23.55
20.55
19.06
18.95
20.69
17.12
14.91
21.15
25.22
18.26
20.8
22.44
20.44
27.75
20.08
14.05
16.22
9.38
8.89
9.32
11.33
15.67
11.22
6.56
12.26
22.2
24.09
18.43
11.79
13.74
17.6
25.34
23.65
13.89
11.78
10.51
10.34
14.31
19.76
22.18
18.25
14.04
12.68
10.03
12.28
11.22
15.01
25.04
21.1
15.88
19.3
19.48
16.46
13.4
10.76
11.22
10.93
18.27
22.16
18.75
16.09
8.38
5.84
10.62
16.0
11.32
9.82
14.51
15.36
15.65
15.39
22.11
25.51
18.0
14.26
12.04
11.15
17.53
15.41
14.92
21.19
18.41
18.09
18.94
18.92
18.74
13.07
7.4
13.78
20.9
23.32
19.33
21.16
23.06
18.32
19.55
15.01
10.69
12.27
10.78
19.74
18.33
8.2
10.7
15.39
24.73
26.91
17.97
9.45
10.71
13.43
16.25
23.0
23.68
21.31
16.21
7.96
11.34
14.3
10.4
11.55
13.22
13.86
11.25
9.77
11.82
11.57
16.23
15.78
11.83
7.37
8.13
10.82
8.67
17.13
15.13
7.74
9.32
12.8
15.34
13.93
13.38
11.0
15.85
17.28
18.07
18.21
12.0
10.83
10.57
8.6
10.7
16.18
14.53
15.79
15.17
