21.24
10.62
12.71
29.58
33.17
22.82
18.7
31.18
31.17
28.06
30.99
31.52
33.76
24.8
27.8
35.36
21.79
14.21
26.05
26.63
22.57
22.19
24.47
31.93
22.11
20.24
18.15
14.04
22.19
19.27
15.58
11.38
9.48
12.96
6.69
9.09
14.1
15.18
12.57
6.7
6.64
6.69
13.8
12.8
8.51
9.55
8.18
9.69
6.84
7.31
9.32
6.94
8.54
5.76
3.62
6.22
4.29
7.47
9.74
7.85
6.69
4.13
16.83
19.84
10.38
11.31
20.33
25.23
15.85
11.3
15.29
27.0
23.32
18.5
14.06
13.71
17.93
10.82
15.6
16.76
15.07
27.15
29.14
15.53
13.69
21.47
16.04
7.87
20.21
26.22
17.23
10.86
8.87
8.69
5.11
9.14
12.53
11.17
9.86
5.2
7.18
13.13
15.53
9.89
9.06
10.26
23.55
28.14
13.44
13.67
29.25
29.36
20.18
21.02
17.84
23.71
26.62
23.34
30.08
21.17
3.87
7.66
18.55
21.41
14.65
14.98
18.05
10.5
13.64
18.64
16.07
17.08
12.89
20.02
18.5
6.74
17.99
25.79
19.76
18.19
18.3
27.29
33.32
27.18
24.66
23.59
19.08
14.91
11.41
10.44
20.93
25.41
20.43
14.35
21.77
29.91
21.96
19.1
23.82
23.85
22.81
23.44
19.83
18.68
15.71
19.95
26.93
30.68
26.09
13.69
10.62
15.53
17.18
12.8
22.41
22.19
11.05
18.51
28.51
25.65
32.95
35.45
16.82
11.32
12.19
19.1
18.81
11.73
17.86
25.2
22.74
15.83
10.79
15.72
19.97
16.7
20.98
24.12
20.64
26.66
32.55
26.74
25.7
16.91
12.11
18.55
23.16
25.69
34.5
28.11
15.54
17.65
16.58
22.7
28.69
33.37
30.5
20.85
21.3
17.8
11.74
16.81
26.1
18.88
6.6
13.12
18.77
13.89
11.61
16.52
21.47
13.1
11.81
20.01
11.21
19.34
23.22
21.5
19.97
9.17
13.18
13.65
21.5
24.89
12.84
5.06
8.19
9.91
8.25
19.81
24.7
10.91
10.7
16.69
10.95
12.81
23.28
20.62
19.37
24.24
14.25
9.18
8.84
8.37
13.45
11.77
8.71
22.33
29.51
15.9
13.94
22.39
19.42
11.85
9.94
10.79
13.8
27.26
26.48
29.94
31.91
11.25
13.38
47.37
39.28
10.62
30.18
33.09
13.27
15.2
20.03
12.77
16.09
15.86
9.91
5.82
18.09
29.86
19.68
9.3
10.84
16.71
12.79
16.82
23.95
22.11
16.32
8.22
17.15
25.73
14.7
8.41
9.22
12.0
11.32
6.23
10.95
18.59
11.65
16.42
36.85
24.95
15.12
15.05
10.18
11.15
10.09
11.52
12.56
11.41
9.72
26.01
26.42
14.81
15.01
17.82
20.29
10.05
12.25
20.48
20.93
16.24
14.11
11.06
4.89
11.8
14.56
7.88
14.43
18.81
9.98
4.09
13.66
15.38
11.08
20.59
17.99
9.88
10.98
14.76
13.87
7.61
5.88
8.36
6.01
4.27
4.14
8.06
6.99
12.12
19.41
13.6
16.64
24.82
18.36
17.38
18.15
7.53
4.83
18.96
19.93
10.56
19.3
19.38
20.32
27.05
20.77
19.68
12.29
0.6
18.09
21.69
8.71
6.77
9.58
11.85
9.15
11.04
11.45
12.4
11.54
17.39
17.34
11.92
15.63
17.01
13.46
13.55
23.16
14.39
2.75
15.69
19.79
28.84
28.99
7.25
4.66
9.0
9.19
11.71
8.34
3.35
10.22
11.31
6.15
7.01
9.23
18.11
18.61
9.19
6.42
21.64
25.65
15.93
32.21
37.08
16.81
9.81
13.49
17.65
19.95
21.23
22.1
15.42
14.15
13.64
19.2
32.33
31.85
25.29
39.71
36.07
23.17
16.5
16.41
22.67
14.56
13.84
8.94
8.46
10.48
11.57
13.0
8.99
8.44
20.54
23.9
8.82
12.24
22.13
18.91
22.41
24.65
14.91
13.21
19.11
19.26
28.51
30.61
28.95
30.17
30.81
26.92
17.33
19.37
19.23
11.74
26.63
38.03
29.54
33.4
21.26
12.56
21.79
26.88
19.53
13.25
16.67
19.56
21.03
19.69
15.9
19.62
20.57
12.83
23.74
26.54
21.38
19.51
15.95
34.5
33.95
12.01
4.69
16.24
25.98
28.52
27.68
32.32
31.75
19.34
21.19
18.07
26.91
30.52
29.3
29.86
30.04
34.82
27.07
18.89
25.92
41.07
26.66
15.52
17.85
11.7
14.46
17.3
14.73
19.16
22.4
14.94
9.69
11.78
29.31
30.14
11.65
11.05
14.8
18.16
14.45
4.03
3.53
13.31
14.17
6.65
10.57
26.22
32.46
20.55
7.42
11.84
14.45
10.82
21.23
26.29
18.69
24.76
27.27
10.15
8.36
17.07
13.26
11.36
11.58
14.65
11.73
3.77
7.94
15.11
11.81
13.07
23.06
18.26
25.95
25.31
11.34
15.47
11.51
2.24
14.31
16.1
7.38
9.67
7.97
6.51
10.87
7.85
4.52
