15.4
16.67
15.74
32.09
30.9
19.69
29.03
34.38
36.43
33.5
31.06
36.54
38.54
31.41
22.12
24.36
27.42
28.6
41.04
29.64
34.19
43.97
38.58
34.37
31.56
34.67
27.0
23.8
21.25
22.0
22.1
16.16
19.63
34.6
32.15
21.76
16.81
10.22
16.93
17.28
9.76
15.29
17.75
11.93
13.02
14.24
11.42
11.15
19.03
18.07
12.07
9.71
6.41
8.12
9.57
7.29
5.34
5.47
5.27
8.37
9.99
7.47
5.43
4.86
10.21
16.61
14.97
11.95
7.88
4.51
5.11
12.58
14.84
15.16
14.46
9.31
11.52
14.18
12.05
10.88
12.36
27.43
30.23
17.13
14.01
8.08
8.35
15.09
16.47
10.88
12.36
15.2
10.33
8.37
7.85
7.02
6.56
8.16
10.43
14.21
14.25
10.45
7.81
10.03
10.77
6.1
6.83
9.29
16.2
21.52
19.9
16.53
19.56
24.85
13.78
2.87
11.08
13.13
7.2
9.59
15.19
16.42
25.06
27.97
23.18
23.17
16.09
7.85
6.78
13.64
20.66
15.4
8.86
17.92
16.38
10.06
18.41
14.18
7.43
17.19
32.47
28.11
16.72
20.86
17.36
15.33
24.82
19.24
15.3
24.26
15.95
9.96
16.81
17.83
14.44
19.12
18.78
11.5
17.11
16.52
12.59
16.6
20.11
22.84
16.9
17.75
25.07
17.73
9.39
11.08
12.08
8.92
9.03
19.57
17.77
12.7
22.0
15.9
19.25
17.9
8.18
16.01
17.79
13.23
8.97
16.23
22.18
17.25
20.77
27.78
20.64
13.8
18.45
17.04
23.22
29.03
22.42
20.94
16.61
19.72
14.39
6.88
7.7
7.38
15.46
20.35
13.29
14.57
27.08
28.14
27.74
23.45
16.68
19.17
14.45
18.83
19.95
19.06
21.81
12.09
7.5
4.45
10.01
11.67
24.4
28.51
14.57
15.94
13.48
18.4
18.29
10.58
15.13
14.47
8.45
7.18
8.07
12.23
30.36
25.23
4.5
20.33
34.38
37.46
32.54
19.47
22.84
24.32
15.41
8.25
18.4
28.13
31.55
26.99
10.87
17.94
18.43
16.28
32.13
29.85
16.21
15.72
15.58
15.01
16.4
7.35
13.48
15.99
15.44
16.97
14.1
21.73
16.14
9.22
16.4
15.03
13.09
12.95
10.05
11.27
9.27
9.39
14.75
18.5
19.09
12.73
8.5
8.82
16.11
18.73
18.44
28.79
31.33
21.61
16.6
15.94
14.93
14.43
17.34
18.06
15.24
19.12
15.7
14.05
12.69
15.51
14.25
14.02
17.27
10.94
12.67
18.39
22.84
19.35
15.64
13.15
12.89
15.08
10.41
14.38
14.49
14.43
14.68
10.46
17.33
18.87
16.6
11.72
14.46
15.04
12.83
12.08
8.2
13.2
15.37
19.02
17.87
15.28
20.06
25.53
21.02
11.2
14.52
14.9
11.26
9.61
9.88
14.0
19.83
20.3
15.21
19.76
34.2
28.98
16.74
15.91
13.88
25.88
23.32
18.81
23.21
13.1
16.56
17.9
15.53
25.72
25.21
19.76
22.34
26.75
20.38
15.44
13.17
14.69
20.79
12.67
9.92
11.28
8.69
15.93
15.23
8.6
10.3
13.04
12.04
15.05
15.16
17.49
19.92
13.64
13.13
13.22
9.33
10.87
13.78
9.73
15.25
23.28
23.67
17.36
21.3
34.45
23.74
13.86
15.78
9.78
14.84
26.28
27.51
24.11
14.5
12.04
20.04
19.15
14.53
16.93
15.11
10.75
10.57
11.57
11.32
19.45
21.25
14.47
12.37
16.28
24.26
20.77
13.82
8.65
9.93
15.42
13.18
8.41
10.21
11.62
13.12
11.9
8.37
12.99
18.05
14.89
14.27
18.45
22.49
15.57
9.29
13.39
25.16
31.27
19.79
11.97
17.51
20.8
12.63
8.4
10.6
21.58
25.85
15.79
11.38
10.3
13.87
13.99
14.41
14.7
8.37
6.04
7.6
10.73
10.45
27.76
27.56
8.15
10.63
25.07
23.33
18.18
19.28
24.46
23.54
14.32
15.19
9.25
17.14
26.46
14.44
11.1
23.51
16.98
14.46
25.87
16.57
9.75
8.97
9.53
14.41
16.3
14.86
9.45
14.34
26.3
25.71
16.14
9.26
11.37
20.5
18.55
10.31
13.48
20.03
19.9
19.29
21.93
18.77
9.62
7.76
12.73
19.6
20.39
11.2
4.67
9.69
12.49
16.16
19.01
17.08
14.08
11.9
19.97
24.79
22.78
15.17
6.97
9.43
15.77
10.82
4.05
8.17
10.58
13.67
14.96
10.25
12.18
15.68
14.02
14.22
11.71
11.29
9.41
8.26
14.99
11.86
11.05
16.12
15.25
9.95
6.67
5.5
8.42
10.0
6.7
4.65
3.91
17.42
21.95
16.21
15.37
8.23
7.13
9.79
11.31
14.15
13.84
11.99
10.46
9.05
12.57
17.13
13.46
10.31
15.4
18.91
13.91
17.81
27.02
22.99
20.54
16.48
8.84
9.56
8.56
9.71
21.23
22.99
17.2
17.13
16.51
16.15
15.17
