27.1
21.42
22.58
31.45
30.88
30.53
29.36
24.37
24.63
24.98
20.95
17.5
17.16
15.88
13.36
10.37
13.69
15.04
12.67
25.39
29.06
16.83
11.62
14.45
17.34
13.52
10.17
11.04
9.28
7.96
10.45
9.38
11.1
14.55
8.48
4.78
10.4
10.67
9.93
7.82
4.08
3.36
4.53
11.3
11.46
8.4
8.78
6.48
6.52
14.0
14.07
10.72
10.76
9.42
8.85
7.53
6.0
6.79
8.89
7.69
13.49
15.55
8.04
7.93
10.99
16.99
15.0
11.29
16.3
9.98
10.37
32.07
31.58
18.07
14.52
9.14
9.79
16.82
17.32
8.36
8.65
19.41
21.52
17.7
40.71
42.5
11.67
7.87
14.66
9.39
10.69
13.34
17.06
28.9
25.32
16.21
10.77
9.29
13.83
14.67
12.38
12.01
18.47
26.85
28.21
21.82
11.09
9.46
8.59
6.19
23.38
29.66
18.08
12.26
6.4
13.23
17.2
8.88
6.51
6.94
9.93
14.63
12.99
6.9
4.99
6.19
10.34
9.78
5.39
12.27
11.65
13.31
12.6
9.1
15.36
16.48
10.03
4.03
12.42
11.19
4.07
9.16
9.79
12.21
14.09
8.34
6.02
6.68
8.24
14.32
20.25
17.53
11.94
18.79
21.03
15.83
18.75
14.25
12.71
17.81
13.09
6.11
14.15
15.56
9.69
9.64
19.92
17.83
11.19
15.92
17.24
25.18
27.54
16.81
7.68
18.23
23.8
18.78
14.43
25.14
26.98
11.37
5.63
10.4
23.52
20.21
17.65
12.88
4.81
7.51
17.46
18.03
18.95
21.65
17.66
17.2
11.2
18.37
18.46
14.82
24.42
23.12
21.45
32.01
40.3
31.5
15.0
13.23
16.91
17.49
18.58
16.42
20.4
28.21
19.55
10.17
16.38
15.73
12.2
16.12
13.24
18.63
29.11
28.29
18.4
11.01
12.7
23.52
48.42
42.73
18.92
13.16
14.78
14.91
17.29
21.6
14.98
10.19
18.23
38.58
34.78
24.31
25.35
20.41
22.88
20.42
13.51
16.58
25.98
29.13
22.39
14.73
14.11
20.64
25.79
26.44
23.36
13.56
23.3
38.26
23.16
27.94
37.86
26.95
19.31
19.46
21.08
17.38
17.07
15.53
13.42
21.09
27.86
22.57
16.06
28.54
29.15
17.54
25.38
25.32
18.93
14.99
13.11
14.37
22.63
25.85
21.94
20.14
15.22
16.27
18.06
14.2
17.38
17.71
16.45
17.8
15.47
18.87
21.23
19.98
21.49
27.64
19.75
10.79
20.63
17.86
12.84
11.42
10.72
14.02
14.14
17.66
15.9
12.41
14.53
17.93
18.93
12.64
14.32
17.28
12.18
11.41
15.48
16.23
11.02
14.21
19.35
14.18
7.15
6.76
16.04
21.27
14.49
6.65
5.72
11.84
11.71
11.05
19.34
21.12
18.1
11.86
10.18
16.92
16.9
18.91
14.01
10.37
12.82
15.4
14.56
7.19
5.46
10.45
21.03
23.9
13.91
10.23
12.24
11.11
12.24
11.77
10.99
21.63
19.96
13.05
13.3
7.49
17.67
22.67
11.45
10.8
12.53
7.14
11.19
12.94
7.78
11.48
12.84
8.16
8.57
8.98
7.56
7.92
8.12
11.06
13.39
9.89
9.89
19.09
17.67
10.01
18.84
17.79
5.89
12.38
14.78
9.5
9.13
9.76
17.91
14.88
6.64
11.69
14.04
11.31
15.74
15.92
12.86
13.83
9.47
12.95
21.62
19.34
21.47
22.34
29.38
29.13
15.56
16.86
17.04
15.35
10.61
11.51
13.39
11.23
15.7
14.76
18.2
15.73
11.29
13.95
10.93
13.38
10.92
11.6
17.82
17.48
20.23
23.26
23.94
22.91
24.4
24.67
17.64
11.75
13.47
21.87
16.69
13.22
14.41
11.4
11.03
11.99
14.26
21.94
24.49
14.38
13.51
15.97
14.84
13.26
22.05
31.49
19.73
10.95
17.74
22.59
18.32
20.72
20.39
13.94
14.78
19.26
18.36
8.56
5.46
13.6
15.56
10.32
9.55
10.42
16.88
21.65
16.66
12.79
21.11
24.98
17.64
22.85
21.52
12.46
9.35
12.39
21.53
17.82
15.94
16.24
14.76
14.82
10.36
8.13
10.9
12.85
14.38
14.06
18.47
15.01
5.55
8.4
13.99
16.98
22.72
22.64
14.24
10.67
6.9
8.19
12.55
21.34
23.13
16.83
12.57
10.89
19.96
20.28
25.07
23.72
9.24
7.21
11.19
17.27
19.24
16.41
26.51
28.66
16.46
18.15
27.65
23.8
15.71
14.33
14.22
15.94
11.21
9.38
13.59
12.78
12.35
19.04
15.03
10.66
15.79
23.52
20.8
18.32
21.25
12.29
11.09
15.49
19.77
26.55
30.47
20.38
9.99
12.8
11.3
11.1
14.96
20.91
24.81
15.58
11.24
15.24
15.47
13.73
14.99
11.96
7.52
9.52
17.5
17.5
11.05
9.9
12.95
14.13
12.43
17.43
19.03
17.86
22.15
20.21
13.72
15.49
12.78
11.15
10.64
11.24
10.55
8.78
