-1.522456356046508
-1.5586392462934626
-1.2039495437388852
-0.6008052398550824
-0.3301591646905978
-0.0444987072332673
0.1672416740600005
0.181436239602522
0.2629926507814137
0.5621639479711908
0.6838579611625771
0.416238619367507
0.5436099022159424
0.8359709012931836
0.6159606869700935
0.4060422775646479
0.6777307207868
0.9600590142269908
1.0552817514236537
1.047692291054254
0.9506815554931992
0.9669039028232312
0.9482800285110492
1.1201530319737305
1.16547075200704
0.9457635967045068
0.9718726005715638
1.051087952951849
0.9824382282472744
0.8777049579072298
0.8657304657300928
0.7628622025699429
0.7266695627290278
1.1273592307070566
1.280658269279986
1.2077710692453725
1.2956182974262132
0.9661115745502536
0.7814217089250627
1.098573655394904
1.297792627093307
1.1233370088751868
0.962522633838813
1.3586918533337575
1.4121344621101235
1.1454997413257393
1.0344506137933462
0.9916364933585768
1.0735095755722115
1.1401500080353542
1.292351697969918
1.3471487823889587
0.9773694817817636
0.6902675382797563
1.133254728891734
1.2343376540606217
0.966344637547032
0.8993971321086682
1.0167926580013735
1.0196335045712466
0.9338620801782904
0.9159684147487122
0.7072487873753914
0.6731665084357751
0.7872175807549803
1.0471785702799736
1.3325497785323106
1.510975609531868
1.66180621750833
1.4293603796491157
1.178165059988537
1.304613344795334
1.5247569976979376
1.3767250014051506
0.7676106560801597
0.8571755573977055
1.234158096716505
0.7697410892571612
0.8789190099096025
1.0470190254721805
0.8375931769526289
0.8818720146921389
0.819753481999368
0.733015436764462
0.7500547921942602
1.2250575777462946
1.38376961676066
0.9783477414869022
1.0313036108985676
1.4073299214059
1.4597306730628297
1.306882702531845
1.305272984897836
1.177551897000254
1.3641875191298931
1.759753398676885
1.611184113202596
1.245553757395098
1.186883252379925
1.260239998859595
0.942738961160388
0.9640325229687584
1.1514820042192844
1.0953671932191749
1.067306665849632
1.15891631395601
1.2301563222188008
1.0062320810486802
1.085780614409725
1.2181155076253332
0.8699707084607929
1.1349474820991945
1.558416311518124
1.271816843772696
1.3876016829511355
1.873803718383432
1.7472369564408838
1.3155376445147535
1.2398892145579636
1.7502571048910676
1.6357963456179545
1.0854423616520357
0.9070340718604772
1.0520909374517189
1.4584649569334562
1.792818667919407
1.7911854408058216
1.7178654977247918
1.9248133470247604
1.7838256523043845
1.504537870101742
1.2401727145557169
1.053740903756244
1.4149644840931797
1.7206978417856968
1.5520753432316912
1.9223793906045088
1.7711839917634993
1.3772123585664853
1.4405866401360428
1.5361977034866197
1.592994606451959
1.4619875220520036
1.2227789625422414
1.1718450704295795
1.2376002871074947
1.1274337567138926
1.2244452905522678
1.489038178990908
1.8869973340188515
2.1098751839828767
1.964352206549954
1.9172210382104535
1.9716246956259356
2.1304107207896426
1.9041027304034128
1.9757374159633176
2.1813867569007885
2.0354805654103743
2.0365322913283856
1.8468214071706708
1.906869664458644
2.172030417986059
1.8227175066103531
1.4126101199635632
1.625094523805517
1.536845139208583
1.6428910691578642
1.8368282422447693
2.275868048024705
2.679227212712732
2.545606290965952
2.1294190497629955
2.163980691792493
2.613385381612653
2.405076286446313
2.3902470286176065
2.4013796732785115
2.088284686308743
2.0978462934728705
2.4230149116247945
3.1317609539538505
2.553043790774363
2.1696249959528653
2.402461487036881
1.8507591705983004
1.5379551906097422
1.87089556453184
1.9855644229496383
2.0718530359299447
2.7908475067931477
2.56942521576524
2.439209992100197
2.369040037240351
2.356973953774892
2.3253743975113257
1.9326030970585584
2.395828743762586
2.5913468203223675
2.174995864863648
2.463161809011384
2.988122149193476
3.162717543054738
2.3440321872560688
1.990971811577984
2.783871802178757
2.2888303395342184
2.4376737380878306
2.5948098213372117
2.460133369176412
2.709984864477557
2.355218759224152
2.449883265135308
2.6495496243118795
1.848968252386072
2.152969881287137
2.7992711297118915
2.8675646594647235
3.248247936826404
3.156470863150361
2.75213045532162
2.211200398821856
2.738246579732752
2.796301003409976
2.900212950597292
3.0648828468882927
2.6586848010643496
2.8869357443929498
2.7638092682901703
2.6997841212555223
2.3866875127551124
1.839999633812746
2.107585673397692
2.1884579006792597
2.604417734200437
2.5981440688047983
2.384209494996903
3.0548923811514883
3.1499917604046983
2.33561563289005
2.041903537810262
2.5118091784997554
2.1977803174961807
2.3339421859691147
2.945137532184817
3.085904489082314
3.346490380249295
3.621642872474371
2.995923507974516
3.260904490746962
3.558794443367274
3.043332258032902
3.135232038792679
3.0081181872534613
3.2005468628210165
3.165619787780248
2.9808132225924155
2.362874191194114
3.1702481956143727
3.796965992246781
3.165790125618204
3.5620947358318555
3.341144829899061
3.398781166140631
3.419948878238888
2.984646243565125
3.087246991914899
2.583878080403869
2.323274555515024
2.712752358306736
3.4715916089438275
3.058621665815261
2.5125098226230365
4.028816260506662
4.60612950817501
3.499182307973248
3.0860469830466517
4.193164474500161
4.330155908341592
3.970774830237568
4.653251531522864
4.016903986566344
3.1260758884013904
3.452754124389951
3.514728687515758
3.5881094664004114
2.98303807645427
2.2298631631388828
2.8161200155836847
2.951793328183225
2.986446553649517
3.3055485766581945
3.5328390248515222
3.2894338920139417
3.0571054750585027
2.6546244815113496
2.5335706448685262
3.339076815397494
3.468373456394576
3.126146808016884
3.48246700172888
3.51829914702191
2.887547958776602
2.8684580176196515
2.821559543713466
3.012949201448526
2.974870665264459
3.0171680574321904
3.0706556532494056
3.38647378080588
4.031130387226894
3.5962850990750423
3.3601137131369745
3.481351080123863
3.24098321737169
3.0147770519902477
3.0321124237642527
3.616323060682271
3.387817489190716
2.5629638756472457
3.0927475054797315
3.630789336358239
3.1909005068152294
2.9108674557491643
2.7519884447260403
2.603680872910957
2.821310462776017
3.0866419562894687
3.735834726599712
3.524852539720529
2.669954511756036
3.0090913615099657
3.464151271483924
3.004375140002711
2.858513856041329
2.5076267411492394
2.6108923889898654
3.272664131898169
3.459869292989131
3.7036212399571737
3.1373346160456084
2.9147243575970867
3.2847156393327115
2.9830883762559246
3.126057613481608
3.434268269055727
2.97577218608259
2.934722910210408
2.761451770807551
2.341366041474556
2.235711839411036
2.706438045445347
2.590779369897461
2.254230514420422
2.673444601057068
2.942665902732659
2.6007077778228846
2.502789268752379
2.739066310938977
3.089899783024196
3.581129702483679
2.7736271068876954
2.1996781441514104
2.7950271093354324
2.6938716517550603
2.737251820723793
2.930979289995969
2.882558022432332
2.8070951019574277
2.6482854226731014
2.5226392872225154
2.104452722218021
2.345565737378926
2.7309431764099386
2.7655937454406527
3.3390913750916997
3.840352806614413
3.3105154304887634
3.160986163167842
3.326576873935118
3.5059680581229293
4.0219937095061065
3.853614288223528
3.227835231319652
2.890080243032658
2.9891119816007587
2.9997934133671533
3.482507270884474
3.5982473448682004
3.5399519424779
3.484104366741426
3.0388206254888144
3.2324522579389514
3.5461651777974943
3.6569463931111392
3.836507590219712
3.6278614237527727
2.998377484166407
3.537541228364657
3.793262135913206
3.432020922965775
3.84496603642808
3.659861149764752
3.389568931120193
3.5897041670590584
3.6950571013336457
4.224456539357391
4.89831573572087
4.525242420866763
4.044686195129137
3.884263099346149
3.5856352699291243
3.994267235388049
3.651480604875226
3.419904774323573
3.079815435545837
3.050651644019624
3.890383046452101
4.352998460516245
4.273978835243328
3.946437224630767
3.5770292777634176
3.303757695563715
3.5495712101773496
4.402206090054035
4.874662407058766
4.668405042954135
4.830949103230145
4.602861437597681
3.8458444369728415
3.889840330958783
3.975384855605367
3.458371711607425
3.819961753129397
4.276477074679108
4.395774256568888
4.539686437715165
5.167227840610838
4.317300603422094
4.163227985188309
3.8224614138094473
2.8416715051728345
3.504907983319662
4.034638954373405
4.156885193876057
3.8307584520927462
4.434339871627361
4.424189416638302
3.723143007765524
4.847566968506297
4.485862392033285
3.2334160304462567
3.637516396478744
3.37132835737162
3.624433433361695
4.535782638299143
4.061890683863856
3.83085739441083
5.019336479575238
5.548580157611745
4.629883274218393
4.7153930176783945
4.8464439401117465
3.800173082800264
3.296685648545814
3.8121534847105143
4.08990549786588
4.956066559170353
5.091958743944506
3.8228869099428175
3.5760349003541405
3.936167584163854
4.359692008311432
4.158930615692
3.975443531125839
4.16710378948277
3.8188148841499294
4.289402233529706
4.996504878162305
4.575640965054416
4.128503402012567
4.202528666360031
4.996914186489025
5.1658177689616345
5.3714146371897815
4.2379692185142055
3.650610650196007
4.5578115148371925
4.892000153872432
5.020619047741015
6.535318424820037
6.533180179774425
5.229241233652606
5.31346760604491
4.702774625297152
4.474257162384537
3.932450456492378
2.903092049462157
2.700323550583766
2.766813364859382
2.668562716501414
2.1763983360022063
2.1636670179938515
2.860107459013528
2.553156037764189
1.741169180637494
2.155364868791774
3.00356237904514
2.825914591159437
2.0386063167752675
1.979131267036416
2.3465650938676017
1.8177495133166013
1.4213087007310736
1.5409975861379188
1.718744270776048
1.8536627613226224
1.767342968984876
1.920542243882008
2.2518605659558864
3.0041643531251547
3.096574832205974
1.974548743803656
1.583886780132884
1.937536166445248
2.875220089800892
2.9398736401330647
2.567899218615558
2.909259945826608
2.302669440587874
2.2594964347162687
3.0956130545692964
3.196145078617669
3.016811855774466
3.291614821736681
3.83119995948294
3.966924238945802
4.688753060185679
5.296896100911847
5.057042181800743
4.910787017342686
4.315074404938006
3.9324019941114936
4.531571727819505
4.813371653851744
4.645063537344696
4.443861108083493
4.113171904736114
4.649755381417686
4.933291638380356
5.306209673679497
6.014549951492458
6.134158231337319
4.885713247698491
3.429907873292068
4.614255777104277
5.318050755452321
4.164925802406343
3.805591152756677
3.7721229912514063
3.918876799444255
4.58865913242714
4.2887851007639854
3.3980575739452665
3.4636224530847217
4.489734892845405
4.464253908345944
3.8137111483603143
3.5080989515789787
3.702341583268953
4.12525599380774
3.5954169357256247
3.5399423675666712
3.813154684492276
2.9357686988456915
3.5794548975005425
3.776221548048942
3.181609622865212
3.880513095329435
3.726017671505519
3.6383305899302463
3.758843872159251
3.511251175566559
3.631842188048497
3.4091207958310257
2.940680058616609
3.0710190182159613
3.190198981095917
3.206913297813817
3.27166935991471
3.749975399139848
3.682003879145869
3.5631992094241536
3.795079490890286
3.9881274347458926
4.456853394553202
4.117981452600521
3.522512817480413
3.9732124895167664
4.463515159826707
