-0.1848
-0.1540999999999999
0.1723
0.522
0.4503999999999999
0.4286
0.6480999999999999
0.7638000000000003
0.7473000000000001
0.5229
0.3495
0.4448
0.5741
0.5433
0.4682
0.5686
0.7053
0.7534000000000001
0.6772000000000001
0.5116
0.4108
0.5201
0.5625
0.5335
0.7044999999999999
0.7848
0.6105999999999999
0.6303000000000001
0.7680999999999999
0.6914
0.7017
0.6342
0.6325
0.7358999999999999
0.6851
0.6959000000000001
0.4898
0.3826
0.4242999999999999
0.4056
0.5617
0.5526
0.4232
0.3549
0.2339
0.4279
0.5656
0.6152
0.6274000000000001
0.6233
0.873
0.7143999999999999
0.5247
0.6268
0.6923
0.7245
0.7775000000000002
0.7301000000000001
0.7522
0.7752000000000002
0.6466
0.7029000000000002
0.6286999999999999
0.5171
0.8331000000000001
0.9233
0.8436
0.7583999999999999
0.6783
0.8862999999999999
0.8415999999999998
0.8211999999999999
0.8717
0.6846
0.7318999999999999
0.9097
0.9348
0.7993000000000001
0.5548000000000001
0.5932
0.8432999999999998
0.9576
0.8210999999999998
0.7744999999999999
1.0628
1.1162
1.0341
0.9503
0.7610999999999999
0.7214999999999998
0.7195999999999998
0.7565000000000001
0.8707999999999998
0.9516
0.9876999999999998
0.7823
0.8021000000000003
1.1174
1.1569
1.0154
0.9857
0.9859
0.9109
0.9101
0.9789
0.9416
0.8476000000000002
0.8619000000000001
1.0011
0.9175
0.7944000000000001
0.8625
0.8080000000000002
0.8863999999999999
0.8961
0.7464999999999999
0.7332
0.6812
0.6372000000000001
0.7783999999999999
0.7532000000000001
1.0717
1.1706
0.8682999999999998
0.8651000000000002
0.8015000000000001
0.8249
0.8970000000000001
1.0497
1.0134999999999998
0.8096999999999999
0.7487999999999999
0.6990000000000001
0.8218
0.8678000000000001
0.7763000000000001
0.7715
0.7156999999999998
1.1868
1.4025
0.8946000000000001
0.7738999999999998
0.9650999999999996
0.9634
1.0652
1.0307000000000002
0.93
0.9808
1.018
1.0158999999999998
0.9499
1.0709
0.9955000000000002
1.1536999999999995
1.1678
0.8617
0.8806000000000002
1.035
1.2895
1.3262000000000005
1.1877000000000002
1.1878
1.0659999999999998
0.9509000000000002
1.0192
1.0164
0.9943999999999998
0.9779
0.9347999999999996
0.9605
0.9937
1.0757
1.1038
0.939
0.8610000000000002
1.2171
1.3275
1.1941000000000002
1.0571000000000002
0.7527999999999999
0.8055
1.0514
1.1833
1.0023
0.8495
1.0468000000000002
1.0864
1.0665000000000002
1.1028999999999998
1.0495
1.1379
1.2673
1.2101000000000004
1.0611999999999997
0.9841
1.0184
1.1114999999999997
1.1250000000000002
0.9557
1.1019
1.1412
0.8858999999999999
0.9152
0.9877
0.8994999999999999
0.9069
0.9333
0.8376
1.0314
1.1081
1.0335000000000003
1.1181
1.1801
1.0076999999999998
0.9787999999999998
0.9760000000000002
1.0704
1.2270999999999996
1.0778
0.9173
0.8841999999999999
0.9497
0.9691
0.9636
1.031
1.0976
1.0885
1.0307
0.9325
0.8659
0.9107
1.0366000000000002
1.1269
1.1872
0.9524
0.8003
0.9346
0.9938999999999996
0.9141999999999996
1.0032
1.0457
1.1857999999999995
1.1759000000000002
0.8795999999999999
0.8434999999999999
0.7803999999999999
1.0102
1.0866
0.9074
0.8640000000000001
0.7878000000000001
0.7996000000000001
0.9666
0.9590999999999998
1.0283
1.2283
1.1725
1.0605
1.1619
1.3505
1.307
1.129
1.0203
0.9207
0.9854
1.1259
1.2845000000000002
1.3841999999999997
1.3914
1.2556000000000005
1.2403
1.2220000000000002
0.8202000000000002
0.8855
1.0946999999999998
0.9304
0.8242999999999999
1.1288
1.0952000000000002
1.0441999999999998
1.037
0.9785
1.0325000000000002
1.0519
1.1184
1.0053999999999998
1.1628999999999998
1.186
1.3681
1.2727000000000002
1.0169
1.345
1.3634000000000004
1.0636
0.9337
0.8875
1.0261000000000002
1.1704
0.9612
0.9266
1.0053
0.8838999999999999
0.9747
0.9337
0.6561999999999999
0.8081
1.0141
0.8928
1.1058
1.2484
1.1435000000000002
1.2145
1.0849000000000002
1.0045
1.139
1.104
0.9283
0.8871000000000001
0.7809999999999999
0.7847000000000002
0.9404
0.9065
0.8575
0.8582999999999998
0.9625
0.8423
0.805
0.8212
0.8336999999999998
0.7859
0.7252
0.862
0.8835999999999999
0.9285
1.0686999999999998
1.0672
0.8412999999999999
0.9250000000000002
0.9811
0.75
0.7115
0.8601999999999999
1.0539
0.9655
0.8421999999999998
0.8880999999999999
0.8678
1.0116
1.0805
0.9969
0.8939999999999999
0.8523999999999998
0.8528999999999999
0.939
1.1928999999999998
0.9879
0.7098
0.7174999999999998
0.7648999999999999
1.0063
0.8862000000000001
0.6973
0.911
0.946
0.7066
0.5906999999999999
0.6926000000000001
0.8134999999999999
0.8517999999999999
1.0642
0.9943
0.8528
0.8198000000000001
0.8155999999999999
0.8057
0.8398
0.8134
0.7232000000000001
1.1071
1.3980000000000004
1.2252000000000005
0.8606999999999998
0.9371
1.0845000000000002
0.9346
1.0675
1.1446999999999998
1.0738
0.9255
0.8583999999999999
0.9861
1.1638000000000002
1.1867
0.9890999999999996
1.0103
0.9821000000000002
0.8860000000000001
1.0169
1.1181
1.0908
0.9905000000000004
1.0704999999999998
1.2176000000000002
1.1237
1.1872999999999998
1.1973999999999998
1.1622
1.2029
1.1087
1.0992
1.2737000000000005
1.3734
1.2338
1.0323999999999998
1.0474
1.0959
1.0161
1.1217
1.3381
1.1663
0.9457
1.0032
0.8928
0.8397000000000001
1.0889000000000002
1.1335
1.2039000000000002
1.2243000000000002
1.0426999999999995
1.2278
1.1585
1.0236
1.0199
0.8000000000000002
1.0546
1.2742
0.9836
0.8117000000000002
0.919
0.9794
0.9207000000000002
0.9151999999999998
1.1426
1.1887
1.0575
1.0932000000000002
1.1669
1.1905
1.1930999999999998
1.2453999999999998
1.0567
1.078
1.294
1.1378
1.1828
1.3336999999999997
1.2969
1.1677
0.9582
1.1151999999999995
1.295
1.0256
0.8229
0.7923
0.7824
1.0468000000000002
1.2600000000000002
1.0631
0.9300999999999998
1.0504
1.0862
1.1359
1.1453
1.271
1.1623
0.9997
0.9700000000000002
0.8019999999999999
0.9917
1.0537999999999998
1.0482
1.0749
0.9283
0.9356000000000002
1.0974000000000002
1.1593
1.0209
1.1471000000000002
1.2030999999999998
0.9981
0.9976
1.1233000000000002
1.0546
0.9477
0.9025
1.0848
1.4310000000000005
1.3463
1.193
1.1661
1.1130000000000002
1.1056
1.0727
1.0787
1.1352
1.0067
0.9718
1.0298000000000005
1.0659000000000003
1.1118
1.0047
0.983
1.1251
1.1327
1.0187
1.0255999999999998
0.979
1.0881
1.2919000000000005
1.0879
1.0355
1.0951999999999995
0.9707
1.0255
1.0741000000000005
1.1904
1.1174000000000002
0.9377
1.0879
1.1043
1.1232
1.0789000000000002
0.8855000000000001
0.9456
0.9885
1.1962000000000002
1.2506
1.0944
1.099
1.0624
1.0951
1.0874
1.0504999999999998
1.0876
1.0815
0.9166
0.8662000000000001
0.8782
0.7787
0.8192
1.3055999999999996
1.3564999999999998
0.9660000000000002
1.1916000000000002
1.3066
1.1325999999999998
0.959
0.9536
0.9836
0.9745
0.9776
0.8987999999999999
0.9000000000000001
0.7629
0.7737
1.1465
1.3016
1.1232
0.9369
1.0495
1.2565
1.1534
1.1083000000000005
1.0139000000000002
0.9594
1.0091
1.0574
1.0002
0.8626
1.0881999999999998
1.0831
1.0389
1.098
1.0405000000000002
1.0158
0.9974999999999998
0.8354
1.0116
1.1461
0.9379
1.1195000000000002
1.13
1.0415
1.0351
1.0833
1.0871000000000002
1.0024
1.031
1.0546
0.8431000000000002
