-0.3978797789100763
-0.3620534840732004
0.0135116960507216
0.426340326046226
0.7685565833092037
0.8706823358200028
0.7994840954520229
0.7323502327289007
0.7321151798098339
0.7891876868147952
0.6450422152021642
0.6344165212612585
0.5585043996731633
0.5412404862197762
0.4544900013969528
0.5218906937574679
0.7399210119362369
0.7998101413333799
0.7615006022833302
0.6562271678181436
0.9108979436260392
0.8508808104537569
0.5834273537460315
0.7052384448848601
0.7902731673172686
0.7588194895560255
0.6738441604948774
0.7184804093564807
0.9155507221385488
1.00630548719187
1.0701349329785124
1.0513720162826017
0.9562679033640868
1.002620815805743
0.785583445855845
0.7805895589896304
0.9879102774153656
0.7427088768533576
0.4154533608429687
0.546883418961001
0.7054716714553365
0.751912680835088
0.7798150499644643
0.8773346112276051
1.0844551419687982
0.9054579841933624
0.797512811155564
0.7367263972399957
0.7294316019410013
0.8857081355532948
0.7061914902424858
0.55124020174726
0.7714334360777778
0.763490242471629
0.6783177813706359
0.840741755596062
0.9329041163765932
0.7761948416297085
0.8439750555911252
0.8566595849535342
0.9876922881164818
1.1152426263672897
1.0407090055900148
1.046923538131497
1.0689464057956892
1.3930047074762535
1.4473660352654345
1.129852939738396
1.1266361984214637
1.3898438709287513
1.3673926196620796
1.11689437679252
1.1191794654286773
1.074980382919323
0.8976277705977576
1.027634780711854
1.203126788495494
1.5112049833879335
1.3799532682335598
1.3124974145149615
1.338139449066171
1.190312052633842
1.390732998155005
1.5669914988508906
1.4969543129727012
1.5292982545801026
1.2724386548924285
0.8386490393810955
1.103328634642282
1.1723233504498207
1.1185957439018754
1.618624504443884
1.4496201441229877
1.432805803786438
1.3034564662902632
0.7927934411015362
1.3186643442370394
1.7630532537284611
1.8086544789897896
1.6038291294837252
1.4207679071346957
1.4153689879028706
1.4380237661760424
1.640025498699712
1.4495592836644724
0.9821503827123252
0.9796582924894895
1.1685880141472833
1.5742101465044118
1.8029067131494083
1.6072700437348926
1.6662154940840082
1.7435002944526976
2.0081816180954197
2.1290192209814167
1.8930188129666752
2.123531920777133
1.815091109975576
1.287405322697622
1.4788627431716268
1.4187020616760233
1.3005484137314756
1.4044147819539758
1.370116134885545
1.3538162864676904
1.6071141913036815
2.256256109838678
2.133926085351479
1.980484377262316
1.981833984553801
2.026408321763548
2.4337622629993705
2.360766174195672
1.7043536292341352
1.4502704448185455
2.305023844473295
2.2917035108398087
2.083537331504049
2.244777578314408
2.1690155042159187
2.280906203658718
2.1374434817567898
2.4054645104793275
2.4256577822179324
2.0716484119235217
2.1842927918395376
1.801494732537771
1.522486353392231
1.8612531836568167
1.873704997879768
1.4213308496620478
1.3664307426085858
1.8480637313784885
2.0470355827807576
1.9994354468398432
1.95658228263889
2.0194205047656437
2.079206837564495
2.1321281053253944
1.8824077615175128
1.859525774358074
2.1754606061210824
2.133116886911562
1.9572504179337329
2.1415959645829123
2.26224403246279
1.7506019846972347
1.712750446130873
1.9149454229396927
1.704380749303907
1.8508711748763595
1.6989715747058336
1.7650990659922854
1.848403733957584
1.9404958892714048
2.176941478327921
2.314140313378673
1.972558482906016
1.2315366823649103
1.7252569306080143
1.9656600268049012
1.7021947929165675
1.4103233453722783
1.2165637448568076
1.6494257857389578
1.7717786917337508
1.3295872861128124
1.332445756692154
1.7107950710137854
2.2532753377945136
1.9612314972192573
1.8137434155091092
2.1237861730348526
2.0064154359372357
2.364373148017797
2.250973261807024
2.0632531860355554
2.236304606119274
2.7983788992282013
2.6644136483291265
2.425784091537172
2.748593695065618
2.0672818129923
1.7635595076805872
2.4071257642916546
2.448099333825151
1.7906726176182732
1.4976238560295283
2.053950028415527
2.2476321075311563
2.004397326782307
2.307914480565066
2.145411151840228
2.3154436984233366
2.609560953795091
1.9519759539256727
1.8510228312425911
2.080511666587434
2.1586429700657974
2.764531993099382
2.5608439932504505
2.1667800441497445
1.9416993168610908
1.8522967901416776
2.3645669123864548
1.939257610713716
1.7548289467195592
2.291516836394776
2.4162080013007734
2.5171355160815225
2.585400575418326
2.83587160491344
2.4785008732159777
1.867577044271315
2.080366187524286
1.9664097514649044
1.3609707475232196
1.4380163378489486
2.4560001987660867
2.747391713685828
1.99531633793145
1.7504635697564586
1.86790676903628
1.6021730610005145
1.6597586890396026
2.674817124259319
3.154056450044105
2.631332082784599
2.5953845833704703
2.5944823746502808
2.8910978321852383
2.688818085220405
1.7787437705150952
1.4715455145647325
1.830745331688025
2.482680944350918
2.5769530605766944
2.672320842765324
2.4619420578228755
1.62349028368021
1.5933453202097554
2.051365020244881
1.6931645701554587
1.7147895434558762
1.8607797897363167
1.934117765320708
2.501041355333756
2.4371448965338183
2.1765641482541564
1.832402466630284
1.8029926149670024
2.086513049484405
2.3978516447849088
2.4048365092620885
2.1165502001469094
2.388969410446037
2.514957429543004
2.690495348115184
1.962957349229958
1.9828705480203288
2.8895805445598275
2.770121151234504
2.50970997272704
1.990842213246579
2.201613389986493
2.2322794198966984
2.093255913620253
2.200304875475516
2.1012610791884545
2.71327240943144
3.0106880742187947
2.848662149712711
3.086028959434096
2.9566490062806463
2.87709827313841
2.876268879866859
2.599631305123284
2.4343077251210143
2.460371872938974
2.652890148061834
2.521374470574072
2.0913053736573186
1.7085071488587036
2.0791681762706347
2.39923988926408
2.431303293853122
2.0682493917509506
2.189351910009716
2.527995135744065
2.190774213773856
2.8669879351186065
2.7283235557104666
2.2860539253755308
2.6191299780379667
2.602201310984721
2.4133673496437
2.2290366892961977
2.6826849152260595
2.389474882190318
2.006798381712141
2.3010271300379146
1.863528507431138
1.96198191298964
2.2920464178590056
2.563227717773502
2.5522404808081505
2.1246998316012142
2.462194075377243
2.578726033222383
2.4803664740640543
2.5810341297112847
2.5081438676696526
2.63884392643316
2.798343687859301
2.5542448434739606
2.701680458518698
3.164915450589711
2.828016587627648
2.694409841403852
3.305235023471715
3.147768438561044
3.0293374509974043
3.1823815047969606
2.5651983848881343
2.2615667669063986
2.1607920455830363
2.2710218196820025
1.9211751320309756
1.900290369688924
2.702103845075245
3.2419829301521577
3.1856231409551
2.7262887389755326
2.3416691771390057
2.200819574256116
2.3578198073774126
2.132527257818523
2.764735349041502
2.884916103573584
2.3261654563515024
2.3679080072888508
2.5799668172831103
2.999483455489976
2.811046382014673
2.987398744298863
3.4753690276646068
3.3692999732644857
3.1617826396025195
3.1141103378908834
2.593289660145353
2.1912837659342506
2.257173415564888
2.341177509910358
2.344187939108872
2.143431537470921
2.0238385592581363
2.023521575617987
2.190264565614281
2.4500043799052107
2.834701850004312
3.070301866318792
2.9170982233054543
2.476031188315124
2.7872135184960007
3.146500483577495
3.1147057490802466
3.1063719953648365
3.4204680464545305
3.4415600012935768
3.1203113133871314
2.7131825998670167
2.675680502698671
3.479416119986642
3.4337145973712717
2.45894966793328
2.021955622451839
2.257241038782671
2.476126852299109
2.7329361010512887
2.877206454735295
2.9549838909147024
2.498330887101637
1.988890923402015
1.572588138991166
1.6196931421821763
2.139939888384544
2.0095516860011187
1.8651706740951144
1.9361487769208487
2.0315673942218635
2.3299461821146368
2.428414295654857
2.4742388730775646
2.3463021177398344
2.526373580732124
2.617583277103185
2.849870838426282
3.257501952520135
2.710221119042045
2.906154824613339
3.3953063222269475
3.049899477580888
4.234355960972306
3.992510830098437
3.3108906921778303
3.598412242624203
2.6643411499866096
2.1463596889905183
2.164193858702901
2.957860645195259
3.043408641209602
2.713254402368629
2.515795506348072
3.187947068076264
2.998572580739268
2.283928956504408
2.7288328534376576
3.1682776521354272
3.6876195619215055
3.842606304353037
3.623090009484721
3.550042769648826
3.004362536770923
3.333181941822175
3.5796619602880213
3.0457782038077683
2.4946985392932457
3.064483472571284
3.5628438147127848
3.6292147494891274
3.604862316056757
3.1330327932310893
3.043826398960378
2.4893554156182813
2.652510163798538
2.487952424578852
2.174012345299267
2.5685180528501235
3.000779316466525
3.1996517848120734
2.991994764468398
2.636146800780033
2.34756709142568
2.668936382360242
2.798105889568093
2.436456472540402
2.250408331155592
2.5273737158122755
2.838633520394738
2.927955794974602
2.9527743001969124
2.836283448276002
2.497733891833714
2.416667731213256
2.66652222244312
3.0854045767839766
3.5654386568495458
3.087999893659873
3.1735125567365983
3.095027137794888
2.2587718137922344
2.2151813700267926
2.871667129652637
3.238944625621228
2.598730685860453
2.3201417884666258
2.549374407497735
2.550401248665469
3.265622982049864
3.442903691016683
3.2372900769085797
3.2341205820444774
3.037887605239942
2.8620253370267075
2.9438091303389498
3.3424078264908896
3.8477580292296967
3.111782033633028
2.5008994355568204
2.9225319850284075
2.458538806626669
2.396500586797776
2.7196470801496857
3.222333528413898
3.745086009682165
2.8157579726465243
2.1579964215849805
2.9031364963335453
2.804775093521509
1.666321324727422
2.13852562065118
3.2330425000885925
2.887393400538288
2.9088438307051177
3.1323407529141747
3.116661577471105
2.4344821381010973
2.48097417526179
3.3828133495685804
3.071664691640035
3.07039940704055
2.6844874991031404
2.292242639484836
2.5597901851133376
2.884672863078844
3.3548561441661504
3.187165658833948
3.1115402500860965
3.600012577346016
3.3345405402598
2.913404455736586
2.9415797194246185
2.565293542460912
2.592069929923277
3.174092653910765
3.64797564657543
2.9734895930993246
2.583190610157243
2.5970469532746847
2.812954647195704
2.929566375793058
3.008670270910238
3.0074554598990573
2.3272791294315573
2.05872995621166
2.042905529456202
3.3508238696054264
3.413300405966865
2.594362012015558
2.57634945870456
2.910729581285848
2.6674659806866505
2.631601955027279
3.17766786136573
3.16600842966201
3.342292775232077
3.0222818150705915
2.9879278610093447
3.487020900456842
3.5822295570648635
2.599136630911943
2.2034381439419146
2.90405715466123
2.999905153764485
3.0358366215647705
2.8377003471110687
2.3998113566642383
2.530256685923708
2.6678317789563857
2.3962189637150817
2.288668694438296
3.072271919997853
3.743149798784272
3.4647410169366344
2.494784102861497
2.1991423958719647
2.5816029510785192
3.649001589940828
3.955897037914635
2.6465523575590533
2.92147911024756
3.586192002507341
3.3135173694246407
3.135263989524331
3.095972151558992
3.288865402807033
3.0384082519568723
2.863728058775345
3.652136141863932
3.3404232385347417
2.7187287923319987
2.9492904896905427
3.5741596723566964
3.123551486667885
2.3248785713059776
2.7261076184199995
3.034106750928128
2.897117097888648
3.102309099839837
3.1923863645731507
