-0.4125999999999999
-0.2084
0.3036
0.7
0.7844000000000001
0.7081000000000002
0.619
0.6771
0.8532
0.8736
0.7773
0.6869
0.6887000000000001
0.8602
0.8167000000000002
0.6597
0.8112000000000001
0.8473999999999998
0.6655
0.6152000000000001
0.5815
0.7016
0.7617999999999999
0.8878
1.0014999999999998
0.7397
0.7666999999999998
0.8227000000000001
0.5246000000000001
0.4134
0.5667
0.6247000000000001
0.514
0.5326
0.6814999999999999
0.6796000000000001
0.7256
0.6859000000000001
0.5254
0.6822999999999999
0.8311
0.9062
0.703
0.5286
0.6945999999999999
0.6814
0.7581
0.8390000000000002
0.7917000000000001
0.8206
0.8614999999999999
0.8480999999999999
0.7186000000000001
0.6351
0.8291
0.8082000000000003
0.6646000000000001
0.7411000000000001
0.7971999999999998
0.8084000000000002
0.7548
0.8338999999999999
0.9087
0.8357999999999999
0.8855
1.0126
0.9966
0.9645
0.9212000000000002
0.8443999999999998
0.8451000000000001
0.8651000000000001
0.7964
0.7065999999999998
0.7801
0.9133
0.8854999999999998
0.892
0.9321
0.7078
0.5219999999999999
0.7614000000000002
0.8704
0.6711
0.7205000000000001
0.7151
0.6464000000000002
0.8978
0.9362
1.0461
1.1506
0.9144
0.9047000000000002
0.8690000000000001
0.8347
0.8371000000000001
0.8610000000000001
0.8896999999999997
1.0125
1.0745999999999998
0.8821000000000001
0.8006
0.7727999999999998
0.7823000000000002
0.8072000000000001
0.8149
0.7830999999999999
0.7264999999999999
0.7706000000000002
0.7446000000000003
0.7194999999999999
0.7413
0.6896
0.8317000000000001
0.8712000000000001
0.8247
0.9426
0.9998
0.9011
0.7839
0.7054
0.5979
0.8495
0.9376
0.7958000000000002
0.8840000000000002
0.7522999999999999
0.6405
0.8144999999999999
0.8716000000000002
0.8007999999999997
0.8423999999999998
0.7558999999999999
0.7934
0.9354
0.9505
1.0043
0.9562
0.9816
0.8286
0.6792
0.7327000000000001
0.5975
0.5641999999999999
0.7051999999999998
0.6875999999999998
0.6084
0.4472
0.4508
0.6430999999999999
0.6551
0.5097
0.5899
0.6872999999999999
0.4686999999999999
0.7049
0.7927999999999998
0.5680000000000001
0.6443000000000001
0.6647
0.4854
0.405
0.5955000000000001
0.5881
0.5695
0.6567000000000002
0.6226999999999999
0.701
0.7593000000000001
0.7290000000000001
0.7691999999999999
0.6621000000000001
0.5374
0.6555999999999998
0.9373
0.9986
0.8268999999999999
0.7423000000000001
0.7630999999999999
0.7759
0.7329000000000001
0.6492
0.6261
0.6752000000000001
0.5478999999999999
0.5919
0.7027
0.6936
0.733
0.7377000000000001
0.6831000000000002
0.6758
0.6952000000000002
0.6385000000000001
0.5356000000000001
0.7053000000000001
0.9122
0.8894999999999998
0.8517999999999998
0.6896999999999999
0.7348
0.6981000000000002
0.5320000000000001
0.6628999999999999
0.7221
0.6722999999999999
0.7142000000000002
0.8200999999999999
0.7414000000000001
0.659
0.8046
0.8097
0.6781
0.7341999999999999
0.7695999999999998
0.8924000000000001
1.0853
1.1271999999999998
1.0244
0.8203
0.76
0.8326
0.9155
0.946
0.9664
0.9568
1.0114
0.9055
0.7652
0.9955000000000004
1.1094
0.9229
0.7986
0.8005000000000001
0.8119000000000001
0.8491
0.8943000000000001
0.9697
0.9238
0.7235
0.6951999999999999
0.6816
0.7604000000000001
0.8101
0.7755000000000001
0.7499999999999999
0.7243000000000002
0.7905
0.763
0.939
1.0358999999999998
0.8534
0.8248000000000002
0.9804
1.0401
0.9035000000000002
0.8535
0.6729999999999999
0.6742000000000001
0.8752999999999999
0.9102
0.8722000000000001
0.7502
0.791
0.8183000000000001
0.8142999999999999
0.8630000000000001
0.7928000000000001
0.4667999999999999
0.439
0.6861
0.7106000000000001
0.6763000000000001
0.6739
0.6552000000000001
0.7223
0.8467999999999999
0.8097999999999999
0.7988000000000001
0.7151000000000001
0.5443999999999999
0.5005
0.7049
0.6576000000000002
0.6031
0.6060000000000001
0.5848
0.6216999999999999
0.7095999999999999
1.104
1.0562999999999998
0.9034
0.769
0.7964000000000001
1.0737
0.9608
0.7626999999999999
0.6876000000000001
0.7705000000000001
0.8393
0.9412
0.9569
0.7062999999999998
0.6408
0.701
0.6837000000000001
0.6693000000000001
0.7327000000000001
0.9038
0.9445999999999998
0.8118000000000001
0.8171
0.9313
0.9526
0.9928
1.0587999999999995
0.8417
0.6335000000000001
0.7599000000000001
0.98
0.9512
0.8472000000000002
0.8815000000000001
0.7993999999999999
0.7454
0.7191999999999998
0.6710999999999998
0.7448999999999999
0.6356
0.5694999999999999
0.7278
0.7573000000000001
0.6985000000000001
0.6481
0.6834
0.7703
0.6592999999999999
0.619
0.8147000000000001
0.7084000000000001
0.6255000000000001
0.7423000000000001
0.815
0.8175999999999999
0.6939999999999997
0.6587999999999999
0.5833000000000002
0.5385
0.607
0.6727
0.8138
0.8775999999999999
0.7938
0.8093
0.7825
0.3668
0.3380999999999999
0.58
0.8732000000000001
0.9919
0.7385
0.7215
0.7807000000000001
0.7029
0.5316000000000001
0.8740000000000001
0.6661999999999999
0.3444
0.8207999999999999
0.8610000000000001
0.8518999999999999
0.9362
0.7974999999999999
0.7387999999999999
0.6309
0.5899
0.8211999999999999
0.6962999999999999
0.5256000000000001
0.6836999999999999
0.6441000000000001
0.6954000000000002
0.9558
0.7959
0.5313
0.551
0.7367999999999999
0.5759
0.5614999999999999
0.6110000000000001
0.6103000000000001
0.5909
0.5979000000000001
0.8799000000000001
0.7653000000000002
0.8632000000000001
0.9983
0.8461999999999997
0.8243999999999998
0.7161
0.6426999999999999
0.7705
0.7555999999999998
0.4446
0.3909
0.1939999999999999
0.3127
0.7754000000000001
0.7223
0.6243
0.6028
0.4671999999999999
0.4808999999999999
0.5847000000000001
0.2657
0.4228
0.6322
0.5206000000000001
0.3450000000000001
0.2664
0.5081000000000001
0.5087999999999999
0.4524
0.4990999999999999
0.3626
0.4347999999999999
0.5472000000000001
0.6729999999999999
0.7492
0.4563
0.4754
0.6301
0.4079999999999999
0.2236
0.2845
0.2112
0.2724
0.3180999999999999
-0.1389
-0.2571
0.1439
0.1440999999999999
0.0882
0.2906
0.0279999999999999
0.0079999999999999
0.201
-0.0563
-0.3144
-0.3811
-0.1992
-0.0286999999999999
0.0718999999999999
0.1517
0.1072
0.2041
0.2603
0.3248999999999999
0.5832
0.7119999999999999
0.4568
0.3098999999999999
0.3899
0.2176
-0.0204
0.1126
0.3143999999999999
0.4409000000000001
0.3423000000000001
0.3581
0.758
0.8373999999999999
0.6431
0.4802
0.3695
0.4044
0.6688
0.7120999999999998
0.6200000000000001
0.5896
0.5853
0.6520999999999999
0.6961000000000002
0.6122999999999998
0.4832
0.5268999999999999
0.4452999999999998
0.5887
0.8346000000000001
0.6399999999999999
0.5095000000000001
0.317
0.3080999999999999
0.5008
0.559
0.6957999999999999
0.6815000000000001
0.5279
0.5709000000000001
0.7162000000000001
0.6831000000000002
0.6824000000000001
0.7659
0.7855999999999999
0.672
0.5085000000000001
0.5863
0.5947000000000001
0.6807
0.7214
0.6642999999999999
0.6244
0.5569999999999999
0.5656
0.6513999999999999
0.7824000000000001
0.6889000000000002
0.7273999999999999
0.8663
0.8059000000000001
0.7266999999999999
0.6746999999999999
0.5216
0.4868999999999999
0.5671
0.5672999999999999
0.4893999999999999
0.5280999999999999
0.5151
0.4166999999999999
0.5867
0.6578999999999999
0.5358
0.3353
0.308
0.4147999999999999
0.4279
0.4084
0.5363
0.7058000000000001
0.6384000000000001
0.5302
0.538
0.4941
0.5308999999999999
0.4955
0.2350999999999999
0.3865999999999999
0.6134000000000001
0.6058
0.6907
0.5932000000000001
0.5614
0.5927
0.4718
0.4361
0.5845999999999999
0.547
0.29
0.3419999999999999
0.3488
0.3144999999999999
0.3873999999999999
0.3597999999999999
0.2841
0.5027999999999999
0.601
0.4641999999999999
0.5279
0.6302
0.5214
0.5248
0.5956999999999999
0.3534
0.2488999999999999
0.1768
0.2756
0.4326000000000001
0.5792
0.5996999999999999
0.5248000000000002
0.6047
0.5057
0.4767999999999999
0.5707000000000001
0.4262
0.3606
0.4477
0.3438
0.3553
0.317
0.2071
0.3163999999999999
0.2762
0.1790999999999999
0.3974
0.5781999999999999
0.5389
0.3685
0.1449999999999999
