9.88
14.71
12.49
23.66
30.45
23.2
21.96
9.6
7.6
28.82
22.68
4.63
27.5
26.02
14.55
12.6
8.27
29.27
24.48
15.62
14.34
12.56
12.53
10.05
9.77
8.32
11.57
38.46
44.56
10.84
6.28
36.48
36.44
40.47
40.01
32.26
30.38
28.11
33.11
10.28
12.23
12.85
12.83
14.25
24.21
21.8
19.08
21.04
22.68
24.35
33.26
32.87
27.47
29.07
30.32
28.47
30.23
28.71
22.89
22.09
16.85
19.09
16.81
16.58
18.48
18.37
22.04
22.32
19.24
19.54
19.97
21.1
26.62
27.57
26.14
23.98
21.88
24.68
12.51
12.45
28.54
28.55
14.78
26.13
25.65
26.37
22.32
21.09
26.23
12.67
6.43
13.33
18.32
21.23
23.62
15.84
16.08
16.35
12.31
23.27
26.45
13.32
13.52
15.36
16.57
18.4
11.48
10.73
12.27
9.91
26.78
32.29
16.35
12.42
26.9
29.74
16.67
18.59
20.03
13.21
11.46
15.09
14.58
16.01
17.59
14.57
14.49
20.7
22.79
16.7
15.79
16.79
13.44
13.82
13.66
15.09
15.46
13.52
13.61
13.47
10.14
9.32
20.63
20.84
17.67
14.16
12.5
14.22
15.42
14.87
17.61
18.76
17.69
17.47
18.24
15.94
12.36
12.01
10.36
25.02
24.66
20.06
16.79
14.86
14.17
11.51
12.56
9.46
21.51
20.29
15.64
18.14
17.13
13.91
11.01
22.81
23.84
15.33
15.3
14.5
15.03
13.67
12.67
12.67
14.57
16.57
23.08
29.43
17.92
18.51
19.69
18.8
17.17
13.67
15.16
14.02
10.86
11.44
14.59
12.73
19.53
19.66
16.12
15.15
11.0
13.98
16.61
14.77
13.51
11.17
20.21
22.89
11.56
14.69
14.32
11.47
12.38
12.54
8.87
3.83
9.57
10.78
16.14
21.01
15.21
14.16
13.39
10.7
11.96
17.0
16.3
11.03
11.66
18.89
22.45
15.42
13.67
19.66
16.64
14.27
14.61
13.71
10.34
7.52
11.56
12.58
14.08
13.72
13.31
13.13
13.95
15.53
18.51
16.16
10.92
14.91
13.06
9.23
12.9
10.65
6.97
11.43
16.68
16.99
10.29
7.9
14.23
18.22
13.69
9.61
12.97
11.89
12.35
17.91
16.56
15.41
16.08
12.51
11.3
16.26
17.21
20.5
21.33
13.81
13.77
11.23
8.73
11.73
15.55
14.66
9.59
11.16
14.3
13.55
14.35
11.87
10.19
13.32
14.22
15.13
17.17
14.43
10.7
15.82
18.9
14.84
12.36
17.43
18.44
14.65
13.3
12.14
17.14
19.2
15.56
11.12
8.51
10.38
13.59
15.03
16.51
15.12
13.8
13.49
16.49
21.14
13.33
10.33
13.35
12.25
13.6
14.26
15.61
15.46
12.15
12.37
15.3
11.43
14.85
17.97
11.97
16.04
17.21
15.82
14.29
10.26
12.66
11.95
8.02
15.04
19.28
17.89
16.82
14.57
14.98
13.73
10.66
17.42
20.04
11.99
10.48
13.98
12.8
9.61
13.04
11.93
9.12
9.38
11.45
15.01
13.75
13.91
15.62
11.9
9.1
10.93
13.69
13.63
11.8
17.42
18.61
19.54
19.12
14.41
12.03
13.2
12.97
11.84
12.61
8.62
11.13
12.36
9.9
15.85
18.72
13.47
8.84
12.99
17.63
11.34
8.89
13.53
13.93
12.13
18.57
20.08
9.75
7.44
10.2
14.9
17.3
14.52
18.08
18.08
13.81
13.9
20.12
19.78
20.37
22.27
13.4
9.68
14.03
15.83
12.99
14.15
13.32
11.65
16.26
16.84
18.5
17.51
10.83
8.91
15.06
16.76
13.98
12.34
10.47
11.27
13.62
13.26
9.86
13.18
13.58
12.6
14.39
15.53
14.76
17.85
19.91
16.1
14.45
15.49
18.42
15.43
14.31
13.52
9.77
16.03
20.19
15.54
15.53
16.79
14.05
14.88
14.94
11.56
13.36
15.37
10.78
11.81
14.8
14.85
15.4
14.75
15.66
15.03
13.16
11.94
13.83
17.01
13.45
11.63
16.06
14.1
12.08
14.56
11.18
8.94
11.0
9.83
8.73
9.45
10.1
10.5
10.06
9.55
8.8
9.44
14.63
15.95
13.48
12.15
12.17
17.49
20.45
14.97
13.89
14.67
14.57
15.52
13.75
14.51
15.19
14.99
11.82
10.34
14.07
13.84
12.28
13.2
14.13
17.3
17.41
13.96
11.24
8.85
10.68
12.94
13.28
15.92
16.01
15.06
12.1
7.93
9.73
14.54
13.57
11.62
11.47
13.71
15.45
11.42
14.95
16.02
11.35
11.0
14.3
11.43
8.29
12.2
12.9
11.84
15.33
16.88
12.28
14.25
15.06
9.8
7.61
12.72
19.87
15.27
12.34
14.0
12.88
15.29
13.13
10.77
15.59
15.41
12.79
11.51
11.51
14.52
14.0
11.46
11.22
13.41
16.22
14.38
11.72
14.86
14.16
11.47
14.08
10.96
10.38
12.89
9.74
15.8
16.54
9.53
12.76
13.11
10.57
13.0
16.24
15.41
