46.54
38.59
31.13
28.79
39.42
32.75
22.49
26.12
29.31
20.08
21.04
24.66
16.83
20.95
22.33
21.4
21.16
24.77
19.4
10.18
22.38
9.72
11.09
18.4
15.83
23.65
18.88
27.59
30.96
15.38
10.9
23.06
19.39
19.01
30.08
31.54
29.09
32.03
36.85
26.94
24.55
31.85
21.16
23.23
21.67
23.96
21.23
25.73
29.67
29.28
33.03
32.05
25.52
28.26
37.26
24.08
19.27
22.46
32.31
21.29
14.14
11.89
19.78
22.54
24.96
24.31
31.03
29.7
34.22
26.9
25.9
29.5
22.07
28.0
13.94
17.53
20.33
23.15
20.53
26.07
21.63
27.4
21.61
20.6
18.7
31.9
28.33
18.4
22.68
23.02
20.93
16.86
18.02
26.12
17.42
15.56
16.03
20.7
24.75
24.82
25.34
22.51
23.4
26.4
19.76
14.82
11.44
16.83
14.62
17.25
21.69
23.46
22.6
23.5
26.69
24.06
16.99
16.93
20.86
18.98
23.15
21.57
25.99
32.09
30.49
32.37
15.48
17.85
16.6
12.91
16.17
17.15
15.65
18.51
13.73
21.5
19.55
23.65
26.16
16.47
27.96
17.31
14.48
18.6
13.75
13.76
16.84
21.47
28.39
22.78
18.88
23.62
22.22
25.87
30.01
19.52
12.24
11.06
16.71
15.62
18.73
21.69
25.4
23.89
24.56
16.44
19.99
15.83
24.01
24.98
29.45
32.3
20.83
16.52
21.92
20.28
27.41
19.25
21.91
26.77
21.05
30.24
24.5
30.48
22.12
19.11
26.11
24.45
23.38
15.84
15.25
14.01
16.68
23.93
20.75
25.97
20.96
20.61
22.09
19.55
20.02
26.7
24.45
25.99
26.97
27.29
21.27
23.88
25.76
28.17
29.97
29.55
21.73
18.36
18.59
14.71
17.9
17.7
20.07
21.6
21.09
25.5
26.18
26.37
33.77
21.64
11.67
6.32
14.32
17.17
12.82
17.33
22.66
24.73
24.45
18.64
17.54
17.35
24.3
18.69
22.77
21.31
15.61
20.13
23.05
22.96
20.76
24.34
17.96
20.14
23.87
17.77
14.63
16.3
14.11
15.67
15.46
15.6
17.92
16.35
19.61
21.44
18.57
19.22
16.61
16.37
17.67
23.16
21.42
23.3
22.6
21.3
20.26
18.34
22.23
23.07
22.74
27.82
24.86
17.29
24.92
20.71
26.73
17.91
18.99
17.65
7.66
17.06
20.28
15.16
12.91
15.91
17.17
22.23
19.3
23.02
9.55
12.27
9.3
12.43
17.37
21.34
11.01
18.83
17.71
18.69
17.83
24.7
23.69
21.73
19.5
20.03
22.09
12.94
17.58
18.32
14.71
14.35
17.95
17.34
22.86
19.89
14.26
19.54
25.22
28.66
13.35
19.2
14.96
23.02
17.23
17.29
20.09
28.94
20.16
18.75
19.98
17.53
17.9
13.07
13.25
23.92
26.91
12.69
17.11
13.72
15.3
18.85
16.45
24.13
20.81
21.33
16.43
24.5
20.68
20.25
19.89
15.52
15.27
15.47
12.45
19.84
21.18
19.41
22.13
9.34
8.76
15.89
16.67
19.93
18.05
10.66
14.98
22.5
12.4
18.71
24.18
18.59
17.48
10.81
19.24
20.14
18.91
19.21
15.37
16.41
15.74
18.52
21.2
18.49
19.37
18.62
17.61
16.94
14.73
11.64
10.82
12.06
22.02
21.19
22.42
21.12
20.22
26.66
20.54
10.65
15.71
15.73
18.46
15.61
16.26
15.07
15.34
18.82
19.45
17.99
11.59
16.43
18.59
13.56
14.93
14.91
11.57
20.76
16.65
18.06
13.11
21.92
16.44
14.79
11.69
17.92
14.61
15.04
14.66
17.2
12.23
11.58
12.64
10.61
19.8
18.44
16.26
17.7
21.51
13.37
9.78
10.71
13.01
11.91
10.78
12.13
14.09
21.73
27.64
16.96
22.06
18.58
19.3
17.67
21.44
21.3
22.02
12.66
17.25
21.13
20.88
21.17
19.06
17.55
18.03
11.29
13.25
12.0
12.45
13.2
12.94
15.71
19.52
16.28
16.37
21.69
18.92
20.49
19.25
23.24
19.45
17.5
19.77
12.79
16.82
12.62
8.56
14.09
14.3
14.13
12.6
15.45
13.63
14.67
20.87
20.43
16.74
13.05
13.34
13.13
12.39
16.47
14.23
16.79
21.49
16.13
20.65
18.01
18.91
20.75
18.56
20.43
22.23
18.57
23.69
18.32
24.49
20.02
10.78
19.21
19.93
9.4
11.51
14.52
11.91
10.62
10.69
15.25
19.35
13.7
15.59
16.45
16.84
10.07
9.19
12.0
15.0
13.77
15.61
16.51
14.32
16.26
16.48
13.31
13.5
17.87
12.69
10.63
20.34
17.43
14.14
16.91
13.86
18.3
17.0
18.74
23.7
10.35
17.39
10.73
9.92
13.55
14.38
20.35
25.51
20.11
16.35
15.62
11.99
15.5
13.61
19.99
17.31
10.25
20.44
21.82
14.27
14.1
13.87
17.18
12.36
20.95
16.2
19.84
16.7
14.56
11.03
8.42
15.24
13.13
13.43
15.44
6.89
11.65
