10.1
22.41
28.63
19.33
11.22
20.09
19.8
5.27
23.03
22.14
9.87
10.14
6.95
17.69
18.63
37.01
34.32
25.37
23.89
19.86
19.2
8.96
8.25
5.53
33.63
31.3
30.68
30.69
26.55
25.84
13.89
14.09
18.52
17.04
21.49
22.69
21.38
20.72
25.03
27.19
30.03
29.65
32.81
33.69
27.76
25.83
31.26
33.13
30.28
32.53
39.63
42.86
10.01
12.63
13.53
11.8
11.53
8.82
37.94
38.89
9.49
15.19
16.34
20.36
22.45
24.6
23.55
36.3
41.21
11.2
19.18
20.27
17.12
16.04
24.35
23.0
30.59
34.7
37.97
43.62
13.98
15.6
17.82
28.43
27.71
33.54
32.85
30.52
33.69
40.63
45.04
13.77
18.71
17.93
21.62
23.5
26.62
28.57
34.15
38.3
10.58
12.69
12.83
16.51
18.99
17.78
17.73
16.65
16.21
24.26
30.17
9.25
8.06
39.62
43.97
12.83
15.51
16.36
21.11
22.48
28.01
27.9
30.19
33.06
34.83
33.99
31.4
36.31
10.13
9.72
10.87
16.24
16.59
18.83
20.01
23.07
23.03
26.23
27.94
36.32
41.28
11.73
14.39
12.49
12.27
12.52
13.23
13.74
15.37
15.76
24.79
25.85
25.51
28.29
36.18
41.26
12.22
11.52
11.98
14.32
15.75
26.01
27.27
23.83
20.45
24.74
25.2
23.81
26.78
29.9
32.16
36.55
36.51
38.02
40.39
11.99
19.6
20.9
30.68
31.01
34.61
33.93
31.5
33.85
35.82
35.77
29.71
28.15
21.5
19.27
16.19
15.5
17.75
17.31
21.4
25.31
27.67
27.26
28.26
29.12
32.35
31.43
33.72
35.93
33.44
29.33
31.99
36.18
41.07
40.19
36.12
42.06
15.33
16.04
13.54
17.04
18.55
18.69
22.25
26.19
26.64
33.59
33.29
37.24
40.93
11.59
14.15
14.43
17.8
17.26
16.04
16.18
21.58
23.22
24.73
26.04
28.82
28.26
27.51
29.74
24.6
21.37
22.97
22.42
18.23
20.74
24.92
23.77
22.52
22.92
27.44
26.56
24.26
26.81
25.0
25.98
27.99
24.39
27.36
29.7
30.94
31.03
29.71
27.14
27.91
30.45
27.85
27.08
30.3
32.81
29.5
26.87
20.22
18.46
17.49
19.81
26.55
25.11
19.55
18.95
20.83
19.84
20.66
21.12
18.18
16.78
9.53
8.84
9.23
9.75
8.61
8.75
14.89
15.48
15.37
15.04
12.77
12.91
11.66
10.91
14.07
14.65
4.64
18.77
19.18
24.66
27.7
26.46
24.64
21.3
20.76
19.3
16.24
14.06
17.93
18.32
14.11
8.89
7.94
3.53
20.07
19.7
18.4
17.85
16.43
16.51
12.51
12.17
8.79
24.46
23.51
23.09
20.4
18.08
18.71
17.79
18.17
14.43
12.72
9.78
9.47
9.1
25.67
23.31
23.13
20.23
13.83
15.03
16.38
15.42
19.13
19.51
15.44
15.92
14.54
14.15
11.01
11.26
12.52
10.37
10.65
14.26
18.33
16.69
11.51
11.97
11.82
9.57
8.74
10.02
10.5
8.69
5.21
21.41
20.91
23.13
26.84
8.37
6.0
26.84
27.73
29.21
29.99
28.15
25.04
18.11
18.34
20.37
18.04
15.62
15.91
15.0
13.44
9.66
9.12
3.75
20.28
21.69
20.53
20.0
21.31
22.22
25.18
29.98
11.65
6.07
21.61
22.87
23.22
20.98
16.74
15.8
14.28
14.8
17.75
16.82
14.04
13.52
13.71
14.85
11.52
10.51
13.53
13.63
11.5
11.42
6.89
25.64
28.21
8.14
3.05
19.82
19.67
18.93
19.26
15.74
15.06
12.33
11.11
3.19
13.63
13.0
15.53
16.59
13.81
13.32
15.55
14.78
15.72
15.72
10.51
10.99
9.04
28.98
30.72
9.07
9.42
11.36
10.55
9.85
7.49
26.43
30.8
11.52
8.12
26.45
24.16
21.65
19.9
16.35
15.83
12.1
12.36
14.65
14.75
10.34
8.15
5.28
18.22
16.74
13.07
11.72
10.77
10.06
6.02
17.05
17.83
14.47
9.65
6.09
16.62
14.46
12.52
11.44
8.23
19.28
17.61
13.17
10.01
6.34
24.35
26.14
18.76
13.65
11.59
10.35
4.5
15.08
15.35
19.0
20.32
18.76
16.28
12.41
12.17
9.45
29.42
34.15
13.61
11.39
10.34
7.25
21.53
19.49
19.85
20.76
21.43
24.15
8.72
8.45
21.66
18.48
18.81
21.79
20.99
20.43
22.25
20.94
19.72
18.11
15.36
15.89
12.92
10.83
11.46
11.45
11.39
10.89
9.07
15.2
9.1
9.32
8.81
5.38
16.54
14.77
11.97
12.2
6.57
19.26
22.49
21.06
18.21
15.91
12.65
10.08
10.68
7.95
24.21
22.16
20.3
16.95
13.13
15.83
16.2
14.11
14.15
14.65
13.5
13.82
14.22
15.02
14.64
14.81
12.67
10.98
11.71
11.62
8.54
22.75
19.84
11.95
9.6
7.19
21.44
19.73
15.45
13.52
11.58
11.54
