48.4
40.79
28.28
29.32
38.12
32.01
17.76
26.18
32.06
19.34
18.85
22.89
19.37
20.08
18.42
22.31
21.95
24.68
22.51
11.17
16.31
12.7
13.65
15.05
22.58
24.24
22.07
22.34
28.53
14.54
7.78
21.31
18.16
23.04
33.02
28.11
32.75
30.25
34.93
27.51
29.21
26.53
24.09
22.67
24.14
24.14
23.52
29.45
24.94
28.11
37.47
34.44
25.0
32.74
35.08
21.14
23.59
24.39
35.26
17.36
14.9
17.31
21.46
22.08
25.88
28.72
23.7
27.58
31.89
28.77
26.05
28.0
23.31
28.6
14.26
18.09
22.83
23.36
22.35
25.08
22.5
21.39
18.62
19.38
22.77
24.31
28.69
25.94
24.01
21.8
22.18
19.23
16.11
22.9
18.12
13.99
19.44
19.4
22.75
31.32
28.54
23.48
25.1
27.56
19.16
14.55
16.8
12.37
14.89
21.07
20.25
22.18
19.58
18.53
28.61
18.28
16.46
15.15
19.4
20.46
19.88
23.3
23.86
31.32
28.7
33.89
16.15
21.48
13.02
13.73
17.01
15.27
12.95
18.72
16.08
20.9
23.19
23.71
25.26
19.37
23.18
19.08
15.1
18.84
14.06
14.39
13.27
21.15
27.09
23.88
17.43
22.68
18.69
22.87
26.61
23.14
10.08
15.39
14.27
19.81
19.44
16.83
24.09
27.29
25.08
17.59
18.0
18.95
23.31
27.1
28.32
31.33
20.7
18.25
24.28
18.86
19.01
21.66
23.31
27.55
26.83
24.59
26.48
27.5
25.84
20.16
22.91
22.51
20.95
16.11
18.1
18.34
20.83
16.23
20.42
24.94
20.69
19.15
21.28
19.61
17.7
24.39
25.36
23.99
26.41
23.15
18.87
22.56
26.64
29.02
30.67
26.47
21.69
24.01
17.23
10.59
15.42
17.44
19.47
20.19
20.77
23.32
30.92
29.07
33.79
26.82
11.3
11.61
15.24
15.2
15.35
12.28
22.84
24.07
24.55
18.19
20.1
23.55
27.75
21.27
17.4
17.82
14.96
19.42
21.28
19.84
26.36
20.44
20.47
18.71
29.59
17.05
20.09
21.35
18.82
18.05
16.43
18.27
17.14
20.58
16.27
21.29
20.57
21.06
16.63
13.43
16.53
18.98
21.72
24.82
21.4
24.33
10.46
20.16
18.74
24.9
28.08
28.13
28.31
17.49
20.18
21.67
25.35
11.84
16.43
17.7
9.26
18.71
21.9
17.24
16.85
14.43
14.41
15.73
16.53
21.58
9.64
13.06
8.98
15.91
20.12
22.06
9.59
15.7
19.75
23.7
22.02
25.29
24.68
21.08
20.66
19.92
22.28
16.44
12.86
18.6
17.6
15.98
18.36
14.31
19.44
20.49
19.35
23.52
24.55
20.39
14.5
15.13
12.92
22.82
13.8
12.63
20.61
28.98
21.73
19.11
17.34
22.48
21.57
10.49
11.74
19.86
22.08
13.87
15.46
14.05
17.48
15.69
18.64
15.55
17.38
19.68
19.45
24.05
19.24
20.12
17.64
17.54
10.4
15.72
12.98
15.51
19.93
21.78
20.69
10.83
10.22
11.5
14.83
16.68
17.67
15.7
12.38
20.67
17.96
19.83
23.14
14.53
16.84
10.65
20.19
15.84
20.65
19.46
14.21
12.89
16.95
19.92
18.6
13.34
19.24
18.97
16.44
15.03
16.27
18.19
13.01
12.31
22.31
21.17
18.27
18.93
18.33
25.41
16.41
13.32
13.53
16.14
19.49
17.59
16.01
15.33
14.35
18.63
15.99
18.84
15.9
15.23
15.55
18.14
13.3
10.09
14.49
18.47
18.23
14.19
9.92
20.0
19.35
11.25
11.66
18.38
18.92
15.03
17.62
17.16
19.12
16.22
14.81
14.48
19.35
20.46
19.64
17.17
19.73
13.44
9.78
12.39
14.06
8.69
10.23
12.68
18.02
21.05
24.9
13.66
23.17
14.74
15.1
19.48
21.43
21.15
19.5
12.28
16.85
22.2
25.6
21.06
16.84
20.48
17.07
13.6
16.24
15.37
13.34
18.14
15.7
14.69
20.87
19.73
18.62
23.82
18.99
18.69
15.43
23.0
19.75
18.51
17.34
17.7
15.05
12.14
11.7
12.93
15.62
12.94
10.78
13.9
11.54
10.87
20.99
21.23
14.37
12.5
10.79
15.42
16.85
15.62
16.06
22.87
18.36
15.47
16.49
16.49
21.43
19.75
22.33
23.58
18.16
20.74
20.79
16.09
24.74
13.28
11.37
24.22
22.92
13.01
12.24
15.17
13.97
10.74
15.47
15.1
18.27
11.58
14.39
13.54
12.82
13.6
9.78
14.87
17.88
9.65
14.25
19.45
17.29
13.96
13.85
17.52
13.15
12.02
15.27
15.12
21.6
14.9
13.84
13.6
15.01
21.64
20.09
24.55
23.79
15.24
14.04
9.86
8.04
15.39
15.04
21.59
24.59
15.05
13.75
13.39
14.76
14.84
12.98
18.08
16.56
11.22
19.07
16.47
18.34
14.06
15.46
16.71
14.81
18.02
18.06
16.9
14.62
15.8
15.72
12.02
15.22
11.26
11.33
13.97
14.49
13.25
