-0.0319992590262996
0.51514140739459
1.0077405083688529
2.3957759946745645
3.4720415288514737
3.5926557723519914
4.18374110407067
3.452359773450993
5.73924741196344
12.287243561455355
13.683762670348331
14.472842794534069
21.323327550525622
22.3970436184709
23.586682634343443
25.171600873359992
26.08709264383133
32.157609715344535
32.8964874307817
33.48938805995661
34.311605989068354
34.97809972816709
35.883882356388085
36.3957122293545
36.30588228850495
36.34381155861553
37.80947443298465
39.5930870759214
40.1344783281065
36.98493943679094
37.302651621194165
40.75661619044396
40.54175382148494
40.460941799916
40.45281142119765
40.6269950201977
40.5272322411045
40.403175319367904
41.17511704352015
38.689274948119895
38.91412811187834
39.34807837733207
39.43178353461757
39.917946272233415
40.3256569218627
39.83926973979666
39.85120592286973
40.4299729542655
40.617682519256704
40.94911732511675
41.69611527182481
41.88759311164185
41.344996427820334
41.15434414922971
41.28757771025066
41.40219192793205
41.5294490612909
41.299507497204765
41.07667504333271
40.99551767105445
40.58753512888829
40.55833278151479
40.65858277241745
40.71055050623701
40.81517637275379
40.82339390818882
40.9614920229607
41.14281595024555
41.08375320408469
41.13047763911984
40.99636198102924
40.99271396688442
41.31758729678622
41.41301888525097
41.521517562634045
41.38812671258749
41.14274226359563
41.52924515671463
40.477566566020535
40.5219938554425
41.82107784355472
41.82184193666201
40.90770341388184
41.57571418286125
41.75338651277643
41.59646563135373
41.52964675729906
41.70499661040623
41.4648509558983
40.03402182663523
39.9248418542788
41.08731001956399
41.40991314328428
41.45617115158508
41.679585953790486
40.81737412982566
40.87908994733552
40.82914204492933
40.74601081168704
41.80009069112356
41.7546340568003
41.0067549195936
41.18373593068535
41.21637026839685
41.39490539408005
41.79813648723778
40.98020162780251
41.02838905456848
41.36180074277152
41.359790086461565
42.37239481508796
42.48956336710821
41.4951409031247
41.16513822557268
42.09752962982414
42.3180325347978
41.42841292975194
41.52394059285984
41.70418154969412
40.747368588413245
40.432985743712536
41.37136928723641
41.52282207367713
41.32945772977959
41.727914337316335
41.71827406405853
41.667185450983446
42.06870005457321
42.23453688034309
41.86167333123838
41.87906934097169
42.18347978256559
41.83139684490845
41.452598897179726
41.34579970805869
41.69635540055882
41.77109203991216
41.70752464750312
41.736931868314095
41.78860459958997
41.790387008754585
41.69723060835151
42.57780946254157
42.61184876567515
42.13293551802781
41.802267693204776
41.6391686697786
41.91940310666061
42.17235650843791
42.069998196900514
42.03885783904401
42.06164463810177
41.99199786832397
42.01739157697574
42.113638492710926
42.10499245011166
42.1028208146476
41.95367581463697
41.64860804242926
42.31246668400716
42.39065768800896
42.29363063996158
42.257034589129
42.1038966357272
41.97213775661896
42.00606873448585
41.866274349480925
41.584040454422166
42.41208900092817
42.46873774560152
42.18662100668936
42.167550618064666
42.2642034437917
41.90450231841911
41.47320204518624
42.395726219753385
42.47456253224215
41.598841492639984
41.67610859634089
41.669966609932345
41.511697653118816
41.69069993530248
41.77094801455021
41.7314507303822
41.95616004599653
42.14896817955832
42.241670661015306
42.65490799618649
42.26113634970843
42.225316774919285
42.43604954273978
42.36492220365052
41.92982306905165
41.65701368552296
41.86959968033378
42.02945792882383
41.8733960199612
41.76688903846061
41.88725902074916
41.88332466251847
42.18673851825797
42.07857618458424
42.08687424085016
42.177709443524655
41.98919450683615
42.10174255751358
42.09807853339401
41.64624014515481
41.57155277661677
41.81814369242102
42.188199350756456
42.14945209641834
41.6145073928796
41.67687438998415
41.76077668347392
41.845759546927695
41.8404353703571
41.65603694869269
41.23596654642258
40.869056461324384
41.26735938617799
41.48638693227118
41.76872562343253
41.99435593855083
41.76595966280189
41.63227197051486
41.60815809250628
41.65358475719322
41.73564982591508
41.87967631331909
41.97669425142945
41.83815879523315
41.9880842738172
42.29075833776642
42.39591295353519
42.22656614390596
42.06077843910183
42.04847120301822
41.92310237419848
41.97818076312901
41.80222506771019
41.64399868497649
41.35423085373255
41.120959868513495
41.424290003763296
41.53279893862171
41.47014361010347
41.54181415820344
41.646207208366285
41.58305133990971
41.65381026144229
41.65962487856275
41.99053908512431
42.06019105666161
41.79545539591501
42.22781155708959
42.04429213912047
41.61465454988365
41.94784651707749
41.89144481058192
41.39990619388692
41.63221634182056
42.22136280522125
42.232155529282025
41.67014655802486
41.63770374090755
42.070476711287874
42.189632573593705
41.73788949135233
41.4970298109491
41.8848291497338
42.049701413615495
42.11138402437167
42.17416876546882
42.179181320126126
42.068088301784286
41.96815865582545
41.8984721361302
41.76906428750255
41.90721513262787
41.91976584079641
41.97108751071041
42.04910921054662
41.81592919053208
41.59110252278376
41.34472701239043
41.38982177422855
41.74327882138349
42.07031971970719
41.989529163844246
41.79950759822021
41.87778766414342
42.06408556399631
41.92692654752368
41.89674122299431
41.92216285884699
41.816966658446624
41.92976616847678
42.01027954471934
42.10932678585643
42.37867474100556
42.24374983013296
42.2109721969626
42.370685699850966
42.32578384190358
42.20441927439258
41.95044172630583
42.353619544703285
42.38526993808939
42.003850875315536
41.97304560936423
42.0816793063182
42.43739981946533
42.36704760164368
42.23803299777439
41.95479763346855
41.65239107421212
41.73362700173617
42.03800854252968
42.38411404429462
42.22308090425009
42.00989953790193
42.122373580432
42.2445087319044
42.19393553497292
42.202540059763166
41.99734688498295
41.91839698128821
41.99493183649378
41.78090204000919
41.85517621494893
42.00514728180551
41.99153201273335
41.741337009187895
41.55242122104369
41.84608070695113
42.267800572138746
42.11848881112244
41.98516479487067
42.016619502547
41.782760375388726
42.10133440291355
42.18120591955904
41.85799774720505
41.8680567136074
41.66842635903535
41.47239652586466
41.60360401814616
41.61983034677958
41.82916521096079
41.82344247737652
42.01898740015019
42.14646340397356
41.868629913884334
41.712880658992006
41.72157149132445
41.84541687705867
42.16625574381156
42.18542046099147
41.4115557730211
41.41329123190324
41.87912259300407
41.836710358506224
41.61075536551864
41.621035106197176
41.78603555979414
41.698918387651936
41.58197105459767
41.939020145254034
42.26199250915205
42.02769142570144
42.21547830957605
42.55477449610108
42.14803303542089
41.870337529067584
41.88633887010408
42.01646006967992
42.06783924636717
41.74808712701863
42.06791644506085
42.40426052200023
42.36385504555288
42.20043524048527
42.0824711024473
42.09002723685461
42.045245900130695
41.77588372115704
41.67557570716357
41.88688165381758
41.744963301819126
41.7485144648746
41.786702431467766
41.51182355863872
41.9039129777546
42.16697452797016
41.64891204327749
41.48293459154225
41.815317924555046
41.8951799591929
41.63127616501548
41.7389511950102
41.73401642769239
41.67066532993389
41.74533733253352
41.91569930897249
41.82937298765995
41.52577671675896
41.46713067454133
41.60147736087915
41.96679604079285
42.12596872232862
42.17314887228418
42.51912390040668
42.61535731703077
42.4206589535063
42.272714258863225
42.5899484881889
42.56464874322421
42.542956783671706
42.693116010118246
42.28998605590877
42.02958579744465
42.13252558277222
42.08416136908567
42.05633396634906
42.29676309892869
42.17237277008642
42.26002603987601
42.51849073020558
42.63269689769848
42.90032289188653
42.75844205626736
42.30460224204983
42.11379934107634
42.36113852375351
42.55818422206233
42.3766384216633
41.95694657239864
41.8183874650392
42.00083122206794
42.15405043453504
42.17410285185075
42.15000561601474
42.30073436940808
42.20303351277185
42.25428520856256
42.35297575770479
42.41870635826373
42.31297899894102
42.42725252292775
42.41137815444419
42.14408616352387
42.28235672826538
42.418220872420505
42.54088935469216
42.56403335387167
42.373338387541736
42.16142147241489
42.20195298527696
42.48782707470336
42.61350802359701
42.48429683450458
42.57767992821635
42.76229507372141
42.68766657974218
42.50391392063359
42.36009764756125
42.49110489700629
42.571199487384746
42.4203040183786
42.43280799988225
42.40218882626985
42.08733274168818
42.27287481486101
42.41892114309744
42.33157417754386
42.48675700125276
42.53932822909424
42.427831584003634
42.14751079700484
42.42344775977033
42.65985652674058
42.435927706945705
42.387435191412415
42.3214130736039
42.18450037647141
42.33804947078998
42.377646337727256
42.11687334150898
41.94909954972491
42.02077179913746
41.97355477655048
41.98481570812412
42.18268110128318
42.07124593036217
41.77427157426178
41.66614778456441
41.8960483148442
41.91374062154026
42.108054842653054
42.31522304012628
42.194634032732594
42.329282785841336
42.46219145701395
42.25727389953442
41.9442611304626
42.13184829821888
41.63657184653383
41.64961688027815
42.22858011653852
42.32049987901078
42.29486067597074
42.27521818766757
42.76935810436115
42.657903138417645
42.29223550073127
41.905201104148894
40.66052440560286
40.96788732067037
40.82153153416932
40.00419211368037
41.14434383801485
41.35233503554928
41.53030817875568
40.88703177474529
39.60584493310622
39.43165327696266
40.58444449006037
41.78573305208913
41.96113686475055
41.333136178093554
40.58466687996562
39.56162156865473
39.095022357295306
40.383021136748646
41.527389246089896
40.70646571143448
40.07168573283346
40.985200082044
41.34267928683944
41.80714913882697
42.10837593828656
42.0402805595585
42.01730935981082
42.14605360543555
42.22422294885727
42.01038226897929
41.887487513939874
42.0847637911856
41.71861138031145
41.59535544896283
41.92499766887671
41.97414709506029
42.006909032697855
42.345140982694886
42.46445311749347
42.09775564241866
42.19063398718089
42.14968722406736
42.02527993646079
42.09280960659585
42.24537020540697
42.509590977920126
42.25135013386032
42.224049376648125
42.29234243702881
42.01524173769679
42.37145359417344
42.4221790804999
41.88766304570193
42.06284778677036
42.25833411455326
42.399980985192215
42.35706178553789
42.28463901198931
42.31877190738576
42.415337094233216
42.49374860541748
42.1438437823978
41.97524487121176
42.04792714996291
41.88143961325327
42.01234412725229
42.25337334855428
41.82851205586078
41.67729502194164
42.10274577671651
42.29447475062647
42.08903479579032
42.18197747533732
42.052517156139736
42.00440127623106
42.085957155568586
42.045016999397774
42.28525801009905
42.2860616278515
42.12023196168033
42.22409636261787
42.3084907186523
42.3080252664981
