2.050269156325453
1.8586387076934217
0.9197338547255296
0.4987978292046815
1.943574709432363
2.1773369951215984
1.0748604113241405
1.8475298118334456
2.3441863321075576
3.052637649387956
3.8033495256113743
5.193348120767271
6.706914384672359
8.975903345808113
11.509390978778368
14.99664528246948
16.593551716341256
18.45796597878255
19.49448240392684
20.19694463764449
26.793128247351014
28.52498712387112
29.391055722713357
34.7235368147024
35.66245819341133
36.461553445100805
36.68468836715181
36.60461841773196
36.572434680055565
36.427239595090526
37.17593829555038
37.8337546231544
38.5356106522634
38.96599638583686
39.13344952772035
38.93951754331163
39.60815381495351
40.33456046251788
40.34128861358619
40.55473247578757
40.43285186356145
40.36141560283758
40.67365607852061
40.135491909392975
40.07072163113376
40.54694830320771
40.8670354229872
41.106915688258496
41.16833288431423
41.30455270657221
41.34170736771746
41.71818680842236
42.24006583102579
42.27098752173629
42.629989704342925
39.864270605389
39.67122150413242
39.91089654861928
40.36831181555356
40.395412795398606
40.39523227092347
40.49429717660916
40.66511326388749
41.167082241135525
41.55599378920806
41.38297017317876
41.32621425782381
41.35043706254119
41.68502742336852
42.13568611910617
42.00236636750324
42.05092858149195
39.591821689593495
39.82023505676223
39.82040488149321
39.94671247849487
40.32057875638166
40.70556539708346
40.79499250139654
40.96112412056728
41.369305336255294
41.75203130784423
42.10235281134144
39.8426307412131
39.94012247496767
40.24817869071192
40.82832370043815
40.64334639818015
40.667079010152
41.0887164345597
41.50757958817998
41.712179623976446
42.38144177430919
42.62760768792301
39.832760755017965
39.94791358699328
40.31699150769664
40.83753045756801
41.11255790995188
41.48085551374995
41.62100852653814
41.76175473703717
42.12426756823154
42.43408330478607
42.47855786731744
40.00241702828277
40.059855893598815
40.38102160486234
40.74363448589013
41.04155278334543
41.16053925741358
41.075701142338986
41.08307412377928
41.31998818382964
41.50859990447888
41.277239065749335
41.43393551643701
41.563293551058656
41.538541142503206
41.672173829520034
41.79386507541334
42.09176004000511
42.17411787286935
42.22047164635895
42.58464582512914
42.34222003310915
41.26352084817088
40.59820465659648
40.3891291268981
40.59616659069555
41.15973616734125
41.10187657637318
41.02821803584971
40.968942924078654
40.87273967269588
41.04373860080936
40.99634882301724
40.98436906440335
41.174201163108826
41.39868895254551
41.69852714298804
42.11266486104332
40.08981223526829
40.29595023944894
40.43693931683225
40.71230396705644
40.945688321364194
41.0845877154042
41.34919634582527
41.36909924865465
41.50596879921307
41.94716367459049
42.277376988344834
42.689977052810775
42.98673152492238
40.67008210038853
40.53323817438226
40.863975731560565
40.90135994965607
40.72378600898035
40.869318256817536
41.32680067431218
41.84607923724633
41.53509926636785
41.36672134067658
41.80818025018423
42.00232330506711
42.08429248258334
42.24305519859392
42.38358702196295
42.7084407160732
42.89371846732307
40.77352424161797
40.83189228480927
41.06710715013083
41.42520363299084
41.25160312507849
41.45669953309351
41.78048624796468
41.8878994537097
42.42358678008837
42.61782761113989
42.34260282139332
42.38347863437853
42.79794208039064
40.8688312874295
40.89883550832776
41.04578848064011
41.162263964207305
40.99498256372193
40.84013912198449
41.08409374849598
41.5138925096719
41.746636890543975
42.12607868818164
42.45424258581991
40.41390329938153
40.50406238413888
40.617070389199085
40.84644839323979
41.22219831074117
41.39094157517486
41.32198539880623
41.37651020783324
41.65533917168296
42.10052577144322
42.17285679094239
42.15756349739648
42.33258927518351
42.61720201605391
42.76230438567202
40.73061990153707
40.79734279887653
41.09415959437258
41.325240498659134
41.164140216772886
41.43191190204252
41.685303147156375
41.97810341314094
41.86180664296537
41.7418250931284
42.05740577273922
42.20971714312906
42.30595745527628
42.451777597340815
42.55493051080814
40.52691294961933
40.64129301605541
40.831076238428
40.997136154148286
41.17330957499704
41.50999717152322
41.7915916363778
42.13215677595723
42.21380344443063
40.16367786868432
40.31026608813489
42.60204717664041
42.83049742241077
40.74736764488094
41.08130481006579
41.45646110054385
41.512105229214576
41.62504907756078
41.92054084482139
42.05980011253003
42.061319776751326
42.26869155650203
42.18797853565104
42.00522711625714
41.97723836642541
41.82307646487456
41.9931793543491
42.3699328908005
40.60042329353907
40.556948212267415
40.45505287853981
40.76479995712043
40.83241634390817
40.804563250282605
41.12304380362106
41.30457104616467
41.31971457660548
41.497617013609386
41.78702749694264
41.93819441077035
41.80928519138746
41.99943705036514
42.3888890191083
42.37934612379726
42.041668008815215
42.01087778366095
42.040632778227135
42.37663112532353
42.62420197400508
42.78273897141582
42.924038602771326
42.92359152119163
43.13451842472397
41.106491525816026
41.27388756595733
41.30456701008727
41.48744947098772
41.78461123599374
42.03582833988151
41.98980348926264
41.62219812147685
41.74288308920453
42.281616592206376
42.46602714944808
42.40035462219973
42.57514854714027
43.08543225439807
43.086998546482846
43.03945584048952
43.28402622408641
41.02582468031833
41.02188932152469
41.27728591577536
41.17559399341423
41.33248895996272
41.49780605601278
41.6396694595322
42.07147909831883
42.256717339039845
42.57144380149802
42.79393494571887
42.79071256248271
42.9335907099721
41.23200694489538
41.29869356742893
41.47544100992105
41.70631187860735
41.77193731859377
41.93309293455072
41.928240309211375
41.80496906917168
41.92001089828113
42.11886792884239
42.445662724904174
42.632537591648976
42.25673668650699
42.41866915455383
42.68334442188004
42.66457286665553
43.2170744698302
41.38131291781012
41.36379606063038
41.50901843909187
41.6977962282145
41.78756180631928
41.90919834366803
42.30880317719604
42.37296568404954
42.46328137906232
42.81322171455291
42.96539437031291
42.89009949882183
42.929643014952525
41.05413174945567
41.06935327978693
42.98416005831448
43.13833719798796
41.3904105007975
41.30147319135585
41.62369527325998
41.93560629863385
41.88861168270922
41.99287437949679
42.18209972100693
42.4979171565791
42.75269752546763
42.80882169326684
42.85280360731158
42.738767607697554
42.6572328134218
42.87534409876114
42.75416368444832
41.00325253316678
41.45872633010773
41.60343700811986
41.58619678447307
41.66158685864321
42.00521301451308
42.11450749903979
42.03085585945748
42.23447828915414
42.38507626546785
42.3128093093509
42.60902155333312
42.777325105149984
42.30495895425993
42.25661786368203
42.432671448072014
42.331494677631774
42.516455848430205
42.69061813583318
42.582876622928886
42.5535122228199
41.13545684954322
41.43695921328353
41.70228923134547
41.91314009266564
41.78626141144669
41.75979922320552
41.85923173316464
42.01269482954714
42.24921082304613
42.20196542353548
42.17551970755624
42.286858741755495
42.41829526901587
42.57250247159592
42.365063094817415
42.27735962989758
42.27297012720692
42.410826754191696
42.636481753993365
42.558330238149416
42.560246868378
42.70941633185564
42.74557049445464
42.7650619162477
43.11270566037472
41.62303571188504
41.26616398915807
41.07180085375193
41.170719094276336
41.52779877216482
41.56502780866835
41.58224220350007
41.78233322099102
41.88567437778888
41.7421803368156
41.470630271450354
41.70011722215324
42.04668903786976
42.07321470424135
41.98046981038361
42.140180015409896
42.32784910490941
42.36881015117608
42.28385260328978
42.35212778018089
42.38392809799596
42.31116802286515
42.12048135236573
41.91525436881621
42.04771508021158
42.17915416136248
42.12018668766865
42.25571343959073
42.23823778489181
42.25658424348846
42.40367232241225
42.21418197789662
42.007851031669546
42.154597822532
42.36111661246978
42.48090835818723
42.43547564889186
42.5460218629991
42.65786848544667
42.82872851622873
42.9707702084089
41.22066708991704
41.25140250420738
41.32503212519454
41.54529883394489
41.55265278860279
41.54095419720492
41.83629991524128
41.84773842148356
41.83493599431277
42.21440818205694
42.42113230439303
42.54135667497134
42.62925989707512
42.57220518768998
42.6411191742721
42.75695086775399
42.85086673319647
41.36075166210978
41.41563836503947
43.27165565357738
43.18430541628529
43.23170392183214
43.52108972598703
41.725319375622185
41.73501253048413
41.75199236710352
41.68242276336809
41.83266160586507
41.91569186533597
41.88381330660166
41.83316752555714
41.88850867325076
42.11080110820711
42.27426590034675
42.5256359966172
42.79427581080177
42.84256928975843
42.53676411765702
42.514593544598085
42.86755700958309
43.0980919384102
43.01049556274516
42.75664479269548
42.640117921272704
42.77396858236652
43.02988584586672
41.568459409515945
41.58842634938499
41.91397313142241
41.98342422722795
41.97052944901634
42.54245631415843
42.89030093424215
42.98440868277734
42.901635769065344
42.833919344878126
43.04232828892571
42.984462937703256
42.78315164433202
42.84082017713321
42.75825805216546
42.5457587188543
42.39755873818849
42.59262595584827
42.8202078392485
42.9778783632552
42.905235215265726
42.97605082855371
43.04468786137324
43.04646560423592
43.354074830841554
41.92937456143164
41.7433803640979
43.046544412205456
42.85700636900187
42.69378716679119
42.63962188592759
42.528204994023
42.636758894982
42.693199292245424
42.46450404409538
42.12165480877811
41.97263203041732
42.09851774613788
42.18051554931375
41.90364926818633
41.69991602815308
41.402962904808135
42.35571100655135
42.38421579045316
42.55895241302747
42.34245457545283
42.17238059625217
42.08502724210128
42.18711001029524
42.57807954618547
42.63748389285625
42.57242765943422
42.778255550860806
42.87909913167847
42.92567543503934
42.985976150446696
42.91968907297185
42.959968890724646
43.0970723880144
43.014961665815406
42.94586430089871
42.97057562821494
42.62819170310253
42.5554824961066
42.681887385961815
42.74440193608607
42.94599060234939
42.9508772057434
42.54505533119622
42.57900466400619
43.11787025230193
43.21704724585097
41.85214272921789
41.825116071226674
41.69326346974825
41.61653728519834
42.812305441988194
42.68771800395496
42.34217012301984
42.315573831765775
42.399650523546605
42.24791848572864
42.27654382777977
42.28558796856614
42.0863313671192
41.926908645833535
42.03829186849934
41.95488811943719
41.66126857888652
42.97103041710949
43.006515390982585
42.50343729269054
42.36327864483194
42.43645868029603
42.39089642371162
42.48144202230933
42.54051530799026
42.9369723619622
42.93116636186569
42.42801875540457
42.31423948577045
42.56935758085761
42.511459566676095
42.24802226676872
42.34447189570333
42.37847394679389
42.058647572060245
41.91273259806694
42.23986146928036
