0.3632739950475059
1.157978271210104
1.897421319486784
1.985885634523564
1.6195666593408222
2.9679089440188227
3.867135353108358
6.014506010884105
12.51732834755401
13.60656072487383
14.881845663803276
16.937832998389084
18.1813711743763
23.82274910710211
25.38820474315552
27.414201077699342
29.243031941085924
31.338812362325616
32.86747531471427
33.33723256688746
33.9622918088405
34.41291219249555
35.24615363486737
35.28187555262573
39.01911069791841
39.1683024252322
39.59285160448539
40.13479171091721
39.91966912308335
39.17723201816493
38.590909473045976
39.2576050552469
39.624199005339854
39.661637210596965
39.94222539131966
39.9726875228807
40.16081133457033
40.29636917384849
40.51532747493504
40.98131499857824
40.97477706188005
41.14748822844904
41.63370346311354
41.502663510467336
41.1317442324705
41.08022310820398
41.35016785627482
41.41302255727587
41.46320578291631
41.8526384306054
42.00823609649731
42.3562762591691
39.8388325736751
40.11289207338493
40.29614999749508
40.12100972082291
39.77538785312812
39.56687212860007
42.31291797649723
42.36446007014576
39.85217629946782
40.27893050192026
40.76047338817365
41.12773902645728
41.302476778652654
41.30443342323444
41.53771259904432
42.16104216680564
42.48544152279483
40.34542402662408
40.659917535877376
40.705569315342615
40.68264625241972
40.85370288819365
41.277266504382425
41.56929542317397
42.0415913636292
42.261134671256926
42.46833975102127
42.98634529333662
40.74185292311488
40.64687216297804
41.049285591218975
41.79263423570581
41.88851815305257
42.22742525819194
42.26594341795084
42.02561354176935
42.2997605077011
42.60539783348022
42.72277265491279
40.58639766796151
40.9642167180647
41.0363569991718
41.249397512455744
41.50236560292582
41.64660897189314
41.970793356345695
42.36850164397791
42.64083697575021
40.54114701828672
40.609382205522216
40.87584884112661
41.184867263940575
41.12640334807873
40.910977500248855
40.74855861927265
40.81634570529546
41.26035465386454
41.84046246235111
42.20062235801561
40.02963017175836
40.00616019300574
42.68414458296897
42.922945603937166
40.58323057139989
40.84386952044886
41.10052773483685
41.24852507582316
41.55135888555418
41.919030653837424
42.02107772746714
42.33010493608215
42.36887477944413
42.21318926545212
41.97226608937124
42.227988647439005
42.778723284985965
40.50248810945972
40.63134515324114
40.75306827649674
40.67528685827354
40.840785144388136
41.151230480050245
41.6008112023766
41.8537736628214
41.55916039508993
41.63320711480002
42.01207951374561
42.64478562214024
42.96229578240047
40.8664464645847
40.99163769760558
40.69371498696219
40.6515578922982
40.67449155065755
40.66396207441802
40.57844771321499
40.698526341125934
40.925626227118336
41.31735526454846
41.513277115691935
41.766516431803694
42.199320639582695
42.52914744199868
42.91646979145949
40.53068350652045
40.53427126403743
40.78685891007286
40.87260444105015
41.08363802102728
41.704658064292246
42.03836602320331
41.75209964384921
41.50619334935341
41.796734777066646
41.806660480811296
41.81685799619176
42.11584954590009
42.25518996211298
42.52439526776887
42.84811036322259
43.00780762896637
42.96022269740613
43.09356085458021
41.19115267755575
41.16843336693202
41.61640908139216
42.30088864588521
42.28395268046624
42.65298192954135
42.67332553275366
42.31775977495667
42.40283711692828
42.62710553481192
42.54557059664634
42.31594014686996
42.26467253049505
41.90023685897042
41.510537041418935
41.38673194652169
41.36797242444692
41.41589113975292
41.49206251666365
41.911506154629606
42.22359575895029
42.04753045814945
41.94725327442604
42.27955445677526
42.52878015850151
42.4225591947687
42.388493453818775
42.4808883258845
42.50640125147895
42.55479727489401
42.46002198089747
42.51453624891351
42.724139490380594
42.96896127092208
42.93421951792156
42.73295903825312
43.08889441393841
41.29837372932354
41.411813586018525
41.403794193001
41.37264727368041
41.48119904142271
41.61065535787966
42.01389932994949
42.01553667668275
42.05356205306591
42.54409368661676
42.7124595700012
42.95625676166745
43.004723495826994
40.96625743055682
41.104488958272704
41.3970675969556
41.66599682069591
41.4896315782996
41.37412531383703
41.56916211462722
41.81811204820303
41.964982763663855
41.90610986148211
41.99400053032812
42.26770830815716
42.41354524777009
42.47053552326819
42.46333761189067
42.26942785946947
42.01266614397402
41.99987223364857
42.03457135670124
41.95145369371171
42.33204164146005
42.52257431968544
42.29993410027859
42.14551460567149
42.187210614111706
42.332121032670265
42.07982359066611
41.95701958567202
42.14453019770605
42.18367405896042
42.15548692233558
41.95221382035916
41.898128520838064
42.16014749816635
42.3393344503303
42.5090019946236
42.65588713824528
42.63102303157559
42.36451415134533
42.49457630417518
42.68524689724652
42.35276899236325
42.34724080222745
42.68446156385149
42.686152458440894
42.40655742954343
42.30397869230648
41.931413118438485
41.91473553225609
41.96878720756691
41.95417020443096
42.22994297492223
42.07709888451384
41.94067173982561
42.04144842423951
42.01286413472894
41.95057275274464
41.92555875568302
41.928469711546825
42.112703543794325
41.8708246520433
41.1458668822468
40.88599465620342
41.08963079676876
41.19500182276393
40.968867399196654
41.19296312974098
41.75942500596501
42.00771673794743
41.92891795867933
41.66371582534343
41.24975314426962
41.29383764514567
41.36246922692509
41.24879611679077
41.31987396144334
41.21767537716794
40.88497968833937
41.93494112603323
41.95539406161866
42.17965667265148
42.35075361577585
42.217915380437496
41.94616505457949
41.94142850052338
42.022636541772826
41.966789952266296
41.73186134901247
41.67584485352603
41.9630818597813
41.942310404983246
41.54713870982843
41.33808997985346
40.99953739315774
40.86044607089984
42.21888971552792
41.8116911476401
41.89143122901316
41.98625772713598
41.86229730468001
42.1008226297557
41.82760202647147
41.62973502334931
41.285430582592745
42.16810559595913
42.249522980346086
42.40588133285013
42.36092571599469
42.21930703772392
42.09561425063488
42.07490763629207
42.1695277491701
41.84567359364604
41.57545378349048
41.439627095029074
41.39467135195014
41.38928548833637
42.516201974305865
42.4065539287692
42.114285105752096
42.02596228367173
42.12416341552755
42.13766210401666
42.125749335377286
42.05162063593005
42.14326607842769
42.203117032576266
42.17868676250241
42.21776155765546
42.07366006375784
41.836366305751056
41.90417109558774
41.84853575526439
41.72588040346142
41.67557013447208
41.69431895948152
41.95064039796571
42.25591028986306
42.30765052773168
42.04876059714161
41.81366221609756
41.73980619286549
41.71354806048623
41.504650703295226
41.53135511209568
41.59695083658279
41.46943480455642
41.2902725854796
42.289506610288846
42.21094167749865
42.34039348317325
42.55623211562017
41.41275986066108
41.33665901012037
42.60227344486299
42.72154951982305
42.96497405023349
42.84060970584194
42.592275430290414
42.400667327349055
42.00059740669661
42.11351069926075
42.45864005233083
42.30983228189088
42.13781908509238
42.17280945545973
42.28100672192273
42.24002636064056
41.95363436605205
41.87143162363834
41.52764559668071
42.5013196019858
42.608629797286696
42.33643160606786
42.217140785383656
42.41071024204536
42.3873696444056
42.59972934787925
43.09597792307719
41.86343109492893
41.40757408702726
42.28576868511387
42.36168002867404
42.56741135795477
42.33016255415117
42.07680795567747
42.255379664077466
42.14363151565454
41.826170058732494
41.85300594320503
42.05276911239762
42.121197996237136
41.9852450026965
41.92980336997679
41.97591839603533
41.91945266669929
41.78380006203913
41.85564175428496
41.91957786294552
42.01364319041165
42.07578495439586
41.71137490111974
42.72610500528592
42.88917299876546
41.532796744081445
41.10708435096818
42.38999316463855
42.27463755749186
42.248311878728245
42.51371834241813
42.241681048727735
41.97491422148003
41.83839243887549
41.74140061121507
41.30501329361374
41.98205375637725
41.88002379243253
41.95626411791929
42.18213795874264
42.07851545543504
41.86135569154447
41.9417441987643
41.9951459942627
42.26044420710865
42.24608836274163
41.92831158676734
41.94276672469041
41.89780255020838
42.87817239028798
42.94542657858887
41.71982882691309
41.52557530832264
41.69440249351019
41.68667669820801
41.68552179019185
41.67522427547247
42.716292570640015
42.96047969277197
41.84597686118371
41.79110246083802
42.838167895835866
42.6707647067645
42.670979331468494
42.444249156755546
42.2410893410075
42.07802699890141
41.82094117197179
41.94897810386391
41.959212924241385
41.912058955618924
41.8585541769284
41.70405481784559
41.53353139783751
42.24461586727379
42.33037827746466
42.2608727549536
41.8918040939806
41.642305707998304
41.61367697193971
41.57341446577952
42.08512161442988
41.91288276932686
41.846254482863095
41.54607992858719
41.31960056244747
41.91974687255352
41.828066633173854
41.8466438255964
41.91867913996271
41.766013993259655
42.22160953716499
42.23844006675472
42.05800948975512
41.71169032413729
41.50883290899421
42.37093811686613
42.51866874585095
42.375808331612944
42.12071230879511
41.94097069588503
41.77687853381169
41.39555516470329
41.883173815035626
42.03799417211216
42.36967856791343
42.53248249275136
42.42017698846151
42.1092900042566
41.877380288361294
41.94093964317639
41.82062819489054
42.67189860997801
42.85475095514267
41.88994808221646
41.58881513054436
41.36313373358111
41.32549250037191
42.1532962951534
42.32714035107616
42.3198896087494
41.99308724239114
41.98983958808907
42.09980552853376
41.33113449086512
41.46655043694718
42.19596756129895
42.152220180293625
42.26641016811937
42.40414991803885
42.361061312587445
42.31683176759895
42.41709540292919
42.55956360930879
42.456570253947305
42.19280976649774
42.12149850728338
41.98634315903262
41.88457102133893
41.92300660408065
41.9916840376336
41.95126210457288
41.8843132637177
41.93843537138645
41.87903519851523
42.39459243588412
41.98792087863279
41.77622499181724
41.62382617213283
41.32403175088264
42.14590630673061
42.11700937191486
42.01176047408409
42.107082510117216
41.7942583106255
42.16239984547536
42.20785383025997
42.52056112207648
42.36130423074636
42.08077699936384
41.91436889517569
41.69860571620861
41.65638197435642
41.66903483937335
42.56014012779799
42.43554400190068
42.36867285641575
42.13176578389032
41.88114239573751
42.214614293567394
42.37198236725469
42.10791237525446
42.011560575571785
41.882999767669446
41.8696890232099
42.12549828251189
42.21611276366379
42.32040881874107
42.19045316009469
42.09912053768624
42.085209569437126
41.99934688978712
41.93751909566956
41.791987853136334
41.753641312848366
42.48010332465208
42.105521454806585
41.712032042849785
41.73804344298194
41.59436481364781
42.32335096340415
42.49827054860734
42.14795192231804
41.77724592256931
41.78281728720484
41.86325517445605
