-0.1432165894384297
-0.1163132721036581
0.3899046399706489
1.598053902871163
1.8525635224820505
1.2656276703183154
1.085082542844564
2.2569986994743525
3.68363143306326
2.814353498994598
3.622909362396269
4.9597188015916265
3.708658675243528
5.33134344511496
6.990259711061551
9.077421059694704
10.482435210374842
12.267274066149517
13.261560364385703
13.919030136494165
20.076828119330788
21.800391789929108
23.741177691242772
25.030516149614854
25.43221854617596
31.123529032097768
32.08140417826883
33.07166376525708
33.8474362325288
33.924904775534706
34.760707078503856
35.48673603778015
35.66699878730014
35.49177619481403
40.01521056197007
40.11854554157553
40.112240987090566
40.9135777452431
41.02861109451629
40.88393736636971
40.986160044440105
41.508188841624126
38.302537210962754
38.32723097795002
38.5985552203466
39.05925852411057
39.58049184557574
39.9356935746355
40.442017243352026
40.83194044944951
40.85517391033496
40.95883296081518
40.87509355371007
40.96765153080712
41.29962217852384
41.99149258036863
42.19085703691374
42.46760396941291
42.888700342385846
39.8796492586393
40.3612929475453
40.812377356224445
41.2824543493517
41.41294444730058
41.43265880355861
41.246714912658334
41.28027666858542
41.67901715849094
41.92870319216503
41.92377840020422
42.0272911651191
42.11421774789051
42.42067230914725
42.64744392778199
39.85789834098532
40.15945272801872
40.37623085269171
40.70239483178546
40.965969509548266
40.70756622116311
40.62329911034645
41.103494346140245
41.39808912238618
41.42591961501231
41.42346273171202
42.19175072488672
42.64959498396115
40.234515534168345
40.25922214107961
40.09307870855271
40.27764811426521
40.58345765641984
40.426086418422194
40.14646678156484
40.61412044382496
41.070477342294936
41.395470738573856
41.330337687700265
41.39380410280718
41.72555914590105
42.35331068853575
42.47666431731876
42.34825899421708
42.7258402135519
40.41356569415795
40.730957543160805
40.93940002658033
40.87043447796936
40.968373032804486
41.28137620674341
41.68317769129269
42.068907990816605
42.2896026590224
40.05548010569696
40.08248136519155
40.141941355025125
40.36247639272543
40.53847096957976
40.46669462584676
40.653087042560216
41.0670825250656
41.57318620333714
42.03664124939103
42.0945497631433
42.44381061366825
42.601977392807385
40.4213505655311
40.76272282666432
40.84858541364607
40.98637825082642
41.13991169092249
41.039431037144965
41.115167440304106
41.29601082388064
41.22962139406678
41.50020434078118
42.025077830155695
42.2742749285398
42.51971222374121
40.42585192213987
40.42659075515432
40.6172586028935
40.82487522419529
41.166642954527376
41.29325830629965
41.43895751566788
41.659951609815
41.68429520411596
42.10456724514763
42.56917088908136
40.48658994332582
40.632940974874
40.85083172844461
41.05393211510278
41.26849742000456
41.03948687868616
41.064011575396734
41.31042133721029
41.447306940400594
41.61106135174224
41.89628184395773
42.205861520594674
42.27407985819057
42.58944103514218
42.888351986069054
40.94291048663617
41.01649358202648
41.12314152881877
41.222296737271535
41.33293541374253
41.37843663324024
41.3536223319346
41.58891272105412
41.75848748117187
41.74218210457038
41.7583419346351
41.76778132396005
41.99911180915302
42.16892643318426
42.33120034926138
40.863970791158096
41.04639396387436
41.0985308390281
41.545298160970376
41.737929981809394
41.90284638919285
41.98635465976164
42.16397327922375
42.45846918064887
40.55631833630631
40.64232427095519
40.72005294787572
40.862640707310746
41.14831152623399
41.69605380152763
41.98177700822034
42.03750226287742
42.16145384708364
42.36829520761743
42.1652310519395
42.16316286925663
42.412450406200186
42.36603576401376
42.54437641888872
42.666680967633326
42.6791850628633
40.94966247508731
41.13720494044553
40.996846745409385
41.05829524972964
41.53863850661823
41.92521169756179
42.09064562734096
42.4549067120211
42.79643742774088
40.788784525149055
40.83284406808296
41.14634610456432
41.399346664988826
41.6927767604263
41.79259003568856
41.824913787364665
42.06809100264704
42.35812356117825
42.49388807243335
42.67796106106192
40.938893784326176
40.89166525741399
41.02760122216361
40.83797377298993
40.846747905777775
41.14554583901239
41.496516499513525
41.768586262329606
41.76911586052312
41.85752912226424
41.77900146659356
41.79071957013229
41.87662456759933
41.795811052613175
41.90351718255609
41.863730072213166
41.93343312913446
42.2393443626258
42.28164252900617
42.501404040264354
42.56472238717964
42.40419387598507
42.111516645110825
42.25915649779333
42.63778647952302
40.85384273962074
40.98392397526062
41.48563413663312
41.828308993335376
42.00099597620092
41.96310680067472
41.83708467484176
42.16891457045791
42.26379823320554
42.445833475698926
42.76735783388101
41.13360039378551
41.07377398248088
40.794322145460825
41.001842115252295
41.31320117255291
41.10852234337597
41.2735202975099
41.5527150570105
41.424332473744414
41.45285706179542
41.80693795759307
41.79285591122325
41.700919527753214
41.88590932049628
41.87118819814463
41.95052500185997
42.063230835649954
42.18615821315572
42.35035125887652
42.517219783800805
42.55847470750661
41.03077173922478
41.404039418274834
41.47903417111071
41.18081204087236
42.69235624631792
42.84547536514892
41.40366699777518
41.53795789087148
41.55521518494184
41.310368376548105
41.329954581508815
41.3775162406278
41.250104008471865
41.209074601105215
40.933921996345646
40.85036424769642
41.701504729521545
42.63817238145777
42.871952429295206
41.46890767078013
41.70839075027513
41.73504633283261
41.53080890278979
41.56395977859575
41.54972461971414
41.920570208178106
42.316889373351096
42.32107269555976
42.61251078903759
42.769443356551385
41.1687985737047
41.38605590730811
41.78980242221711
41.87322057257741
41.97053374154975
42.04870958989408
42.01180752435237
42.13111111143029
42.04369839936395
41.89415789232476
41.9137878564359
42.070592852468415
42.30153115244812
42.48705322965919
42.51449390452539
42.5386690684026
42.622022999915536
41.28106575985548
41.18202311572219
42.59051158685768
42.904911577440224
41.81658544695526
41.79228245644433
41.64148908453084
41.77629163346544
41.86267992132853
42.07921944181213
42.26818452031421
42.18605980754968
42.16327875901224
42.16606964234556
42.14988085840088
42.12170764917472
42.02411064715176
42.17810331728943
42.35086585526838
42.27683970455578
42.2206774853
42.37077695654076
42.71227995247929
42.92885707301272
42.46580906224196
42.247035421688885
42.67478672090712
41.32138111130274
41.063019225359305
42.44168332495438
42.5400432598501
42.59085850299296
42.694636837953766
42.80312997882815
42.87852559345989
41.334500423428906
41.31232234684936
41.73095083817714
41.81777716073279
41.633969942607045
41.5090275841379
41.58301290227833
41.83868354675816
41.73335480082495
41.65329426876314
41.81833847896334
41.851911772370734
41.739268928553685
41.71049548732069
41.64178230220368
41.532500383629895
41.83685324813674
41.7585912758334
41.64693802727253
41.870222190010026
41.90318489403466
41.92461444830007
42.123432895611565
42.124535722734
42.13890096859963
42.24097778900581
42.134185534517634
42.081170571656
42.03633226027252
42.30797092234892
42.7292775482493
41.4559019104567
41.02036031012631
42.02041543544125
42.07067503063546
42.04765749585706
42.01216541617556
41.78223836662262
41.73019206346209
41.75611650077335
41.79239123310883
41.979976961943
41.87953053127298
42.0068718794611
42.02540039828578
41.75021589881224
41.79162990082656
41.86207519627107
41.95884081780198
42.12620738442689
42.00184129476718
41.84704839024717
41.63405656994794
41.4178420625955
41.568389370489534
41.64904240750071
41.5598194696017
41.556396308125294
42.72318061820066
42.48459269148192
42.26125797864304
42.14453147885368
42.38701462412284
42.67755078092125
41.39417762415818
41.47957433316788
41.50596954682951
41.48553453395949
41.49788641139728
41.58712267429726
41.86499635373892
42.01017832668514
41.94519685862635
41.84251480803093
41.95636745414824
42.28723979652868
42.34212963767617
42.21601063465036
42.19010321126176
42.04320464668108
41.80223402022657
41.77311972639408
41.94033933366493
41.9369614341887
41.67890493533323
41.67078077297769
41.92284319947931
42.308090649797215
42.41721250499046
42.40726414882809
42.49569558417381
42.258848222798406
42.229367508599005
42.182694331994455
41.98841426769653
42.12342680489347
42.31420901648308
42.43857452067336
42.399596003982296
42.37209415219292
42.30221141570281
42.278581678242375
42.35885063488338
42.67326848285314
42.7368733706962
42.529380258394085
42.28486078654311
42.18978904732867
42.36327895919751
42.68981565098287
43.0519035752082
42.7121743423713
42.56311966471619
43.01235319303636
42.81141893414124
42.43727253389179
42.614105551234864
42.72537360203071
42.8710379767308
43.196827375062114
43.13542637096455
41.70772023840313
41.87333695427165
41.83847785481288
41.74038366115824
41.969272475087465
42.145886116210896
41.98647379895046
42.12053357057764
42.08600070674544
41.91653908698336
42.12853371599448
42.18700772304123
41.91874974083296
42.05912657671683
42.26616920590959
42.06021087834795
41.86919273667407
42.02472154754616
42.23828060359101
42.29944967287458
42.33131149792771
42.27188606497087
42.23269985803511
42.65171047484675
42.75547905415111
42.4334834472492
42.3137814509849
42.49540743291455
42.59405163030511
42.8350238627959
42.97382798904502
42.85584872964039
42.86922117807216
43.18734541406447
43.265651221308616
42.9919816487276
42.97112226828216
41.64719266076426
41.63296295892949
43.03165061170412
43.236952749532776
41.79376040675938
41.92784183557328
41.93007556203545
41.83537671742258
41.82849164887241
41.84506584641121
41.93158068507961
41.86812474836961
42.04133568712268
42.05698857732192
41.959979067312254
41.97530552316772
41.824131272300654
41.852180025560486
42.01582969454969
42.13774040531175
42.11044896220763
41.98402412970197
42.08940528100713
42.09072636096091
42.12754268586768
42.06794809835514
42.18190054558973
42.34898345057342
42.15476861763353
41.765301045730375
42.87920848969375
42.959720699422014
41.85503060443496
42.045475996824734
42.00647530971837
42.278992667321326
42.3105352174562
41.731063334108406
42.669073658492415
42.79451379882412
41.533940486784125
41.63379073437272
41.887295936931714
41.94907537508234
41.986919585316855
41.83046131611176
42.98065970448079
43.24241920520197
42.14944611657036
42.015294563783954
41.85907808649306
41.82512755006463
41.792321628695206
41.73386717845448
42.80553933328174
42.8011867416791
42.952972524571685
42.97060917283652
42.80568319277205
42.735486283286335
42.65787448774656
42.50645871168432
42.694719334064494
42.874451221441575
42.93481916235809
42.92791056237868
42.86206469898796
42.752599208728135
42.37646484936496
42.26993504958085
42.443537043940886
42.49838085511456
42.32645474504156
42.285255420729385
42.33500502480468
42.12191617352706
41.76643105239377
