44.68
30.12
20.866666666666667
26.9
15.73
14.13
21.11
19.74
22.8
20.8
14.9
16.11
19.04
25.08
26.83
15.74
12.92
17.88
20.03
23.35
24.96
16.57
12.2
16.28
16.82
17.05
18.1
16.16
11.36
10.2
8.74
11.15
15.13
14.42
16.91
15.48
13.25
13.22
18.13
13.71
20.2
20.64
13.84
16.02
12.21
11.93
11.38
12.53
16.21
16.69
20.7
17.23
15.78
18.18
24.9
29.59
26.17
23.49
17.33
13.88
12.77
22.45
18.26
17.3
18.8
10.64
13.5
19.15
19.09
16.96
19.66
12.52
14.14
15.89
18.49
22.03
17.67
23.08
22.69
22.0
26.09
20.52
12.88
9.83
6.93
8.92
10.9
15.86
15.09
15.81
17.4
24.1
26.01
23.47
22.41
19.75
19.48
19.49
15.93
12.94
16.06
18.38
19.08
14.71
17.83
14.08
13.89
13.54
9.14
20.54
25.7
35.97
37.98
30.45
26.44
18.51
14.66
14.72
25.77
24.77
27.34
28.51
22.74
23.73
26.1
23.11
19.55
16.75
10.95
10.06
15.64
14.92
19.15
19.32
14.16
16.31
14.81
15.07
14.86
16.28
16.93
16.55
16.35
20.16
15.0
13.12
11.54
8.55
11.55
12.09
11.04
8.72
9.35
12.86
15.73
15.95
16.64
20.03
17.69
17.28
14.2
6.67
6.45
10.81
14.88
18.08
18.81
14.78
12.58
15.11
13.62
13.63
15.19
11.82
13.88
15.23
14.12
16.48
14.16
12.47
9.7
6.8
11.09
12.87
20.09
20.86
20.29
18.01
11.49
10.38
10.3
8.42
9.41
12.19
11.25
18.82
19.76
18.77
17.58
16.13
13.2
17.07
17.87
16.14
21.71
21.29
20.65
21.77
17.26
12.6
13.49
16.26
15.95
15.07
13.4
7.53
7.76
8.36
8.64
13.26
12.75
13.31
16.38
12.11
17.09
21.36
18.04
20.63
15.79
9.88
19.54
21.73
20.42
22.57
16.96
18.67
22.55
23.17
23.22
15.65
12.64
11.12
7.36
8.49
10.03
10.85
10.78
10.53
10.84
11.52
13.7
15.49
18.41
22.77
22.14
18.95
14.94
12.99
14.05
15.74
22.95
21.52
22.8
22.37
16.68
18.59
17.81
22.02
22.24
18.23
25.88
20.38
21.66
23.1
12.98
14.68
20.14
22.02
27.29
29.76
21.48
17.41
11.94
8.96
7.4
10.18
15.4
15.35
22.98
22.01
18.01
17.83
11.76
12.8
14.88
17.54
23.49
21.86
25.81
24.66
22.14
27.96
29.68
40.14
42.37
39.64
32.87
20.19
13.75
9.46
7.5
16.87
23.31
23.62
23.14
21.24
14.3
23.57
31.48
27.64
28.33
18.93
22.97
27.83
28.25
28.05
17.56
9.66
12.62
14.73
14.89
13.36
14.27
22.16
38.15
40.77
36.51
26.41
12.92
12.88
20.94
21.38
23.94
26.48
23.53
23.13
18.14
22.19
19.12
24.56
24.79
16.45
15.3
25.97
32.9
33.51
30.97
16.82
12.71
15.04
33.48
31.27
29.43
33.47
24.99
26.24
22.28
19.93
26.41
28.91
34.26
37.05
23.7
24.2
23.49
25.79
24.97
24.09
25.35
20.02
20.87
16.34
14.67
12.37
15.06
18.61
22.09
20.36
17.72
14.14
7.67
16.61
14.8
16.56
15.55
14.27
16.83
14.64
14.8
5.68
6.62
9.52
17.74
20.15
18.48
24.52
22.57
23.55
22.01
16.48
11.21
10.04
15.78
13.02
24.41
23.94
17.25
17.44
10.57
12.45
17.54
20.94
15.07
13.39
9.5
14.35
14.77
13.6
16.93
7.57
14.26
14.55
10.35
11.95
10.48
13.53
13.2
17.0
21.4
27.54
45.0
40.18
32.21
22.77
5.45
15.81
16.29
17.88
21.91
11.62
18.87
17.04
17.39
21.14
12.58
13.81
11.25
7.96
11.28
14.08
12.47
13.22
16.94
16.28
33.17
42.82
37.55
35.47
20.19
11.41
18.72
20.74
20.67
29.66
23.24
21.8
22.1
17.96
13.62
22.64
35.56
28.72
32.36
26.19
10.88
13.6
13.91
11.59
15.72
17.5
19.84
24.62
23.95
24.24
21.55
17.53
15.45
17.97
22.07
27.92
29.52
24.15
22.72
15.17
17.96
18.17
20.41
19.13
13.82
12.36
4.27
5.68
12.26
20.73
22.12
24.85
18.02
16.82
20.43
17.99
25.44
20.68
22.43
34.37
28.8
37.5
39.6
26.48
24.38
19.95
12.17
17.98
17.71
11.36
10.96
12.4
16.06
24.76
26.37
19.18
15.39
7.09
6.09
7.46
12.56
12.21
13.93
13.16
9.34
13.22
14.34
14.36
18.87
19.49
23.22
23.35
21.63
15.73
9.61
9.6
12.76
19.3
17.42
23.8
16.97
12.12
12.17
7.32
9.85
10.24
19.42
18.41
16.4
22.25
23.77
24.18
27.71
20.4
13.97
13.77
9.38
10.8
8.35
20.99
22.82
20.96
22.09
12.74
18.23
25.66
24.81
21.07
20.85
23.27
23.33
29.81
31.13
27.25
39.01
37.88
