25.48
17.84
11.893333333333333
21.61
18.09
19.79
22.89
17.38
16.77
18.44
19.14
11.96
14.64
10.78
18.43
18.89
23.2
21.14
11.97
13.74
11.1
11.8
12.23
26.78
23.08
31.04
39.14
25.95
25.85
23.55
18.77
16.31
17.36
30.71
27.41
31.84
28.92
15.32
18.86
14.84
20.39
27.72
28.11
27.3
24.04
12.33
12.38
12.6
13.25
15.11
14.17
16.34
17.51
17.04
16.14
16.12
14.53
14.66
19.28
24.31
21.17
26.36
17.88
15.27
16.03
13.33
26.17
24.35
27.5
24.59
14.19
15.13
17.61
20.31
23.61
22.41
19.58
16.54
13.63
16.71
24.1
26.52
26.76
25.84
28.78
26.42
24.84
22.25
18.9
18.51
19.46
22.98
21.57
23.02
23.31
23.11
20.47
19.06
28.12
22.16
20.68
22.15
12.56
15.86
17.09
16.63
15.1
13.33
7.63
9.37
10.16
13.58
12.74
11.32
10.6
9.94
10.62
8.16
9.68
7.63
11.52
11.56
12.7
13.57
11.98
12.38
14.02
11.65
13.42
17.71
14.8
16.34
15.12
23.17
27.21
36.95
34.54
24.68
22.49
24.2
29.14
34.61
40.91
31.69
35.25
32.92
25.8
26.45
22.69
18.23
16.68
20.65
18.6
19.02
27.43
22.44
25.17
23.64
14.09
16.92
14.72
14.27
13.64
16.03
17.68
16.57
18.51
12.13
7.01
15.01
14.01
14.43
17.23
19.83
24.98
29.41
29.37
22.84
17.68
21.26
18.97
15.3
18.31
10.03
10.86
15.89
23.92
25.73
25.66
26.58
14.68
11.16
14.31
9.45
14.24
17.22
13.22
14.76
17.54
13.88
20.62
19.3
12.09
12.22
5.93
14.23
14.1
21.44
22.09
12.74
13.52
8.74
15.94
16.07
16.39
15.72
7.01
9.34
15.63
15.8
17.39
20.76
20.86
23.79
23.55
19.32
20.22
15.39
19.12
22.4
28.45
29.87
27.95
31.45
18.1
18.64
17.99
20.12
22.27
22.47
23.11
13.54
9.85
18.25
18.49
19.09
22.42
19.43
24.87
27.35
32.91
40.35
33.67
33.71
27.41
21.83
29.14
34.02
38.97
28.8
25.66
20.35
24.24
31.51
26.47
31.38
21.33
18.97
19.05
20.68
22.0
26.44
25.02
15.8
14.78
9.65
11.18
10.98
13.21
13.46
13.8
14.0
13.65
9.32
8.82
10.99
8.91
11.48
13.72
25.14
29.95
30.29
31.5
16.88
11.06
9.05
8.78
13.18
13.07
13.72
18.34
19.1
20.7
29.68
21.62
22.49
34.66
30.53
30.34
24.31
16.64
13.56
13.04
18.57
21.77
20.26
31.84
30.42
28.68
32.01
22.24
25.73
25.59
24.5
23.98
18.2
17.2
14.09
13.02
13.4
7.58
18.65
20.43
24.11
27.77
19.63
22.78
20.84
23.84
21.91
18.7
15.74
10.47
8.63
7.42
9.48
7.26
10.87
10.64
8.91
13.93
13.78
25.02
25.38
30.49
27.37
15.48
16.57
6.45
6.42
8.96
6.56
20.51
23.55
24.45
29.22
24.75
23.37
24.94
25.5
16.72
23.21
17.77
22.9
26.36
19.01
26.05
17.49
22.49
23.82
19.24
19.31
13.23
14.15
29.01
28.93
27.27
28.27
20.23
17.96
22.11
20.01
12.47
17.97
15.95
17.73
19.81
18.55
16.81
13.39
16.76
12.68
10.03
14.17
15.6
18.23
20.11
16.75
11.32
17.47
17.8
19.75
19.13
17.19
23.11
20.09
23.69
17.97
11.02
14.97
20.73
29.27
28.37
23.84
12.06
6.78
14.58
14.76
15.37
22.27
20.06
20.25
25.76
15.02
10.04
10.83
11.69
15.85
22.62
21.02
14.77
9.8
6.95
18.91
20.36
26.11
29.06
19.3
17.71
11.51
5.42
4.12
11.98
11.99
13.57
15.3
6.1
8.75
5.81
4.6
6.96
21.06
23.12
23.5
40.8
28.09
27.4
27.89
8.74
14.71
25.47
26.02
28.92
24.4
14.13
13.86
10.57
6.98
10.33
14.35
17.86
18.35
20.96
15.14
21.93
29.27
32.08
32.91
23.17
17.03
20.6
19.74
30.05
31.09
23.69
25.32
20.46
15.96
13.35
16.24
12.71
16.26
21.31
21.11
26.49
26.34
17.58
25.22
31.17
33.11
34.52
33.66
22.77
18.05
17.41
13.57
14.3
29.89
35.14
27.56
24.54
10.03
4.35
10.04
12.68
11.3
11.87
8.39
7.29
11.29
11.89
16.14
24.45
20.66
21.81
19.97
11.09
17.67
20.32
24.02
26.71
31.46
28.78
25.03
23.9
17.5
16.01
18.72
17.11
15.34
13.99
17.5
19.54
19.14
21.86
12.78
16.12
12.89
11.25
12.3
6.01
14.34
14.64
15.91
22.17
24.14
25.49
24.05
33.36
23.54
23.52
22.26
8.9
14.11
11.95
12.06
13.4
14.68
14.73
21.77
24.13
26.27
27.76
19.36
16.53
19.45
20.25
20.38
21.91
11.18
15.01
18.54
17.14
27.86
25.91
23.66
20.49
10.8
6.18
17.88
