17.56
9.56
19.866666666666667
22.62
21.23
21.22
18.96
17.91
19.05
21.48
23.95
21.82
17.88
20.18
20.59
24.95
34.49
33.36
29.65
20.75
19.78
15.8
9.42
12.1
10.22
15.9
16.83
18.57
18.62
19.93
28.94
26.1
21.47
17.91
14.12
18.1
23.28
23.21
18.64
17.1
12.87
14.39
18.44
16.6
15.25
13.89
13.0
22.91
25.68
23.52
23.33
18.63
24.41
30.7
29.44
30.55
26.89
22.81
19.47
15.83
11.13
15.55
17.5
14.8
13.65
8.61
10.52
14.69
17.81
16.38
15.88
10.88
9.86
14.8
16.71
17.38
15.1
17.63
19.12
23.86
28.2
21.0
21.19
15.38
14.15
22.12
17.49
23.62
21.74
14.17
11.86
6.76
10.07
8.82
9.26
11.38
16.05
18.33
25.49
26.77
18.26
18.03
12.07
9.82
12.65
16.54
16.65
22.88
20.41
16.75
19.96
15.85
19.01
17.63
16.4
17.15
16.36
16.89
17.9
16.33
14.5
16.24
12.17
12.89
15.13
12.12
18.59
15.59
14.01
18.39
15.31
14.39
21.75
19.04
16.47
19.17
12.55
18.12
19.92
19.24
19.17
13.68
11.61
10.28
8.26
8.63
12.77
13.85
19.18
18.1
14.26
12.97
10.81
13.42
19.91
24.33
27.35
23.27
17.32
13.6
9.92
13.68
14.06
17.7
15.01
18.52
17.91
15.68
27.99
22.42
21.62
21.67
10.97
12.47
11.47
21.0
28.04
27.7
31.08
19.08
11.46
11.39
10.6
12.52
16.02
13.87
15.56
17.27
15.87
24.62
27.63
23.61
19.31
23.15
19.72
21.28
32.42
22.12
19.66
21.71
12.16
13.22
17.23
16.24
25.56
26.1
23.63
21.31
16.78
13.53
11.01
16.93
13.46
16.35
17.3
12.28
11.21
10.39
10.31
9.46
15.14
17.94
16.92
23.12
15.64
12.26
11.9
4.36
6.3
11.51
11.7
12.53
12.87
4.57
6.56
9.53
9.58
14.09
13.53
19.7
21.8
17.56
16.73
14.45
15.32
15.42
19.16
12.45
10.2
12.17
12.62
25.04
27.97
28.62
27.77
14.73
16.27
14.55
18.37
21.19
26.53
27.18
20.23
34.05
24.32
26.58
41.35
27.59
29.98
30.37
16.53
23.35
19.08
17.85
29.63
27.29
32.14
31.46
23.7
20.43
20.21
24.1
20.95
17.45
12.63
16.57
20.2
24.83
27.34
18.68
19.76
25.45
28.06
27.82
21.97
11.32
14.39
12.76
14.04
18.49
10.99
14.78
20.58
21.06
24.59
21.19
16.32
18.56
19.6
27.54
24.32
19.43
16.16
7.85
13.9
21.61
31.24
35.0
33.3
23.55
16.28
15.8
18.82
22.27
17.48
19.2
13.86
11.78
11.27
15.19
21.52
24.74
29.78
25.12
21.54
18.6
25.97
24.63
21.88
22.77
15.71
24.18
24.72
26.63
27.43
22.9
22.4
17.67
17.02
15.22
19.1
27.96
32.82
27.88
22.21
14.67
8.78
16.54
16.97
23.02
23.45
18.78
25.37
18.33
18.79
18.72
14.84
16.37
16.56
19.88
17.39
25.74
27.31
28.49
32.37
22.57
18.78
13.15
14.43
14.34
11.82
11.25
5.49
6.97
6.41
7.15
9.14
8.11
9.76
11.6
24.43
24.34
27.24
31.41
24.89
28.88
33.19
27.99
23.02
26.99
27.97
28.33
31.12
26.48
27.62
27.87
35.84
41.54
40.16
49.43
49.2
51.99
63.78
66.31
53.09
46.96
30.11
21.94
23.88
22.76
22.26
24.21
25.33
22.01
18.37
14.83
12.65
12.16
14.42
9.72
8.0
8.42
13.03
22.59
28.31
31.03
30.6
23.17
22.68
24.9
18.43
17.16
18.18
16.28
17.11
21.5
28.6
26.5
37.74
33.71
25.34
24.37
12.12
10.66
12.09
17.06
27.79
29.69
30.56
25.23
24.8
26.88
21.81
24.77
24.53
26.45
27.77
33.07
29.2
24.06
20.25
18.96
17.65
18.53
21.72
18.75
13.81
16.34
16.14
13.41
15.77
18.52
19.58
19.17
17.65
12.88
20.37
22.6
29.93
32.52
21.03
27.91
22.92
22.0
25.46
18.45
21.62
21.98
17.91
16.23
13.62
13.58
18.73
19.08
15.85
12.39
11.42
12.96
17.37
18.48
23.52
19.88
14.96
16.0
10.41
11.15
12.34
10.32
7.14
9.24
9.05
9.18
15.48
19.1
19.68
24.38
21.29
14.01
13.05
10.05
10.27
12.75
14.35
14.53
15.19
15.06
14.41
17.4
13.82
17.63
16.75
13.01
13.35
11.17
20.08
24.37
23.77
27.81
24.32
21.77
33.13
27.88
25.96
21.12
15.24
15.49
23.82
28.16
22.83
29.42
19.87
19.64
27.99
20.36
21.34
22.51
15.48
16.71
18.43
14.51
18.16
18.01
16.43
29.28
24.31
25.56
23.13
12.86
14.65
14.22
17.37
13.6
13.63
10.4
6.74
9.71
13.58
19.92
18.8
18.15
13.35
7.68
10.39
17.96
18.28
25.03
26.14
23.32
24.09
27.04
