-0.521345258377755
-0.3229465566300651
-0.4550874084235566
-0.4558822115921249
-0.3591495851206197
-0.4391700966129099
-0.3578272081041849
-0.3817349290546482
-0.4325303941140884
-0.6453577937130932
-0.8499913782683137
-0.9734533112022096
-0.893852538720665
-0.5879191358066028
-0.2293438493808872
0.0738135723769604
0.0953700569387617
0.0777247451990295
-0.1671126393062622
-0.2477693211832562
-0.2507396168971049
-0.1142063444931713
0.1418534790052617
0.2209330709322701
0.3304065730653954
0.2254935196119734
0.2860823502762524
0.3216505883792634
0.2888070159502415
0.3128316641994474
0.2021714126674442
0.2160956435656961
0.2935423650695379
0.3693007186673707
0.3597521552807227
0.208797898619448
-0.0091451353527629
-0.1374347583151139
-0.1354691925112248
-0.1338776201624213
-0.0866049552244502
0.1254492875730555
0.1564759445906947
0.2109407044694187
0.3428202100711826
0.2120375392937906
0.170087970739216
0.2923707470802805
0.2231718803425775
0.2152754780458877
0.0616565318892039
-0.0516090944358454
-0.0787286961628979
-0.081406171816175
0.1866537606486133
0.2906960418454224
0.1801349241182049
0.2642575805113701
0.1618889034178841
0.133967300169388
0.2770508793492038
0.2698084282556099
0.3075460657415938
0.363410924444404
0.3496182721199881
0.3244027160218522
0.373777089151337
0.2896586398982625
0.3002628278259091
0.3105060861499885
0.3046510978766457
0.4224971322419252
0.4155440895681934
0.4556423847755635
0.4858304571428914
0.3827889889832706
0.3520384607491177
0.3699804183419999
0.3156822863955259
0.0482513154340797
-0.0024844075568923
-0.2893616760633167
-0.197733482124748
0.0586051143982655
0.2082313964506951
0.4475034999043835
0.4045508040435068
0.485416321669205
0.5514629237182908
0.5595906353895883
0.5276649054949121
0.4963838931399635
0.4260590285114692
0.3942689354068409
0.3537833595127776
0.2530142240329482
0.2209751805296045
0.3254516383555614
0.3833467073746036
0.4231519328556501
0.3759581753078667
0.1950639683920112
0.1927842525915717
0.2786050293419211
0.4177995446737144
0.4905428132623576
0.4761718127368812
0.4389107719192823
0.3047217181855536
0.462344443253352
0.587978082340106
0.660409694816928
0.7353142144232007
0.6196214838412031
0.521835850718261
0.4394198317369092
0.459317453060274
0.3866883751022528
0.3292557566237696
0.3786162623774325
0.2472560298696401
0.2504858503751955
0.298806453661878
0.3143432066666376
0.4185559762659065
0.3764689929964392
0.3097731398768411
0.3460248445235372
0.4091605890185967
0.5394980476729171
0.5736573296465306
0.4934361755724078
0.4474207463948746
0.4137246793290648
0.484433768334164
0.4877930124571762
0.566446547874165
0.6527622999282886
0.5936057928264088
0.591045885160856
0.4520840675439073
0.4154045822536018
0.1494595218678992
0.1101166978624441
0.1002659818276333
-0.0258454242314201
0.2726307896337886
0.3707819327274155
0.3473487231204955
0.4170102027739007
0.3826327150501161
0.4081541976610776
0.4884583080767279
0.4014797461462188
0.5289357056589907
0.3955748865130541
0.3429343580072805
0.3425655740906444
0.1678664456579059
0.2253043329657621
0.3099767402769549
0.4028514981192467
0.4059677710597122
0.4326501823818796
0.4241159864568098
0.466733508999624
0.560396767913155
0.4939386314142661
0.3924604940174596
0.3038629045634138
0.1871239598169315
0.1350745804231475
0.2163697658069369
0.2884153882191836
0.4897429598764023
0.545214996288888
0.5255094943798934
0.449789286914335
0.2586073277485297
0.2739989821321337
0.3254921016397257
0.4706941836797629
0.5701077425941482
0.5819879374279336
0.5061308032639363
0.3545621844422619
0.416175184823968
0.3546918550428029
0.4592874979724151
0.5681631397133822
0.4618781788551227
0.566509376299252
0.6739492795379257
0.5694087639642508
0.5611237384647992
0.4484426232981285
0.375285447594348
0.522566649957431
0.4825435507054306
0.522781085037742
0.5195778259609102
0.4067407243569003
0.4614318101404733
0.501797349213963
0.3481092201428171
0.2776602458415815
0.200849215905468
0.2139930392164751
0.1978188500469743
0.1740899219692555
0.2298741488413813
0.1935739030919433
0.2470000759875206
0.3467560603016392
0.3767677271143398
0.3677557652989091
0.2855956057680697
0.328858699478494
0.2536480022768922
0.271593275145504
0.3588624734966404
0.2757738726237616
0.3133124360167349
0.1940009356066264
0.1129264255525893
0.0609936648864974
0.0894187671431977
0.1929882142631575
0.316521208432045
0.3918946928346867
0.2935784468736978
0.3550543045930851
0.1853256072112306
0.2757569112512215
0.3298529576840514
0.375044484522479
0.4679057519313606
0.2906897397005085
0.4062538231336194
0.1928430212160709
0.1310722384103888
0.2576270912252436
0.2061557622839856
0.3018176390215927
0.4666196737462366
0.4123544986092045
0.3071699025803913
0.2894112255781376
0.211301608940934
0.2748419751740141
0.2534109097465533
0.1938900109796517
0.1756110010306375
0.0974635680141723
0.1551151210700165
0.1656946042424571
0.1616277450899716
0.2385596243973148
0.173058917815183
0.1628157941658752
0.0748029174041015
-0.0373529258068998
-0.0627518598394644
-0.1360370740987133
-0.0638499755999711
-0.0587848214589314
-0.0938565088099212
0.0520014918143605
0.0630937702159142
-0.0242332109743297
0.1175420884633539
0.1078215463220816
0.0574340645471306
0.0610459537582379
0.0591166862615668
0.0334452265836667
0.0464652463607074
0.1196662463134371
0.0764150625767355
0.1083840291337163
0.0987444744434161
0.1380518211226292
0.11886526819728
0.0585825872436927
0.0874909835119745
0.1558078305337578
0.2543151569652365
0.3529348134161976
0.4189266383260993
0.3069828170581861
0.2964015809213897
0.1992307222443919
0.1667233985641378
0.1941904136234836
0.1235342529179528
0.2229398806947103
0.2670740145986467
0.3076985602548808
0.2759451914793254
0.2933254633149776
0.2154396829746714
0.2374968355434134
0.4277692910956943
0.3607397497795293
0.3137424362457338
0.339214208187102
0.2102101561944921
0.2579538931903707
0.3224248508790592
0.2442211775898196
0.3105883081911837
0.2158687443149704
0.2618903009257599
0.2876039786268535
0.3187452665438096
0.3646394809741445
0.3258466824155591
0.3375088907365513
0.2725639227935204
0.2783362346601416
0.2479781568405098
0.2313145911101817
0.3135289872580964
0.3032623806884473
0.3657042689576723
0.3910188528464106
0.2980514180671478
0.3340791685712715
0.2276935141214501
0.2378803111291062
0.2121516722429988
0.1856388929046582
0.2436595179888001
0.1741133958264538
0.1655069694429549
0.1468963465268529
0.2283052102255942
0.2375050640022305
0.3240020490318522
0.3063626057830655
0.2893016551685102
0.2530967784291726
0.2244297199918579
0.3027809197146811
0.2005550647748119
0.177505037018104
0.1012918022339599
0.1007923444290186
0.0009996217884804
0.0417943236815707
0.0023865163150859
-0.0344047583538129
0.0667914403358412
0.1288918697252379
0.2480553958495529
0.2239675970471044
0.2538616585986715
0.2908380699922924
0.2601878876079805
0.3899404654201903
0.4231439543241436
0.3604735920710526
0.4224215738985987
0.2668665991138466
0.2649734813952218
0.2680148469940815
0.2920338259330818
0.3879628829593045
0.3275699069894784
0.3698058992211507
0.2355769471048655
0.2984500698005957
0.4940841835697367
0.5178386050362922
0.6273394627262581
0.4898348651725315
0.4036394489964063
0.3112257318673365
0.319686946599942
0.3083580999191551
0.2334639606356558
0.1982825384536297
0.1240518539618906
0.1392725701103986
0.1158866036580821
0.1373632263824551
0.0666317531800562
-0.036839796958938
-0.0336025055474646
-0.0129652946985786
0.0840094632305982
0.2377145145360053
0.4038894257547014
0.5356217498594483
0.4770540468710131
0.4685944756918948
0.2590489488851918
0.1510949040018687
0.2736200787228306
0.317990089069258
0.4464503291279779
0.4718770200743294
0.4663468732821473
0.4429844903441738
0.3874009087335817
0.3735266168483068
0.3312166001239796
0.3021239938955227
0.3592921069311265
0.3898901812198982
0.5227719675065575
0.5578338118824746
0.538304628169489
0.3844914313166777
0.178784757046031
0.0860968252032305
0.0481035054402897
0.1505065368399573
0.187524601662985
0.2157709312670743
0.1834032333338852
0.2712283520754809
0.2852379789090423
0.3284861970760585
0.3007019249434489
0.1962716705109119
0.1059953480992173
0.0018561661338221
0.0177071062981463
-0.0021791812194621
0.0309914165517749
0.0572712609433202
0.086938985819114
0.0667574847403395
0.0341179774407774
0.0883519271854649
0.1217396649302245
0.1620792895493525
0.3090499266714951
0.2634219064752495
0.2611099405584522
0.2999487589634776
0.3182213666215576
0.3965146885879359
0.3914337646578602
0.2903010403851054
0.2781721946270028
0.3026332146245314
0.3370057607979899
0.4615004872490376
0.4408518547437605
0.331869855847378
0.2395539954374392
0.244984074330233
0.2316773466901465
0.3660765198296111
0.4495293233347346
0.3305562787607088
0.2908550476340102
0.1395015960351278
0.1340204282004345
0.2153096193791395
0.3067879047835548
0.3417024361072034
0.347965587282097
0.3875340597127162
0.354256729128943
0.3343990135991478
0.294652681364403
0.1606210924878957
0.1581710953337221
0.1891146787654456
0.2070019276497227
0.3146502581189942
0.2178192217027889
0.2472083415759983
0.3821616567086886
0.3987045484805034
0.4893225921818525
0.5249654693865025
0.428919871176795
0.4048429789106935
0.4089337894562692
0.3771478791675964
0.264952324220045
0.2092364732153185
0.1814339498305064
0.1519312204433113
0.1907047701705732
0.1665855792113716
0.1360709521721396
0.2253838831194166
0.3007370437602092
0.4190727393938349
0.4915348431484136
0.4289687704372113
0.4380605458520245
0.3404652718007221
0.4189111623271643
0.4839590551473728
0.477638319481589
0.590616205480243
0.5116203787578226
0.4495835396539994
0.4451639578412987
0.4616461339638795
0.4177574058567348
0.4525274517393427
0.5066247246792005
0.5758380927281505
0.5287299859034795
0.5655165107007708
0.4632512228708158
0.3453765740717379
0.4224540757788981
0.4168630830558152
0.4716053433336393
0.465871256613998
0.5429383411838969
0.5106579268558182
0.4459052566326085
0.4197381382082421
0.3339465617661022
0.4042180829646557
0.433039786765853
0.4926552313918185
0.5227549812125054
0.5928974665481487
0.5867680681113321
0.5843328516111516
0.6350737110917051
0.5904108150775947
0.6656098510493882
0.787876551613636
0.7110995934272957
0.6059723682053968
0.6082037165498223
0.5243996341541388
0.4333173365168601
0.5383317712831824
0.5214995448524591
0.5108363100941525
0.5580354648813398
0.4349341001608697
0.536181058710616
0.4947592512348098
0.6396750132461839
0.7419026579355256
0.6012607776094324
0.5616157997136603
0.4812140112997798
0.4420849907950033
0.4968059522850397
0.5229229835390536
0.3781853854514607
0.3311734601120857
0.3106717693050048
0.3416037977281924
0.4541232401690688
0.4902044266547167
0.4965960787243412
0.4874830466628339
0.5273352084193204
0.5268787360469672
0.5663553970479104
0.5671819984244689
0.5368578079350513
0.4710360949391639
0.3745289444297845
0.3504906890782552
0.397035738120164
0.523496208517701
0.4967279462688569
0.4825460363352938
0.4046015782133992
0.3690972577769359
0.5352935119056706
0.5676751615008425
0.7086396612154681
0.699428241017618
0.6311634372102082
0.6526444976965528
0.6014527927660938
0.5764439322095093
0.4435577402679698
0.42946596135169
0.4113470573350771
0.482937763224381
0.5709259116371924
0.5895627010745249
0.6033827402453711
0.6337915703623948
0.7389191568537189
0.7159843460266174
0.7911679950096752
0.7969518715539947
0.7515956186479515
0.7704859749825914
0.727726448450915
0.5949350013985513
