0.9717741935483871
1.1123188405797102
0.9830508474576272
1.6243654822335025
1.1778846153846154
1.02020202020202
1.253968253968254
1.103960396039604
1.0969162995594715
1.0514018691588785
1.0262008733624455
1.404494382022472
1.253393665158371
1.178438661710037
1.4370860927152318
1.2544378698224852
1.219626168224299
1.1349206349206349
0.8701298701298701
1.4316939890710383
1.2803347280334727
1.227027027027027
1.1139705882352942
1.0195121951219512
1.4848484848484849
1.1386138613861385
1.251082251082251
1.2540322580645162
1.2435064935064934
1.3103448275862069
1.3026315789473684
1.389261744966443
1.108
1.85
1.099644128113879
1.1761363636363635
1.3705179282868525
1.0253164556962024
1.3505535055350553
1.3706563706563706
1.1056910569105691
1.6862745098039216
1.4404761904761905
1.311926605504587
1.1785714285714286
1.6314102564102564
1.0828025477707006
1.2972972972972974
1.3688888888888888
1.2901554404145077
1.7045454545454546
1.2142857142857142
1.5074074074074073
1.2924528301886793
1.547486033519553
1.315126050420168
1.6253687315634218
1.9217081850533808
1.46875
1.4332344213649852
1.4335664335664335
1.305084745762712
1.175531914893617
1.5358024691358025
1.4836065573770492
1.443298969072165
1.585014409221902
1.592814371257485
1.4934725848563968
1.2951219512195122
1.5675675675675675
1.5703883495145632
1.6504065040650406
1.5450346420323327
1.3829268292682926
1.7813333333333334
1.3044354838709677
1.3694690265486726
1.2148541114058355
1.451851851851852
1.687214611872146
1.6791208791208792
1.3094629156010231
1.5846560846560847
1.728735632183908
1.6181818181818182
1.553875236294896
1.7917808219178082
1.6180698151950719
1.7016460905349795
1.5096660808435853
1.5816091954022988
1.6487068965517242
1.6245733788395904
1.5540275049115913
1.688612099644128
1.7383720930232558
1.7154471544715446
1.6666666666666667
1.6909413854351687
1.7316561844863732
1.4435028248587571
1.7230392156862746
1.6396396396396395
1.7122302158273381
1.4533333333333334
2.103896103896104
1.8624078624078624
2.007042253521127
1.9038461538461537
2.0650557620817844
1.9850374064837906
1.9107142857142858
1.8972332015810276
2.1564885496183206
1.9683257918552035
2.0971867007672635
2.3439363817097414
2.076419213973799
2.1231884057971016
2.472035794183445
2.5323943661971833
2.6275229357798167
2.4675324675324677
2.337579617834395
2.2154696132596685
2.471186440677966
2.5502958579881656
2.645945945945946
2.5029411764705882
2.7065217391304346
2.736196319018405
2.783300198807157
2.925619834710744
3.1265060240963853
2.7954545454545454
3.0506912442396312
2.651480637813212
2.659695817490494
2.8672086720867207
2.6727748691099475
2.8878504672897196
2.7517899761336517
3.062162162162162
2.842751842751843
3.158333333333333
2.923828125
3.5226586102719035
2.7171052631578947
2.9761904761904763
3.1222826086956523
3.02784222737819
3.4035608308605343
3.6911764705882355
3.2849162011173183
3.694736842105263
3.1813333333333333
3.66815144766147
3.6639344262295084
3.518633540372671
3.616477272727273
3.6903553299492384
3.735930735930736
3.7222222222222223
3.5150753768844223
3.825825825825826
3.9805194805194803
3.32648401826484
3.5258620689655173
4.512820512820513
3.8207547169811322
3.7301587301587302
3.769423558897243
3.7885304659498207
3.8013698630136985
4.054838709677419
3.7913279132791327
4.464566929133858
4.0431266846361185
3.883381924198251
3.9523809523809526
3.4713216957605986
3.7539432176656153
4.327176781002638
4.223241590214068
4.450704225352113
4.322683706070287
3.9545454545454546
4.357682619647355
4.537735849056604
4.340909090909091
3.336769759450172
3.869198312236287
4.31875
5.050675675675675
4.6007326007326
4.177304964539007
3.96
4.323024054982818
4.13768115942029
4.139372822299651
4.169117647058823
4.176029962546816
3.790794979079498
4.408921933085502
4.644230769230769
4.577319587628866
4.117021276595745
4.704081632653061
4.649122807017544
5.116438356164384
4.589970501474927
5.038910505836576
5.107806691449814
4.453608247422681
5.308056872037914
4.6431095406360425
4.758241758241758
5.44017094017094
4.018867924528302
4.160975609756098
4.494318181818182
4.63265306122449
4.696498054474708
4.827586206896552
5.361788617886178
5.173728813559322
4.669603524229075
4.595238095238095
4.825726141078838
5.119170984455959
4.808888888888889
4.959770114942529
5.144486692015209
4.696517412935323
4.408730158730159
4.743697478991597
4.681318681318682
4.236686390532545
4.859315589353612
5.3522727272727275
5.097777777777778
5.126530612244898
4.95945945945946
4.901345291479821
4.798076923076923
4.504385964912281
4.4423076923076925
4.869888475836431
4.708994708994709
5.422310756972111
5.233333333333333
5.305164319248826
5.108949416342412
5.4860335195530725
5.149253731343284
5.415178571428571
5.11875
4.67515923566879
5.219101123595506
5.3097345132743365
5.923497267759563
5.051282051282051
5.090909090909091
4.624203821656051
5.360655737704918
5.7439024390243905
5.655913978494624
5.566265060240964
4.838323353293413
5.885906040268456
5.359281437125748
6.13375796178344
5.006896551724138
5.519230769230769
5.266666666666667
5.113300492610837
5.565476190476191
5.1477272727272725
5.489932885906041
6.451612903225806
5.708074534161491
5.885245901639344
6.077844311377246
6.057377049180328
5.6573426573426575
5.8654970760233915
5.5
5.966666666666667
4.802139037433155
4.724137931034483
5.508474576271187
5.553398058252427
5.015384615384615
6.3
5.723684210526316
4.991379310344827
7.1525423728813555
5.101694915254237
5.9801324503311255
5.871559633027523
5.222222222222222
5.177215189873418
6.241935483870968
5.958333333333333
5.827586206896552
7.2
6.4
6.038167938931298
5.62037037037037
5.612403100775194
7.43
5.571428571428571
5.064516129032258
5.614754098360656
6.36697247706422
6.062015503875969
6.743119266055046
7.0
6.094017094017094
6.00990099009901
7.2047244094488185
6.60377358490566
5.3652173913043475
5.661157024793388
6.6752136752136755
6.223404255319149
6.911504424778761
6.141732283464567
6.205607476635514
6.284722222222222
6.909090909090909
6.612068965517241
6.53921568627451
5.841269841269841
5.465648854961832
6.282051282051282
5.964285714285714
6.9772727272727275
6.735042735042735
6.589147286821706
7.677777777777778
7.352380952380952
9.402597402597403
6.168421052631579
6.386363636363637
7.018348623853211
5.654545454545454
6.896907216494846
7.414414414414415
6.632183908045977
6.87719298245614
7.783018867924528
7.978260869565218
6.936708860759493
6.450819672131147
7.615384615384615
6.1020408163265305
6.854368932038835
7.386363636363637
7.222222222222222
6.860759493670886
7.608108108108108
7.186046511627907
6.990384615384615
7.4
6.057971014492754
8.706666666666667
8.430555555555555
6.773333333333333
8.24705882352941
7.30379746835443
8.405405405405405
7.585365853658536
7.958762886597938
6.488888888888889
7.771428571428571
7.698412698412699
8.306666666666667
9.882352941176471
12.173076923076923
7.931506849315069
7.757142857142857
10.527272727272727
10.267857142857142
8.147058823529411
8.137931034482758
10.444444444444445
7.45
7.647058823529412
9.205882352941176
6.2368421052631575
8.873015873015873
7.217391304347826
7.3088235294117645
7.546875
7.446153846153846
10.045454545454545
10.224137931034482
9.483870967741936
8.567567567567568
11.824561403508772
8.172413793103448
10.5
7.4363636363636365
8.898550724637682
9.833333333333334
12.83673469387755
10.79245283018868
11.288135593220339
8.709090909090909
10.69811320754717
12.404255319148936
8.653061224489797
11.11111111111111
12.545454545454545
10.543478260869565
12.630434782608695
11.304347826086957
12.866666666666667
10.033333333333333
12.465116279069768
10.0
9.78048780487805
14.133333333333333
11.547169811320755
15.395348837209303
15.361702127659575
15.321428571428571
14.026315789473685
14.275
13.525
15.869565217391305
11.86
13.093023255813954
14.452830188679245
12.244444444444444
16.323529411764707
14.106382978723405
16.75
18.476190476190474
14.681818181818182
13.704545454545455
12.974358974358974
14.348837209302326
17.61904761904762
18.863636363636363
17.477272727272727
17.90909090909091
19.026315789473685
20.666666666666668
16.62162162162162
20.59375
19.764705882352942
16.657894736842106
17.94736842105263
18.026315789473685
16.80952380952381
22.35483870967742
20.0
19.18421052631579
24.513513513513512
21.580645161290324
21.88888888888889
24.05
21.8
25.25
29.105263157894736
20.325
25.605263157894736
20.333333333333332
22.714285714285715
23.4390243902439
21.75
26.733333333333334
18.7
25.848484848484848
31.384615384615383
19.366666666666667
24.514285714285716
28.2
25.942857142857143
27.08823529411765
23.325
33.05714285714286
32.766666666666666
22.125
25.58139534883721
31.357142857142858
37.096774193548384
24.29268292682927
29.575757575757574
28.27777777777778
25.885714285714286
35.03448275862069
34.592592592592595
33.0
41.68
45.18181818181818
36.18518518518518
35.885714285714286
34.4
37.06060606060606
39.892857142857146
25.942857142857143
40.282051282051285
48.458333333333336
39.193548387096776
41.925925925925924
39.138888888888886
46.333333333333336
47.19047619047619
40.588235294117645
36.44827586206897
40.114285714285714
57.28
42.111111111111114
49.241379310344826
56.208333333333336
45.88
60.53846153846154
56.0
48.89655172413793
60.42307692307692
59.48275862068966
54.44444444444444
59.55555555555556
53.86206896551724
45.925925925925924
70.125
63.464285714285715
46.89655172413793
58.13793103448276
53.11538461538461
66.70370370370371
45.82608695652174
53.67857142857143
52.32142857142857
76.8695652173913
74.33333333333333
68.96296296296296
74.25
59.92307692307692
66.58333333333333
71.5909090909091
61.608695652173914
80.33333333333333
73.21739130434783
66.24
78.73076923076923
73.16666666666667
72.68
77.4
71.65384615384616
80.96153846153847
79.76
87.28571428571429
79.71428571428571
68.68181818181819
73.55555555555556
84.5
104.56521739130434
85.70833333333333
79.5909090909091
85.77777777777777
102.875
90.77272727272727
86.19047619047619
96.73076923076923
80.37037037037037
89.36
87.28
82.82608695652173
110.82608695652173
100.28571428571429
119.04545454545455
105.54166666666667
105.28571428571429
101.27272727272727
112.76190476190476
90.6923076923077
108.5
105.41666666666667
119.9090909090909
107.12
114.53846153846153
115.3
139.8181818181818
128.9047619047619
117.43478260869566
139.47619047619048
128.53846153846155
114.46153846153847
114.29166666666667
122.43478260869566
144.27272727272728
132.04347826086956
124.04347826086956
129.29166666666666
131.82608695652175
129.91666666666666
137.7826086956522
130.8
126.58333333333333
150.9047619047619
160.36363636363637
151.22727272727272
129.56521739130434
156.2173913043478
170.28571428571428
122.28
159.13636363636363
133.4
131.16
159.8181818181818
164.30434782608697
161.71428571428572
152.375
151.7826086956522
163.04347826086956
153.2608695652174
161.47826086956522
220.3
162.3913043478261
175.85
156.42307692307693
149.375
189.23809523809524
187.72727272727272
167.36363636363637
183.47826086956522
165.375
200.4
181.42857142857142
187.27272727272728
151.22222222222223
163.2173913043478
179.17391304347825
173.57142857142858
182.82608695652175
168.16666666666666
195.55
216.23809523809524
220.5
207.52380952380952
201.6086956521739
204.2
199.57142857142858
227.38095238095238
216.875
190.6818181818182
226.1
213.5909090909091
223.36363636363637
182.6086956521739
208.45454545454547
242.1904761904762
200.0
232.28571428571428
249.0
229.0
240.5
257.6190476190476
243.7
238.85714285714286
234.66666666666666
234.5
234.8181818181818
234.6818181818182
238.54545454545453
262.3636363636364
273.85
244.45454545454547
270.95238095238096
277.57142857142856
249.54545454545453
228.13636363636363
274.5
286.0
236.52173913043478
266.5
249.38095238095238
264.23809523809524
252.52173913043478
222.9090909090909
243.3846153846154
271.1904761904762
250.38095238095238
270.40909090909093
300.7
265.95454545454544
253.29166666666666
271.9166666666667
289.8695652173913
255.3
272.6363636363636
295.23809523809524
301.6
273.4761904761905
269.1363636363636
296.14285714285717
294.15
282.4347826086956
309.6190476190476
285.1818181818182
289.2857142857143
269.9583333333333
304.1904761904762
296.3809523809524
280.1904761904762
276.95652173913044
322.45
285.64
351.65
316.95238095238096
336.25
311.39130434782606
272.72727272727275
296.39130434782606
311.1904761904762
317.7083333333333
321.3636363636364
315.6818181818182
331.6363636363636
293.6818181818182
351.75
303.1666666666667
356.04545454545456
360.65
297.75
310.15
354.65
353.85714285714283
327.23809523809524
347.2608695652174
369.04545454545456
357.3
380.09090909090907
359.40909090909093
359.5
381.7
331.82608695652175
316.54545454545456
371.04545454545456
346.6818181818182
356.6521739130435
337.45454545454544
376.4761904761905
363.4761904761905
365.90909090909093
367.95652173913044
385.82608695652175
388.27272727272725
372.57142857142856
385.0
382.2
389.5238095238095
378.9130434782609
404.9047619047619
406.14285714285717
382.2608695652174
341.125
423.5238095238095
388.90909090909093
419.1
333.0
391.04761904761904
377.2
431.2857142857143
369.14285714285717
402.3
384.4761904761905
421.0952380952381
421.6666666666667
389.95454545454544
413.05
424.8
438.85
423.95454545454544
387.7826086956522
441.9047619047619
411.8181818181818
381.76190476190476
414.69565217391306
453.35
412.23809523809524
399.5
441.45
403.44
445.9
442.8
414.8095238095238
422.6666666666667
451.7
417.60869565217394
412.82608695652175
404.0
461.77272727272725
426.3478260869565
419.4782608695652
424.5238095238095
426.23809523809524
467.0
436.23809523809524
437.42857142857144
449.75
470.95454545454544
409.54545454545456
476.7
452.9047619047619
484.3333333333333
415.95454545454544
427.3181818181818
461.40909090909093
492.85
409.77272727272725
495.8
411.27272727272725
449.17391304347825
452.8095238095238
433.40909090909093
511.7
494.35
493.3
492.9047619047619
480.6818181818182
413.4347826086956
483.4761904761905
462.40909090909093
508.0
467.9047619047619
428.7916666666667
451.1818181818182
486.3809523809524
428.6818181818182
483.54545454545456
443.45
539.95
507.85
519.95
536.5238095238095
497.0869565217391
516.2380952380952
510.04761904761904
477.14285714285717
486.2
460.84
529.3333333333334
538.65
527.5238095238095
546.3333333333334
520.05
485.5217391304348
507.65
478.6190476190476
464.3181818181818
474.57142857142856
535.2380952380952
562.5
462.72727272727275
522.6818181818181
506.8636363636364
553.05
497.9
531.1904761904761
572.75
477.72727272727275
554.4090909090909
554.95
540.5238095238095
546.8
531.1428571428571
535.1428571428571
519.9
533.7142857142857
547.05
514.1739130434783
506.6666666666667
551.5
542.1428571428571
510.6666666666667
540.7619047619048
554.0952380952381
600.45
516.0952380952381
532.2857142857143
520.6666666666666
551.05
491.0
513.0
507.2173913043478
568.3333333333334
554.5
538.6818181818181
566.952380952381
577.3
571.15
485.0
505.3809523809524
506.7142857142857
540.6363636363636
584.3333333333334
599.8
550.75
561.952380952381
536.8571428571429
524.9130434782609
608.25
581.4761904761905
548.85
571.0
574.2857142857143
585.45
592.65
527.6
582.8095238095239
496.5
547.5
577.0
546.1904761904761
553.1428571428571
566.5714285714286
599.45
544.0
596.15
535.5
592.6190476190476
587.05
620.45
565.05
598.45
630.047619047619
623.1
617.25
571.2
634.4
596.85
509.4761904761905
592.15
635.3181818181819
594.047619047619
539.6190476190476
581.7727272727273
606.952380952381
634.4
584.5909090909091
574.1428571428571
603.95
621.9
566.0
627.047619047619
578.4347826086956
597.0909090909091
629.8095238095239
621.9047619047619
579.1904761904761
637.2
660.4
575.2272727272727
587.6666666666666
557.05
660.3
617.6190476190476
593.9
613.8095238095239
593.7619047619048
653.2
614.3333333333334
590.15
683.05
648.0
598.8571428571429
599.4285714285714
607.1363636363636
619.9565217391304
639.7619047619048
587.1
584.6086956521739
632.7142857142857
612.3913043478261
657.4
600.4
631.0454545454545
687.95
691.3
638.952380952381
662.3809523809524
646.25
621.047619047619
656.3809523809524
685.0
572.7142857142857
645.8095238095239
687.55
684.3809523809524
660.9047619047619
667.7619047619048
665.2
581.95
656.0952380952381
593.4583333333334
671.1363636363636
643.2857142857143
689.9
647.7
616.3181818181819
642.9
664.35
665.95
652.4285714285714
657.047619047619
609.9047619047619
687.9047619047619
675.3809523809524
686.8636363636364
667.45
703.45
645.9047619047619
643.85
656.05
733.25
703.2857142857143
683.15
638.2857142857143
675.4545454545455
677.0952380952381
702.1
647.0
657.9
686.6666666666666
696.85
683.1363636363636
662.1
651.7727272727273
648.4347826086956
725.8
661.5238095238095
632.3
718.95
665.6363636363636
660.3
720.25
664.7727272727273
699.15
719.3
732.65
738.65
710.5
678.7142857142857
748.65
688.8
714.047619047619
734.7
713.1
648.2380952380952
618.92
666.3333333333334
711.4
741.2
685.0454545454545
737.9
737.35
705.8095238095239
748.75
661.5454545454545
748.95
701.1428571428571
729.45
730.45
755.15
669.0454545454545
698.35
728.35
739.7
710.35
738.3333333333334
714.95
726.4
724.2380952380952
706.5
736.75
663.6363636363636
749.0
704.9
748.3
743.15
733.15
766.05
710.5
721.5
756.0
721.5
731.3333333333334
739.25
776.95
733.0952380952381
768.55
750.95
769.3
720.4
753.7619047619048
773.1
777.4
711.7619047619048
727.55
786.0
724.952380952381
721.1904761904761
732.05
790.6
724.4761904761905
741.5714285714286
760.6666666666666
767.95
749.9
713.4285714285714
811.3
804.1
737.2
735.0909090909091
743.75
744.2380952380952
658.7272727272727
758.25
769.1904761904761
748.15
795.05
794.1428571428571
772.95
652.6
736.7142857142857
698.75
820.75
691.2727272727273
797.3
740.0952380952381
812.75
795.95
776.5714285714286
821.8
725.1
821.2
803.15
697.2608695652174
741.8571428571429
782.2380952380952
823.95
751.1904761904761
776.1428571428571
783.35
820.55
824.5
727.1739130434783
806.25
814.3
804.952380952381
800.7619047619048
802.55
837.0
796.3809523809524
789.4
811.25
784.2380952380952
764.047619047619
830.7
832.7
783.95
775.7142857142857
786.3333333333334
815.7
826.2
782.2
752.6190476190476
834.65
809.9545454545455
767.5909090909091
847.15
798.9047619047619
822.1
769.75
798.7619047619048
837.8
765.0952380952381
820.75
790.1428571428571
837.4
763.3478260869565
817.5
847.8
847.8
842.25
823.0
835.55
811.1363636363636
835.85
848.2
814.8095238095239
822.25
798.0
832.0952380952381
852.95
835.047619047619
792.7727272727273
805.4761904761905
847.2
787.0952380952381
838.55
852.45
805.1428571428571
850.95
845.7
821.7619047619048
843.75
850.15
857.45
806.7142857142857
848.65
744.5909090909091
807.4285714285714
822.1
862.5
847.8
867.7
853.35
800.4
831.1428571428571
824.65
848.8
866.65
832.2380952380952
859.4761904761905
853.5714285714286
818.4
805.4090909090909
860.05
796.7
866.7
878.45
862.15
826.7272727272727
816.15
868.05
881.85
842.3333333333334
844.45
881.15
860.55
860.35
863.4761904761905
812.4285714285714
870.75
884.6
890.75
852.55
886.2
888.05
882.2
847.4
884.55
882.1
882.6
889.5
841.4285714285714
870.7
887.9
841.047619047619
852.35
881.15
875.15
854.1
889.0
881.5
860.7142857142857
846.85
854.1428571428571
885.3
884.6
869.952380952381
881.75
870.05
834.6363636363636
871.1
893.3
877.1
834.4761904761905
888.3
870.8571428571429
878.85
846.952380952381
891.45
888.65
798.6818181818181
893.1
815.0952380952381
838.3333333333334
808.2173913043479
897.0
822.6363636363636
895.65
902.3
885.4761904761905
812.4
815.4285714285714
850.9
871.05
871.4
742.7391304347826
880.2
871.1
889.5
845.1904761904761
896.55
873.7142857142857
839.5238095238095
863.3
851.6190476190476
834.1
879.35
864.2
826.1
887.8
865.1
838.25
892.45
890.35
875.8095238095239
892.1
848.9047619047619
891.3
898.4
901.05
880.45
906.3
894.0
858.8095238095239
832.047619047619
891.55
881.3
879.6
860.2
897.2
869.7142857142857
893.35
910.9
819.2857142857143
904.45
868.0
859.7
867.1363636363636
871.6190476190476
908.75
904.0
884.05
896.85
895.6666666666666
809.8181818181819
906.5
899.0
880.4761904761905
784.4545454545455
862.95
867.6
913.85
858.2857142857143
900.6
881.3
865.7
854.3333333333334
890.7
802.7142857142857
808.6666666666666
877.0952380952381
863.25
770.5416666666666
819.5
857.952380952381
838.5238095238095
820.9047619047619
844.75
862.6190476190476
899.0
900.05
832.2272727272727
847.952380952381
838.1428571428571
869.1904761904761
863.7142857142857
867.2380952380952
871.1
909.7
854.1363636363636
879.2
871.75
830.8095238095239
892.65
803.695652173913
821.35
887.8
883.45
897.9
869.5
903.1
894.1
895.6
871.4285714285714
870.4285714285714
897.2
891.5238095238095
882.6666666666666
904.75
901.2
849.8
906.55
874.6
881.4
880.1428571428571
867.1
898.15
771.16
903.1
912.05
854.7
917.3
918.9
876.9
807.695652173913
869.8095238095239
907.75
788.8636363636364
867.6190476190476
812.2
870.25
905.2
868.05
872.7142857142857
908.0
887.95
915.55
894.7
879.0909090909091
856.8095238095239
842.5454545454545
891.55
724.8636363636364
906.4
922.15
815.55
919.45
879.6190476190476
876.9
917.25
921.4
927.25
916.95
885.6666666666666
903.45
838.6363636363636
913.45
822.6818181818181
875.25
820.5454545454545
853.55
874.047619047619
883.35
911.0
891.1
879.1
892.4
823.4545454545455
894.8
901.35
834.9545454545455
903.05
865.5714285714286
896.9
860.6818181818181
914.5
887.0952380952381
921.95
924.8
922.4
916.8
901.95
912.35
899.75
911.35
915.35
928.85
929.8
926.8
872.5238095238095
888.7
917.45
876.25
849.3181818181819
906.1428571428571
925.15
909.5454545454545
923.15
923.35
