0.953125
1.3415841584158417
1.475095785440613
0.9255813953488372
1.0218340611353711
1.035
1.0829694323144106
1.0865800865800865
1.318407960199005
0.8628571428571429
1.18348623853211
1.3141592920353982
0.9295154185022027
1.0219298245614035
1.0912863070539418
0.9137931034482759
1.0
1.2352941176470589
1.0615942028985508
1.1806853582554517
1.0485074626865671
1.3244444444444445
1.4978354978354977
1.1258278145695364
0.981651376146789
1.080267558528428
1.0348101265822784
1.2420382165605095
1.0940594059405941
1.08984375
1.306532663316583
1.0195121951219512
1.3217391304347825
1.149501661129568
1.275
1.0841423948220066
1.3544776119402986
1.1246200607902737
1.1338912133891212
1.1598746081504703
1.1384615384615384
1.2526881720430108
0.9313984168865436
1.370919881305638
1.0423280423280423
1.2054455445544554
1.3423913043478262
1.0867469879518072
1.34375
1.3027777777777778
1.0650887573964498
1.3137755102040816
1.436923076923077
1.1145251396648044
1.0952380952380953
1.1833333333333333
1.1865443425076452
1.1973094170403586
1.037122969837587
1.2557077625570776
1.046908315565032
1.223809523809524
1.014799154334038
1.2388451443569555
1.1428571428571428
1.3962703962703962
1.354066985645933
1.2049180327868851
1.6033898305084746
1.1710794297352343
1.164461247637051
1.1715039577836412
1.421875
1.284037558685446
1.3487394957983194
1.2209944751381216
1.16
1.290167865707434
1.5240174672489082
1.413087934560327
1.1638733705772812
1.2754716981132075
1.4451612903225806
1.367965367965368
1.5457063711911356
1.5358851674641147
1.4479638009049773
1.4604651162790698
1.473469387755102
1.568421052631579
1.5775
1.5854922279792747
1.6734234234234233
1.3962765957446808
1.778894472361809
1.4855371900826446
1.7544303797468355
1.708411214953271
1.6908713692946058
1.7258485639686685
1.8431372549019607
1.745635910224439
1.8989473684210527
1.911904761904762
1.5623721881390593
1.8669201520912548
1.9582417582417582
1.816414686825054
2.1497975708502026
1.8466780238500853
1.74
2.2235023041474653
2.2925531914893615
2.72544080604534
2.409547738693467
2.4768518518518516
2.377574370709382
2.3366533864541834
2.223853211009174
2.3365617433414045
2.50383631713555
2.831168831168831
2.473684210526316
2.568421052631579
3.2258883248730963
2.3768115942028984
2.83248730964467
2.7086614173228347
2.7777777777777777
3.002785515320334
3.2877263581488934
3.0968586387434556
2.720496894409938
3.0114155251141552
3.3245382585751977
3.1946666666666665
3.059299191374663
3.422360248447205
2.871934604904632
2.9232954545454546
3.5335120643431637
3.2084507042253523
2.8358208955223883
3.4097859327217126
3.4760479041916166
3.472560975609756
3.1610169491525424
3.642405063291139
3.5608856088560885
3.297071129707113
3.0684039087947883
3.396887159533074
3.6055555555555556
4.015197568389058
3.6630434782608696
3.5061124694376526
4.079069767441861
3.953917050691244
3.8903654485049834
3.6151315789473686
3.7066246056782335
3.5476190476190474
3.8552631578947367
3.9915254237288136
3.5587188612099645
3.735042735042735
4.343173431734317
4.1226053639846745
4.2
4.589743589743589
4.315589353612167
4.175324675324675
4.140350877192983
4.526448362720403
4.299065420560748
4.775956284153006
4.4147286821705425
4.295081967213115
4.464944649446495
4.552529182879377
4.58590308370044
4.0633333333333335
4.080985915492958
4.175257731958763
4.136029411764706
4.573705179282869
4.480701754385965
4.726643598615917
4.303846153846154
4.1352657004830915
4.9289617486338795
4.212
5.591743119266055
4.761904761904762
5.617529880478088
4.834862385321101
4.4375
4.8313725490196076
4.369047619047619
5.065868263473054
4.845454545454546
5.474226804123711
5.462962962962963
5.024590163934426
5.3121693121693125
5.111111111111111
4.991525423728813
5.141414141414141
5.848780487804878
5.1869565217391305
5.239837398373984
4.98695652173913
5.335365853658536
5.60431654676259
5.485
5.563786008230453
5.788888888888889
5.995495495495495
5.626506024096385
6.993288590604027
6.0
6.232876712328767
6.489130434782608
5.594202898550725
5.483333333333333
5.9480519480519485
6.961538461538462
5.716763005780347
5.170454545454546
5.952830188679245
5.301020408163265
6.671328671328672
5.943589743589744
5.977777777777778
5.361581920903955
5.865030674846626
4.947368421052632
5.213414634146342
5.488095238095238
6.216666666666667
6.583333333333333
5.9289617486338795
5.865671641791045
5.77710843373494
5.222222222222222
5.014814814814815
6.629310344827586
6.7251461988304095
5.990990990990991
6.284090909090909
5.5608108108108105
7.302752293577981
5.663636363636364
6.325842696629214
7.73394495412844
6.532894736842105
8.296
5.39568345323741
7.435643564356436
6.106194690265487
7.55
6.901315789473684
6.104
6.7465753424657535
7.354330708661418
6.950980392156863
7.198412698412699
6.558558558558558
7.098039215686274
8.293577981651376
9.095890410958905
7.852564102564102
7.324675324675325
6.8053097345132745
8.131578947368421
7.853448275862069
7.086614173228346
7.148760330578512
8.2
7.6063829787234045
7.166666666666667
7.1923076923076925
7.879432624113475
7.076923076923077
7.781512605042017
7.893203883495145
8.388429752066116
8.467213114754099
6.735849056603773
7.088235294117647
7.380952380952381
6.699029126213592
8.261363636363637
7.575757575757576
7.097345132743363
9.443478260869565
8.852272727272727
8.012658227848101
7.6415094339622645
7.349514563106796
7.339130434782609
9.515463917525773
7.401960784313726
8.44943820224719
7.772151898734177
8.136363636363637
6.910891089108911
7.329545454545454
7.659574468085107
8.120481927710843
8.45
10.154761904761905
8.98936170212766
8.582417582417582
8.987341772151899
8.682539682539682
8.847826086956522
9.425287356321839
8.816326530612244
11.17910447761194
9.311827956989248
10.623376623376624
8.92
11.788732394366198
10.986486486486486
10.52112676056338
11.60759493670886
9.911764705882353
9.54054054054054
10.26984126984127
12.323076923076924
10.716417910447761
12.324675324675324
10.041666666666666
11.030303030303031
10.169491525423728
11.614035087719298
11.333333333333334
12.018867924528301
14.484375
8.852459016393443
11.952380952380953
11.5
11.727272727272727
12.815384615384616
12.137254901960784
12.402985074626866
10.537037037037036
11.470588235294118
12.318181818181818
13.795918367346939
14.90566037735849
11.12280701754386
13.49056603773585
14.142857142857142
15.66
11.982142857142858
13.89655172413793
14.622222222222222
15.354166666666666
13.895833333333334
16.76595744680851
18.1875
19.394736842105264
18.97872340425532
17.53191489361702
15.548387096774194
16.675
15.952380952380953
18.048780487804876
16.46153846153846
21.6875
18.644444444444446
19.904761904761905
17.6875
19.26829268292683
17.46
23.975
19.520833333333332
27.5
22.5
24.864864864864863
22.13953488372093
19.49019607843137
23.69047619047619
22.77777777777778
31.513513513513512
28.551724137931036
25.75609756097561
25.0625
22.46511627906977
31.605263157894736
29.363636363636363
26.61904761904762
29.676470588235293
25.414634146341463
41.03703703703704
36.87179487179487
32.22222222222222
31.75
26.18918918918919
30.514285714285716
34.0
33.84848484848485
35.13793103448276
34.625
40.0
36.172413793103445
37.0
35.470588235294116
37.607142857142854
42.84375
45.82142857142857
33.09090909090909
39.86666666666667
48.0
41.96969696969697
47.793103448275865
42.93103448275862
53.148148148148145
45.53333333333333
48.21212121212121
46.41379310344828
56.22222222222222
55.0
51.61538461538461
53.05128205128205
49.96551724137931
56.46153846153846
57.241379310344826
62.09375
60.2962962962963
64.55172413793103
63.357142857142854
73.16666666666667
72.6923076923077
52.785714285714285
90.96
73.55172413793103
87.52173913043478
82.5925925925926
69.07142857142857
75.6875
76.2
79.23076923076923
71.625
85.25
77.57142857142857
96.17241379310344
92.4
103.5
92.51851851851852
89.62962962962963
95.26923076923077
90.13333333333334
92.16666666666667
100.53846153846153
84.17647058823529
99.21739130434783
111.53846153846153
104.2
119.9047619047619
112.625
99.92857142857143
114.53846153846153
111.8
116.58620689655173
103.0
131.53571428571428
117.0
142.3181818181818
119.66666666666667
113.38461538461539
136.65217391304347
134.1851851851852
137.20833333333334
151.79166666666666
131.44444444444446
153.20833333333334
129.57142857142858
146.0
153.22727272727272
139.89285714285714
130.65384615384616
158.96153846153845
135.34615384615384
149.0
158.96153846153845
182.86363636363637
145.1153846153846
152.45833333333334
170.84
162.91304347826087
139.48275862068965
178.12
177.6
169.48
189.4090909090909
170.19230769230768
180.74074074074073
193.6818181818182
188.29166666666666
153.84
180.36
157.28571428571428
186.375
179.22222222222223
178.77272727272728
188.29166666666666
206.5
198.24
207.04347826086956
212.0
203.45833333333334
238.38095238095238
203.375
224.84
167.66666666666666
237.08695652173913
217.3181818181818
241.3913043478261
233.12
206.35714285714286
217.08333333333334
218.375
225.17391304347825
252.95454545454547
274.4347826086956
238.625
244.08
255.875
264.2173913043478
246.04166666666666
241.08
248.1818181818182
252.7826086956522
265.875
281.8
252.9090909090909
248.12
313.95
270.2692307692308
340.0
288.85
282.1363636363636
318.14285714285717
299.2608695652174
309.60869565217394
294.03846153846155
270.3478260869565
301.7916666666667
318.2173913043478
272.1363636363636
306.6190476190476
292.2857142857143
314.1818181818182
281.2962962962963
312.95454545454544
311.125
354.57142857142856
326.8181818181818
302.7916666666667
330.3636363636364
306.0
301.5
300.27272727272725
346.4761904761905
327.9130434782609
363.0
360.59090909090907
336.3478260869565
363.25
316.8333333333333
357.65
330.1904761904762
349.4583333333333
386.75
349.90909090909093
374.95238095238096
420.45
383.7083333333333
314.0869565217391
381.0
387.57142857142856
390.6666666666667
360.95652173913044
396.15
424.4
373.85714285714283
443.85
416.0
430.95454545454544
418.04347826086956
419.05
401.04545454545456
392.39130434782606
461.05
467.0
411.95454545454544
470.95
409.69565217391306
437.14285714285717
431.5
428.57142857142856
459.8636363636364
475.23809523809524
468.85714285714283
481.0952380952381
489.05
490.5238095238095
488.5
435.8181818181818
446.125
466.8636363636364
472.45454545454544
409.69565217391306
492.76190476190476
491.45
487.2
456.85714285714283
480.6363636363636
467.54545454545456
509.45
477.6190476190476
508.5238095238095
486.0
497.14285714285717
493.5
517.5714285714286
540.95
526.7
469.2608695652174
502.23809523809524
539.3
492.1904761904762
542.3
558.75
520.1363636363636
568.65
542.85
567.95
513.9545454545455
540.8095238095239
543.1904761904761
580.75
577.8
524.85
561.3333333333334
558.047619047619
550.6666666666666
582.2
570.4285714285714
525.2857142857143
565.2
568.6
529.4761904761905
606.95
521.5909090909091
556.9090909090909
539.6818181818181
500.8181818181818
557.95
577.35
615.2
590.4761904761905
580.952380952381
585.6190476190476
553.695652173913
617.8571428571429
588.5454545454545
604.0
615.55
605.55
632.4
591.0952380952381
603.5238095238095
643.9
629.9
619.45
653.25
635.0
632.55
622.0
660.3
653.4
652.7
641.1428571428571
659.7
654.85
622.047619047619
659.65
657.25
619.1363636363636
636.8636363636364
617.5714285714286
670.65
673.4
613.1428571428571
664.45
685.15
649.7142857142857
655.05
663.75
602.2857142857143
682.45
681.3
647.4347826086956
681.0
663.8571428571429
653.95
694.8
682.7
573.875
690.4
626.75
688.8
631.6818181818181
697.75
695.65
632.1818181818181
690.4761904761905
668.4285714285714
672.0
684.8095238095239
660.2
696.95
645.1363636363636
687.047619047619
673.0
705.65
679.4
648.8181818181819
651.5
646.9090909090909
679.047619047619
689.952380952381
693.65
682.3636363636364
648.9565217391304
666.7142857142857
697.2380952380952
658.4
681.0909090909091
660.952380952381
698.4
681.0909090909091
711.8
705.5238095238095
686.7142857142857
675.8095238095239
705.3
735.95
697.0
745.4
746.65
699.15
679.5454545454545
699.2
671.1428571428571
731.8095238095239
695.6363636363636
721.5714285714286
745.9
743.65
701.047619047619
743.3
749.7
737.8571428571429
740.6
727.5
706.1
747.2
716.55
705.25
756.05
664.2272727272727
725.6818181818181
725.65
767.65
682.5
737.6190476190476
665.7916666666666
765.8
746.45
767.7
742.5238095238095
752.6
740.8
742.3
760.7
777.15
738.0
709.6666666666666
772.9
749.2
725.55
765.6
786.2
750.9047619047619
771.05
777.05
745.6666666666666
723.0
788.15
777.2
775.7142857142857
792.15
724.2
767.1904761904761
775.85
743.05
746.2857142857143
780.15
765.3333333333334
752.0
781.15
791.6190476190476
770.4761904761905
780.75
778.45
741.7619047619048
763.35
804.05
774.0952380952381
775.1
800.85
757.8095238095239
752.3333333333334
776.7
790.6
767.7
788.45
813.7
762.8
807.35
755.4285714285714
794.5
774.1904761904761
754.304347826087
785.55
749.5714285714286
751.55
717.5
760.8095238095239
801.0
796.047619047619
788.1
786.3
807.8
803.15
767.047619047619
770.4285714285714
776.55
812.7
737.2857142857143
811.5
770.0
746.3809523809524
762.9545454545455
821.05
736.4761904761905
782.3181818181819
812.3333333333334
764.4761904761905
754.2727272727273
789.8571428571429
800.5
745.6666666666666
776.05
801.2
792.0
833.25
830.25
819.8095238095239
809.4
837.4
824.25
811.9047619047619
769.4545454545455
842.15
752.3636363636364
815.6
811.047619047619
795.3
807.05
839.4
801.4285714285714
793.35
815.0
791.7142857142857
835.05
752.0454545454545
770.8
760.1363636363636
762.7826086956521
802.6190476190476
812.952380952381
789.8095238095239
737.9047619047619
834.3
803.4761904761905
813.35
809.047619047619
789.4761904761905
787.2
800.3333333333334
846.3
795.7619047619048
850.1
790.952380952381
808.4761904761905
810.95
840.75
827.3
844.9
843.15
825.35
810.25
822.7
820.4
846.45
848.3
845.15
798.6666666666666
847.25
811.2380952380952
821.3333333333334
783.5
800.7142857142857
816.45
817.9
744.9047619047619
821.2380952380952
789.3809523809524
838.35
839.1428571428571
814.5238095238095
838.4761904761905
819.7272727272727
856.45
814.05
811.3
851.25
797.3809523809524
780.695652173913
863.15
826.8095238095239
842.0
834.75
871.1
855.85
828.15
846.6190476190476
854.0
858.65
781.7619047619048
850.95
791.5909090909091
832.5238095238095
847.5
831.85
824.5
819.0952380952381
843.45
834.0
800.8181818181819
829.5714285714286
859.9
857.45
780.6666666666666
815.95
860.8
872.5
847.25
803.5238095238095
859.3333333333334
864.0
881.05
848.8
842.3333333333334
825.6666666666666
847.15
875.95
828.2857142857143
827.15
880.35
767.6818181818181
853.45
846.85
868.3
826.8571428571429
862.45
816.2857142857143
887.55
833.55
814.1739130434783
877.6
869.05
878.8
871.7
883.45
875.0
813.0
832.75
820.7619047619048
820.2727272727273
873.3
851.3
884.55
871.65
883.35
875.15
881.0
807.6190476190476
879.75
858.4
804.4545454545455
865.1
880.55
824.2272727272727
841.65
852.8571428571429
879.15
855.2857142857143
871.5
858.3809523809524
852.7
821.45
892.2
820.4285714285714
850.2857142857143
854.4285714285714
876.3809523809524
866.1
876.25
888.45
895.6
892.15
839.7619047619048
813.0909090909091
865.2857142857143
879.95
877.35
872.4
889.5
846.0952380952381
855.4285714285714
853.9
873.55
871.45
826.0454545454545
842.952380952381
900.25
859.2
791.0
853.15
832.9
851.25
887.35
884.8
861.8
901.75
851.7619047619048
889.35
897.55
883.45
884.45
896.5
852.0952380952381
858.3333333333334
855.9047619047619
894.6
832.95
821.8695652173913
843.2857142857143
849.0
860.15
895.15
833.05
879.05
901.45
878.25
844.9047619047619
898.35
875.85
858.6
839.5714285714286
898.7
861.0454545454545
872.1
817.1904761904761
835.0
876.05
895.55
827.952380952381
859.4285714285714
862.25
890.4761904761905
872.15
870.6
901.85
901.65
850.9047619047619
842.5
802.2857142857143
894.55
855.8
885.0
894.5
901.6
882.8095238095239
879.0
890.3
895.75
902.0
873.85
870.0
829.85
841.7727272727273
802.8571428571429
815.7727272727273
889.25
819.5909090909091
903.55
864.5714285714286
896.9
884.9
817.952380952381
884.35
844.0454545454545
834.9545454545455
893.65
732.4347826086956
860.5
835.8571428571429
887.7
897.1904761904761
897.9
851.5
850.3636363636364
890.65
867.9047619047619
899.95
891.6
880.2380952380952
842.0
863.047619047619
904.25
827.2857142857143
857.8095238095239
848.7619047619048
893.95
909.25
904.45
913.2
906.05
794.8
910.2
913.6666666666666
873.1
913.05
829.5652173913044
901.6
856.3
917.55
879.2
853.1428571428571
878.3333333333334
869.25
878.1428571428571
881.2380952380952
918.2
915.25
837.85
847.95
910.8
909.8
912.05
829.0
836.1818181818181
916.35
889.1428571428571
824.5714285714286
914.5
879.35
814.3181818181819
857.9047619047619
869.25
863.0454545454545
859.85
879.3333333333334
911.95
916.45
869.2272727272727
919.45
892.0952380952381
894.85
874.7
892.95
873.6666666666666
920.4
898.4
872.0
828.4285714285714
925.25
825.0434782608696
873.0
893.2
916.3
906.65
813.6363636363636
894.65
879.2380952380952
870.6190476190476
925.85
878.05
923.2
906.75
926.15
872.2857142857143
916.75
879.4
881.4285714285714
907.55
880.6666666666666
883.6
909.4
908.1
855.952380952381
916.95
881.3809523809524
846.0869565217391
928.15
832.5238095238095
871.1428571428571
868.15
918.6
871.8095238095239
891.65
925.55
923.15
891.5
888.4285714285714
865.8095238095239
879.4761904761905
919.25
830.4782608695652
917.55
888.0
914.8
925.4
922.15
892.8571428571429
918.85
857.3333333333334
895.9
917.4
907.15
880.8
918.2
880.15
926.25
894.4761904761905
820.4545454545455
909.1428571428571
843.1363636363636
888.8095238095239
902.6
865.0909090909091
921.0
876.7142857142857
890.5
842.2173913043479
908.6190476190476
927.6
929.95
924.05
883.2857142857143
917.55
886.5238095238095
868.5909090909091
918.6
890.2857142857143
864.4761904761905
913.75
913.4
911.3
888.2380952380952
924.4
904.4
921.35
927.65
876.8095238095239
884.3333333333334
923.7
807.2727272727273
851.1428571428571
830.5909090909091
876.0952380952381
929.2
872.2272727272727
923.7
880.7
892.5238095238095
927.45
885.5
886.3809523809524
892.85
871.35
924.5
927.15
886.1904761904761
917.05
879.4761904761905
914.35
891.75
774.1363636363636
846.0952380952381
855.952380952381
876.8
921.15
846.4545454545455
848.0952380952381
860.7142857142857
915.65
868.2857142857143
916.0
875.3333333333334
877.5454545454545
882.2380952380952
896.6190476190476
891.6666666666666
927.45
826.0
895.6190476190476
790.5217391304348
918.0
841.9090909090909
908.15
819.4545454545455
865.047619047619
905.2
846.4761904761905
917.45
914.15
833.6666666666666
871.05
870.2857142857143
884.4285714285714
867.2857142857143
884.6
907.75
893.8095238095239
907.7
888.5238095238095
867.7142857142857
892.35
929.15
903.35
865.0
881.1904761904761
895.0
857.5238095238095
900.6666666666666
881.2857142857143
870.2380952380952
895.7
869.6190476190476
912.8
869.952380952381
931.0
874.6190476190476
923.25
862.6666666666666
932.35
926.7
895.5714285714286
921.7
930.4
914.35
920.5
878.0454545454545
822.0434782608696
880.0952380952381
885.95
926.6
930.7
929.85
901.9
933.75
901.4
925.4
886.25
923.4
895.9090909090909
933.25
896.35
927.7
929.55
933.8
930.55
927.2
854.7391304347826
927.25
936.55
904.4285714285714
936.5
942.05
934.25
938.75
922.3
876.25
931.4
884.05
927.6
926.35
903.4
934.15
934.5
923.35
912.6
900.1904761904761
927.3
938.2
908.8
898.85
926.85
938.35
896.75
858.9090909090909
879.8095238095239
935.9
860.6818181818181
919.55
883.952380952381
824.6190476190476
900.55
758.0869565217391
907.5
928.75
928.65
889.0952380952381
904.7619047619048
931.95
928.85
928.0
935.55
936.25
885.5714285714286
922.65
890.85
929.6
894.65
890.25
860.0909090909091
928.1
929.5
938.05
880.9090909090909
911.5714285714286
809.2608695652174
936.35
929.05
902.3809523809524
903.8571428571429
923.7
903.047619047619
885.9047619047619
918.15
923.85
888.1904761904761
935.05
877.2857142857143
925.3
926.25
924.95
935.45
931.2
890.1904761904761
894.047619047619
925.45
853.7142857142857
899.25
929.1
932.25
900.4
935.05
942.35
926.45
937.0
856.4090909090909
935.6
928.2
867.9090909090909
908.1904761904761
863.45
931.6
881.7142857142857
913.5714285714286
939.55
