0.9691358024691358
1.2115384615384615
0.7224669603524229
0.727810650887574
0.907563025210084
1.1336633663366336
0.8187134502923976
0.8620689655172413
0.8737373737373737
1.0406504065040652
0.7333333333333333
0.9024390243902439
0.8465909090909091
1.0585365853658537
0.7094972067039106
0.5783132530120482
0.9683257918552036
0.6908212560386473
0.9036144578313253
1.0304568527918783
1.0
1.1206896551724137
0.7718446601941747
0.6892655367231638
0.9269662921348315
0.74822695035461
0.9629629629629629
0.6752767527675276
0.8795180722891566
1.13135593220339
1.2401960784313726
0.7486910994764397
0.9519650655021834
0.8207547169811321
1.0100334448160535
1.0954545454545455
1.1316526610644257
0.9090909090909091
0.8098360655737705
1.1383399209486167
0.9377049180327869
0.9363057324840764
0.8211678832116789
1.025236593059937
0.8427835051546392
0.821656050955414
0.9347826086956522
0.8815426997245179
1.0102739726027397
0.9804469273743017
0.7853403141361257
0.7071823204419889
0.8797250859106529
1.0850340136054422
1.135135135135135
1.0359116022099448
1.0886075949367089
0.9113573407202216
0.923728813559322
1.2547425474254743
1.168384879725086
1.185595567867036
0.904
0.8785529715762274
0.9129213483146067
1.1965811965811965
1.1391304347826088
0.8261904761904761
0.9138461538461539
0.9287410926365796
0.8735083532219571
0.9553072625698324
1.1002949852507375
0.903755868544601
1.0932642487046633
0.7213114754098361
1.0833333333333333
1.0042735042735043
0.9667832167832168
0.9646464646464646
1.072
0.8613013698630136
0.8620689655172413
1.0118845500848896
1.0775862068965518
1.0195035460992907
0.9396551724137931
0.8715890850722311
0.9163763066202091
1.1609375
1.160919540229885
1.2446183953033267
1.062208398133748
1.2942477876106195
1.099290780141844
1.1260364842454396
1.3066666666666666
1.204868154158215
1.1407035175879396
1.4315068493150684
1.4771863117870723
1.4485981308411215
1.4151785714285714
1.613888888888889
1.6844660194174756
1.7110655737704918
1.8293650793650793
1.7327188940092166
1.7072310405643738
1.9749303621169916
1.8523489932885906
1.919291338582677
2.075
2.1216216216216215
2.2338403041825097
2.271484375
2.1491228070175437
1.8063157894736843
2.5966981132075473
2.1345291479820627
2.6122448979591835
2.625
2.4725274725274726
2.6785714285714284
2.773224043715847
2.8972972972972975
2.4585253456221197
2.9030837004405288
2.708641975308642
2.230414746543779
2.7620320855614975
2.8356940509915014
2.9278350515463916
3.314447592067989
3.110831234256927
3.0155844155844154
3.1108597285067874
2.8551236749116606
2.966386554621849
3.167130919220056
2.8287461773700304
3.549152542372881
3.75
4.20353982300885
3.6952908587257616
3.451104100946372
3.9681818181818183
4.173431734317343
3.5650557620817844
3.833855799373041
3.8716216216216215
3.3880126182965298
3.7097902097902096
3.6763636363636363
4.0
4.5
3.9565217391304346
4.246153846153846
3.909448818897638
4.274074074074074
3.972136222910217
4.787564766839378
4.4921259842519685
4.709183673469388
4.2690909090909095
4.75
5.136363636363637
4.845238095238095
4.934210526315789
4.337962962962963
4.280542986425339
5.053921568627451
4.909090909090909
5.826388888888889
4.484162895927602
3.9541666666666666
5.704663212435233
5.722222222222222
5.221674876847291
5.041884816753926
4.830985915492958
4.945205479452055
5.90566037735849
5.251461988304094
5.921212121212121
5.666666666666667
7.047872340425532
7.023584905660377
5.4393939393939394
5.895705521472393
6.86060606060606
5.86
6.482352941176471
6.741935483870968
6.402116402116402
7.315789473684211
6.99375
7.847682119205298
7.582278481012659
7.109375
7.54014598540146
8.205479452054794
7.251798561151079
7.134328358208955
8.44927536231884
7.42741935483871
7.7226277372262775
7.75
8.37190082644628
8.25
8.771428571428572
10.02919708029197
9.4
11.264367816091953
8.184873949579831
8.714285714285714
9.83838383838384
11.931372549019608
8.710526315789474
11.358024691358025
12.870967741935484
10.192660550458715
15.205128205128204
10.128712871287128
12.098765432098766
13.415841584158416
15.558823529411764
14.444444444444445
11.194805194805195
13.84375
13.38888888888889
14.677777777777777
18.457142857142856
18.295081967213115
15.670588235294117
15.73076923076923
15.064516129032258
16.0
18.37837837837838
16.423529411764704
20.49122807017544
22.241935483870968
21.984126984126984
17.896551724137932
27.352941176470587
24.5625
29.442307692307693
25.979591836734695
26.28301886792453
26.278688524590162
29.82
30.612244897959183
33.111111111111114
32.12244897959184
34.59183673469388
37.220338983050844
27.150943396226417
35.88709677419355
31.305084745762713
39.65
56.73529411764706
48.26086956521739
36.26315789473684
39.9375
44.191489361702125
44.83720930232558
41.78378378378378
47.68
51.52272727272727
55.38461538461539
63.054054054054056
58.02272727272727
56.9
75.13157894736842
59.486486486486484
67.67567567567568
66.58536585365853
92.96551724137932
75.1
89.5
66.88636363636364
81.0
85.06666666666666
95.76666666666667
80.76744186046511
78.31428571428572
88.02631578947368
99.8
99.1875
110.76
112.83870967741936
98.27586206896552
124.78787878787878
110.06896551724138
103.97058823529412
130.42857142857142
118.36363636363636
109.3125
115.27586206896552
109.0
141.3913043478261
144.70967741935485
135.64
119.06666666666666
126.81818181818181
149.5
160.42307692307693
156.2
131.63636363636363
138.84375
145.53125
162.0
184.04347826086956
158.24
138.25806451612902
196.57692307692307
196.23076923076923
182.39285714285714
199.8148148148148
182.34782608695653
190.375
196.1851851851852
192.96428571428572
172.4516129032258
212.07692307692307
233.58333333333334
175.5151515151515
207.59259259259258
221.23076923076923
215.5
239.76
204.6
224.33333333333334
265.8076923076923
273.3636363636364
284.04545454545456
259.5
212.92857142857142
299.8695652173913
260.3333333333333
266.0
264.64
318.625
279.8695652173913
294.59090909090907
297.9583333333333
276.5
305.7916666666667
300.5416666666667
322.39130434782606
347.1363636363636
293.89285714285717
277.72
320.0416666666667
324.30434782608694
359.60869565217394
302.81481481481484
340.2916666666667
283.52
337.61538461538464
364.1304347826087
372.04761904761904
332.5
398.95454545454544
371.14285714285717
357.0
297.14814814814815
299.25
326.7586206896552
361.30434782608694
405.5238095238095
351.125
341.0
341.84
406.14285714285717
399.4347826086956
390.0
409.2083333333333
408.3636363636364
424.40909090909093
387.8
434.04761904761904
419.1304347826087
433.0
437.76190476190476
413.8
465.3333333333333
400.11538461538464
472.5
420.95652173913044
483.72727272727275
435.75
454.3636363636364
474.6521739130435
493.0952380952381
443.5652173913044
463.7826086956522
511.85714285714283
453.375
482.22727272727275
447.3809523809524
486.7083333333333
502.95454545454544
536.4761904761905
559.25
480.1818181818182
522.5909090909091
551.6666666666666
510.0
532.952380952381
511.0952380952381
562.2857142857143
521.4090909090909
542.6818181818181
597.45
605.4
573.65
517.48
556.2272727272727
568.4285714285714
609.5
594.35
561.7391304347826
617.1
585.9545454545455
569.4545454545455
586.7142857142857
588.9090909090909
567.8
535.9130434782609
652.4
597.95
662.3
616.7272727272727
572.0454545454545
584.3636363636364
641.7142857142857
623.9545454545455
635.7142857142857
600.1904761904761
644.65
620.1363636363636
630.1818181818181
666.5714285714286
688.2857142857143
615.3636363636364
610.6818181818181
647.6818181818181
602.5909090909091
652.6190476190476
632.0454545454545
695.9
684.3333333333334
675.5714285714286
730.4761904761905
703.6
703.0
638.7272727272727
709.952380952381
701.05
716.2857142857143
642.5652173913044
701.9047619047619
676.2727272727273
698.2727272727273
698.65
692.4782608695652
751.3
750.55
724.8095238095239
701.75
688.2608695652174
678.2857142857143
746.7142857142857
768.3
747.0952380952381
730.25
696.4090909090909
792.95
771.3
748.75
749.0
747.45
721.2727272727273
773.85
719.8095238095239
762.25
705.5909090909091
752.6190476190476
760.8571428571429
719.1739130434783
744.0909090909091
798.55
758.7619047619048
812.5238095238095
775.6666666666666
818.35
802.95
801.2
819.7
814.55
755.4285714285714
784.8
823.8
790.1904761904761
826.9
830.75
821.4
825.05
823.05
822.15
840.55
830.85
793.5714285714286
837.9
822.6
796.15
783.0909090909091
809.25
833.35
844.2
832.55
838.45
849.75
851.1
818.3809523809524
827.047619047619
851.6
779.4545454545455
856.6
828.15
866.2
821.7619047619048
878.8
871.9
879.25
866.55
857.5
856.9
884.25
857.2
784.3809523809524
877.4
869.35
842.0952380952381
875.8
854.1428571428571
876.9
864.1904761904761
900.3
895.9
837.8
891.1
871.6
886.85
883.8
838.5238095238095
890.95
847.952380952381
855.8
900.5
896.5238095238095
883.85
900.2
900.35
892.8
861.3333333333334
891.15
900.75
895.95
835.5
853.1904761904761
895.4
897.0
906.6
847.047619047619
876.4
903.2
905.45
910.7
902.6
920.1
887.3
912.0
908.1
931.0
918.75
910.45
877.0952380952381
913.4
916.75
927.0
919.4
927.75
915.3
884.2380952380952
918.7
887.2857142857143
874.6190476190476
925.05
859.5714285714286
909.5
930.3
912.45
921.6
928.3
922.15
927.15
917.25
924.2
914.3333333333334
893.8095238095239
891.0952380952381
928.4
897.2380952380952
930.55
923.25
928.65
931.65
926.9
916.3
927.95
929.7
939.1
940.5
929.95
941.35
920.45
924.45
895.5714285714286
929.1
938.75
924.6
928.0
889.9047619047619
920.25
897.5
923.75
901.5714285714286
905.55
910.25
857.9130434782609
928.25
931.95
937.3
934.7
934.0
941.5
860.9047619047619
936.7
941.1
925.8
935.8
935.2
920.0
923.35
934.85
942.45
933.25
938.15
944.95
939.9
948.3
921.5
942.85
943.4
943.95
948.15
941.45
949.2
945.85
945.45
933.4761904761905
952.8
949.4
918.1904761904761
943.8
948.5
935.75
942.15
950.4
943.5
942.05
951.45
955.45
907.6666666666666
952.3
953.3
945.95
916.35
959.6
959.2
952.45
954.05
953.0
959.15
959.35
952.85
948.25
948.55
929.9
947.35
947.85
950.45
953.2
931.6190476190476
945.8
949.35
954.85
953.5
935.05
942.5714285714286
950.65
958.3
953.3
953.45
933.3
922.15
953.9
964.7
954.25
949.4
936.1428571428571
957.75
947.9
957.8
955.7
954.6
915.5238095238095
958.15
953.65
948.15
874.5909090909091
956.9
935.5238095238095
957.45
962.3
913.2857142857143
910.9047619047619
896.1904761904761
958.6
929.3
913.2380952380952
954.9
952.65
946.4
929.2857142857143
954.0
955.45
957.5
907.0
959.55
948.15
957.3
958.6
927.6666666666666
962.6
957.65
963.25
963.25
959.7
953.6
962.4
957.35
920.0
960.45
947.35
932.3333333333334
955.35
945.9
960.85
951.1
953.55
955.35
918.047619047619
953.85
952.05
930.3809523809524
944.7142857142857
954.85
961.05
940.8571428571429
958.45
956.8
965.25
961.55
953.7
964.65
956.1
964.8
959.35
918.3809523809524
958.7
911.6190476190476
948.1
941.4761904761905
962.2
924.8571428571429
952.75
964.5
933.65
957.8
951.65
964.35
961.95
940.8
953.6
923.3809523809524
958.0
943.7
963.9
960.5
953.85
955.3
921.4761904761905
957.4
956.25
962.2
954.45
963.4
926.7619047619048
964.45
963.85
960.0
915.7
960.45
963.7
938.2
920.1428571428571
955.95
960.5
959.85
966.85
962.75
964.1
963.05
963.65
963.4
958.65
926.0
960.95
969.6
961.75
938.3333333333334
961.25
963.25
961.2
972.2
954.2
968.65
965.7
969.7
959.3
967.1
970.45
962.7
970.25
961.85
966.55
939.5
971.95
968.5
955.8
969.05
968.55
967.7
964.7
969.0
965.3
966.1
971.75
969.85
965.8
971.35
966.4
975.0
970.65
925.1
973.05
971.45
947.7142857142857
972.85
970.2
968.65
966.35
971.4
964.15
970.2
970.75
970.65
966.8
968.85
972.3
970.95
969.95
972.05
972.65
969.65
974.65
964.65
927.6190476190476
970.35
967.4
971.35
966.15
963.8
969.8
940.9047619047619
967.65
958.85
968.9
966.9
946.6
966.55
968.45
972.5
968.3
969.9
963.45
892.1428571428571
963.25
949.7619047619048
970.65
953.5238095238095
925.5238095238095
969.1
923.5
967.85
967.1
970.8
967.55
968.2
964.2
969.15
970.1
965.35
964.7
973.1
926.5238095238095
962.75
922.25
964.75
965.9
971.65
967.5
964.15
956.05
971.25
966.9
970.65
961.75
970.95
973.4
958.8
975.1
968.85
967.15
971.1
968.1
970.65
975.95
970.75
970.85
972.5
946.6666666666666
972.75
971.9
941.2857142857143
973.0
975.6
972.6
971.5
976.95
970.1
926.9047619047619
975.9
971.65
972.4
975.2
974.15
968.45
936.952380952381
971.1
940.5238095238095
973.85
968.95
972.8
971.35
971.75
974.05
972.8
975.1
975.75
977.1
977.65
974.35
972.95
974.25
969.45
970.95
969.8
946.95
978.05
969.6
965.25
970.25
974.45
973.3
945.3333333333334
976.85
974.7
971.55
975.15
972.3
973.9
974.05
972.95
969.45
970.45
972.6
943.0
971.95
971.5
970.9
973.75
974.35
970.35
973.7
971.75
954.0
973.25
971.35
969.05
975.15
937.8571428571429
974.5
977.75
973.8
966.4
973.65
977.2
974.6
972.95
973.5
971.85
978.15
972.35
970.25
974.4
974.55
971.9
973.15
971.5
970.05
971.8
934.5238095238095
972.8
975.4
968.65
971.3
975.25
974.15
967.4
971.7
941.2380952380952
971.75
972.75
972.85
974.75
971.85
970.4
972.05
966.6
973.0
967.65
972.5
971.3
960.15
967.7
975.75
925.5714285714286
970.55
970.3
970.9
973.2
917.7142857142857
937.25
973.25
930.7619047619048
933.8571428571429
969.55
968.55
974.4
954.0
970.7
931.1
971.4
932.4761904761905
974.65
969.55
894.2380952380952
973.45
947.05
973.45
970.85
968.4
963.5
977.75
956.0
967.55
970.85
974.55
971.4
963.95
974.2
975.8
943.5714285714286
938.0
945.5714285714286
973.45
948.6
976.2
954.5
878.0454545454545
967.2
971.05
971.15
923.0952380952381
970.7
957.95
945.25
968.5
968.5
971.7
952.2
961.55
960.75
946.35
972.65
971.1
909.7619047619048
920.3809523809524
920.4285714285714
950.6666666666666
968.05
955.45
938.1
913.1904761904761
915.25
930.7619047619048
965.9
965.35
963.35
953.65
962.8
920.2857142857143
956.55
966.1
962.3
948.2
946.1428571428571
970.0
969.8
969.35
942.65
963.95
967.95
937.0952380952381
969.4
969.4
967.1
951.45
964.6
971.7
973.75
965.9
941.7
969.25
974.7
973.6
971.35
976.25
896.2272727272727
969.4
971.1
970.9
964.85
946.4285714285714
975.9
971.8
968.95
971.75
972.65
970.85
974.05
973.3
928.5
973.4
940.6666666666666
975.45
963.5
977.95
974.45
974.8
971.15
966.7
977.55
945.952380952381
977.1
975.65
976.75
948.5
975.7
963.4
976.4
974.1
976.2
975.4
974.3
973.1
975.95
974.25
977.9
976.8
980.15
973.95
977.05
976.4
971.25
932.6666666666666
975.85
976.0
978.65
975.4
978.55
974.15
973.2
975.85
974.7
976.55
972.3
975.1
932.2380952380952
974.15
978.45
976.25
972.55
949.5238095238095
978.6
973.75
972.4
975.65
974.6
973.0
976.85
973.95
969.85
970.5
976.2
974.65
975.65
978.75
970.8
973.8
974.95
938.7142857142857
974.9
963.9
978.5
974.6
973.15
974.15
977.25
976.95
976.85
974.4
975.8
975.05
975.85
973.3
974.15
958.0
972.95
974.9
974.15
974.55
972.05
974.45
973.15
975.05
976.9
977.75
975.8
978.45
976.35
975.8
978.8
979.8
977.3
974.05
975.85
980.1
942.8571428571429
977.0
979.5
974.55
957.0
976.0
971.4
954.7
976.6
970.8
979.45
975.5
976.7
975.0
978.65
973.7
973.45
976.65
947.2380952380952
973.6
973.75
979.7
976.65
973.25
976.75
977.85
974.05
976.8
977.9
980.3
980.9
972.95
977.95
977.6
979.0
976.5
980.6
971.95
974.35
972.3
975.4
977.7
976.4
979.9
972.85
981.25
978.25
978.75
977.25
975.45
978.75
954.5238095238095
979.3
979.2
977.05
979.1
978.0
966.5
975.65
972.95
973.75
976.8
975.15
979.7
976.85
978.95
973.15
975.95
959.9
980.35
972.65
977.25
979.25
949.8095238095239
954.1904761904761
975.95
974.2
979.05
978.35
976.1
973.4
978.35
976.25
976.05
952.1904761904761
974.95
978.9
976.45
974.75
975.2
978.45
975.6
974.5
977.55
977.05
975.5
947.8571428571429
973.95
973.65
977.3
975.35
975.0
962.95
917.4090909090909
974.2
976.6
974.45
972.7
973.65
979.1
974.35
943.5
973.3
977.25
979.3
968.55
975.9
974.9
941.8571428571429
974.95
975.15
974.15
975.4
970.9
974.55
939.0
974.65
976.55
972.95
947.95
972.85
972.75
978.75
969.9
975.8
975.85
941.55
978.3
972.1
971.55
964.1
977.05
975.35
935.7619047619048
970.05
952.5238095238095
976.55
979.1
974.4
973.2
976.7
968.15
954.5714285714286
955.0
978.7
974.2
959.7142857142857
968.75
974.25
973.15
976.6
970.65
971.75
977.3
975.25
971.8
974.75
972.0
973.9
972.5
973.15
970.05
963.25
974.7
974.95
957.4
975.75
958.047619047619
976.5
977.8
979.0
967.25
972.0
938.7619047619048
976.5
977.5
977.35
974.95
955.65
976.0
978.15
978.0
978.9
946.1428571428571
973.4
977.3
979.6
974.45
