-61.29494852902166
-158.26717430643876
-85.95064473700018
-114.58152433923638
-79.14123907390322
-87.15053724492665
-101.19283333429918
-117.58385812062022
-100.21378290972247
-128.7626968840526
-106.51856340456153
-81.77513674506567
-90.7495070107766
-92.47407380059161
-98.33714649138196
-72.81749012352604
-85.94467530139707
-70.46495869150951
-97.17150700358228
-98.0540505289253
-76.3844845583943
-75.3601603260518
-79.3648687466695
-90.84840165835058
-90.57667537912641
-59.61534883623529
-69.9488810145495
-50.71612723192674
-68.64388281827692
-55.714606787676686
-91.01661688325575
-67.23473941776676
-68.73422320007694
-54.17906108536598
-45.10255547100624
-65.55722403115278
-46.9297704331666
-61.57551456186954
-49.3165988952616
-55.108872917496704
-46.296120079576674
-46.035349284798016
-51.41179830887876
-47.09532459773347
-33.812838875821875
-36.04676402095195
-49.71210151973735
-34.335528771609326
-42.86000855210591
-31.433299817965825
-40.324242981041294
-29.433305059984985
-41.988941130494
-44.21098428074061
-30.74601012690085
-34.983196545882485
-35.579565779710734
-30.766421729251164
-34.773251271353004
-22.00151128746782
-39.86540434304025
-33.958911321033725
-29.395645986260302
-25.312759241028807
-28.197115773033104
-28.017010788287024
-31.887396725039803
-24.203501759276374
-26.798674480923587
-25.409989782531444
-21.18021944071623
-28.5179288903951
-29.015699809193958
-19.666320216524532
-21.955921325608077
-20.24335486530961
-24.304061102220896
-17.6714611516546
-13.019664412778978
-12.997445607931521
-12.065277790166496
-13.095373902879437
-13.001714025295582
-12.434445169417906
-11.685987651982282
-11.264063727568745
-12.282258217875146
-8.706572593608996
-9.167839677651415
-6.483708628209925
-7.361152977685229
-7.58618976137576
-5.369134446223381
-13.207292532036504
-9.655581366465476
-5.793033267080614
-3.586547155742137
-6.940045200722534
-4.008668296979195
-5.549627593904617
-2.4414617935903817
-1.5223777543813117
-5.031259877718625
-9.118243393292571
-5.840966540613748
-3.9148499636747633
-2.3942056532094913
0.984273487412848
-1.1359181597579946
-3.1424131412082845
-0.12412029280167536
2.1815032766788485
0.4798369107610823
0.25915921117358215
2.533002682096536
2.9794580265854806
2.2344153137965197
1.785275899518506
2.8976672773858
3.363521432706593
3.3811633221416253
2.776058567184686
6.11145318366742
6.43757299762525
4.39966478031845
6.398163404774156
4.256875567382077
9.147482523153268
7.5388553434653405
7.703049462592548
9.128484786887547
11.14196196136017
7.053337715695535
11.346653705887878
10.467491714734663
12.142155380184473
13.294608935893095
13.941448502135506
12.140101549772902
12.117716355943841
14.568714691232431
14.602965454809475
17.35856697521347
15.644340364178117
16.93895947906181
17.651501965161533
13.787658779559253
20.27250405120806
20.580388800079135
18.114475568177202
21.125196577977952
20.49151206488603
20.820964809088107
19.90362549348393
22.617292278386238
23.52942355544487
24.947107888728784
26.22536179236937
23.738524080370432
24.23250860059504
26.435051864723214
27.950493018183494
27.099248410825062
31.868600256098098
29.917350021579875
30.649251286970635
34.512012496713936
30.81913508630277
33.1909431953295
31.54756793963631
32.84550402906792
39.31618450016071
38.30954686043813
38.36430196196113
36.86140125014506
33.644530688203126
39.31642383447468
41.43846310852231
37.08702187732209
42.314064135044916
38.71140548583319
41.50891275731937
50.01537898323758
49.81379017551492
49.42739097977508
48.98305338264034
53.90725340414389
52.230289612948425
42.464918711863724
52.23755233569905
51.354393830528316
52.17037510345376
51.07595930570361
61.21073363138397
56.14761745525373
69.91135607920484
64.3928693441394
69.76363183509021
76.65622625277895
70.34849820060066
73.08528679088188
79.7946092082464
72.60014822877899
72.93604778871473
79.85459403223982
81.79020827343224
79.63976138682179
83.56911566828522
84.91423787161452
98.10081188988777
89.80237958452395
102.72200639239342
103.87159261575239
119.10531097918684
88.37774975092259
100.67850580508389
121.33405232683931
122.02667062387341
104.21981563388212
131.61070977037267
149.00295353175434
111.1278871220064
174.16004794754141
128.16433834894238
141.61846902022492
158.726766220522
173.68507726958103
160.36296674496538
165.69884225502463
157.25069213767424
148.57063879322456
166.37216705769563
197.44824743217967
219.74013518124676
192.50136723816522
189.41385732650505
190.5427932252326
197.8046550521725
236.5605587720876
192.53636148420875
245.12716740373133
251.66961933669555
256.7899372929124
222.6061235834477
293.80723932950957
263.9710064263458
331.27597607026934
291.2937806131651
316.36847559552723
307.75270743086577
330.2332756465173
375.71077006020585
414.7234076396261
379.0339880962316
380.68068561618105
408.7990680737588
300.0825403318584
393.051388145874
333.70315401840327
433.9405553443594
581.0194834042404
471.72520822140615
370.486295231502
422.5217226352254
473.3425499728412
481.46874754257465
424.3074969185505
517.7890211596551
530.2620838848387
555.8391455565016
621.8589923908894
559.9259014297696
537.3201070934987
711.0589416387708
601.0182685430395
618.0940611789673
638.5065620892325
832.0777193711356
669.5416775773485
800.7627646639662
626.3791043697601
727.0657581768955
815.6425786784799
893.2108132370984
690.5133137465043
690.3253823279083
818.1449336203503
884.2201694254142
879.0304259323492
988.1477088300567
1036.2644106099801
844.4594724739553
1077.835758847477
927.2445903749689
921.9675714805337
1080.0552103016212
975.9002110090372
896.6867263586468
959.1036459978906
864.1246555491928
1146.4471704945238
1171.310950492213
1126.6598910140722
972.6458496467905
1031.803942529442
1168.189453492692
1251.7361818491993
1192.7483242375754
980.5685860553798
1017.3791539117015
1096.7543350563503
1218.90424455115
1375.5699539762077
1183.9498000089006
1061.4414955820678
1399.436457095036
1399.6069170749092
1302.2803296994439
1415.1823342407401
1306.3019694118193
1312.2413154410601
1389.9365125904123
1324.6750863512702
1217.1746988750406
1453.543575943825
1560.8761092913235
1184.1270500717744
1373.6262293694035
1458.7467740812351
1407.761742992064
1535.0485275564656
1342.0267140610272
1461.5401838513496
1672.7938425618245
1706.3247065656462
1802.3023660636748
1581.5169070242287
1363.9542256073541
1847.0707145236956
1605.7807717460662
1638.7759849858803
1601.9206311377136
1870.5099624998832
1699.8014483105344
1773.7775858526118
1767.0909083824524
1619.5357942837707
1786.4152133322943
1748.2371226761545
1809.9834629878171
1986.9585902661393
1653.1068149838848
1532.6103837383653
1782.2964215906813
1838.0095983303625
1979.5647101119716
1692.8447444182557
1913.0546956941707
1604.2657849244208
1870.6037732576394
1985.9671565315793
2057.6677852849202
1783.7083986268576
2169.7788929858107
2056.696434845404
1901.9005306034423
1627.0977584867167
1581.1025116422818
1706.8986938237238
1953.033939467516
2155.666597251343
1881.6625086208066
1790.985450928878
1848.134786995972
2126.7463741585693
2118.1623322439527
2032.8961868341303
2104.384603215124
2115.1574344179853
2238.595715136564
1998.03156161997
2203.1241850457322
2136.5913112749213
2194.4711127090964
2192.0405591485664
2081.8461189409427
2294.408048083938
1991.1212199076758
2383.4980543191364
2106.8614243977386
2399.013689046896
2162.1132305015476
2293.835309381509
2297.635422528245
2422.316209620868
2215.01267530881
2264.322954891276
2442.841287877245
2157.9735994926546
2287.188509999492
2141.0262014879168
2312.813093000929
2403.83212580168
2566.0228550389666
2670.1029308121815
2264.6916720941076
2454.570575604621
2567.347425943787
2437.5997308183846
2560.73871766047
2446.240346477589
2621.3096661078107
2421.1667985998824
2541.187360306837
2773.039252553417
2776.1326391856546
2676.8574729159664
2387.83711644636
2572.642200997987
2602.788132993671
2768.256704532984
2758.2220765647467
2562.2389464657062
2799.9823921499333
2681.3209775082505
2599.4290774172487
2696.0969452567783
2646.8171877078526
2618.675588663755
2456.508857993545
2915.091052774212
2705.3966933532392
2930.772674412455
2772.7348367919303
2567.1825721043974
2614.358608715551
2862.017369432231
2791.8734296121183
2826.9639338936527
2642.3386983102896
2875.849595706467
2766.818616964224
2803.6501339822785
2919.754439531784
3012.707389456334
2694.2630425115112
2658.309506420443
2855.9144199262846
2623.536267113999
2862.695627299659
2781.4998753458704
3023.352139323812
2953.97760676879
2950.6711289481177
3116.6511591220064
3048.9333508244627
3048.883748996557
2759.108428251848
3084.4844555735817
3026.783966509667
3067.0318574639896
2796.7356855370913
3038.213290246532
2908.5450959657364
2997.1446898684635
3015.948485316438
2996.7132634344803
3228.767708686626
3193.419049665049
3120.749134770903
3006.2287034983046
2927.984132414934
2906.3571328833696
3193.458442572902
3271.8195633624937
3179.2801533454194
3134.952999078283
2951.902401897597
3365.8349414696786
3308.0243891222335
3196.8954094626756
3191.476766016431
3186.4758645401344
3064.200520483952
3323.649147541028
3070.507371429874
3243.9222302392495
3010.073911916821
3209.235705625324
3251.804844879909
3085.3897549359262
3187.586330006288
3418.7744443716147
3241.934416434974
3443.0718718177486
3300.072455196702
3479.7140479926575
3429.567973139582
3396.8647867125956
3499.1286516771893
3499.952844215678
3251.9333798376983
3358.284658915026
3523.46124866533
3387.654358258836
3530.222285727862
3530.983552007565
3533.6464677802987
3531.7497903666854
3557.162941837916
3509.8278953569657
3598.657725867458
3575.639958734622
3409.4079657343814
3600.0607110913415
3562.4943443378556
3442.9273615419347
3369.1662164235368
3515.144384997231
3591.86423925046
3643.062776724888
3578.979894825922
3611.9315572242713
3666.273111931316
3639.3112905115813
3545.688126872398
3551.6814051039364
3673.2840565450447
3354.6560798656383
3667.3254273540197
3537.413311152148
3732.5700812882214
3541.8530949735064
3763.663997088935
3711.607041970349
3781.452393720466
3739.1287064272547
3687.900544721152
3679.7718042809925
3787.675834591035
3690.130721870812
3378.6113149699167
3789.1142090099042
3740.544803952844
3658.5627472806254
3764.206311235823
3674.89946145878
3791.8308641223084
3731.757912666719
3859.569246420303
3859.6350293051596
3638.177429614044
3825.086370871931
3783.903944285283
3831.6793100446966
3837.6683120975285
3639.6789437803345
3861.7691740268456
3659.8530919991395
3687.505521544327
3897.8570374244337
3898.7506962648904
3870.9553602721085
3941.6984296521164
3912.0434122588435
3919.8984020413154
3774.1399757017766
3913.6908534035856
3925.2448444071442
3912.323844055472
3662.5789763552425
3763.3198468171227
3947.773609459815
3963.0733857059954
3988.1653137114095
3744.698704473027
3850.1819821518848
3978.268292007163
3986.3723487997822
3998.0332581328375
3945.6902275535986
4034.1186609661136
3888.2206250592726
3988.856997433692
4000.4655755186986
4101.443073186156
4044.3454398812
4009.492727152106
3859.377189340251
4028.480360362698
4059.6360994281795
4084.2167853158767
4049.6109882746096
4093.311204372326
4047.8189758464023
3912.9451520330485
4085.8794477324213
3954.6369247927305
3884.0685587604016
4083.928869773573
3837.148937824871
4062.079243118778
4142.017669015054
4071.89724776596
4123.792348277926
4131.886345139907
4125.3073819469955
4142.365740359029
4093.387812772875
4114.071911137658
4072.7356981427624
4001.7263359855647
3990.328640197294
4152.651851823146
4037.8587285301883
4195.336985585096
4165.086484448056
4177.6572990929435
4182.239126027763
4134.259301794775
4127.327290721246
4194.2121194713445
4173.219625057596
4241.3309661619805
4236.865927908955
4209.339210641674
4262.85588267711
4165.47212936072
4181.139948890251
4053.029459146661
4205.472165882634
4253.595834933027
4236.222785270088
4219.672542857121
4046.143701945521
4194.176457754264
4117.342500475778
4236.359077798084
4117.010054153151
4132.845381656236
4172.821795848691
3940.847632637755
4259.710121547219
4266.505325027788
4290.908652788378
4294.450040542744
4297.700842596265
4312.367124084036
3939.2499192680193
4311.636428624762
4343.325540447697
4257.519499922948
4316.226675666556
4338.355166804659
4238.659802948862
4266.525103150302
4332.545194751248
4368.618929194997
4344.1146890722075
4359.028914896482
4385.713129056928
4363.0223719581
4413.919903320473
4270.605806806259
4414.5514729657425
4409.21367776255
4382.361006969681
4423.172525956889
4365.731763613667
4381.444398366193
4411.582341002763
4421.449747534098
4336.4897818220115
4445.9908703679785
4434.458485218513
4281.770131766608
4418.729264377334
4410.109449068097
4372.276318512124
4386.523810579716
4440.504505679429
4432.516281328439
4441.159735204626
4469.6402714908545
4465.385650679572
4267.808654972284
4451.775186926663
4492.330951676534
4461.505395371605
4293.720438173322
4498.89772420545
4540.364766803796
4479.068827350361
4465.787850365697
4498.384588889741
4505.471959593439
4511.288002664951
4527.294957090956
4483.47888107679
4472.243766851437
4417.76691258691
4458.272752677525
4508.687274371511
4500.155627179768
4497.8145493884995
4408.205507937465
4501.483988738132
4460.532756818253
4531.834965998898
4528.129369713592
4417.712866145893
4479.8657759718935
4493.585872991369
4560.336952017942
4495.567084096007
4551.250577047058
4432.140807246522
4376.898537821212
4514.52388031966
4571.8677903073685
4536.881213610985
4531.315497712236
4455.572952432948
4524.775713904945
4524.467565144978
4581.302699684794
4584.171255227056
4543.038426055631
4392.890671730302
4635.70677179652
4518.092301576354
4545.976151006498
4197.289230302392
4619.923004363003
4443.200897955238
4556.970589495085
4635.77887183403
4346.653780849224
4383.653912823564
4287.604718377567
4604.319843790196
4445.703075475127
4376.230171278677
4609.633636770858
4538.331333619694
4587.7605668100105
4476.164788743289
4574.595156282285
4570.4344340667285
4586.494238255813
4377.872214226962
4620.205814394757
4560.185387157313
4601.427170491603
4607.870255340905
4431.300919301228
4663.169298157742
4625.6460755988865
4662.473251453314
4665.07001491439
4615.137706211764
4601.327109367277
4666.083498439075
4655.964447011198
4463.9320336444225
4655.7647487164295
4591.684994871711
4556.879780180512
4660.808628061011
4562.42944943415
4664.085937537971
4608.575259125294
4614.102387610272
4625.835073211085
4478.971052117566
4664.029033795645
4647.443759528041
4527.110317323553
4636.019648090231
4641.56595406481
4707.8550672640695
4591.060887681223
4672.272876802489
4655.21621988539
4742.961181914113
4698.737808613811
4623.446099660814
4749.703490465586
4676.398241532947
4736.326999524254
4662.928273088645
4482.573321891827
4667.008612549283
4444.022906536578
4604.79328130485
4602.296345652927
4700.814923870065
4553.579987186505
4658.133211173061
4757.247518143925
4582.812410606004
4685.431730270412
4655.578604082722
4710.617125958309
4735.582565718446
4627.927295348661
4709.640404948238
4533.243144348362
4722.010222112831
4655.312626282807
4737.875444052852
4739.113452694456
4740.43379633179
4714.588828835003
4542.814081482521
4731.57402221826
4700.080618895097
4709.947423478447
4707.444391081617
4783.399284548924
4588.190296958249
4704.800432948935
4752.39583772258
4735.291132284773
4526.0892607700625
4723.800574061037
4741.776263545305
4618.10206555453
4544.872666154474
4732.520196445149
4744.199553585029
4754.916820818527
4790.47057879059
4791.029857956271
4744.699663432343
4808.745993501592
4813.612350914196
4805.4425677457875
4778.083233116141
4591.157271753525
4765.660095230505
4776.309392718615
4736.506807100433
4665.393078679011
4774.181071614214
4765.329187077214
4764.854328406254
4826.433459638423
4740.927823622936
4814.964339416889
4826.22822579362
4848.741862426994
4778.402044343484
4778.848743340405
4791.794254399689
4804.922487332599
4799.810720265907
4794.963348957868
4820.107452907727
4692.2770876554305
4806.667214369618
4825.266383115943
4734.0611606885905
4818.548877035726
4871.89960305298
4834.806593224693
4784.710236086
4845.692606507373
4810.301679581624
4809.646803540748
4818.855254957929
4831.691929393688
4801.948912848706
4831.270957117679
4849.410228362696
4835.145530244415
4872.630365383171
4580.591958946278
4860.056400787971
4876.853594261798
4733.009338043807
4854.762449297019
4839.417293693587
4851.054067987369
4822.323191466479
4850.240413616293
4810.591837716996
4813.25741040185
4821.70560744279
4826.4792997372915
4808.321220309123
4784.605475623075
4854.346205613605
4837.278413069489
4841.628237201443
4859.605242767377
4884.145637133968
4862.7739458106025
4910.715539530838
4827.723801350798
4667.118768304021
4885.156764048378
4890.95807554214
4895.566812910942
4871.470434847981
4863.208067647434
4908.401545053315
4766.521359800838
4876.0041073695365
4817.407459938489
4868.51833458301
4874.8350383759725
4759.933925170602
4925.106903627744
4904.9822695911425
4920.03940299084
4894.592165755329
4892.7118819432335
4870.784572500581
4511.400347733147
4839.633029488549
4782.9176505328605
4892.223589332189
4867.64622086279
4695.065621562176
4895.390338706958
4651.398836230489
4946.586958922612
4919.665594562814
4911.2661469761715
4892.356315967702
4909.767636542812
4910.803361009205
4920.539529696431
4909.21966142277
4935.950753269559
4874.136162721432
4970.524547948343
4712.501452501111
4898.080299332452
4677.257885241472
4922.2249658027
4908.70223213544
4952.550604908831
4943.252077122878
4922.021428274968
4881.349071409773
4948.477917691717
4902.952017265963
4981.876442501741
4895.488889134099
4963.9297347127595
4984.233457570269
4862.887667183459
4985.904862859677
4914.750120350542
4946.749324801103
4947.105152498716
4936.692623041636
4945.6856110011595
4977.534215083156
4941.656626830196
4979.980982554756
4984.187077137717
4842.088508136897
4968.163536072304
4982.024994587349
4817.8303370352005
4950.113534636245
4962.514937308137
4943.347448239665
4933.243142852904
4981.473863016349
4977.167053519217
4736.212722560893
4979.4666928164825
4984.246856614451
4979.017857795722
5009.627563936871
5004.612163366908
4949.10654752076
4794.99274154212
4988.936045303139
4795.37812685215
5000.726572670207
4937.644732078789
5001.400231247208
4988.749688054035
4971.146695995554
4976.272821364199
5012.255440246369
4983.854471180313
4998.627812808345
4968.429599946916
5003.552120321423
4999.940813025906
4972.92496184795
5002.486043420442
4965.395507376228
5013.394105107985
4963.514535448396
4883.0232297424645
5036.199511019268
5029.013935226058
4955.899110958173
4995.581089047553
5009.273005028039
5016.7448989642435
4871.067463146969
5035.763021145363
5033.993215595905
5021.536186531057
5024.029594571781
4993.040371588082
5038.484143691151
5014.033876961739
5030.138201922416
5035.449663214119
5051.339280553919
5052.683533680336
4845.953337444808
5025.316305849548
5048.012292642199
4974.068608792376
5028.513305372196
5046.695940985353
5012.177498035866
5059.523646934156
5037.044935313784
4953.159990969007
5043.573531678256
5046.625504877711
5022.227331521997
5060.480963807183
4860.44485497623
5028.851554059014
5035.573809775482
5044.547405830931
5007.850210104359
5049.293268010174
5096.48224908644
5049.744992756395
5048.493620775878
5046.98486844654
5051.3811623796055
5107.545770070439
5042.9532854315585
5046.568274412425
5063.772804231243
5087.7813819638
5019.689463273908
5040.821263121331
5061.4665444532875
5041.690625328178
5083.555088352845
4878.4075933771755
5087.808104835536
5083.016601287977
5048.693647656164
5057.445223435951
5087.585502013031
5061.366510269912
5015.946825733497
5074.39756980477
4909.502649592742
5043.691608173892
5059.640280169029
5046.403322757555
5103.881062216067
5076.060465702929
5076.196731924207
5061.956811192609
5049.820216181532
5065.371857469705
5039.648280520017
5058.698577787662
5116.313181116062
5067.5765103220765
5082.531803804484
5103.912848508008
4849.919055119566
5098.341058914859
5100.138197685645
5053.043648358029
5093.325748386683
4790.037624025787
4920.8354420807555
5077.340885373656
4866.704343917801
4918.387857216167
5063.38959040869
5046.877381034296
5098.824498890304
5018.5318792330345
5078.04258034922
4876.2054893823815
5100.59181602307
4896.863260197905
5137.1408962308415
5065.838605531228
4749.501146536991
5123.006902130988
4980.601194628792
5104.617597828374
5101.271654740385
5062.388104086746
5097.921699674976
5148.7495797128195
4978.860265373957
5110.699559005831
5129.433048202657
5142.668752311702
5120.065974551637
5058.169057866999
5157.211489208092
5127.152733571522
4972.259906818399
4958.560429056141
4956.244511750628
5118.9533817432175
4990.720023402759
5103.548011553223
4984.814587830269
4584.580492522604
5063.81344738968
5051.992706311398
5108.662547993883
4824.510403596694
5097.303477706458
4998.699462555314
4937.114497309324
5056.84014576992
5076.982804854419
5103.61550343238
4996.631960238804
5003.240909663638
5029.638613351461
4961.166619802645
5075.138544934389
5043.550155207094
4740.167063614996
4805.676024081408
4811.148741463935
4956.4098202294945
5095.242299515799
5027.7166841242
4916.4515215232
4756.261398569288
4817.003209163791
4827.620211299602
5098.044996059157
5060.229849623689
5054.751042051892
5020.0452825218845
5036.510106098574
4833.891441516387
5027.3146842923
5087.6140732570075
5068.726514115709
4977.623322337806
4945.4739253828
5107.410482605401
5099.880032726984
5117.577158616943
4958.826760781076
5064.819280820226
5097.110319738657
4972.362097076176
5128.185557675246
5104.961602093425
5087.131490538686
5055.209540013981
5088.374347813298
5118.065067495677
5158.722403350661
5135.77169717285
5006.347063417172
5128.373812951737
5151.850105090288
5132.209648053882
5121.712857915092
5176.086844956925
4751.8652110174535
5134.692397088045
5087.54951569753
5123.172454978756
5118.621716952784
4991.08066837137
5147.088285548328
5168.791689400745
5138.457303216247
5126.749905743616
5143.562697378821
5118.978805242028
5136.3079813274435
5142.124712912968
4914.760294188002
5115.2381034223545
4984.291503465325
5120.676447302901
5104.70886231796
5196.751532100155
5159.086372991203
5154.859083022862
5113.3950535849735
5057.421465013604
5171.82780760843
4976.233783474129
5106.532656017829
5122.653181933126
5132.047473574006
4969.829756466679
5120.196504669931
5052.059490862284
5131.621657784579
5139.683612540709
5132.709310115684
5147.543848976939
5156.799736524118
5135.164870526519
5167.032631433424
5111.892746914367
5157.836542297452
5149.344979155701
5164.487563360765
5127.267890828194
5171.408265876205
5169.27442711747
5127.93169311637
4917.441267491233
5117.666420751823
5163.518518961764
5153.633821637935
5142.70990378042
5182.536657757444
5130.738251643912
5117.474702768866
5134.749936028159
5164.819800008127
5170.330924938779
5142.647602217124
5131.018656222375
4919.2511993089065
5135.371901784894
5195.568741752391
5161.407318679481
5145.554769756252
5050.097422183287
5191.260153297406
5180.333570229037
5179.148633786109
5174.549753122085
5169.093082753045
5141.269057194519
5186.311342643674
5198.92973855945
5160.563497922133
5159.716995313297
5231.438532800888
5133.293236984471
5161.429765576087
5181.231165913108
5195.168755163292
5189.026063626659
5167.869839565008
4974.42454611306
5193.584438354761
5102.068116700457
5218.927445603691
5158.854637396725
5176.057140566489
5142.918522164653
5174.291708315517
5159.507985250779
5178.513766168292
5186.577636403315
5171.894070162054
5175.93771162384
5199.29828923043
5162.225599947098
5175.992536185297
5055.688651719555
5146.257194807229
5198.697723854808
5195.395401667133
5163.952675004582
5173.358451914059
5203.928675698229
5223.895601376387
5174.470104104742
5228.283226315287
5196.798400514463
5181.843834944442
5221.581137479121
5187.354667056786
5183.783319472825
5213.808310071179
5211.845666854884
5172.066662754723
5170.620551449541
5211.683008421847
5248.530641647905
5002.089497324458
5226.344755797492
5266.345811033792
5207.100400842551
5109.403897315989
5205.418245376859
5225.939296668071
5145.626013038669
5224.397873761057
5184.165914735685
5242.269026533586
5208.598711035933
5245.598790234577
5198.758419000773
5221.08163672906
5202.198363593287
5193.096710510837
5189.588624585887
5083.131218249117
5227.214222064669
5225.232232139433
5217.717325232019
5206.328794603813
5179.074670200321
5206.931685527851
5214.553933184601
5217.0544370188845
5178.830754402913
5223.683922665944
5253.105019658511
5231.6931075129305
5171.180383148969
5206.76539586168
5215.189777507576
5264.540271811774
5219.553844489181
5276.8879692377905
5206.298140997931
5201.1097378772365
5241.294254781921
5196.185797235154
5261.4248763012265
5198.936244656012
5222.557869461723
5223.521456002754
5203.891621412381
5237.173811677211
5232.321411674389
5185.838421234637
5187.4431956836415
5220.80086321362
5125.633572417544
5257.285001778491
5206.135578565072
5199.949454234337
5213.302363589865
5246.511250385069
5181.140484446862
5209.132867127642
5171.2702976748715
5202.519362484307
5250.39099200837
5198.985417323705
5263.10116710072
5231.843618093972
5271.9711712891685
5236.193404490683
5223.03956999186
5122.872495644015
5285.691141594044
5235.460655601596
5254.484879020779
5244.005219458299
5096.301413166426
5165.907519570261
5217.281521130981
5243.465149637622
5284.133862528973
5286.482622606889
5234.846526475059
5219.299138314955
5256.182277714354
5223.107612345467
5235.422501274511
5134.037635638595
5191.095805972076
5214.450238160074
5279.562119588758
5237.150140276596
5227.660667154143
5274.716653182208
5206.564737801544
5210.288744997202
5224.13452034474
5248.000873726624
5253.0568647268
5091.406606959326
5273.501714253799
5237.764092799941
5291.153705120588
5234.941895309581
5222.45240655544
5146.132656314612
4915.394910413097
5211.78198117589
5271.470192248526
5230.233828336028
5201.994051661203
5250.310301250295
5273.650167058321
5221.944310248586
5090.149198571058
5224.427503069405
5247.0295935593
5296.917273895461
5225.618128356004
5235.270302581475
5264.303507274586
5050.944665445835
5305.36372925379
5304.640986181335
5270.635613878933
5274.671678341508
5236.967507656343
5267.890825015263
5072.191281827306
5271.536729373841
5300.672914574758
5266.308454985639
5122.207078387271
5270.501269066256
5262.698923131715
5306.485250293974
5247.329091230307
5272.959055093804
5255.216674555559
5100.1762245823065
5322.104386915251
5270.201155857853
5219.375287448393
5219.971897831378
5277.640894484635
5261.863863676664
5101.948817795257
5259.806184113457
5145.004470514257
5298.310831611351
5315.138876522099
5270.4928007295675
5259.660974963684
5301.166600522368
5265.385530856942
5154.3077292746475
5167.980765443495
5292.056588262428
5266.85988766797
5209.6687608082175
5242.040924198463
5280.444829988627
5288.497361041102
5301.663633928254
5265.511395163008
5293.045441324578
5319.175602431094
5321.400074916761
5284.935830385649
5267.673033407669
5284.9598764643715
5293.359951444689
5307.311067900604
5285.283510876756
5276.6222589581
5235.110199962854
5281.473975751654
5300.404009451022
5222.123602447915
5291.644990357964
5217.231662907297
5303.4399387144595
5320.420290205146
5356.524208953577
5263.50439168539
5306.362970748496
5106.887852882534
5296.780409428904
5280.377926840323
5318.813835041667
5280.442149014255
5181.142807690378
5278.263592372369
5311.983125090323
5314.431724518005
5277.035386572201
5132.189617942572
5267.984185018502
5314.925848705177
5302.535781299391
5284.947861469935
