39.56
33.71
43.63
48.45
38.1
39.01
26.11
15.55
15.75
18.81
23.64
17.7
12.35
13.96
17.37
11.4
13.5
20.32
16.01
13.79
17.19
22.86
19.62
16.14
18.86
16.66
11.84
8.81
16.13
24.41
22.91
21.21
19.18
21.71
15.7
8.59
15.36
21.72
15.62
11.71
15.67
21.44
23.44
19.69
17.44
16.13
15.18
15.3
22.66
19.75
8.98
7.74
13.02
14.03
15.61
18.51
15.62
15.67
12.41
13.76
12.68
9.25
13.26
16.42
18.26
17.93
17.0
19.54
14.36
14.13
15.42
8.53
14.16
14.44
12.59
14.04
15.42
18.99
15.93
18.93
21.58
11.75
15.54
26.22
20.03
10.48
15.83
22.86
19.55
20.25
20.5
16.75
22.97
21.47
12.37
13.77
15.62
11.03
10.07
12.26
17.84
21.45
16.3
13.15
9.38
14.54
18.06
11.47
12.01
14.18
12.98
9.25
9.96
18.66
19.88
15.24
13.58
14.69
19.64
14.5
11.77
16.97
13.87
13.17
15.14
17.38
15.44
14.57
14.39
14.63
17.72
18.85
18.18
23.05
25.88
23.47
19.0
12.91
21.8
20.53
15.11
17.67
15.4
13.16
13.56
15.81
12.91
12.61
13.1
8.97
10.85
12.59
10.42
11.18
11.62
9.05
12.08
17.99
14.38
14.53
13.64
6.98
11.98
15.46
13.39
17.33
14.72
17.79
17.9
8.97
9.35
9.59
8.15
10.59
11.48
7.1
7.75
9.04
11.16
15.44
17.08
13.76
14.82
16.03
10.74
16.77
22.16
17.13
18.33
21.57
15.09
9.8
14.31
17.91
14.05
10.13
18.33
17.06
16.56
18.54
11.01
11.03
10.65
10.61
16.2
15.39
15.13
19.25
13.99
12.71
12.7
12.77
11.26
10.12
14.88
15.39
9.77
10.4
11.24
12.43
25.45
25.21
18.84
16.2
19.5
20.95
20.67
21.8
15.04
12.86
13.32
12.31
14.23
16.14
14.86
13.3
18.55
22.42
14.67
16.21
21.04
16.38
11.62
7.31
5.66
14.03
17.21
11.48
9.28
14.66
14.65
7.98
9.63
13.72
9.95
10.99
24.15
20.06
18.55
28.24
21.43
13.72
17.62
24.78
18.32
14.99
16.33
8.72
21.41
23.87
14.12
15.16
9.43
8.56
6.96
10.89
18.81
15.21
18.19
17.21
8.5
7.38
15.81
20.04
16.92
18.81
15.85
12.77
10.46
10.96
14.01
10.95
11.71
13.34
14.48
12.78
8.25
15.41
18.47
18.63
17.86
10.41
9.21
16.5
15.43
6.52
6.53
15.11
17.74
12.81
13.58
13.45
14.83
12.99
10.54
15.19
15.43
10.17
7.46
10.93
11.5
8.93
8.91
11.64
15.35
17.12
13.39
8.99
11.7
15.65
13.5
15.34
20.34
12.96
11.21
11.73
7.98
13.64
18.26
27.0
26.09
18.1
18.01
15.23
12.79
10.3
20.83
24.91
10.1
8.08
13.51
12.38
12.21
14.0
14.37
13.8
17.23
18.19
14.75
16.14
18.62
27.21
24.78
11.89
13.29
23.12
20.71
15.42
16.01
20.16
22.95
24.15
18.94
14.58
15.86
18.55
23.69
17.04
16.46
15.2
11.43
14.37
12.63
16.27
17.58
16.19
19.22
14.99
14.04
15.7
15.6
11.9
7.95
12.49
16.47
17.75
18.65
19.14
22.11
24.09
16.49
12.93
14.78
11.17
17.79
20.37
18.07
18.0
15.3
10.29
13.08
20.49
19.42
14.16
15.81
16.89
10.52
19.96
23.84
18.12
22.94
21.79
12.99
8.82
13.49
18.19
11.89
13.67
23.61
28.88
19.61
12.15
13.14
9.02
16.82
15.24
8.7
10.62
8.27
8.54
15.11
25.24
26.37
20.34
16.77
18.99
19.64
17.82
19.88
18.59
16.66
12.11
12.25
22.72
19.3
15.55
28.48
22.11
11.07
16.29
22.36
32.99
28.49
12.74
10.18
14.79
24.42
21.67
17.59
19.13
15.27
16.75
21.06
18.78
14.48
19.19
17.36
13.77
15.93
14.54
10.59
9.41
11.06
8.37
15.59
31.83
25.64
13.62
17.99
25.57
22.48
17.67
18.76
17.25
14.96
15.12
19.67
19.45
15.58
12.7
19.98
24.15
25.04
26.05
26.43
30.27
25.28
24.72
22.89
18.07
20.12
18.59
17.06
18.45
14.43
19.69
20.33
10.61
17.4
22.68
20.41
25.49
22.58
18.02
16.04
18.96
24.93
21.05
19.02
17.71
17.07
16.64
17.04
21.64
17.37
15.75
19.8
17.63
16.06
19.89
20.63
22.27
25.5
19.08
17.37
15.66
18.19
30.54
38.93
32.54
17.9
13.3
20.19
22.86
26.16
24.49
21.89
18.82
16.39
22.83
17.14
15.54
17.03
15.31
18.23
28.47
26.36
18.29
15.38
13.06
15.97
14.71
12.16
18.06
22.73
15.58
13.51
18.41
26.25
34.8
25.61
20.0
18.3
20.63
24.36
14.78
10.12
13.66
16.7
19.82
21.6
28.52
35.25
31.58
33.15
30.54
18.44
17.9
32.88
28.0
