51.58
36.6
25.8
31.66
43.39
43.22
28.71
42.31
42.68
19.31
18.24
35.36
45.5
36.1
23.45
17.62
21.63
26.44
16.86
19.08
24.32
16.03
12.56
11.21
12.68
12.07
14.44
14.62
12.18
14.29
17.12
19.65
21.0
15.77
13.65
18.48
21.65
17.24
11.37
9.37
18.57
21.63
12.11
15.07
18.77
26.93
24.05
9.89
5.95
12.99
19.16
17.67
17.15
16.6
10.44
3.89
6.51
16.82
20.8
13.33
13.24
20.82
24.68
14.1
9.19
21.82
24.83
23.12
21.67
15.62
8.32
13.99
19.07
11.46
13.92
15.91
12.28
19.69
20.52
15.08
13.28
11.75
17.45
19.6
12.94
9.88
14.11
17.32
18.19
16.63
13.94
13.64
18.19
16.66
19.6
32.02
23.22
14.72
14.73
17.85
21.81
15.04
18.16
17.52
12.14
10.57
13.98
18.51
12.63
8.77
7.65
8.38
13.78
19.22
26.53
28.85
25.97
21.99
11.69
16.56
17.87
8.55
15.08
13.34
18.68
23.19
19.81
21.1
15.19
10.52
12.85
18.42
15.4
13.84
27.43
27.8
15.8
17.9
24.95
17.9
11.35
11.26
13.42
19.09
16.83
22.3
21.66
13.43
17.84
18.09
10.57
7.43
9.73
12.8
17.31
15.39
10.11
10.85
9.47
9.21
14.27
15.81
21.1
30.33
26.18
16.7
8.21
5.0
9.09
8.83
13.86
19.64
18.07
16.38
12.05
12.97
18.57
15.88
8.37
10.12
11.53
22.31
20.27
7.66
14.22
12.11
7.77
6.58
12.34
21.45
19.2
17.72
20.05
18.31
8.95
3.71
14.61
23.83
27.09
20.02
12.57
14.7
13.82
13.52
8.28
9.91
13.16
13.42
10.69
13.42
27.08
22.39
13.99
8.53
7.8
12.84
10.37
5.39
9.05
19.71
17.1
16.08
19.58
16.45
14.08
9.31
7.81
8.5
8.38
21.05
22.0
18.73
18.34
16.55
13.53
8.25
10.53
13.3
24.89
32.65
33.11
25.0
19.53
16.98
20.06
23.23
20.97
18.53
10.9
15.77
16.17
11.3
18.39
18.06
11.69
12.72
19.9
20.02
10.68
6.22
9.45
8.67
16.88
25.55
17.77
16.73
20.75
19.65
18.38
20.93
21.69
18.2
18.03
19.03
17.75
21.76
20.1
18.77
19.31
16.93
13.42
9.25
12.47
16.5
16.92
13.13
9.16
13.66
21.47
20.01
10.96
8.71
18.55
19.78
12.89
21.73
29.22
30.2
22.11
20.04
24.69
24.13
21.59
19.16
22.28
25.65
25.83
23.24
27.46
19.86
21.7
31.04
30.84
31.25
17.93
8.55
9.89
14.61
22.85
19.86
19.51
18.45
16.29
14.39
9.55
16.08
21.0
17.19
17.67
17.29
15.84
17.27
18.88
33.16
26.29
14.27
20.23
20.98
16.18
12.31
11.95
11.97
12.06
12.16
13.6
14.6
11.85
12.65
20.18
21.94
23.63
21.35
17.03
18.27
21.33
22.06
19.46
17.48
17.77
15.61
21.21
20.68
15.97
19.95
17.31
12.97
19.44
21.0
11.41
11.96
14.88
15.87
25.55
28.21
22.35
20.34
16.47
18.9
24.35
17.24
11.46
18.01
19.39
20.12
20.94
18.54
13.32
26.49
27.63
15.55
19.12
15.36
14.88
11.47
11.91
16.78
22.0
20.3
17.5
16.75
14.68
14.96
9.11
11.85
16.25
10.55
13.48
14.48
9.71
15.77
17.88
18.72
18.13
9.04
9.15
12.84
18.51
24.22
15.32
9.21
8.22
10.9
15.06
17.84
16.38
20.93
30.21
28.37
16.41
15.11
21.18
14.04
13.85
19.14
18.26
22.82
18.25
10.29
15.72
25.53
18.2
10.72
20.78
17.97
13.09
15.52
15.28
14.45
18.04
21.54
19.72
23.06
21.39
21.92
22.3
17.19
17.42
21.96
25.17
21.87
18.3
20.03
23.51
14.92
7.96
8.59
12.26
16.82
21.52
18.91
13.48
14.61
16.65
17.11
15.74
18.15
20.29
22.77
18.05
8.39
11.38
11.31
10.33
11.34
14.38
12.01
4.53
11.39
14.92
9.1
11.22
16.78
14.47
6.39
11.29
14.56
11.05
10.19
18.36
21.86
10.38
11.04
10.34
13.38
21.57
17.02
13.34
15.16
16.95
12.63
6.88
15.07
21.94
18.41
14.02
14.54
25.84
21.82
8.84
11.05
10.91
10.96
11.93
11.8
17.3
20.64
18.59
14.66
13.35
18.16
14.79
11.38
10.15
12.14
17.72
18.93
26.29
20.01
8.89
16.72
19.23
15.64
15.69
13.03
14.5
18.35
17.12
12.15
12.25
14.31
15.9
17.05
21.78
23.41
14.79
11.82
21.34
23.53
15.36
10.89
11.25
9.92
13.89
16.94
14.92
19.63
17.93
15.11
17.65
16.09
18.94
21.38
16.62
13.38
14.01
27.39
26.93
20.24
22.2
21.28
19.31
24.67
22.21
11.3
16.11
24.66
21.71
16.17
19.68
13.7
8.61
11.03
12.53
21.05
25.0
21.45
18.11
15.48
16.06
20.5
