31.14
29.3
27.9
25.59
21.75
23.88
29.9
26.05
16.91
18.05
23.29
27.82
23.96
16.06
13.32
15.51
13.23
8.4
12.8
14.75
11.42
13.78
16.89
20.59
21.12
14.22
14.43
15.95
19.36
19.14
16.15
23.23
21.88
20.26
20.95
14.59
15.33
19.43
20.04
14.67
9.0
10.77
13.21
15.06
18.65
15.47
14.74
12.68
9.22
13.75
17.75
17.35
14.11
13.22
9.85
11.5
16.51
16.55
18.16
19.19
14.33
8.55
11.77
13.71
11.04
8.73
11.57
13.87
12.41
15.66
14.6
10.22
12.45
10.62
11.52
16.23
13.17
13.95
16.45
14.37
15.16
12.86
10.32
12.87
12.63
17.28
16.01
14.21
13.81
12.42
18.49
16.2
9.67
10.32
9.95
6.9
12.8
22.47
18.68
13.58
14.0
9.77
16.37
24.6
17.74
14.27
17.34
16.92
17.25
16.48
15.17
14.92
14.33
15.7
17.04
22.43
19.44
12.23
18.06
18.89
14.82
24.98
26.51
21.89
25.98
22.48
17.02
13.45
11.94
14.88
20.18
20.21
17.61
16.15
21.84
26.18
18.8
12.57
16.72
21.72
23.6
20.8
16.74
24.79
25.99
19.64
19.52
19.58
19.86
22.91
19.45
16.1
16.93
14.27
14.41
15.93
15.17
20.23
25.53
23.25
20.57
19.02
15.79
17.7
17.68
19.39
24.52
18.37
13.18
17.32
14.01
13.85
19.79
16.26
15.92
20.36
20.27
22.58
22.55
16.53
21.89
24.75
15.32
13.67
19.38
19.32
14.07
11.21
18.55
26.1
19.09
13.18
13.11
16.69
18.0
17.33
21.36
18.19
12.51
13.39
14.06
15.27
17.24
15.34
12.87
11.93
11.91
14.45
17.45
17.55
15.59
14.5
15.28
12.49
13.77
12.94
7.71
8.87
14.14
13.08
17.37
21.28
16.25
14.12
7.84
6.71
13.59
15.5
10.03
5.75
8.6
11.76
10.17
12.48
14.97
12.74
13.77
14.98
15.72
18.84
20.94
18.13
10.55
14.25
16.49
15.54
20.44
18.36
15.27
14.38
15.05
21.09
21.16
13.69
10.38
9.36
11.43
10.84
9.97
8.59
12.25
16.05
16.33
14.86
14.05
16.49
12.28
14.33
16.69
15.61
17.93
17.61
21.2
18.29
15.09
17.52
15.85
17.92
22.85
21.98
14.16
13.8
16.26
17.73
19.67
14.58
7.44
10.71
19.38
26.88
24.79
19.27
17.97
14.6
20.43
24.21
17.42
19.92
23.9
20.49
17.29
13.55
11.3
13.88
17.7
17.79
16.18
16.39
15.52
18.64
22.38
16.29
16.14
16.79
17.67
24.02
19.82
16.7
18.05
25.6
27.07
16.38
16.38
17.7
16.1
15.26
14.92
15.02
13.48
11.34
14.56
17.36
15.98
15.35
16.31
14.33
10.77
13.0
19.87
22.67
18.79
15.99
16.6
13.31
11.77
17.01
16.04
12.34
11.34
16.02
19.23
20.1
18.38
15.57
14.31
15.91
17.11
13.79
15.11
16.73
18.3
16.03
16.0
16.37
13.9
12.01
12.96
17.15
16.75
21.58
16.88
7.08
13.55
19.75
25.05
22.42
15.11
14.03
14.62
18.06
16.24
14.16
18.48
18.88
18.26
20.06
23.29
23.37
21.8
20.66
15.74
14.07
13.07
13.91
16.69
17.19
16.91
13.49
15.15
15.69
11.39
14.17
15.05
13.54
17.53
21.32
19.22
22.73
23.62
20.33
18.49
14.51
17.12
19.59
20.42
16.34
9.48
12.99
17.44
20.98
18.56
14.58
22.01
22.54
16.59
16.29
16.94
16.94
16.57
22.08
26.73
21.98
15.17
16.15
17.3
15.68
15.18
16.43
19.3
18.07
16.55
15.1
19.0
22.85
17.75
8.55
10.88
18.6
16.41
15.86
13.57
12.97
12.34
15.7
23.31
23.78
20.67
13.79
21.6
21.45
18.16
18.83
15.21
16.42
16.56
15.21
11.78
14.85
15.09
13.05
16.44
19.05
17.92
16.64
20.15
16.0
11.39
15.21
17.2
19.82
15.79
16.13
19.82
18.1
16.89
16.03
20.14
21.25
20.2
15.88
16.07
19.32
19.63
22.59
22.04
17.63
19.92
20.02
16.6
24.81
26.7
16.13
15.12
20.73
18.06
14.89
13.23
22.41
23.9
15.65
18.94
20.06
15.45
15.54
13.34
10.87
17.7
21.78
16.39
13.77
14.74
12.87
15.87
16.15
15.05
23.25
19.43
12.32
14.94
18.88
18.57
18.72
21.78
17.16
17.04
14.93
10.8
10.57
11.76
14.13
13.13
16.33
16.52
12.02
10.3
12.6
15.42
11.79
11.44
15.99
16.17
14.81
17.97
19.83
15.99
10.15
15.91
20.14
18.39
15.95
8.79
16.69
19.2
11.15
14.16
14.87
15.12
14.33
14.04
21.02
18.55
15.66
15.94
16.87
15.39
14.72
20.92
24.26
25.37
17.16
16.71
20.33
14.71
13.64
11.93
8.38
11.44
15.97
17.05
16.43
14.41
17.75
19.15
20.21
23.94
21.62
18.88
22.56
18.93
11.07
