-3.8534
-3.6791
-2.7705999999999995
-1.7962
-1.0355
-0.2101
0.1965
0.4772
0.4523
0.2703
0.4047
0.789
0.9499
0.8916000000000001
0.7691999999999999
0.5912000000000001
0.63
0.6861000000000002
0.6199
0.502
0.7426000000000001
0.8979999999999998
0.8413
0.8074000000000001
0.801
0.8434
0.8662999999999998
0.9537000000000002
0.936
0.8314000000000001
0.9608
1.2743999999999998
1.21
1.1889999999999998
1.3429
0.9659999999999996
0.9346
1.1836
1.0667000000000002
0.9272
0.9226
1.3667999999999998
1.4994
1.3151000000000002
1.4336000000000002
1.5315
1.4584000000000004
1.4400000000000004
1.4430000000000005
1.1928
1.2282000000000002
1.3487999999999998
1.1847
1.1208
1.3085999999999998
1.3492999999999995
1.1991
1.0188
0.9153
1.0359
1.1043000000000005
1.2371
1.3528
1.3197
1.3361999999999998
1.3171999999999997
1.3753000000000002
1.6782
1.7928
1.727
1.8436
1.9485
1.6013
1.4326
1.4638
1.3803999999999998
1.4849
1.328
1.049
1.0952
1.1852
1.267
1.2896000000000003
1.4925
1.6125
1.479
1.5566000000000004
1.4871999999999996
1.3616
1.5008
1.6476000000000002
1.6569999999999998
1.5551
1.3431
1.2213999999999998
1.3716000000000002
1.5106
1.4861999999999995
1.3313
1.1658000000000002
0.9944
1.2599999999999998
1.4378999999999995
1.3463
1.5246999999999995
1.6658999999999995
1.8659
1.9512
1.9760999999999995
1.8288
1.7161
1.5991
1.7093
1.993
1.9945
2.2482
2.6004
2.5484
2.111
1.9911
2.0666
1.9633
1.7438999999999998
1.692
1.889
1.9535
1.6343999999999996
1.1197
1.134
1.2151999999999998
1.0384
1.0125000000000002
1.2839
1.3528
1.2972
1.4481999999999997
1.3712000000000004
1.2688
1.4773000000000005
1.5063
1.2728
1.4670999999999998
1.5209000000000004
1.9182
2.3852
1.9432
1.8283
1.9685
2.1274999999999995
2.0815
1.8628
1.6267999999999996
1.497
1.4546
1.3725
1.6416000000000002
1.6703
1.7142999999999995
1.8817
1.9729
1.9429
1.9311
2.1868
2.2463
1.9442
1.8864
2.0105
1.9458
2.1705
2.3336
2.1207
1.9041
2.1431
2.3147
2.1363
2.0118
1.9034
1.7474
1.6887000000000003
2.0734
2.1091
1.8377
2.0037
2.4137
2.5859
2.3736
2.2649999999999992
2.5596
2.4177
2.3669
2.68
2.5552
2.5169
2.6087000000000007
2.8199999999999994
3.0854000000000004
2.9383999999999992
2.6592
2.9116000000000004
2.9256
2.5912
2.3678
2.5037
2.7751
2.7445
2.6949
2.4216
2.5212
2.631
2.475
2.7231000000000005
3.0175
2.8577000000000004
2.8882000000000003
3.3189000000000006
3.2243999999999997
2.9865999999999997
2.8763000000000005
2.9907000000000004
3.3040000000000003
3.2354
3.030200000000001
3.1635000000000004
3.0572000000000004
2.7112000000000007
2.7825
3.0268
3.1743
2.8725
2.6809
2.8235
2.8704
2.7185
2.7342
2.942400000000001
2.8534
2.7365000000000004
2.7698
3.0579
2.974300000000001
2.8649999999999998
3.1775
3.1988
3.1789
3.2378000000000005
3.1592000000000007
3.1853
3.0382
2.849700000000001
2.9694
3.0046
3.5040000000000004
3.5882000000000005
3.1751000000000005
3.3042
3.3532
3.3130999999999995
3.4457999999999998
3.7243
3.6252999999999993
3.5686
3.4408
3.2223
3.6813
3.718
3.2465
3.3776
3.5754
3.5625
3.4747
3.5136000000000003
3.5285999999999995
3.3709
3.3240000000000003
3.6262
3.6315
3.5266
3.6108
3.6907
3.9042
3.889
3.77
3.6173
3.5205
3.6466
3.6411000000000007
3.5814
3.647900000000001
3.417900000000001
3.608
3.822000000000001
3.8630999999999993
3.8713
3.6879
3.6161
3.766800000000001
4.1366000000000005
4.2468
3.9972
3.8135
3.6817
3.6969
3.82
3.7254
3.7599
3.7166
3.492
3.523100000000001
3.881499999999999
3.8406
3.5211
3.8516
3.8878
3.4815
3.6732
3.9655
3.822199999999999
3.5528000000000004
3.5968
3.5516
3.2412000000000005
3.2599
3.1674
3.464000000000001
3.7001
2.801
2.6617
3.4158000000000004
3.6106000000000007
3.624
3.6548
3.7167
3.9121
3.803300000000001
3.7215
3.9505
3.8405999999999993
3.4668000000000005
3.5521
3.7539
3.7978
3.6078
3.802000000000001
4.3043000000000005
4.2063
4.1235
4.052700000000001
3.831899999999999
3.8147
3.8934
4.063
3.9874
3.7382
3.9704
4.199699999999999
3.8599
3.8801
4.331300000000001
4.0287
3.8875
3.913
3.9132
4.1328
3.680600000000001
3.382000000000001
3.8725
3.7905000000000006
3.4505
3.8508
3.9498
3.8187
3.6716
3.8994
4.1733
3.8045
3.8264
3.972
3.9199
3.9793
3.9179
4.0627
3.9564
3.7327
3.6789
3.5238
3.7342999999999993
3.5908999999999995
3.7586
4.0128
3.881100000000001
3.981
3.9794
4.014599999999999
3.9461
3.9761
4.0851
4.3682
4.5406
4.107900000000001
4.1209
4.2282
3.8375
3.6968
4.0566
4.066
3.7108
3.5806999999999998
3.535
3.676
3.646
3.6852
3.1853
2.8684
2.9494000000000007
2.9661
3.2677
3.2352
2.9459
2.4422
2.4966
2.7623
2.735299999999999
3.015
2.9504
2.8725
3.1856
3.3077000000000005
3.333200000000001
3.6199
3.6796
3.506
3.5227
3.6207
3.9035
4.0203
3.8321
3.6657000000000006
3.884
3.7049
3.4869
3.7451
3.672
4.0363
4.5507
4.1985
3.6712
3.9627
4.432799999999999
4.5614
4.5152
4.2451
4.0755
4.0586
4.3522
4.4703
4.3895
4.4658
4.4914
4.5797
4.348
4.2423
4.5817
4.5123
4.3943
4.2617
3.9849
3.6673999999999993
3.8445
4.0697
3.7765
3.7561
4.072400000000001
4.2052000000000005
3.9131999999999993
3.8296
4.033799999999999
4.2684
4.555000000000001
4.4683
4.4877
4.5106
4.4957
4.2868
3.8414
3.8196
4.092699999999999
4.347
4.3366
4.0302
3.8635
4.2683
4.434500000000001
3.9732
3.9802
4.189100000000001
4.1816
4.433
4.1659
3.6606
3.8747
4.0614
3.9114
4.0359
4.003900000000001
3.819
3.9989
4.0553
3.7742
3.8698
3.9627
3.970499999999999
4.1691
4.1481
4.300999999999999
4.207099999999999
3.989600000000001
4.3797
4.3518
4.2677000000000005
4.3420000000000005
4.3407
4.4439
4.0854
3.7112
3.9139
4.1687
3.8758
3.4292
3.3605
3.1801000000000013
3.3083000000000005
3.541200000000001
3.0934
3.022
3.1771000000000003
2.8973
2.9475
2.9911000000000003
3.242199999999999
3.4611
3.371500000000001
3.1792
3.093
3.2903
3.326500000000001
2.9336
2.6579000000000006
3.3501
3.7129
3.855
3.9741
3.8013
3.6481
3.8178
3.7588
3.6306000000000007
3.9066
3.920699999999999
3.719700000000001
3.6163
3.817599999999999
3.7892
3.5892
3.5923000000000003
3.9152
4.0876
3.862
3.9823
4.185499999999999
4.171799999999999
3.9480999999999993
3.8892
4.0017000000000005
3.9006
4.0197
4.0427
4.070200000000001
4.222899999999999
4.0437
3.8303
3.754299999999999
3.8551000000000006
3.9586
3.9518
3.9982
4.0215000000000005
4.3768
4.191
3.7627000000000006
4.1214
4.2161
4.3096
4.1922
3.8405
3.981
3.7996
3.6959
3.8924
3.9409
4.095700000000001
