-6.2312
-5.7379
-4.5407
-3.7992
-2.9819
-1.711
-0.8344
-0.389
-0.1592999999999999
0.1754999999999999
0.4163
0.5941000000000001
0.4452
0.3936
0.5819
0.5194000000000001
0.4432
0.3688
0.2363
0.2329
0.5217
0.6426000000000001
0.5195000000000001
0.4340999999999999
0.3888
0.5302999999999999
0.5425000000000001
0.4308999999999999
0.5119000000000001
0.3181
-0.0251
0.1835
0.3878999999999999
0.3866999999999999
0.5471
0.4892999999999999
0.3597999999999999
0.3507
0.4671
0.6191
0.5118
0.5319
0.6859999999999999
0.5449
0.4843
0.4597
0.4904
0.6787999999999998
0.6474
0.7231000000000001
0.8506
0.7092000000000002
0.5927
0.4671
0.2775
0.3930999999999999
0.4980999999999999
0.6938999999999999
0.8042
0.6652000000000001
0.7654
0.8981999999999999
0.9368
0.9468
1.0309
0.8786999999999999
0.6267
0.7874
0.9845
0.8969999999999999
0.7731000000000001
0.5952999999999999
0.6624
0.8347999999999999
0.7399000000000001
0.7731
0.8372999999999997
0.9239999999999998
0.9877
0.9312
1.0119
0.9038999999999998
0.5901
0.6037
0.6640999999999998
0.6199
0.6659000000000002
0.74
0.8944000000000001
0.8299999999999998
0.8449000000000001
0.7947
0.6507
0.789
0.7121999999999999
0.6873999999999999
0.807
0.9320000000000002
0.8978999999999999
0.9015
0.9508
0.8392000000000002
0.7219999999999999
0.5822
0.6561
0.7639
0.6466
0.5759000000000001
0.5949
0.3504
0.1464
0.1083
0.2843
0.4242000000000001
0.1987
0.1866
0.3038
0.4322
0.5392999999999999
0.5599000000000001
0.3842999999999999
0.1898
0.3929000000000001
0.4708
0.6697000000000002
0.7578999999999999
0.6964
0.7065
0.8236000000000001
0.9186
0.7785000000000001
0.7636999999999999
0.7817000000000001
0.9193
0.9348
1.0685
0.997
0.8447
1.0229
0.9365
0.8270000000000001
0.8081
0.8482
0.8609000000000002
0.9655
1.0326
0.9545
0.8901999999999998
0.914
0.9258000000000002
0.8556
0.9534
1.0587
1.1601
1.0420000000000005
0.9423
1.0267
1.0698
1.1277
1.2096
1.1603
0.9687
0.8783999999999997
0.9399
0.9518
0.8578999999999999
0.8096
0.7263000000000001
0.7243
0.8292
0.7644000000000001
0.699
0.5112000000000001
0.6029000000000001
1.0348
1.0324
1.0031
1.0347
1.0169
0.9293
0.8831000000000002
0.8349000000000001
0.9168
1.1143
1.0113
0.8527
0.8750000000000001
1.0497
0.8351
0.527
0.54
0.4998
0.7361000000000001
0.8506999999999999
0.8558000000000001
0.952
1.0413
1.1247999999999998
1.2095
1.1515
1.1396000000000002
1.3679
1.263
1.241
1.1942
1.2557
1.2998000000000005
1.2435
1.1261
0.9518
0.9394
1.025
1.0940000000000003
1.1408
1.2224
1.1226
1.2126
1.3362
1.4195000000000002
1.5316999999999996
1.6299000000000003
1.551
1.1205
1.1129000000000002
1.2269
1.1722
1.1917
1.0167
1.1694
1.3558999999999997
1.2707
1.3279
1.3545000000000005
1.3192
1.3537999999999997
1.355
1.3572
1.2206
1.1194000000000002
1.2113
1.5342000000000002
1.5774
1.4429000000000003
1.4883000000000002
1.3096
1.3259999999999998
1.2934
1.0483000000000002
1.1666
1.5416999999999998
1.4958
1.5456
1.5285000000000002
1.187
1.3407999999999998
1.638
1.2342000000000002
1.0942999999999998
1.102
0.9324
1.3411000000000002
1.2925000000000002
1.3807
1.5002000000000002
1.5585000000000002
1.629
1.2348
1.2236
1.4655
1.6875000000000009
1.7852
1.3282999999999996
1.0458
1.0977
0.9871
0.946
0.9684
1.0965999999999998
1.2286
1.0843
0.8958000000000002
0.8731
0.9999
1.2582
1.1907
0.8748999999999999
0.6484000000000001
0.7197
0.7059000000000001
0.6674999999999999
0.7911
0.7975999999999998
0.6621000000000001
0.6878000000000002
0.9177
0.8820999999999999
0.7041999999999998
0.5732
0.5079
0.6315
0.6746
0.5307
0.6281
0.7755
0.547
0.5541999999999999
0.5939000000000001
0.6568999999999999
0.6983999999999999
0.6975000000000001
1.0015
1.0031
0.8642
0.9213
0.9481
1.057
0.9406000000000002
0.674
0.6403
0.5897
0.6909999999999998
0.7859
0.9081
0.7386
0.5841
0.7261
0.5948
0.4633
0.5443
0.7341000000000002
0.7478000000000001
0.6245999999999998
0.7475
0.8386999999999999
0.7601
0.9982
1.0650999999999995
0.7093
0.603
0.7770999999999999
0.7983000000000001
0.6462
0.7295000000000001
0.8113999999999999
0.7121000000000001
0.708
0.7577000000000002
0.7034999999999999
0.6409
0.765
1.0121
0.9641
1.0189
0.9311
0.7092
0.8141000000000002
0.8001
1.1097
1.1305
0.7707
0.7602000000000001
0.7712
0.6371
0.6618
0.6965000000000002
0.7765000000000001
0.8233
0.7071000000000001
0.7628999999999999
0.7379000000000001
0.745
0.8651000000000002
0.8318000000000001
0.5961000000000001
0.4859999999999999
0.6407
0.6742999999999999
0.7362000000000003
0.9582999999999998
0.6599
0.8403999999999998
1.0685999999999998
0.9449
0.9831000000000002
0.7724
0.7730999999999999
0.7986
0.7569999999999999
0.7445999999999999
0.9109
1.0128
1.0184
0.989
0.9277999999999998
0.907
1.0779
1.1303999999999998
1.2845999999999995
1.7209
1.8069
1.6553
1.4655
1.4716000000000002
1.6049000000000004
1.3954000000000002
1.1482
1.2894
1.7800000000000002
1.8821
1.6381
1.6177
1.6086999999999998
1.3541
1.0987000000000002
0.9677
1.0826
1.2693
1.3361000000000005
1.6079
1.4917999999999998
1.4889
1.5504
1.5614999999999997
1.4842999999999995
1.3265999999999998
1.4796
1.4655
1.5193
1.6918
1.3681999999999996
0.9843999999999998
1.2664
1.8038
1.6970999999999998
1.3478
1.3397000000000003
1.3337000000000003
1.2353
1.3816000000000002
1.609
1.5646
1.4078
1.2065
1.1537
1.089
1.0558
1.2433
1.2353
1.084
1.3387
1.5053
1.4550999999999996
1.4180999999999997
1.4826
1.495
1.4007999999999998
1.5767999999999995
1.7275
1.8281
1.6865999999999997
1.6755000000000002
1.6838
1.5061999999999998
1.3221
1.0501
1.39
1.7564999999999995
1.6234000000000004
1.4481999999999997
1.3254
1.3579
1.1964999999999997
1.0442000000000002
1.0216
0.7935000000000001
0.9319
1.0786
1.0472
0.9033
0.8146000000000001
0.8985000000000001
1.0216999999999998
1.0517
1.1054
1.1517
1.0354
1.09
0.9901
0.8685
0.8351999999999999
0.8123999999999998
1.0315
1.3805999999999998
1.4261
1.2468
1.2766000000000002
1.0981999999999998
0.7748999999999999
0.9097000000000002
1.0782
1.2541
1.2113999999999998
1.1109
1.2331
1.3716000000000002
1.3159
1.1354999999999995
1.1952
1.3358
1.3271000000000002
1.3456
1.6314999999999995
1.6184
1.5039000000000002
1.4541000000000002
1.5574000000000003
1.6667
1.6219999999999997
1.5504999999999998
1.3458
1.6517000000000002
1.823
1.6266999999999998
1.672
1.6405
1.8367
1.9133
1.98
2.026
2.1234
2.0272
1.6908
1.7357000000000002
1.641
1.5528
1.9214
2.2995
2.0634
1.8519
1.9164
2.0398
2.0121
1.9058
1.8793000000000004
1.9206
2.0855
2.1852
1.9877000000000005
2.0719000000000007
2.1600999999999995
2.1197
2.1533
1.9999
1.8844
2.0857
2.1152
1.7637000000000005
1.7535000000000005
2.1228
2.2134
2.2739
2.3218000000000005
2.0257000000000005
1.9914
1.9681
2.0701
2.2777000000000003
2.0868
1.9857
2.5513000000000003
2.7875
2.4144
2.2484999999999995
2.2664999999999997
2.3078
2.324
2.4164
2.2434
2.0177
2.1569
2.3725000000000005
2.4968000000000004
2.2454
2.1308
2.4056
2.4766000000000004
2.0669000000000004
1.8608
1.9095
1.8295
1.8624
2.1925
2.1061000000000005
1.6339
1.5973
1.67
1.6427
1.5569000000000002
1.5600999999999998
1.6525999999999998
