-2.155316556216675
-1.9091719816437192
-1.4264821661233416
-0.8531154259303139
-0.411209305375409
-0.0811685752092267
0.1601712905906528
0.22038351583881
0.1747230023066629
0.0459853156566342
0.2424085692291475
0.413103450090854
0.1995639743709708
0.180660983412967
0.2773663285630011
0.3394885484650737
0.2620951267325119
0.3565186783237909
0.5416161786124438
0.4222243882144895
0.4861237645721289
0.6623114091065814
0.6649867361870903
0.4353377137523015
0.3700578750532411
0.5089148501539215
0.6195959238123732
0.6512502558826064
0.6672882867136744
0.6212146919400319
0.7063913803937666
0.8645791106629993
0.8638141632852636
0.6530700597841397
0.3996890920406805
0.7181432537057318
1.0003863342680932
0.9756921183797754
1.0624267453540046
0.9436152346828688
0.682110130237836
0.7003990499372132
0.7194459807422007
0.824815053076109
0.8284354533833193
0.7664765994112159
1.108753185844377
1.162546259208869
1.0511161223657326
1.3109021125887024
1.3002327239772855
1.2986845523304111
1.487012057355042
1.042741132091259
0.7521151170217797
1.186119178518298
1.2641449489997567
1.1011738522106431
1.0820079179036275
1.1793516428227309
1.1437576357593957
0.9530935288477184
1.1554906436893535
1.243055660087252
1.1488314217239477
1.0636373440123534
1.1587977963558946
1.4401545220070258
1.2562010706877345
0.9950606943032172
1.067412742999686
1.144608840477266
1.2663978174709405
1.3130508020449008
1.2352657329932173
1.0507231500698426
0.9835164017613798
0.9663503262948364
1.022370220635568
1.013197041435021
0.9363514129392024
0.9608995143615556
0.967954469194996
0.8430799084660944
0.8186583754203433
1.0789247561244837
1.258377085255384
1.3232778492181816
1.1275149311636954
0.8940346237796932
0.9041932972370736
0.7310859465906772
0.6309304330929489
0.733287289036423
0.7078958349150546
0.9856343720399464
1.2466218307623815
1.0594657523024684
1.0240943934032307
1.0792047440069952
1.0348954049961705
1.120794693983605
1.1597656983959668
1.062594126378415
0.9603729916191884
1.161144689857358
1.5819135590781697
1.5627067028287414
1.2849784731817786
1.2211006014208676
1.1431786768158885
1.19832443036691
1.370677098193258
1.5555188845495784
1.515588548031484
1.318484016181023
1.4141419364609515
1.703947475576057
1.580311536671293
1.389472507922313
1.3961399722639305
1.2674612258335032
1.279503033327594
1.3253132067426794
1.331075112616669
1.3614417620202262
1.4771667037441472
1.1850048524117829
1.1073828238980974
1.353807160102435
1.6698656040708846
2.0793119450270563
1.9827867782391984
1.7829214244865028
1.9213793205023928
1.9590870367087416
2.023535426503866
1.9779991802733383
1.618352221800213
1.6534899126511322
1.7603509380502105
1.9618685676343472
1.971086589015705
1.72893417378594
1.9162188042512824
2.2552550895522785
2.0998629910707107
2.0882530465754727
2.222028896296467
2.046908912037333
2.073179526426844
2.2393447380045792
2.229895669997471
2.07549360131498
2.075149031444014
2.057072751920596
1.9711066543293252
2.174106207811057
2.226503516171495
1.9127327381337087
2.235667889900756
2.237948857667174
1.846545767197087
2.113884578886124
2.215222459153
2.060103116045397
1.9929623559120544
2.197090981876298
2.100477867395681
2.1205343262229843
2.3542262694026306
2.0461192167107067
2.063754296820227
2.187662157204399
2.1022289640838894
2.3358176789199345
2.3092853711792865
2.396146054683007
2.503020117711263
2.256172981159817
2.098115356841689
2.0587566880843124
2.1533918935518
1.9219820280670896
1.872778582369574
2.0997933341975896
1.9738595240787769
2.0413977833012
2.150050164083236
2.0659123038532314
1.9520565447368228
1.994447188044638
1.975044137275682
2.0106217548954635
2.1119897443189037
1.8883349653787949
2.0403758916476207
1.994421228408476
1.7448563619035795
2.0300211727755
2.192392369745612
2.2540612565288627
2.156097080412029
1.890576747961049
1.8228770577201
1.750537151059496
1.920706985635882
2.3744071941817317
2.158044654964591
2.2238281341415203
2.3639149988082595
1.9970946532545453
2.378864216172877
2.295967707730041
1.8888511260790848
1.9860643132160647
1.9518398024686556
1.959304141979656
2.046655954917217
2.2398525869676256
2.393251953439036
2.2538387330693226
2.258148132998164
2.359117827677506
2.2319618403604524
2.194556972336162
2.070135146656692
1.8019052083263736
1.8198291758938616
1.9345164819232572
2.036437579614979
1.9629371386926708
2.012880585851236
2.2047108882625306
2.2481810998674594
2.420396734592451
2.353878121846483
2.2539612400159914
2.226381782524055
2.353962147299184
2.5340132245941103
2.253071573238738
2.100855115993324
2.335092010917505
2.312143466975035
2.0613547314737266
2.3881303769282454
2.6666033059745176
2.377532003428386
2.5516448733108925
2.794318487799885
2.5492573725089467
2.299377304052028
2.226373157578442
2.32014313396705
2.349330433484305
2.2516563613563925
2.1533281684986685
2.7094534944283883
2.626620503581085
2.458220052003564
2.7109111532423174
2.5405009400548075
2.824863897022937
3.0596396793659744
2.933497840776553
2.751941884268391
2.61843607416498
3.0185488610775475
3.260703059579753
3.119229303081884
3.152789729350224
2.981096250640844
3.011478614578739
3.161794697787306
3.2050835085938223
3.0771235132076424
3.159436025107798
3.063093549610385
2.9173442574254227
3.242907338036499
3.2759964527074543
3.0534580807802025
2.986027876818917
3.021500323518202
2.8931417640283725
2.826876081538435
3.029136723335136
3.2048029159000992
3.26945629658925
3.289385643692882
3.085827142358751
2.97886951834438
2.903757453263405
2.967229123222796
3.079454674386481
2.943750335397798
2.916495588971728
2.9191331486793466
3.07264166018801
2.956421218940186
2.9308411162603942
3.248460934593264
3.0893827569694428
2.845238748332345
2.9992371624570797
3.2213599875680163
3.1106596292475683
3.4151761585813705
3.683961410361507
3.306915890664101
3.308476122890021
3.714255369286724
3.676108307556142
3.588090155200947
3.6817533491330177
3.448467846919528
3.621928862188891
3.5532816146436583
3.2474163351271
3.646028105326415
3.708069946286924
3.486379122754538
3.432090391617429
3.303992579607469
3.3140786634399597
3.3289528470875585
3.5243249639015994
3.4064672599754777
3.3240108414846645
3.6057826796260257
3.508103124097125
3.4013974584836637
3.5106792889096363
3.516135137155968
3.611039633932575
3.439418278353669
3.352067770612119
3.5264825261852586
3.651468882685113
3.8122725127379895
3.7235259603640953
3.59742227730232
3.4141985748317563
3.413318288152172
3.420021691847968
3.482661386491668
3.473677936831082
3.3204334362918466
3.223309926978012
3.2428064706987825
3.448263469735379
3.320544600508325
3.0599643097300664
2.925991522733716
2.6261296594214785
2.76702261612022
3.069136704218916
2.7945405534866263
2.900410888934681
3.012422596698438
2.79579050053488
3.0434183391228533
3.171108616924605
3.07110126970728
2.8709880616761096
2.7435449817267323
2.495221568569154
2.449553525105718
2.984274785507276
2.7797360048490174
2.497763128015798
2.963764853770195
3.01160705267049
2.7493057219938297
2.69871305892334
3.025326213985425
3.289656404679808
3.12948154541404
2.8912682039192417
2.9759131253518505
3.571754873051284
3.6921980796865768
3.463506524751135
3.5734647652179303
3.461166301618233
3.446471879471733
3.176382868294326
2.538514947994984
2.9593000359174213
3.636978921414268
3.380318470585804
3.263364485802782
3.21127213480254
2.846169729586701
2.870610344833602
3.007000876126748
3.0387572031442844
2.92067916626274
2.785714164204922
2.8866411333234407
3.1966231746830607
2.938205607263797
2.768518149834721
3.1418191449198387
2.9245438795107623
2.738330886277648
2.78685609168173
2.9746614585877893
2.9649625601158327
2.9292110968281024
3.1451399566821774
2.992275771811531
2.8231593206703542
2.6749582070251035
2.9344890788387348
3.0935987698454777
3.207011157783134
3.25720063284422
3.010542943000711
2.982367884806516
2.916291744756436
2.979293307988304
3.29284038732283
3.4179423420472728
3.25526832399725
3.669912724678507
3.517977910162013
3.138466312743865
3.604716945031436
3.641597368628656
3.5987360972175177
3.978686942713789
3.920040761544501
3.712533745203803
3.709010265009437
3.687340091446037
3.559523765583224
3.4350968348472346
3.242640903401733
3.2471958375595125
3.20124109209885
2.873377845271242
2.9795752552483417
2.872347614171423
2.783537367800042
3.001764034088713
2.996736073560724
2.793940836602002
2.6115656622105803
2.7969955927865096
2.71163595523672
2.4894402849533765
2.3449430944557683
2.5208108280716086
2.671102098501013
2.414117675835451
2.236739127846055
2.0785210105894465
2.0707891558841247
2.061920049294857
2.125931324639672
2.4491634159455
2.9494550843852387
3.137099731292829
3.1546871814513358
3.294287766237376
3.3268720859770413
3.045689080079683
3.1398095787210085
3.4702909748188038
3.5522865641445867
3.742595931485982
3.763228135745885
3.647294424471566
3.5909853575044988
3.7586955844009577
3.634980231920856
3.42313312828124
3.952889075455179
4.282652816423358
4.195899180072411
4.19154403067828
3.907793992138021
3.6864817562709074
3.602136795230137
3.513114394774992
3.602934723140949
3.5181686275823294
3.294057969161633
3.29619058008628
3.4281249829328004
3.177895370730689
3.1683665118321453
3.128643503118533
2.7695953135260307
2.832872515422183
2.799181145743008
3.0605808958549847
3.3476594999619107
3.4790072798970386
3.669957498299111
3.398280391814537
3.363382324935813
3.903881808351248
4.140320049433345
3.917934837325566
3.549526335849466
3.324164670831309
3.341587108703284
3.418759477185941
3.271426351082876
3.099769608682121
3.2902777635231364
3.26351734121808
3.167519286874494
3.387476709927613
3.370535824830104
3.3937214767887087
3.7502585182209778
3.6465774890640943
3.480496104930408
3.641231991570954
3.820948780661984
3.551818708461921
3.5759379354704026
3.662248252520571
3.3674670667574342
3.404804904871638
3.6191280805444728
3.650721062972668
3.689643331192067
3.3565894472040583
3.0400050214373806
3.279498001994058
3.357360146727723
3.288673602410238
3.308276586649635
3.5219080941268994
3.170246956754749
2.9787822474552086
2.860295174518958
2.7945339286160817
3.098241572190803
2.9647395071121143
3.003350657645318
3.128244439638012
3.0380655933255327
3.257693451727297
3.658018298323281
3.704142177601602
3.639188177909296
3.500322777823805
2.9493219344025228
2.650582436452975
2.608113685836597
2.555935224702914
2.456655802425025
2.05034959526824
1.7859486412332275
1.876317033611139
2.139505612060104
2.578774834974348
2.896237623246232
2.9594164648944457
3.173184940722736
2.7712458884683406
2.6229569847721392
2.98608725871534
2.8754499226299743
2.7358018757901483
2.592039156698984
2.542638538998698
2.7379165285958966
2.8466076882050757
2.734166937197944
2.4452981563865075
2.4969317639214323
2.5832908261629117
2.391010519049216
2.4319455499044844
2.678651536949352
2.6425804987675927
2.378548930907518
2.676921942554016
2.73457770954547
2.5376586000540176
2.496333095786846
2.5680277178458546
2.5300316503981843
2.883786855113206
2.9922754782938203
2.3632429999338656
2.5551357910218537
2.613512931441387
2.643445594806236
2.6048548196109387
2.4921340645377947
2.8409274462778167
2.82253945369729
