1.5800000429153442
1.2000000476837158
0.8600000143051147
0.6000000238418579
0.699999988079071
0.5600000023841858
1.7400000095367432
0.5799999833106995
0.7799999713897705
1.3799999952316284
0.5199999809265137
0.8999999761581421
0.8999999761581421
0.5600000023841858
1.059999942779541
1.2799999713897705
0.8600000143051147
0.6200000047683716
0.8199999928474426
0.4799999892711639
1.1799999475479126
0.6600000262260437
1.4199999570846558
1.0399999618530271
0.959999978542328
1.2200000286102295
1.4800000190734863
0.6800000071525574
0.5400000214576721
1.8200000524520876
1.1399999856948853
0.5
0.8600000143051147
0.7200000286102295
0.8999999761581421
1.340000033378601
1.2799999713897705
1.0800000429153442
1.7200000286102295
0.7599999904632568
1.2999999523162842
0.6600000262260437
0.9200000166893004
1.1799999475479126
0.8399999737739563
1.340000033378601
1.5800000429153442
1.399999976158142
1.899999976158142
1.4600000381469729
2.039999961853028
1.7799999713897705
1.559999942779541
1.6399999856948853
1.2799999713897705
1.7200000286102295
1.2799999713897705
1.7400000095367432
1.440000057220459
1.3600000143051147
1.5199999809265137
1.7000000476837158
1.7799999713897705
1.840000033378601
1.440000057220459
0.7200000286102295
0.6399999856948853
1.0199999809265137
1.2400000095367432
1.159999966621399
0.9200000166893004
0.699999988079071
0.9399999976158142
1.100000023841858
1.4600000381469729
1.5199999809265137
1.4600000381469729
1.5
1.4199999570846558
1.940000057220459
2.2799999713897705
2.039999961853028
2.5
2.700000047683716
2.819999933242798
2.0
3.0199999809265137
3.9800000190734863
5.28000020980835
5.519999980926514
5.659999847412109
5.400000095367432
6.679999828338623
8.0
9.460000038146973
12.539999961853027
14.079999923706056
13.880000114440918
14.899999618530272
15.260000228881836
18.13999938964844
20.07999992370605
21.6200008392334
21.07999992370605
22.6200008392334
23.739999771118164
24.780000686645508
23.540000915527344
22.739999771118164
24.940000534057617
29.21999931335449
37.540000915527344
47.97999954223633
44.2400016784668
39.459999084472656
41.86000061035156
38.2599983215332
36.18000030517578
42.81999969482422
45.84000015258789
46.09999847412109
40.15999984741211
32.880001068115234
26.299999237060547
24.31999969482422
19.899999618530277
17.84000015258789
13.359999656677246
9.579999923706056
7.539999961853027
7.099999904632568
8.779999732971191
10.31999969482422
10.619999885559082
9.619999885559082
8.65999984741211
10.640000343322754
11.539999961853027
13.4399995803833
16.540000915527344
18.799999237060547
25.200000762939453
34.099998474121094
47.86000061035156
59.459999084472656
74.05999755859375
92.62000274658205
111.18000030517578
120.12000274658205
114.9800033569336
80.08000183105469
46.400001525878906
28.13999938964844
19.65999984741211
15.81999969482422
12.5600004196167
9.65999984741211
7.119999885559082
5.820000171661377
5.460000038146973
4.639999866485596
3.5
2.2799999713897705
2.400000095367432
2.140000104904175
2.319999933242798
1.899999976158142
1.2400000095367432
1.0
1.1799999475479126
0.8199999928474426
1.100000023841858
2.0199999809265137
3.0799999237060547
3.859999895095825
4.039999961853027
3.819999933242798
4.480000019073486
5.519999980926514
7.639999866485596
11.199999809265137
13.640000343322754
14.640000343322754
20.26000022888184
28.979999542236328
40.20000076293945
55.31999969482422
76.63999938964844
111.4000015258789
137.0399932861328
157.1199951171875
160.22000122070312
151.4600067138672
135.5
90.45999908447266
50.619998931884766
28.65999984741211
21.21999931335449
15.880000114440918
11.68000030517578
9.020000457763672
7.139999866485596
5.820000171661377
6.099999904632568
7.400000095367432
7.019999980926514
5.320000171661377
4.599999904632568
3.819999933242798
3.299999952316284
2.900000095367432
3.2799999713897705
3.180000066757202
3.900000095367432
4.460000038146973
5.639999866485596
6.900000095367432
7.099999904632568
7.300000190734863
9.779999732971191
10.520000457763672
9.0600004196167
7.860000133514404
6.340000152587891
4.619999885559082
4.21999979019165
5.0
6.199999809265137
6.28000020980835
7.71999979019165
10.119999885559082
11.739999771118164
10.260000228881836
9.199999809265137
7.78000020980835
9.15999984741211
12.31999969482422
14.079999923706056
12.699999809265137
11.31999969482422
13.779999732971191
20.700000762939453
23.81999969482422
25.799999237060547
27.63999938964844
29.479999542236328
30.299999237060547
29.3799991607666
27.700000762939453
27.200000762939453
25.81999969482422
25.100000381469727
27.68000030517578
40.040000915527344
50.09999847412109
55.15999984741211
55.34000015258789
56.29999923706055
63.560001373291016
73.81999969482422
78.36000061035156
72.22000122070312
60.0
47.119998931884766
37.060001373291016
34.7400016784668
32.97999954223633
29.6200008392334
24.57999992370605
22.65999984741211
18.940000534057617
18.040000915527344
18.81999969482422
16.260000228881836
12.800000190734863
9.739999771118164
9.960000038146973
10.619999885559082
13.199999809265137
13.31999969482422
10.140000343322754
7.920000076293945
6.840000152587891
6.960000038146973
7.71999979019165
8.899999618530273
8.880000114440918
9.420000076293944
11.5600004196167
12.119999885559082
10.039999961853027
8.15999984741211
7.699999809265137
8.640000343322754
7.659999847412109
9.479999542236328
12.220000267028809
15.619999885559082
19.100000381469727
22.899999618530277
24.63999938964844
25.739999771118164
26.84000015258789
28.0
27.65999984741211
27.65999984741211
28.440000534057617
30.6200008392334
30.86000061035156
30.100000381469727
28.6200008392334
31.399999618530277
35.619998931884766
36.08000183105469
34.720001220703125
31.13999938964844
30.81999969482422
30.26000022888184
34.20000076293945
26.3799991607666
20.040000915527344
14.039999961853027
13.079999923706056
14.260000228881836
14.859999656677246
15.119999885559082
14.0600004196167
12.5600004196167
11.0
7.980000019073486
9.9399995803833
11.100000381469728
9.699999809265137
7.159999847412109
6.440000057220459
19.57999992370605
35.70000076293945
46.70000076293945
60.34000015258789
53.540000915527344
25.0
2.940000057220459
0.0
0.0199999995529651
0.0199999995529651
0.0399999991059303
0.1599999964237213
0.1400000005960464
0.1400000005960464
0.0
0.0
0.0
0.0
0.0
0.0
0.0199999995529651
0.0199999995529651
0.1199999973177909
0.1000000014901161
0.0599999986588954
0.0599999986588954
0.0599999986588954
0.0
0.0
0.0
0.0
0.0
0.0
0.0
0.0
0.0
0.0
0.0
0.0
0.0
0.0
0.0
0.0
0.0
0.0
0.0
0.0
0.0
0.0
0.0399999991059303
0.0799999982118606
0.1599999964237213
0.3199999928474426
0.5400000214576721
0.5400000214576721
0.7799999713897705
0.8199999928474426
0.8999999761581421
0.4000000059604645
1.440000057220459
0.3000000119209289
0.0399999991059303
0.0199999995529651
0.1599999964237213
0.1599999964237213
0.0799999982118606
0.0399999991059303
0.0599999986588954
0.0199999995529651
0.0
0.0199999995529651
0.0599999986588954
0.0599999986588954
0.1199999973177909
0.2199999988079071
0.3000000119209289
0.2399999946355819
0.0799999982118606
0.1400000005960464
0.1800000071525573
1.159999966621399
1.0399999618530271
0.5799999833106995
0.4799999892711639
0.2399999946355819
0.1800000071525573
0.1400000005960464
0.0799999982118606
0.1599999964237213
0.4199999868869781
0.3000000119209289
0.2599999904632568
0.0399999991059303
0.0399999991059303
0.0199999995529651
0.0799999982118606
0.0599999986588954
0.0599999986588954
0.0799999982118606
0.0799999982118606
0.5
0.8600000143051147
1.1399999856948853
1.5
1.5199999809265137
1.4800000190734863
2.4200000762939453
3.0199999809265137
2.400000095367432
1.8799999952316284
1.3799999952316284
2.359999895095825
1.559999942779541
1.659999966621399
1.7200000286102295
2.8399999141693115
2.559999942779541
2.700000047683716
2.039999961853028
2.0799999237060547
1.9800000190734863
1.4800000190734863
2.319999933242798
1.5199999809265137
2.0799999237060547
1.4800000190734863
1.4199999570846558
1.8799999952316284
2.059999942779541
1.840000033378601
2.140000104904175
3.039999961853028
1.5199999809265137
3.380000114440918
2.240000009536743
2.140000104904175
1.4800000190734863
1.8799999952316284
2.6600000858306885
1.4800000190734863
2.0799999237060547
1.2999999523162842
1.9800000190734863
1.5399999618530271
1.3200000524520874
1.9800000190734863
1.6200000047683716
1.6200000047683716
1.4199999570846558
1.6200000047683716
1.7000000476837158
1.7000000476837158
3.319999933242798
1.8200000524520876
2.400000095367432
1.9600000381469729
2.539999961853028
2.200000047683716
2.0199999809265137
1.2799999713897705
2.7799999713897705
1.440000057220459
3.640000104904175
1.0800000429153442
1.8200000524520876
1.7200000286102295
1.399999976158142
2.039999961853028
1.6399999856948853
2.1600000858306885
1.940000057220459
1.2000000476837158
2.119999885559082
1.8600000143051147
2.119999885559082
1.7000000476837158
2.539999961853028
2.359999895095825
1.399999976158142
2.240000009536743
2.0199999809265137
1.2999999523162842
1.4800000190734863
1.7200000286102295
2.2799999713897705
1.940000057220459
1.4199999570846558
1.8600000143051147
2.4600000381469727
1.7799999713897705
1.2999999523162842
1.8799999952316284
1.940000057220459
1.8600000143051147
2.1600000858306885
2.180000066757202
1.559999942779541
2.380000114440918
1.6399999856948853
2.619999885559082
2.7799999713897705
2.759999990463257
2.4600000381469727
2.700000047683716
1.7999999523162842
2.299999952316284
1.5800000429153442
2.3399999141693115
2.9600000381469727
1.8799999952316284
2.0
2.259999990463257
2.880000114440918
1.7000000476837158
2.119999885559082
2.7799999713897705
2.880000114440918
2.1600000858306885
2.299999952316284
1.4600000381469729
2.5
2.640000104904175
2.319999933242798
3.119999885559082
2.700000047683716
3.039999961853028
2.6600000858306885
3.400000095367432
1.7200000286102295
3.0
2.2799999713897705
3.880000114440918
2.4200000762939453
3.3399999141693115
2.940000057220459
2.759999990463257
2.059999942779541
2.9200000762939453
3.0999999046325684
2.200000047683716
2.180000066757202
2.619999885559082
2.640000104904175
2.119999885559082
3.4800000190734863
2.799999952316284
3.7200000286102295
2.759999990463257
3.0
4.5
3.880000114440918
3.9600000381469727
2.619999885559082
3.440000057220459
2.7799999713897705
3.619999885559082
3.180000066757202
3.400000095367432
3.319999933242798
3.700000047683716
3.700000047683716
3.7200000286102295
4.519999980926514
4.460000038146973
3.4800000190734863
3.0799999237060547
4.340000152587891
4.400000095367432
4.960000038146973
5.5
5.320000171661377
4.260000228881836
4.28000020980835
4.260000228881836
3.4600000381469727
3.5199999809265137
5.019999980926514
5.400000095367432
6.239999771118164
5.440000057220459
5.539999961853027
5.659999847412109
4.760000228881836
4.900000095367432
5.159999847412109
5.440000057220459
5.840000152587891
6.940000057220459
7.800000190734863
7.119999885559082
5.360000133514404
5.940000057220459
7.300000190734863
8.380000114440918
7.71999979019165
6.360000133514404
6.800000190734863
6.139999866485596
7.699999809265137
7.699999809265137
6.78000020980835
8.180000305175781
10.31999969482422
11.960000038146973
12.4399995803833
10.920000076293944
10.619999885559082
10.9399995803833
12.34000015258789
12.960000038146973
15.220000267028809
15.84000015258789
14.300000190734863
13.640000343322754
16.0
13.579999923706056
12.399999618530272
13.0600004196167
15.0
14.720000267028809
16.139999389648438
17.860000610351562
18.200000762939453
16.479999542236328
16.6200008392334
15.020000457763672
14.9399995803833
18.0
19.76000022888184
22.68000030517578
26.020000457763672
28.739999771118164
30.559999465942383
27.780000686645508
27.600000381469727
30.020000457763672
30.13999938964844
30.57999992370605
31.959999084472656
31.899999618530277
29.8799991607666
33.439998626708984
33.119998931884766
34.34000015258789
32.97999954223633
28.920000076293945
31.15999984741211
25.63999938964844
24.100000381469727
21.36000061035156
21.979999542236328
22.020000457763672
23.6200008392334
25.15999984741211
22.18000030517578
19.600000381469727
21.0
23.63999938964844
23.8799991607666
21.3799991607666
19.63999938964844
16.860000610351562
16.079999923706055
19.200000762939453
21.18000030517578
21.459999084472656
22.81999969482422
23.100000381469727
23.780000686645508
23.07999992370605
23.399999618530277
24.200000762939453
24.26000022888184
28.5
29.940000534057617
30.100000381469727
32.84000015258789
31.459999084472656
33.459999084472656
34.0
34.58000183105469
32.91999816894531
33.400001525878906
34.08000183105469
37.619998931884766
35.36000061035156
32.380001068115234
30.940000534057617
31.559999465942383
29.65999984741211
28.520000457763672
24.799999237060547
19.920000076293945
17.139999389648438
16.5
15.399999618530272
13.359999656677246
12.079999923706056
10.479999542236328
11.699999809265137
11.979999542236328
10.5600004196167
9.699999809265137
9.760000228881836
11.15999984741211
13.34000015258789
15.140000343322754
16.799999237060547
18.100000381469727
21.040000915527344
23.76000022888184
25.299999237060547
26.700000762939453
28.26000022888184
30.959999084472656
33.36000061035156
37.91999816894531
44.119998931884766
49.70000076293945
53.900001525878906
55.34000015258789
47.91999816894531
40.65999984741211
39.84000015258789
34.02000045776367
30.979999542236328
28.21999931335449
26.600000381469727
22.5
18.799999237060547
17.0
13.520000457763672
12.0600004196167
10.979999542236328
10.020000457763672
10.119999885559082
9.800000190734863
9.479999542236328
9.18000030517578
8.800000190734863
9.239999771118164
9.779999732971191
10.279999732971191
9.260000228881836
9.100000381469728
10.31999969482422
10.9399995803833
11.960000038146973
13.779999732971191
18.18000030517578
23.059999465942383
26.959999084472656
28.239999771118164
28.84000015258789
29.21999931335449
27.65999984741211
30.959999084472656
35.58000183105469
43.41999816894531
50.63999938964844
58.63999938964844
68.04000091552734
73.12000274658203
70.9000015258789
62.63999938964844
55.58000183105469
49.97999954223633
41.119998931884766
31.31999969482422
25.31999969482422
23.799999237060547
22.459999084472656
18.15999984741211
14.600000381469728
13.140000343322754
11.479999542236328
11.359999656677246
9.479999542236328
7.659999847412109
6.599999904632568
5.039999961853027
3.7799999713897705
3.380000114440918
4.199999809265137
5.0
5.679999828338623
5.860000133514404
5.340000152587891
6.579999923706055
7.380000114440918
7.260000228881836
7.659999847412109
9.699999809265137
11.359999656677246
13.039999961853027
14.34000015258789
14.5
18.31999969482422
24.1200008392334
31.8799991607666
37.79999923706055
44.959999084472656
55.36000061035156
70.80000305175781
83.41999816894531
101.13999938964844
106.0999984741211
98.3000030517578
80.86000061035156
60.29999923706055
46.58000183105469
35.79999923706055
25.299999237060547
19.479999542236328
18.18000030517578
14.4399995803833
12.119999885559082
9.5
8.920000076293945
8.779999732971191
7.71999979019165
6.920000076293945
6.760000228881836
6.360000133514404
5.78000020980835
6.159999847412109
7.199999809265137
6.900000095367432
5.619999885559082
4.0
3.759999990463257
3.5
4.159999847412109
4.179999828338623
4.940000057220459
5.880000114440918
6.71999979019165
7.460000038146973
8.819999694824219
9.579999923706056
9.899999618530272
10.220000267028809
12.100000381469728
14.479999542236328
16.799999237060547
16.860000610351562
18.07999992370605
21.920000076293945
26.18000030517578
30.020000457763672
32.84000015258789
37.7400016784668
50.77999877929688
63.27999877929688
73.83999633789062
70.5199966430664
71.16000366210938
67.13999938964844
68.18000030517578
73.69999694824219
67.73999786376953
55.720001220703125
44.63999938964844
34.900001525878906
26.899999618530277
21.459999084472656
17.899999618530273
16.31999969482422
14.220000267028809
12.18000030517578
9.920000076293944
7.820000171661377
7.820000171661377
6.900000095367432
5.980000019073486
5.320000171661377
5.320000171661377
5.579999923706055
5.28000020980835
5.360000133514404
5.239999771118164
4.559999942779541
4.059999942779541
3.5199999809265137
3.0799999237060547
3.4800000190734863
4.360000133514404
6.300000190734863
7.239999771118164
7.340000152587891
7.28000020980835
7.960000038146973
9.34000015258789
11.520000457763672
12.899999618530272
14.640000343322754
17.940000534057617
23.57999992370605
33.560001373291016
42.41999816894531
50.81999969482422
62.18000030517578
74.30000305175781
88.0
98.33999633789062
108.22000122070312
105.31999969482422
93.9800033569336
76.23999786376953
61.0
44.459999084472656
31.6200008392334
21.21999931335449
14.579999923706056
10.5600004196167
9.65999984741211
8.140000343322754
7.0
5.699999809265137
6.400000095367432
6.559999942779541
6.28000020980835
5.659999847412109
4.880000114440918
5.0
4.599999904632568
4.320000171661377
4.119999885559082
4.0
3.940000057220459
4.400000095367432
4.460000038146973
4.599999904632568
4.519999980926514
4.460000038146973
5.619999885559082
7.360000133514404
7.639999866485596
8.079999923706055
9.15999984741211
10.15999984741211
11.220000267028809
12.81999969482422
13.380000114440918
11.880000114440918
11.0
11.100000381469728
11.979999542236328
12.399999618530272
13.539999961853027
18.57999992370605
21.899999618530277
27.100000381469727
34.939998626708984
44.2599983215332
51.5
56.02000045776367
66.12000274658203
76.26000213623047
87.16000366210938
88.76000213623047
84.91999816894531
80.36000061035156
79.66000366210938
74.76000213623047
61.119998931884766
43.15999984741211
28.940000534057617
20.07999992370605
15.84000015258789
13.760000228881836
13.0600004196167
12.699999809265137
12.859999656677246
11.619999885559082
9.5600004196167
8.0
7.119999885559082
6.539999961853027
7.300000190734863
6.760000228881836
6.059999942779541
5.420000076293945
5.039999961853027
4.900000095367432
4.900000095367432
6.059999942779541
5.21999979019165
4.659999847412109
5.179999828338623
6.739999771118164
7.659999847412109
8.140000343322754
8.300000190734863
8.579999923706055
7.440000057220459
6.860000133514404
7.019999980926514
7.039999961853027
7.0
7.099999904632568
8.539999961853027
8.779999732971191
10.279999732971191
11.760000228881836
12.020000457763672
13.699999809265137
16.31999969482422
19.18000030517578
23.920000076293945
31.600000381469727
39.31999969482422
47.0
58.040000915527344
70.58000183105469
82.37999725341797
96.22000122070312
99.54000091552734
98.72000122070312
96.81999969482422
85.69999694824219
67.80000305175781
47.59999847412109
31.899999618530277
19.84000015258789
13.619999885559082
11.68000030517578
10.5
10.100000381469728
9.640000343322754
7.880000114440918
6.460000038146973
6.0
5.71999979019165
6.5
7.199999809265137
7.059999942779541
7.119999885559082
7.619999885559082
7.260000228881836
6.5
5.860000133514404
6.039999961853027
6.21999979019165
6.480000019073486
6.619999885559082
7.179999828338623
7.159999847412109
8.0600004196167
9.079999923706056
9.15999984741211
8.300000190734863
7.739999771118164
8.020000457763672
8.260000228881836
8.680000305175781
8.4399995803833
8.779999732971191
9.039999961853027
9.460000038146973
13.619999885559082
15.920000076293944
16.84000015258789
17.68000030517578
19.36000061035156
22.799999237060547
25.26000022888184
28.13999938964844
33.439998626708984
37.15999984741211
43.619998931884766
47.70000076293945
57.720001220703125
66.26000213623047
74.0999984741211
84.4800033569336
86.19999694824219
81.66000366210938
74.4000015258789
66.04000091552734
53.7599983215332
39.2599983215332
29.84000015258789
24.18000030517578
21.020000457763672
21.479999542236328
18.100000381469727
14.84000015258789
13.68000030517578
11.81999969482422
10.779999732971191
10.100000381469728
10.619999885559082
10.800000190734863
11.260000228881836
9.739999771118164
8.720000267028809
8.640000343322754
8.239999771118164
7.71999979019165
7.340000152587891
7.139999866485596
7.639999866485596
7.199999809265137
6.460000038146973
5.739999771118164
5.5
5.519999980926514
5.619999885559082
5.320000171661377
5.679999828338623
5.920000076293945
6.880000114440918
6.820000171661377
8.199999809265137
9.34000015258789
10.100000381469728
11.720000267028809
13.279999732971191
16.559999465942383
20.200000762939453
22.799999237060547
26.059999465942383
29.940000534057617
37.880001068115234
46.0
55.959999084472656
65.58000183105469
72.86000061035156
75.36000061035156
84.19999694824219
90.22000122070312
86.08000183105469
72.36000061035156
54.81999969482422
46.29999923706055
38.34000015258789
35.2599983215332
31.940000534057617
29.76000022888184
25.299999237060547
19.920000076293945
16.899999618530273
13.739999771118164
10.520000457763672
8.319999694824219
8.640000343322754
9.300000190734863
9.079999923706056
8.319999694824219
8.479999542236328
10.279999732971191
11.84000015258789
11.239999771118164
10.199999809265137
9.880000114440918
9.5600004196167
8.119999885559082
5.78000020980835
5.840000152587891
6.820000171661377
6.579999923706055
7.480000019073486
7.699999809265137
7.380000114440918
7.639999866485596
8.5600004196167
7.659999847412109
6.579999923706055
7.960000038146973
8.720000267028809
8.739999771118164
9.600000381469728
11.5600004196167
13.9399995803833
16.459999084472656
18.899999618530277
18.940000534057617
20.299999237060547
26.520000457763672
32.86000061035156
35.18000030517578
41.47999954223633
57.13999938964844
75.08000183105469
82.73999786376953
84.94000244140625
84.62000274658203
77.62000274658203
73.41999816894531
64.9800033569336
58.060001373291016
44.93999862670898
34.20000076293945
31.280000686645508
30.540000915527344
28.299999237060547
24.3799991607666
17.639999389648438
12.0600004196167
11.100000381469728
11.420000076293944
11.260000228881836
10.239999771118164
9.31999969482422
9.779999732971191
9.619999885559082
8.4399995803833
7.980000019073486
8.359999656677246
7.659999847412109
6.980000019073486
7.019999980926514
7.360000133514404
8.020000457763672
7.920000076293945
7.079999923706055
6.820000171661377
8.260000228881836
8.039999961853027
7.0
6.420000076293945
5.71999979019165
5.639999866485596
5.840000152587891
6.079999923706055
6.71999979019165
7.21999979019165
8.380000114440918
8.600000381469727
9.9399995803833
10.800000190734863
12.119999885559082
13.020000457763672
14.960000038146973
17.979999542236328
22.5
24.600000381469727
28.459999084472656
31.1200008392334
36.2400016784668
41.459999084472656
48.77999877929688
54.36000061035156
64.23999786376953
75.63999938964844
82.87999725341797
81.30000305175781
74.76000213623047
63.52000045776367
57.02000045776367
53.15999984741211
48.900001525878906
41.91999816894531
36.36000061035156
31.280000686645508
27.559999465942383
22.13999938964844
17.700000762939453
14.9399995803833
12.640000343322754
11.18000030517578
9.100000381469728
8.579999923706055
8.119999885559082
8.579999923706055
7.519999980926514
6.679999828338623
6.039999961853027
5.0
5.159999847412109
5.059999942779541
5.320000171661377
5.71999979019165
5.699999809265137
5.300000190734863
6.179999828338623
6.659999847412109
6.320000171661377
6.039999961853027
5.28000020980835
5.980000019073486
6.159999847412109
6.5
7.179999828338623
7.880000114440918
7.880000114440918
7.699999809265137
9.859999656677246
11.81999969482422
14.5600004196167
15.640000343322754
17.940000534057617
20.63999938964844
22.739999771118164
25.959999084472656
32.439998626708984
40.08000183105469
46.41999816894531
54.220001220703125
63.58000183105469
70.33999633789062
70.69999694824219
71.41999816894531
71.94000244140625
72.4000015258789
67.54000091552734
59.31999969482422
52.02000045776367
45.84000015258789
38.41999816894531
31.780000686645508
29.739999771118164
27.040000915527344
22.559999465942383
19.459999084472656
17.639999389648438
15.859999656677246
15.420000076293944
14.760000228881836
15.720000267028809
14.960000038146973
13.279999732971191
11.260000228881836
9.359999656677246
8.920000076293945
8.539999961853027
8.520000457763672
9.0600004196167
7.960000038146973
7.260000228881836
5.900000095367432
5.239999771118164
4.820000171661377
4.739999771118164
5.079999923706055
5.340000152587891
4.940000057220459
4.420000076293945
4.840000152587891
5.940000057220459
7.940000057220459
9.079999923706056
9.479999542236328
8.779999732971191
9.039999961853027
10.539999961853027
12.720000267028809
15.119999885559082
15.520000457763672
16.81999969482422
17.399999618530273
21.020000457763672
24.21999931335449
27.020000457763672
28.700000762939453
31.280000686645508
35.58000183105469
42.2400016784668
49.619998931884766
54.97999954223633
56.86000061035156
62.27999877929688
68.68000030517578
74.83999633789062
78.0
72.9800033569336
65.69999694824219
57.70000076293945
52.41999816894531
46.63999938964844
38.5
33.939998626708984
29.479999542236328
25.299999237060547
22.5
19.540000915527344
16.100000381469727
14.4399995803833
12.779999732971191
11.800000190734863
9.460000038146973
9.119999885559082
10.020000457763672
9.039999961853027
8.220000267028809
7.440000057220459
7.159999847412109
6.820000171661377
6.320000171661377
6.059999942779541
5.920000076293945
5.739999771118164
5.71999979019165
6.380000114440918
6.460000038146973
7.260000228881836
7.480000019073486
7.71999979019165
9.0
10.300000190734863
10.65999984741211
11.380000114440918
11.34000015258789
11.239999771118164
11.619999885559082
13.979999542236328
14.880000114440918
14.779999732971191
16.040000915527344
17.579999923706055
17.8799991607666
21.6200008392334
23.200000762939453
25.1200008392334
27.0
28.979999542236328
31.63999938964844
36.7400016784668
41.68000030517578
47.18000030517578
51.59999847412109
55.040000915527344
57.68000030517578
59.63999938964844
60.20000076293945
62.02000045776367
61.720001220703125
57.43999862670898
54.27999877929688
50.380001068115234
45.36000061035156
40.0
36.02000045776367
30.399999618530277
24.100000381469727
22.920000076293945
22.420000076293945
20.979999542236328
18.479999542236328
16.239999771118164
14.68000030517578
14.020000457763672
12.5
11.199999809265137
10.039999961853027
10.779999732971191
11.079999923706056
10.359999656677246
9.699999809265137
10.239999771118164
9.600000381469728
9.979999542236328
10.199999809265137
9.579999923706056
9.760000228881836
10.5
10.979999542236328
11.5
11.020000457763672
10.140000343322754
9.65999984741211
10.140000343322754
11.359999656677246
11.81999969482422
