1.2599999904632568
0.4600000083446502
0.7400000095367432
1.0199999809265137
1.2999999523162842
1.2000000476837158
0.699999988079071
0.699999988079071
0.8600000143051147
1.2200000286102295
1.1200000047683716
0.4000000059604645
1.1799999475479126
0.8999999761581421
1.5199999809265137
0.9399999976158142
0.6800000071525574
0.8799999952316284
0.8799999952316284
0.4000000059604645
1.0199999809265137
1.600000023841858
0.4399999976158142
0.8399999737739563
1.399999976158142
0.7799999713897705
1.2200000286102295
1.100000023841858
0.9200000166893004
1.1799999475479126
1.0800000429153442
1.1200000047683716
0.4799999892711639
1.2400000095367432
1.440000057220459
0.7799999713897705
1.5
0.8399999737739563
0.7400000095367432
1.3600000143051147
1.0
1.7400000095367432
1.2400000095367432
0.5600000023841858
0.4600000083446502
0.8799999952316284
1.059999942779541
0.7200000286102295
1.2200000286102295
0.9399999976158142
1.159999966621399
1.0
0.4399999976158142
0.9200000166893004
0.6600000262260437
0.8600000143051147
1.2400000095367432
1.159999966621399
0.6600000262260437
0.4799999892711639
0.6000000238418579
0.7599999904632568
0.7400000095367432
1.0399999618530271
0.5600000023841858
0.6800000071525574
0.8799999952316284
0.9800000190734864
0.8399999737739563
0.9399999976158142
0.959999978542328
0.7599999904632568
0.7200000286102295
0.7599999904632568
0.6000000238418579
0.5199999809265137
0.6800000071525574
0.8999999761581421
1.2400000095367432
1.559999942779541
1.6399999856948853
1.6799999475479126
1.919999957084656
2.6600000858306885
3.859999895095825
4.260000228881836
4.860000133514404
5.21999979019165
4.659999847412109
4.099999904632568
4.440000057220459
5.099999904632568
5.579999923706055
6.119999885559082
6.639999866485596
6.599999904632568
7.800000190734863
8.960000038146973
9.619999885559082
10.460000038146973
11.800000190734863
13.380000114440918
16.81999969482422
18.5
18.34000015258789
17.600000381469727
17.459999084472656
19.31999969482422
21.059999465942383
21.940000534057617
23.63999938964844
26.6200008392334
25.21999931335449
28.399999618530277
29.299999237060547
30.68000030517578
37.41999816894531
40.08000183105469
40.84000015258789
40.220001220703125
38.58000183105469
40.31999969482422
41.619998931884766
43.70000076293945
45.900001525878906
50.5
48.02000045776367
42.5
36.77999877929688
32.040000915527344
26.1200008392334
21.36000061035156
16.979999542236328
15.039999961853027
13.100000381469728
10.84000015258789
8.140000343322754
8.34000015258789
9.0600004196167
9.4399995803833
7.139999866485596
6.679999828338623
7.900000095367432
8.699999809265137
10.079999923706056
11.380000114440918
13.100000381469728
15.0
17.260000228881836
20.21999931335449
22.6200008392334
27.239999771118164
33.70000076293945
36.2400016784668
40.41999816894531
49.20000076293945
58.15999984741211
69.0
72.66000366210938
70.86000061035156
71.16000366210938
66.63999938964844
53.7400016784668
42.65999984741211
36.400001525878906
28.239999771118164
22.420000076293945
19.21999931335449
16.280000686645508
14.479999542236328
13.420000076293944
11.859999656677246
10.739999771118164
8.319999694824219
6.420000076293945
5.139999866485596
4.980000019073486
4.739999771118164
4.260000228881836
4.860000133514404
5.420000076293945
5.239999771118164
4.659999847412109
4.800000190734863
4.960000038146973
4.460000038146973
4.28000020980835
5.5
7.639999866485596
8.720000267028809
9.279999732971191
11.399999618530272
13.579999923706056
18.26000022888184
25.420000076293945
34.279998779296875
42.119998931884766
52.7400016784668
64.45999908447266
72.4800033569336
80.69999694824219
90.72000122070312
92.76000213623048
85.73999786376953
76.9000015258789
65.9800033569336
52.08000183105469
40.540000915527344
31.26000022888184
27.200000762939453
24.420000076293945
20.979999542236328
16.15999984741211
11.880000114440918
8.65999984741211
7.940000057220459
7.860000133514404
8.34000015258789
8.800000190734863
9.039999961853027
9.520000457763672
10.84000015258789
10.260000228881836
7.900000095367432
6.380000114440918
6.079999923706055
6.039999961853027
5.639999866485596
6.639999866485596
7.039999961853027
8.220000267028809
9.31999969482422
8.579999923706055
7.440000057220459
7.139999866485596
6.860000133514404
7.380000114440918
6.559999942779541
6.760000228881836
7.840000152587891
8.720000267028809
9.479999542236328
12.479999542236328
14.619999885559082
16.559999465942383
21.3799991607666
29.26000022888184
33.65999984741211
40.7599983215332
55.02000045776367
73.19999694824219
87.81999969482422
99.76000213623048
104.26000213623048
108.54000091552734
106.33999633789062
99.58000183105467
81.62000274658203
54.959999084472656
32.540000915527344
23.399999618530277
17.920000076293945
14.460000038146973
14.279999732971191
14.239999771118164
12.859999656677246
11.979999542236328
13.0
11.84000015258789
9.81999969482422
8.800000190734863
8.140000343322754
7.400000095367432
6.400000095367432
7.019999980926514
6.619999885559082
5.260000228881836
4.539999961853027
4.699999809265137
5.099999904632568
6.099999904632568
7.599999904632568
9.020000457763672
9.260000228881836
8.600000381469727
8.460000038146973
8.020000457763672
8.0
8.720000267028809
8.5600004196167
8.039999961853027
9.619999885559082
9.720000267028809
9.520000457763672
9.859999656677246
10.960000038146973
13.399999618530272
14.18000030517578
15.039999961853027
15.899999618530272
19.1200008392334
20.959999084472656
22.65999984741211
26.18000030517578
31.76000022888184
34.36000061035156
41.34000015258789
48.619998931884766
61.7599983215332
75.37999725341797
94.27999877929688
109.72000122070312
107.1999969482422
97.6999969482422
87.9800033569336
78.80000305175781
69.30000305175781
60.959999084472656
50.34000015258789
41.97999954223633
31.479999542236328
24.700000762939453
22.100000381469727
20.739999771118164
16.739999771118164
11.81999969482422
10.100000381469728
12.5600004196167
12.100000381469728
8.880000114440918
6.440000057220459
5.440000057220459
5.179999828338623
5.079999923706055
5.639999866485596
7.380000114440918
6.840000152587891
5.820000171661377
4.579999923706055
5.159999847412109
5.21999979019165
5.480000019073486
5.059999942779541
5.559999942779541
7.239999771118164
8.65999984741211
8.220000267028809
6.980000019073486
6.71999979019165
7.119999885559082
5.940000057220459
4.480000019073486
4.5
4.019999980926514
3.380000114440918
4.260000228881836
5.820000171661377
7.480000019073486
9.15999984741211
11.579999923706056
13.640000343322754
14.18000030517578
16.059999465942383
20.100000381469727
22.6200008392334
23.5
23.600000381469727
23.36000061035156
23.84000015258789
24.559999465942383
32.220001220703125
39.15999984741211
48.65999984741211
55.31999969482422
62.70000076293945
69.86000061035156
72.72000122070312
72.37999725341797
82.91999816894531
89.0199966430664
82.80000305175781
73.23999786376953
67.4000015258789
63.060001373291016
62.20000076293945
55.43999862670898
45.09999847412109
29.81999969482422
19.780000686645508
15.579999923706056
15.65999984741211
14.260000228881836
11.359999656677246
7.940000057220459
6.699999809265137
6.840000152587891
7.21999979019165
6.119999885559082
5.239999771118164
4.320000171661377
4.0
4.300000190734863
5.039999961853027
5.420000076293945
5.0
4.800000190734863
4.199999809265137
5.099999904632568
5.28000020980835
5.480000019073486
6.159999847412109
7.480000019073486
8.520000457763672
8.819999694824219
8.319999694824219
8.84000015258789
9.239999771118164
9.199999809265137
8.039999961853027
8.520000457763672
8.079999923706055
8.479999542236328
9.65999984741211
11.600000381469728
13.520000457763672
14.880000114440918
16.200000762939453
17.639999389648438
17.34000015258789
14.640000343322754
16.739999771118164
22.34000015258789
29.63999938964844
95.04000091552734
151.74000549316406
174.86000061035156
158.67999267578125
147.1999969482422
129.02000427246094
101.73999786376952
65.26000213623047
42.43999862670898
29.6200008392334
23.13999938964844
17.059999465942383
13.31999969482422
10.739999771118164
9.979999542236328
7.840000152587891
6.179999828338623
6.440000057220459
7.260000228881836
6.519999980926514
6.639999866485596
7.320000171661377
6.960000038146973
5.659999847412109
4.71999979019165
4.239999771118164
4.380000114440918
4.820000171661377
4.21999979019165
3.539999961853028
3.319999933242798
2.940000057220459
2.319999933242798
2.2799999713897705
2.4200000762939453
2.4600000381469727
2.640000104904175
2.4600000381469727
2.819999933242798
3.119999885559082
3.039999961853028
3.5999999046325684
4.920000076293945
5.639999866485596
6.440000057220459
7.880000114440918
9.779999732971191
10.100000381469728
9.079999923706056
10.579999923706056
13.600000381469728
14.619999885559082
13.020000457763672
13.4399995803833
13.0
11.0600004196167
12.119999885559082
16.579999923706055
21.81999969482422
24.3799991607666
29.86000061035156
44.880001068115234
70.91999816894531
95.81999969482422
111.1999969482422
118.72000122070312
112.16000366210938
117.31999969482422
116.5199966430664
97.22000122070312
66.23999786376953
45.619998931884766
33.70000076293945
30.34000015258789
26.299999237060547
19.57999992370605
14.5
12.859999656677246
14.140000343322754
15.460000038146973
16.100000381469727
15.460000038146973
12.720000267028809
10.539999961853027
9.279999732971191
9.5600004196167
9.0600004196167
10.479999542236328
10.619999885559082
10.020000457763672
10.140000343322754
9.619999885559082
10.119999885559082
11.15999984741211
12.020000457763672
12.699999809265137
13.9399995803833
16.739999771118164
16.559999465942383
12.880000114440918
7.980000019073486
5.920000076293945
6.599999904632568
7.28000020980835
8.079999923706055
8.319999694824219
9.9399995803833
11.539999961853027
10.579999923706056
9.199999809265137
9.880000114440918
12.760000228881836
12.920000076293944
11.100000381469728
11.119999885559082
11.960000038146973
14.100000381469728
14.239999771118164
16.979999542236328
19.040000915527344
21.459999084472656
19.899999618530277
17.940000534057617
18.700000762939453
19.979999542236328
21.21999931335449
23.200000762939453
24.84000015258789
30.34000015258789
35.939998626708984
34.900001525878906
31.559999465942383
38.79999923706055
47.119998931884766
53.959999084472656
58.29999923706055
62.119998931884766
55.86000061035156
52.060001373291016
50.02000045776367
42.97999954223633
34.040000915527344
28.86000061035156
27.399999618530277
27.21999931335449
25.559999465942383
25.520000457763672
24.65999984741211
23.63999938964844
21.540000915527344
20.21999931335449
16.920000076293945
15.859999656677246
12.920000076293944
13.619999885559082
16.1200008392334
16.31999969482422
14.760000228881836
13.920000076293944
13.5600004196167
14.0600004196167
12.760000228881836
12.460000038146973
10.760000228881836
11.979999542236328
15.039999961853027
16.479999542236328
15.739999771118164
15.279999732971191
15.760000228881836
15.359999656677246
15.119999885559082
17.559999465942383
22.1200008392334
25.979999542236328
27.86000061035156
30.979999542236328
31.479999542236328
32.540000915527344
31.280000686645508
33.36000061035156
35.7599983215332
34.02000045776367
33.84000015258789
35.900001525878906
36.59999847412109
36.18000030517578
34.65999984741211
31.13999938964844
28.100000381469727
30.399999618530277
34.63999938964844
34.540000915527344
32.29999923706055
31.239999771118164
32.52000045776367
33.02000045776367
32.619998931884766
29.959999084472656
25.100000381469727
20.979999542236328
20.399999618530277
24.459999084472656
24.899999618530277
24.200000762939453
23.280000686645508
21.459999084472656
21.600000381469727
21.739999771118164
19.71999931335449
18.459999084472656
18.0
21.479999542236328
22.200000762939453
20.71999931335449
18.13999938964844
17.239999771118164
18.15999984741211
17.440000534057617
17.479999542236328
18.399999618530277
19.100000381469727
19.479999542236328
22.1200008392334
21.84000015258789
22.059999465942383
22.399999618530277
20.6200008392334
21.899999618530277
21.700000762939453
22.84000015258789
22.65999984741211
22.71999931335449
25.0
25.6200008392334
27.100000381469727
25.13999938964844
23.5
18.5
14.460000038146973
14.31999969482422
14.359999656677246
14.84000015258789
14.199999809265137
17.639999389648438
19.959999084472656
19.65999984741211
17.899999618530273
16.719999313354492
15.380000114440918
16.059999465942383
18.1200008392334
22.81999969482422
38.959999084472656
48.220001220703125
53.880001068115234
57.68000030517578
60.65999984741211
64.08000183105469
63.119998931884766
63.47999954223633
63.119998931884766
60.08000183105469
54.86000061035156
45.540000915527344
41.93999862670898
39.86000061035156
35.959999084472656
30.940000534057617
25.540000915527344
22.0
18.26000022888184
17.81999969482422
15.260000228881836
12.260000228881836
11.199999809265137
10.199999809265137
10.100000381469728
9.920000076293944
10.520000457763672
10.399999618530272
10.0
9.619999885559082
9.619999885559082
9.140000343322754
10.81999969482422
13.15999984741211
13.079999923706056
11.68000030517578
11.899999618530272
11.600000381469728
11.199999809265137
10.880000114440918
12.300000190734863
13.779999732971191
12.800000190734863
10.140000343322754
10.31999969482422
10.420000076293944
10.079999923706056
11.220000267028809
12.380000114440918
11.199999809265137
9.100000381469728
8.140000343322754
9.34000015258789
12.260000228881836
16.360000610351562
22.059999465942383
29.36000061035156
35.900001525878906
48.79999923706055
55.63999938964844
76.5199966430664
69.55999755859375
41.41999816894531
24.479999542236328
20.86000061035156
23.200000762939453
26.559999465942383
30.0
29.959999084472656
29.71999931335449
31.899999618530277
29.68000030517578
26.26000022888184
28.65999984741211
28.479999542236328
29.18000030517578
28.959999084472656
32.619998931884766
29.63999938964844
25.18000030517578
24.21999931335449
23.31999969482422
21.8799991607666
22.540000915527344
25.71999931335449
26.200000762939453
26.040000915527344
24.18000030517578
22.81999969482422
19.65999984741211
18.420000076293945
17.459999084472656
16.760000228881836
16.420000076293945
14.920000076293944
13.520000457763672
12.4399995803833
12.979999542236328
12.579999923706056
11.399999618530272
11.420000076293944
11.140000343322754
11.84000015258789
12.979999542236328
18.239999771118164
20.26000022888184
21.940000534057617
22.540000915527344
29.0
37.93999862670898
41.36000061035156
40.77999877929688
38.65999984741211
38.959999084472656
37.43999862670898
37.459999084472656
38.15999984741211
42.27999877929688
44.08000183105469
44.34000015258789
39.29999923706055
38.040000915527344
35.619998931884766
38.060001373291016
32.7400016784668
28.15999984741211
26.479999542236328
26.13999938964844
21.299999237060547
15.859999656677246
12.84000015258789
11.140000343322754
10.65999984741211
10.619999885559082
11.220000267028809
12.220000267028809
12.0600004196167
11.0600004196167
10.5
11.0
12.100000381469728
13.420000076293944
13.920000076293944
16.31999969482422
18.84000015258789
18.059999465942383
17.780000686645508
18.040000915527344
16.739999771118164
12.4399995803833
11.460000038146973
12.699999809265137
13.220000267028809
15.800000190734863
17.899999618530273
19.13999938964844
21.399999618530277
24.399999618530277
28.100000381469727
30.540000915527344
36.70000076293945
42.7400016784668
52.060001373291016
63.400001525878906
65.16000366210938
62.400001525878906
62.97999954223633
67.80000305175781
69.68000030517578
64.26000213623047
60.36000061035156
53.97999954223633
37.5
24.239999771118164
20.81999969482422
20.239999771118164
18.040000915527344
14.18000030517578
10.920000076293944
8.260000228881836
6.300000190734863
4.900000095367432
2.940000057220459
1.3600000143051147
1.059999942779541
1.100000023841858
0.5600000023841858
0.5400000214576721
0.5400000214576721
0.7799999713897705
0.8199999928474426
0.6600000262260437
0.8999999761581421
1.3799999952316284
1.559999942779541
1.8799999952316284
2.0999999046325684
2.900000095367432
3.9800000190734863
4.519999980926514
4.019999980926514
3.380000114440918
2.759999990463257
1.6200000047683716
1.0399999618530271
1.3600000143051147
1.7599999904632568
3.259999990463257
3.9600000381469727
5.659999847412109
4.179999828338623
2.740000009536743
0.6600000262260437
0.2399999946355819
0.0399999991059303
0.0399999991059303
0.1000000014901161
0.0799999982118606
0.0
0.0
0.0
0.0
0.0
0.0
0.0
0.0
0.0
0.0
0.0
0.0
0.0
0.0
0.0
0.0
0.0
0.0
0.0
0.0
0.0
0.0199999995529651
0.0199999995529651
0.0199999995529651
0.0199999995529651
0.0199999995529651
0.0199999995529651
0.1400000005960464
0.1400000005960464
0.1400000005960464
0.1800000071525573
0.3600000143051147
0.2000000029802322
0.0399999991059303
0.0199999995529651
0.0
0.3600000143051147
0.3600000143051147
0.2399999946355819
0.6399999856948853
0.8199999928474426
0.6399999856948853
0.1400000005960464
0.2599999904632568
0.1800000071525573
0.1199999973177909
0.6200000047683716
0.7200000286102295
0.3000000119209289
0.5199999809265137
0.7400000095367432
0.8199999928474426
1.1399999856948853
1.0399999618530271
1.1399999856948853
1.159999966621399
1.659999966621399
1.7599999904632568
2.0
2.900000095367432
3.9800000190734863
4.019999980926514
4.400000095367432
3.9600000381469727
4.760000228881836
5.480000019073486
5.800000190734863
6.300000190734863
6.199999809265137
6.019999980926514
7.139999866485596
7.019999980926514
6.380000114440918
6.360000133514404
5.159999847412109
5.039999961853027
5.159999847412109
5.099999904632568
5.639999866485596
6.179999828338623
7.380000114440918
8.279999732971191
7.980000019073486
8.600000381469727
7.659999847412109
6.159999847412109
6.360000133514404
7.760000228881836
7.800000190734863
9.479999542236328
10.5600004196167
13.880000114440918
15.5
16.719999313354492
18.059999465942383
18.15999984741211
19.540000915527344
21.299999237060547
18.979999542236328
18.700000762939453
19.86000061035156
22.600000381469727
22.299999237060547
21.799999237060547
24.520000457763672
28.020000457763672
31.040000915527344
31.18000030517578
32.84000015258789
31.920000076293945
34.13999938964844
35.380001068115234
40.08000183105469
38.220001220703125
38.70000076293945
38.59999847412109
34.79999923706055
31.8799991607666
36.97999954223633
39.540000915527344
37.380001068115234
34.560001373291016
33.220001220703125
34.439998626708984
33.91999816894531
32.63999938964844
33.2599983215332
33.279998779296875
29.6200008392334
28.86000061035156
26.21999931335449
23.959999084472656
21.36000061035156
19.940000534057617
18.520000457763672
19.34000015258789
18.739999771118164
17.260000228881836
14.31999969482422
13.15999984741211
13.020000457763672
12.84000015258789
11.600000381469728
11.220000267028809
10.81999969482422
10.739999771118164
10.720000267028809
9.600000381469728
8.479999542236328
8.640000343322754
8.800000190734863
9.359999656677246
10.100000381469728
11.5600004196167
12.239999771118164
13.0600004196167
14.34000015258789
15.5600004196167
16.65999984741211
17.299999237060547
18.76000022888184
20.959999084472656
24.700000762939453
28.81999969482422
33.2599983215332
36.2599983215332
36.27999877929688
40.0
46.040000915527344
49.65999984741211
55.79999923706055
56.15999984741211
52.36000061035156
50.31999969482422
47.15999984741211
42.81999969482422
39.400001525878906
39.52000045776367
34.29999923706055
30.600000381469727
25.84000015258789
24.13999938964844
21.68000030517578
17.3799991607666
15.119999885559082
15.220000267028809
16.059999465942383
14.18000030517578
14.119999885559082
13.859999656677246
13.4399995803833
11.479999542236328
10.800000190734863
8.600000381469727
6.78000020980835
6.420000076293945
7.380000114440918
8.539999961853027
8.5
7.820000171661377
8.0
9.0600004196167
9.479999542236328
11.15999984741211
11.9399995803833
11.5
13.239999771118164
14.4399995803833
16.579999923706055
20.31999969482422
23.86000061035156
26.559999465942383
29.13999938964844
32.779998779296875
36.13999938964844
36.81999969482422
39.2599983215332
44.720001220703125
53.31999969482422
60.91999816894531
64.30000305175781
62.060001373291016
61.560001373291016
59.900001525878906
57.27999877929688
51.5
47.70000076293945
41.84000015258789
36.7400016784668
31.700000762939453
27.84000015258789
23.479999542236328
19.68000030517578
17.100000381469727
15.359999656677246
13.420000076293944
10.520000457763672
8.960000038146973
8.0600004196167
7.460000038146973
7.039999961853027
6.800000190734863
6.019999980926514
5.099999904632568
5.139999866485596
5.21999979019165
5.900000095367432
5.480000019073486
5.300000190734863
6.340000152587891
6.860000133514404
7.0
7.480000019073486
7.71999979019165
9.579999923706056
11.420000076293944
12.899999618530272
14.420000076293944
16.059999465942383
17.739999771118164
20.020000457763672
21.600000381469727
23.5
25.84000015258789
28.559999465942383
31.799999237060547
36.08000183105469
41.09999847412109
44.86000061035156
48.880001068115234
55.63999938964844
62.15999984741211
63.81999969482422
67.18000030517578
64.33999633789062
61.65999984741211
57.900001525878906
56.540000915527344
51.7599983215332
46.91999816894531
40.2400016784668
32.900001525878906
25.5
21.6200008392334
19.100000381469727
14.5600004196167
10.720000267028809
9.619999885559082
8.640000343322754
7.940000057220459
6.400000095367432
6.400000095367432
5.860000133514404
5.539999961853027
5.400000095367432
4.840000152587891
4.179999828338623
4.079999923706055
4.199999809265137
5.239999771118164
5.0
4.980000019073486
4.619999885559082
4.420000076293945
5.239999771118164
5.460000038146973
5.519999980926514
6.260000228881836
6.159999847412109
6.320000171661377
6.420000076293945
6.260000228881836
6.059999942779541
7.840000152587891
9.119999885559082
9.640000343322754
9.739999771118164
10.979999542236328
11.640000343322754
12.979999542236328
14.460000038146973
14.279999732971191
14.220000267028809
14.039999961853027
15.479999542236328
16.860000610351562
17.959999084472656
21.420000076293945
24.07999992370605
26.280000686645508
27.57999992370605
30.07999992370605
31.940000534057617
35.13999938964844
38.93999862670898
45.5
49.36000061035156
52.47999954223633
53.65999984741211
54.09999847412109
54.59999847412109
56.84000015258789
51.97999954223633
49.91999816894531
44.41999816894531
40.220001220703125
36.2400016784668
33.400001525878906
28.8799991607666
25.31999969482422
23.100000381469727
20.36000061035156
18.059999465942383
17.15999984741211
15.920000076293944
16.020000457763672
16.780000686645508
15.84000015258789
14.359999656677246
12.399999618530272
11.039999961853027
10.65999984741211
9.9399995803833
8.739999771118164
8.4399995803833
7.320000171661377
7.0
7.400000095367432
7.079999923706055
7.099999904632568
6.920000076293945
6.619999885559082
6.420000076293945
6.699999809265137
7.0
8.140000343322754
9.720000267028809
10.119999885559082
10.460000038146973
12.020000457763672
12.65999984741211
13.399999618530272
15.619999885559082
16.920000076293945
17.68000030517578
19.71999931335449
20.3799991607666
22.21999931335449
24.040000915527344
25.559999465942383
28.399999618530277
31.34000015258789
31.21999931335449
33.86000061035156
38.220001220703125
40.31999969482422
43.880001068115234
45.380001068115234
45.20000076293945
45.7599983215332
45.84000015258789
46.13999938964844
41.70000076293945
37.97999954223633
33.84000015258789
32.599998474121094
32.7400016784668
30.559999465942383
27.26000022888184
23.5
18.700000762939453
14.380000114440918
14.039999961853027
13.399999618530272
11.640000343322754
10.4399995803833
9.579999923706056
10.020000457763672
10.15999984741211
10.84000015258789
11.699999809265137
12.020000457763672
11.15999984741211
9.9399995803833
10.699999809265137
11.84000015258789
12.960000038146973
13.300000190734863
13.640000343322754
16.979999542236328
18.479999542236328
19.34000015258789
18.6200008392334
20.979999542236328
21.739999771118164
24.299999237060547
27.57999992370605
30.020000457763672
31.15999984741211
33.7400016784668
35.86000061035156
42.70000076293945
48.41999816894531
53.040000915527344
54.2599983215332
55.7599983215332
55.81999969482422
57.380001068115234
57.2599983215332
57.20000076293945
49.7599983215332
44.13999938964844
37.7599983215332
32.599998474121094
29.76000022888184
26.559999465942383
25.71999931335449
24.440000534057617
22.71999931335449
20.5
15.9399995803833
12.960000038146973
11.140000343322754
10.479999542236328
9.0
8.420000076293945
6.599999904632568
6.260000228881836
6.239999771118164
6.860000133514404
7.460000038146973
6.980000019073486
6.28000020980835
6.440000057220459
7.300000190734863
8.15999984741211
8.819999694824219
8.760000228881836
8.619999885559082
8.520000457763672
8.600000381469727
8.199999809265137
8.260000228881836
8.600000381469727
8.680000305175781
8.319999694824219
9.260000228881836
9.720000267028809
11.539999961853027
12.880000114440918
14.239999771118164
15.18000030517578
15.460000038146973
16.479999542236328
18.71999931335449
22.84000015258789
27.899999618530277
29.07999992370605
28.940000534057617
30.21999931335449
35.47999954223633
41.5
45.720001220703125
50.09999847412109
54.540000915527344
58.02000045776367
55.34000015258789
55.040000915527344
53.02000045776367
51.459999084472656
47.959999084472656
45.41999816894531
40.880001068115234
36.060001373291016
33.279998779296875
29.059999465942383
25.76000022888184
22.479999542236328
20.15999984741211
18.8799991607666
16.579999923706055
15.0
12.800000190734863
11.15999984741211
11.0600004196167
10.5
10.380000114440918
9.619999885559082
9.960000038146973
9.300000190734863
9.779999732971191
10.539999961853027
10.68000030517578
9.300000190734863
9.800000190734863
11.020000457763672
11.880000114440918
12.300000190734863
12.359999656677246
12.5600004196167
12.65999984741211
12.520000457763672
14.239999771118164
14.31999969482422
14.600000381469728
15.899999618530272
17.959999084472656
19.68000030517578
20.700000762939453
22.21999931335449
24.739999771118164
27.36000061035156
30.600000381469727
31.68000030517578
34.5
39.900001525878906
46.65999984741211
51.7599983215332
56.68000030517578
61.97999954223633
65.94000244140625
66.41999816894531
61.31999969482422
59.5
56.79999923706055
52.41999816894531
44.2400016784668
37.43999862670898
33.599998474121094
30.200000762939453
26.21999931335449
23.07999992370605
21.920000076293945
19.26000022888184
16.34000015258789
14.420000076293944
14.739999771118164
14.720000267028809
14.380000114440918
13.380000114440918
12.979999542236328
12.18000030517578
10.84000015258789
10.760000228881836
9.920000076293944
9.4399995803833
8.979999542236328
10.279999732971191
10.81999969482422
10.119999885559082
10.140000343322754
11.079999923706056
11.239999771118164
11.84000015258789
12.260000228881836
12.18000030517578
