1.100000023841858
0.4600000083446502
0.6399999856948853
0.699999988079071
0.8999999761581421
0.8399999737739563
1.100000023841858
0.8399999737739563
0.6399999856948853
0.9399999976158142
0.8199999928474426
0.9800000190734864
1.899999976158142
0.5
0.6600000262260437
1.340000033378601
0.7799999713897705
0.7599999904632568
0.699999988079071
1.100000023841858
0.5400000214576721
0.8199999928474426
1.2999999523162842
0.7400000095367432
0.4600000083446502
1.5199999809265137
0.4199999868869781
0.9800000190734864
0.7200000286102295
0.9399999976158142
1.2999999523162842
1.559999942779541
0.5600000023841858
1.1399999856948853
1.4800000190734863
1.1200000047683716
1.6200000047683716
0.8600000143051147
1.1200000047683716
0.9200000166893004
1.2799999713897705
1.2400000095367432
1.1799999475479126
1.3200000524520874
1.2799999713897705
1.940000057220459
1.1799999475479126
0.7200000286102295
1.5
1.3600000143051147
1.0
1.1799999475479126
0.7200000286102295
1.5199999809265137
1.4600000381469729
0.9800000190734864
0.6800000071525574
0.699999988079071
1.4199999570846558
1.2599999904632568
0.959999978542328
1.1399999856948853
0.7799999713897705
0.3799999952316284
0.3199999928474426
0.5
0.4399999976158142
0.2000000029802322
0.3000000119209289
0.8399999737739563
0.8600000143051147
0.6399999856948853
0.6000000238418579
0.3400000035762787
0.5600000023841858
0.8600000143051147
0.8199999928474426
0.8600000143051147
0.6399999856948853
0.3199999928474426
0.1400000005960464
0.2800000011920929
0.4600000083446502
0.8399999737739563
0.6399999856948853
0.699999988079071
1.059999942779541
1.3200000524520874
1.100000023841858
1.2000000476837158
1.1799999475479126
1.1399999856948853
1.6200000047683716
1.9800000190734863
2.700000047683716
3.119999885559082
3.1600000858306885
2.759999990463257
3.140000104904175
4.460000038146973
5.639999866485596
5.980000019073486
6.880000114440918
7.340000152587891
7.659999847412109
7.400000095367432
7.599999904632568
7.980000019073486
8.079999923706055
7.760000228881836
8.140000343322754
9.859999656677246
10.68000030517578
10.800000190734863
10.199999809265137
11.34000015258789
10.619999885559082
11.520000457763672
11.380000114440918
11.640000343322754
12.300000190734863
13.359999656677246
12.81999969482422
12.800000190734863
15.479999542236328
16.940000534057617
19.239999771118164
21.899999618530277
23.36000061035156
24.6200008392334
23.57999992370605
24.15999984741211
24.81999969482422
23.34000015258789
27.6200008392334
27.18000030517578
26.1200008392334
29.899999618530277
34.41999816894531
37.2400016784668
37.060001373291016
36.29999923706055
37.400001525878906
42.77999877929688
43.79999923706055
38.2400016784668
30.0
31.200000762939453
30.31999969482422
28.020000457763672
27.65999984741211
26.520000457763672
23.280000686645508
16.260000228881836
14.5
13.84000015258789
13.34000015258789
12.119999885559082
10.100000381469728
8.779999732971191
9.479999542236328
9.760000228881836
10.0600004196167
10.399999618530272
10.239999771118164
10.539999961853027
11.18000030517578
14.65999984741211
18.959999084472656
22.559999465942383
22.63999938964844
23.540000915527344
28.399999618530277
33.68000030517578
36.09999847412109
35.380001068115234
38.560001373291016
43.880001068115234
45.43999862670898
43.84000015258789
41.400001525878906
47.13999938964844
48.13999938964844
46.560001373291016
42.13999938964844
37.119998931884766
31.420000076293945
24.700000762939453
18.6200008392334
13.420000076293944
9.859999656677246
9.68000030517578
8.880000114440918
7.320000171661377
6.659999847412109
6.71999979019165
6.440000057220459
7.360000133514404
7.760000228881836
8.460000038146973
8.5600004196167
9.239999771118164
9.4399995803833
10.9399995803833
9.859999656677246
10.460000038146973
12.18000030517578
16.579999923706055
21.200000762939453
23.8799991607666
25.020000457763672
28.420000076293945
27.6200008392334
32.70000076293945
37.52000045776367
44.68000030517578
50.20000076293945
56.18000030517578
61.02000045776367
58.7599983215332
56.08000183105469
50.119998931884766
44.20000076293945
40.41999816894531
34.459999084472656
29.299999237060547
26.26000022888184
23.65999984741211
19.200000762939453
14.31999969482422
13.039999961853027
9.760000228881836
8.020000457763672
7.28000020980835
6.820000171661377
6.420000076293945
6.099999904632568
5.539999961853027
5.079999923706055
5.199999809265137
5.28000020980835
4.880000114440918
4.860000133514404
5.800000190734863
7.079999923706055
8.699999809265137
10.68000030517578
12.18000030517578
12.5
13.640000343322754
17.860000610351562
23.68000030517578
29.100000381469727
37.459999084472656
41.119998931884766
48.20000076293945
47.619998931884766
55.97999954223633
69.86000061035156
77.13999938964844
69.80000305175781
58.459999084472656
47.880001068115234
38.15999984741211
29.07999992370605
22.34000015258789
20.13999938964844
18.559999465942383
17.479999542236328
14.979999542236328
12.899999618530272
10.880000114440918
10.800000190734863
10.380000114440918
11.279999732971191
11.479999542236328
11.760000228881836
12.359999656677246
11.199999809265137
10.239999771118164
9.199999809265137
8.920000076293945
10.619999885559082
9.9399995803833
9.5
8.600000381469727
9.0600004196167
10.84000015258789
11.619999885559082
14.119999885559082
15.859999656677246
21.84000015258789
27.299999237060547
32.099998474121094
39.380001068115234
48.08000183105469
58.59999847412109
71.0
82.55999755859375
84.76000213623047
85.0199966430664
85.86000061035156
83.13999938964844
80.05999755859375
69.22000122070312
51.560001373291016
33.2599983215332
18.8799991607666
12.300000190734863
9.399999618530272
8.020000457763672
7.78000020980835
8.300000190734863
8.0600004196167
7.940000057220459
6.679999828338623
5.239999771118164
5.440000057220459
5.960000038146973
6.539999961853027
7.159999847412109
6.679999828338623
5.380000114440918
4.739999771118164
4.920000076293945
5.400000095367432
4.519999980926514
3.799999952316284
3.799999952316284
4.320000171661377
4.480000019073486
4.239999771118164
4.559999942779541
6.5
7.28000020980835
7.940000057220459
8.819999694824219
11.100000381469728
12.84000015258789
12.31999969482422
12.979999542236328
17.079999923706055
24.940000534057617
28.65999984741211
31.420000076293945
33.84000015258789
40.7400016784668
53.720001220703125
71.91999816894531
83.80000305175781
90.87999725341795
89.68000030517578
78.30000305175781
66.68000030517578
55.459999084472656
45.93999862670898
37.93999862670898
29.020000457763672
21.200000762939453
20.07999992370605
19.36000061035156
15.760000228881836
10.260000228881836
8.779999732971191
8.720000267028809
8.960000038146973
8.739999771118164
6.840000152587891
6.380000114440918
5.940000057220459
6.119999885559082
6.519999980926514
5.800000190734863
5.960000038146973
6.28000020980835
5.980000019073486
5.579999923706055
5.699999809265137
7.260000228881836
8.180000305175781
8.760000228881836
8.039999961853027
8.800000190734863
12.380000114440918
17.65999984741211
18.63999938964844
18.6200008392334
17.81999969482422
19.780000686645508
22.71999931335449
31.520000457763672
44.68000030517578
59.43999862670898
77.41999816894531
95.23999786376952
106.13999938964844
113.63999938964844
113.76000213623048
96.77999877929688
70.72000122070312
50.380001068115234
39.2400016784668
26.020000457763672
18.239999771118164
13.579999923706056
10.880000114440918
8.619999885559082
9.579999923706056
10.539999961853027
10.600000381469728
10.18000030517578
9.460000038146973
7.739999771118164
6.340000152587891
7.119999885559082
6.440000057220459
6.71999979019165
6.639999866485596
5.860000133514404
6.71999979019165
7.380000114440918
6.199999809265137
4.840000152587891
3.900000095367432
3.359999895095825
4.239999771118164
4.539999961853027
4.960000038146973
6.139999866485596
6.860000133514404
5.659999847412109
5.840000152587891
6.260000228881836
7.820000171661377
8.739999771118164
10.140000343322754
9.84000015258789
11.760000228881836
13.600000381469728
14.15999984741211
14.0600004196167
16.639999389648438
23.13999938964844
41.63999938964844
67.66000366210938
54.959999084472656
25.18000030517578
4.659999847412109
1.899999976158142
1.7799999713897705
0.9800000190734864
0.0799999982118606
0.6399999856948853
0.7599999904632568
0.5400000214576721
0.1199999973177909
0.0
0.0
0.0
0.0399999991059303
0.0399999991059303
0.0
0.0199999995529651
0.1000000014901161
0.1000000014901161
0.0799999982118606
0.0
0.0799999982118606
0.1000000014901161
0.1400000005960464
0.3799999952316284
0.6200000047683716
0.5400000214576721
0.2000000029802322
0.6000000238418579
1.7200000286102295
1.7999999523162842
2.0199999809265137
0.9200000166893004
0.7599999904632568
0.1000000014901161
0.0599999986588954
0.2000000029802322
0.1400000005960464
0.0399999991059303
0.0
0.0
0.0
0.0
0.0
0.0
0.0
0.0
0.0
0.0
0.0
0.0
0.0
0.0
0.0
0.0399999991059303
0.0399999991059303
0.5799999833106995
0.6600000262260437
0.4199999868869781
0.2800000011920929
0.1800000071525573
0.0
0.0
0.0199999995529651
0.0199999995529651
0.0199999995529651
0.0399999991059303
0.1000000014901161
0.2399999946355819
0.3000000119209289
0.2800000011920929
0.1199999973177909
0.4799999892711639
0.5199999809265137
0.2599999904632568
0.8999999761581421
1.3200000524520874
0.8799999952316284
0.7599999904632568
0.5
0.2199999988079071
0.0399999991059303
0.0799999982118606
0.0399999991059303
0.0399999991059303
0.0
0.0
0.0
0.0
0.0
0.0
0.0
0.0399999991059303
0.5199999809265137
0.2599999904632568
0.1000000014901161
0.1800000071525573
0.2000000029802322
0.0199999995529651
0.0799999982118606
0.0799999982118606
0.0
0.0
0.1000000014901161
0.1000000014901161
0.0
0.0399999991059303
0.0599999986588954
0.1000000014901161
0.0799999982118606
0.0
0.0199999995529651
0.1599999964237213
0.1400000005960464
0.1199999973177909
0.1199999973177909
0.0399999991059303
0.1000000014901161
0.0799999982118606
0.1199999973177909
0.0799999982118606
0.2599999904632568
0.3400000035762787
0.5600000023841858
0.5600000023841858
0.4600000083446502
0.5
0.4799999892711639
0.5799999833106995
0.4199999868869781
0.2800000011920929
0.4399999976158142
0.6399999856948853
0.4799999892711639
0.2199999988079071
0.1599999964237213
0.1599999964237213
0.2000000029802322
0.1199999973177909
0.2800000011920929
0.3799999952316284
0.4399999976158142
0.3600000143051147
0.5400000214576721
0.4399999976158142
0.5600000023841858
0.9200000166893004
1.159999966621399
1.0199999809265137
1.2999999523162842
1.2599999904632568
1.3200000524520874
1.5199999809265137
1.7200000286102295
1.7999999523162842
1.8600000143051147
2.5199999809265137
2.819999933242798
3.220000028610229
2.900000095367432
2.859999895095825
3.0799999237060547
3.4600000381469727
4.239999771118164
5.119999885559082
5.480000019073486
6.920000076293945
7.400000095367432
7.800000190734863
7.239999771118164
8.600000381469727
9.81999969482422
8.979999542236328
7.940000057220459
7.380000114440918
7.599999904632568
8.239999771118164
8.699999809265137
8.800000190734863
8.880000114440918
9.520000457763672
10.4399995803833
10.31999969482422
11.619999885559082
10.979999542236328
10.65999984741211
11.600000381469728
12.960000038146973
14.5600004196167
16.540000915527344
20.959999084472656
22.559999465942383
21.65999984741211
24.700000762939453
27.5
30.540000915527344
30.399999618530277
28.81999969482422
26.020000457763672
27.739999771118164
32.0
29.799999237060547
32.08000183105469
33.81999969482422
36.68000030517578
37.31999969482422
43.77999877929688
44.880001068115234
45.59999847412109
42.619998931884766
36.18000030517578
33.220001220703125
33.900001525878906
28.34000015258789
25.559999465942383
22.959999084472656
21.1200008392334
19.1200008392334
18.68000030517578
16.559999465942383
15.18000030517578
13.420000076293944
13.579999923706056
13.239999771118164
13.399999618530272
13.920000076293944
14.899999618530272
15.920000076293944
15.760000228881836
13.479999542236328
12.699999809265137
12.800000190734863
15.800000190734863
15.979999542236328
17.600000381469727
19.21999931335449
23.68000030517578
27.07999992370605
33.81999969482422
37.060001373291016
36.68000030517578
40.93999862670898
50.47999954223633
58.459999084472656
61.540000915527344
60.02000045776367
54.220001220703125
50.2599983215332
46.36000061035156
39.5
32.86000061035156
29.600000381469727
26.36000061035156
23.540000915527344
18.81999969482422
17.479999542236328
16.18000030517578
14.960000038146973
14.5
13.859999656677246
11.34000015258789
9.5
8.119999885559082
8.520000457763672
8.380000114440918
7.940000057220459
7.920000076293945
7.699999809265137
8.140000343322754
9.079999923706056
10.640000343322754
11.579999923706056
12.100000381469728
12.65999984741211
13.18000030517578
14.18000030517578
15.31999969482422
18.899999618530277
21.18000030517578
25.280000686645508
33.540000915527344
36.63999938964844
37.08000183105469
42.18000030517578
50.52000045776367
56.560001373291016
61.27999877929688
66.4000015258789
68.83999633789062
66.73999786376953
65.69999694824219
58.7599983215332
49.86000061035156
40.58000183105469
35.34000015258789
27.559999465942383
20.280000686645508
16.059999465942383
13.579999923706056
12.119999885559082
11.380000114440918
9.800000190734863
10.079999923706056
9.960000038146973
9.279999732971191
8.15999984741211
8.300000190734863
7.71999979019165
6.440000057220459
6.099999904632568
5.619999885559082
5.340000152587891
4.039999961853027
4.460000038146973
4.559999942779541
4.699999809265137
5.440000057220459
5.860000133514404
4.940000057220459
4.019999980926514
4.659999847412109
5.239999771118164
4.679999828338623
6.800000190734863
7.639999866485596
8.279999732971191
9.18000030517578
10.420000076293944
12.880000114440918
16.739999771118164
19.280000686645508
22.0
24.239999771118164
23.979999542236328
24.700000762939453
30.57999992370605
34.119998931884766
39.86000061035156
44.81999969482422
46.86000061035156
53.13999938964844
60.15999984741211
64.16000366210938
79.5199966430664
89.5999984741211
78.5
61.0
48.900001525878906
38.2400016784668
31.420000076293945
25.059999465942383
21.8799991607666
16.1200008392334
12.279999732971191
11.899999618530272
10.84000015258789
9.18000030517578
8.119999885559082
7.519999980926514
7.820000171661377
8.0
8.920000076293945
9.0
8.5
7.619999885559082
8.020000457763672
7.260000228881836
7.5
6.840000152587891
6.320000171661377
6.880000114440918
6.800000190734863
6.239999771118164
5.78000020980835
7.739999771118164
8.779999732971191
8.680000305175781
8.100000381469727
9.140000343322754
10.460000038146973
12.9399995803833
15.199999809265137
16.84000015258789
18.0
19.979999542236328
22.07999992370605
28.920000076293945
34.15999984741211
36.119998931884766
38.84000015258789
45.47999954223633
54.13999938964844
64.86000061035156
69.9800033569336
80.9800033569336
79.5
75.22000122070312
67.87999725341797
56.880001068115234
48.77999877929688
36.63999938964844
31.07999992370605
25.8799991607666
22.07999992370605
19.520000457763672
15.539999961853027
11.9399995803833
10.5600004196167
10.579999923706056
9.31999969482422
8.399999618530273
8.5600004196167
7.340000152587891
6.699999809265137
6.420000076293945
5.78000020980835
5.28000020980835
4.920000076293945
4.760000228881836
5.980000019073486
6.28000020980835
5.659999847412109
5.179999828338623
5.320000171661377
5.599999904632568
5.820000171661377
5.440000057220459
6.21999979019165
7.300000190734863
7.920000076293945
7.739999771118164
8.539999961853027
10.84000015258789
13.220000267028809
15.420000076293944
17.600000381469727
22.940000534057617
31.940000534057617
38.31999969482422
42.720001220703125
57.08000183105469
71.0199966430664
78.94000244140625
84.95999908447266
94.54000091552734
93.66000366210938
87.76000213623047
78.41999816894531
70.54000091552734
58.34000015258789
44.060001373291016
32.540000915527344
23.299999237060547
17.639999389648438
15.739999771118164
13.300000190734863
11.880000114440918
13.0600004196167
11.020000457763672
8.859999656677246
7.5
6.840000152587891
7.340000152587891
7.119999885559082
7.159999847412109
6.480000019073486
5.900000095367432
5.119999885559082
5.639999866485596
5.159999847412109
4.760000228881836
4.71999979019165
4.940000057220459
5.0
4.920000076293945
5.420000076293945
5.860000133514404
6.039999961853027
6.960000038146973
6.659999847412109
6.21999979019165
5.820000171661377
6.739999771118164
8.34000015258789
10.399999618530272
12.119999885559082
12.15999984741211
12.640000343322754
13.100000381469728
16.479999542236328
19.57999992370605
23.57999992370605
26.739999771118164
30.520000457763672
36.27999877929688
44.7400016784668
48.47999954223633
53.79999923706055
63.220001220703125
73.26000213623047
78.33999633789062
78.5199966430664
81.68000030517578
81.18000030517578
72.9800033569336
58.77999877929688
49.060001373291016
41.900001525878906
36.560001373291016
30.63999938964844
24.100000381469727
19.1200008392334
16.219999313354492
13.0600004196167
13.279999732971191
11.920000076293944
10.020000457763672
9.399999618530272
9.739999771118164
9.979999542236328
9.399999618530272
9.260000228881836
9.079999923706056
9.65999984741211
10.239999771118164
11.119999885559082
10.859999656677246
8.479999542236328
6.619999885559082
5.940000057220459
6.320000171661377
5.760000228881836
5.380000114440918
5.28000020980835
5.420000076293945
5.21999979019165
5.639999866485596
5.679999828338623
6.760000228881836
7.480000019073486
7.340000152587891
7.639999866485596
8.960000038146973
9.81999969482422
10.460000038146973
9.739999771118164
12.579999923706056
18.200000762939453
23.559999465942383
30.34000015258789
39.43999862670898
44.7400016784668
49.119998931884766
51.84000015258789
57.02000045776367
65.05999755859375
72.9000015258789
75.16000366210938
69.83999633789062
67.72000122070312
65.77999877929688
61.84000015258789
57.79999923706055
47.900001525878906
39.63999938964844
33.5
29.459999084472656
24.520000457763672
21.799999237060547
17.420000076293945
14.460000038146973
12.899999618530272
11.199999809265137
11.34000015258789
10.579999923706056
9.380000114440918
8.479999542236328
8.380000114440918
8.760000228881836
8.34000015258789
7.320000171661377
7.400000095367432
7.460000038146973
7.699999809265137
7.5
7.71999979019165
8.260000228881836
9.5
9.5
8.84000015258789
8.640000343322754
8.039999961853027
7.980000019073486
7.519999980926514
7.099999904632568
7.71999979019165
9.020000457763672
9.579999923706056
9.960000038146973
9.979999542236328
10.739999771118164
11.600000381469728
10.960000038146973
10.300000190734863
11.460000038146973
12.720000267028809
15.300000190734863
20.57999992370605
23.559999465942383
24.76000022888184
26.940000534057617
32.779998779296875
37.34000015258789
41.380001068115234
47.31999969482422
49.040000915527344
49.2599983215332
53.97999954223633
62.18000030517578
71.73999786376953
76.41999816894531
71.04000091552734
66.18000030517578
63.540000915527344
58.63999938964844
49.68000030517578
37.63999938964844
26.07999992370605
20.200000762939453
16.059999465942383
13.920000076293944
12.300000190734863
14.199999809265137
14.800000190734863
12.880000114440918
12.84000015258789
13.119999885559082
12.359999656677246
11.68000030517578
10.600000381469728
9.739999771118164
8.880000114440918
9.119999885559082
10.65999984741211
10.9399995803833
11.140000343322754
11.65999984741211
12.420000076293944
12.020000457763672
11.65999984741211
10.31999969482422
10.4399995803833
11.039999961853027
9.5600004196167
9.359999656677246
9.020000457763672
9.81999969482422
9.81999969482422
8.300000190734863
7.699999809265137
9.119999885559082
10.039999961853027
11.31999969482422
11.199999809265137
10.920000076293944
12.699999809265137
13.859999656677246
14.68000030517578
16.219999313354492
18.3799991607666
21.6200008392334
25.15999984741211
29.21999931335449
31.3799991607666
36.15999984741211
38.41999816894531
45.31999969482422
53.31999969482422
59.720001220703125
64.12000274658203
69.63999938964844
73.16000366210938
71.69999694824219
70.4800033569336
64.80000305175781
56.58000183105469
48.5
43.58000183105469
38.68000030517578
31.76000022888184
24.63999938964844
22.65999984741211
21.200000762939453
20.13999938964844
19.940000534057617
21.8799991607666
21.86000061035156
20.26000022888184
18.15999984741211
18.799999237060547
16.68000030517578
15.779999732971191
13.579999923706056
11.720000267028809
9.920000076293944
9.539999961853027
9.260000228881836
9.760000228881836
9.699999809265137
9.5
9.380000114440918
9.199999809265137
9.399999618530272
9.079999923706056
7.300000190734863
6.960000038146973
7.880000114440918
7.699999809265137
6.920000076293945
5.78000020980835
5.5
6.139999866485596
7.079999923706055
8.420000076293945
9.0
7.980000019073486
8.579999923706055
8.619999885559082
9.760000228881836
11.0
12.600000381469728
14.899999618530272
17.600000381469727
20.399999618530277
24.21999931335449
28.36000061035156
33.220001220703125
37.18000030517578
39.900001525878906
48.63999938964844
57.2599983215332
66.76000213623047
79.31999969482422
83.08000183105469
79.22000122070312
77.30000305175781
74.16000366210938
70.81999969482422
68.80000305175781
59.68000030517578
47.619998931884766
36.619998931884766
26.57999992370605
20.15999984741211
16.540000915527344
13.100000381469728
11.920000076293944
11.899999618530272
13.800000190734863
13.4399995803833
12.880000114440918
11.600000381469728
10.300000190734863
9.920000076293944
8.300000190734863
8.9399995803833
9.119999885559082
8.960000038146973
8.300000190734863
8.020000457763672
7.420000076293945
6.800000190734863
6.239999771118164
6.159999847412109
6.28000020980835
6.059999942779541
5.980000019073486
5.960000038146973
6.139999866485596
6.400000095367432
6.619999885559082
6.940000057220459
7.159999847412109
6.800000190734863
7.599999904632568
9.199999809265137
10.4399995803833
10.34000015258789
10.039999961853027
10.779999732971191
12.68000030517578
15.31999969482422
17.239999771118164
19.5
20.36000061035156
23.280000686645508
27.559999465942383
32.34000015258789
36.380001068115234
42.68000030517578
49.63999938964844
53.09999847412109
57.2400016784668
60.31999969482422
65.63999938964844
70.5199966430664
70.94000244140625
64.0
52.84000015258789
47.77999877929688
43.47999954223633
39.13999938964844
34.02000045776367
31.65999984741211
30.479999542236328
29.540000915527344
27.63999938964844
24.920000076293945
22.739999771118164
20.07999992370605
18.399999618530277
17.979999542236328
16.18000030517578
14.0600004196167
13.399999618530272
13.899999618530272
14.979999542236328
14.68000030517578
14.760000228881836
13.859999656677246
13.5600004196167
12.699999809265137
14.0600004196167
14.34000015258789
14.600000381469728
12.4399995803833
11.65999984741211
10.579999923706056
10.140000343322754
10.0
9.600000381469728
9.68000030517578
9.359999656677246
8.479999542236328
8.180000305175781
9.699999809265137
8.880000114440918
8.359999656677246
9.5
10.399999618530272
11.0
11.899999618530272
13.460000038146973
14.920000076293944
18.059999465942383
19.280000686645508
20.3799991607666
20.059999465942383
21.31999969482422
23.15999984741211
26.780000686645508
29.959999084472656
32.91999816894531
35.2599983215332
39.93999862670898
42.380001068115234
44.36000061035156
47.959999084472656
54.13999938964844
60.060001373291016
65.30000305175781
69.69999694824219
68.86000061035156
66.0999984741211
61.31999969482422
55.560001373291016
48.77999877929688
45.52000045776367
45.540000915527344
40.18000030517578
31.420000076293945
25.1200008392334
22.239999771118164
21.540000915527344
19.239999771118164
19.15999984741211
17.3799991607666
14.720000267028809
13.279999732971191
13.479999542236328
12.9399995803833
14.5600004196167
14.539999961853027
14.18000030517578
12.4399995803833
11.460000038146973
10.68000030517578
11.5600004196167
11.640000343322754
10.979999542236328
9.68000030517578
9.699999809265137
8.140000343322754
7.420000076293945
7.099999904632568
7.159999847412109
7.039999961853027
6.800000190734863
6.940000057220459
7.340000152587891
7.639999866485596
7.21999979019165
7.820000171661377
7.179999828338623
7.820000171661377
9.100000381469728
9.600000381469728
9.760000228881836
9.739999771118164
9.5600004196167
10.199999809265137
11.039999961853027
12.239999771118164
13.479999542236328
14.31999969482422
15.800000190734863
18.280000686645508
19.540000915527344
22.6200008392334
24.81999969482422
26.76000022888184
29.15999984741211
30.959999084472656
32.599998474121094
34.86000061035156
36.0
40.59999847412109
46.81999969482422
50.97999954223633
54.47999954223633
55.36000061035156
58.81999969482422
59.79999923706055
58.65999984741211
54.0
50.18000030517578
48.52000045776367
43.2599983215332
41.060001373291016
39.5
35.97999954223633
33.279998779296875
29.8799991607666
26.36000061035156
22.65999984741211
21.479999542236328
21.3799991607666
20.979999542236328
20.100000381469727
19.76000022888184
18.26000022888184
16.100000381469727
15.5
15.720000267028809
17.639999389648438
16.84000015258789
16.420000076293945
14.520000457763672
13.31999969482422
13.260000228881836
13.0
12.18000030517578
13.399999618530272
12.81999969482422
11.84000015258789
10.979999542236328
10.18000030517578
9.739999771118164
9.4399995803833
9.359999656677246
8.880000114440918
9.380000114440918
8.960000038146973
9.779999732971191
10.84000015258789
11.399999618530272
12.859999656677246
13.34000015258789
13.979999542236328
15.199999809265137
16.6200008392334
18.040000915527344
18.18000030517578
19.979999542236328
20.8799991607666
23.6200008392334
25.200000762939453
28.65999984741211
31.18000030517578
33.47999954223633
35.7400016784668
37.560001373291016
42.880001068115234
47.27999877929688
51.52000045776367
58.060001373291016
62.65999984741211
68.9000015258789
73.5999984741211
71.19999694824219
65.36000061035156
56.77999877929688
50.0
45.7400016784668
42.459999084472656
36.18000030517578
33.040000915527344
30.34000015258789
26.65999984741211
23.420000076293945
22.18000030517578
20.21999931335449
18.780000686645508
17.479999542236328
16.739999771118164
15.420000076293944
14.479999542236328
12.279999732971191
10.640000343322754
10.140000343322754
9.739999771118164
9.979999542236328
9.5600004196167
8.699999809265137
8.5
9.220000267028809
10.0600004196167
9.979999542236328
10.100000381469728
10.220000267028809
10.100000381469728
9.600000381469728
9.300000190734863
10.100000381469728
10.720000267028809
10.5600004196167
10.460000038146973
10.039999961853027
10.5600004196167
10.800000190734863
11.039999961853027
11.779999732971191
12.600000381469728
12.779999732971191
