-274.48309326171875
-165.34091186523438
-193.1812744140625
-252.88824462890625
-101.60111236572266
-107.30420684814452
-196.93186950683597
-144.94532775878906
-165.52374267578125
-148.53953552246094
-111.75212097167967
-88.79865264892578
-173.44351196289062
-57.47748565673828
-93.431884765625
-115.06533813476562
-60.29143905639648
-69.02269744873047
-54.86653900146485
-60.61603164672852
-96.13949584960938
-80.62686157226562
-50.50608825683594
-49.032981872558594
-51.3859977722168
-56.64810180664063
-32.60850524902344
-30.235767364501957
-39.07960510253906
-20.30762481689453
-23.43182373046875
-15.485754013061523
-14.338005065917969
-6.358320236206055
-1.315285086631775
3.6736960411071777
7.722952365875244
7.917330265045166
13.523079872131348
17.778759002685547
21.64793968200684
27.795677185058597
29.971420288085938
42.95539093017578
65.88864135742188
61.2165641784668
64.08120727539062
67.0943374633789
73.53228759765625
94.94357299804688
102.38488006591795
121.86487579345705
129.20184326171875
146.40733337402344
176.2182159423828
167.93475341796875
182.9650421142578
207.0775909423828
204.71437072753903
247.9820709228516
268.7222900390625
278.1064453125
334.23504638671875
386.1987609863281
377.6824951171875
381.7845764160156
419.1932678222656
477.3034057617188
525.6589965820312
501.5414123535156
562.2613525390625
609.6109619140625
638.8978271484375
643.796875
612.9522705078125
686.2164306640625
706.81298828125
738.8418579101562
803.0409545898438
772.8864135742188
740.3458862304688
813.16796875
924.9517822265624
839.6422119140625
831.908935546875
841.241455078125
857.674072265625
937.27734375
1000.799560546875
1045.4521484375
969.7203979492188
973.564208984375
1062.72216796875
1095.0748291015625
1131.666015625
1228.7593994140625
1140.6719970703125
982.587158203125
1151.5306396484375
1313.6153564453125
1403.888427734375
1350.4296875
1287.376708984375
1216.1697998046875
1096.1846923828125
1139.98583984375
1343.8935546875
1475.2261962890625
1459.57421875
1357.8941650390625
1387.8026123046875
1551.9688720703125
1548.4576416015625
1296.2396240234375
1282.5833740234375
1477.5274658203125
1464.315185546875
1516.5400390625
1697.9486083984375
1805.962646484375
1774.9493408203125
1710.8973388671875
1701.8079833984375
1760.1126708984375
1825.3876953125
1838.114013671875
1841.78515625
1731.1439208984375
1734.002685546875
1793.25634765625
1820.524169921875
1853.90087890625
1876.146240234375
1862.158447265625
1873.5792236328125
1912.7401123046875
1994.7896728515625
2013.415283203125
1992.2242431640625
2021.8631591796875
2062.47119140625
2094.807373046875
2145.320068359375
2250.741943359375
2299.659912109375
2329.769775390625
2308.844482421875
2178.459716796875
2151.718505859375
2286.244384765625
2296.83544921875
2203.2548828125
2186.375244140625
2176.0751953125
2145.870361328125
2133.241455078125
2080.779296875
2057.00244140625
2067.120361328125
2145.281494140625
2168.623046875
2145.837158203125
2151.369384765625
2177.076171875
2150.67236328125
2164.09619140625
2204.811767578125
2184.345703125
2181.594970703125
2240.139892578125
2254.662109375
2290.5166015625
2304.445556640625
2354.4423828125
2425.821044921875
2395.5869140625
2404.590087890625
2475.177734375
2500.10009765625
2540.54150390625
2564.135009765625
2589.333984375
2568.30322265625
2568.671142578125
2653.476806640625
2662.038330078125
2656.6669921875
2747.90283203125
2845.109130859375
2885.64990234375
2914.5654296875
2811.44384765625
2800.96875
2895.500244140625
2798.061279296875
2720.385986328125
2692.354736328125
2669.452880859375
2650.79150390625
2627.428466796875
2619.6376953125
2611.818603515625
2611.8486328125
2631.192138671875
2603.515869140625
2613.068359375
2659.15869140625
2611.031982421875
2577.3271484375
2614.973876953125
2640.458740234375
2655.5341796875
2668.036865234375
2680.194091796875
2691.4677734375
2706.509033203125
2722.778076171875
2733.7705078125
2747.1123046875
2763.749267578125
2732.7958984375
2681.128662109375
2715.515869140625
2760.427734375
2750.57177734375
2751.367919921875
2766.4140625
2780.21728515625
2780.088134765625
2697.50634765625
2714.86474609375
2780.19677734375
2817.70654296875
2759.3701171875
2667.8349609375
2672.19287109375
2735.180419921875
2753.054931640625
2725.484375
2751.3583984375
2784.07373046875
2857.760986328125
2871.0263671875
2825.2275390625
2834.05322265625
2895.980712890625
2901.78466796875
2904.13623046875
2858.152099609375
2768.466796875
2749.352783203125
2818.15380859375
2754.0400390625
2787.955078125
2890.91845703125
2935.50146484375
2943.076904296875
2916.3974609375
2888.483154296875
2927.2880859375
2928.871337890625
2965.0400390625
2950.625
2932.2080078125
2914.953857421875
2916.24658203125
2919.45947265625
2862.0048828125
2850.240966796875
2897.76318359375
2885.623046875
2831.711181640625
2833.376953125
2882.2255859375
2873.94384765625
2871.078857421875
2876.0556640625
2877.861572265625
2890.29150390625
2893.886474609375
2827.836669921875
2764.729736328125
2815.761474609375
2819.405517578125
2784.0107421875
2837.0556640625
2884.907470703125
2895.641357421875
2901.25537109375
2849.910400390625
2843.90185546875
2835.74560546875
2836.143798828125
2860.224365234375
2858.355712890625
2905.205322265625
2922.453125
2935.328857421875
2942.625244140625
2892.1787109375
2896.23876953125
2949.13427734375
2934.41748046875
2869.396240234375
2767.23876953125
2816.781494140625
2945.21875
2939.29345703125
2762.1298828125
2663.821044921875
2465.42041015625
2549.7236328125
2718.875244140625
2551.10400390625
2511.935546875
2537.426025390625
2674.4111328125
2805.609375
2817.881591796875
2231.241455078125
1914.4381103515625
1650.4246826171875
1606.5933837890625
1691.8673095703125
1834.014892578125
2117.977783203125
2053.64404296875
1904.1668701171875
1889.7410888671875
1896.784423828125
2132.78271484375
2165.568603515625
2353.042236328125
2227.65869140625
1965.76123046875
2193.772705078125
2577.192138671875
2623.068359375
2406.745361328125
1939.5311279296875
1073.908935546875
440.4931945800781
286.6831970214844
289.0969543457031
330.6480407714844
390.2925415039063
257.1703796386719
-101.46101379394533
-384.3083190917969
-490.5647277832031
-526.4702758789062
-640.3687744140625
-758.8369750976562
-963.3035888671876
-996.981689453125
-1050.0234375
-1512.10693359375
-1469.846923828125
-935.8646850585938
-967.6967163085938
-1630.9429931640625
-1902.9564208984373
-1654.7220458984375
-1032.2459716796875
-552.2693481445312
14.88860321044922
472.8059387207031
547.065185546875
468.2951049804688
411.2046508789063
-21.521211624145508
-733.8531494140625
-1227.890625
-1185.1055908203125
-936.888427734375
-779.2181396484375
-245.55101013183597
254.95867919921875
113.1815414428711
-2051.54541015625
-3069.8369140625
-3067.018798828125
-1361.0078125
-897.1166381835938
-589.2513427734375
-615.8299560546875
-565.7837524414062
-455.5086669921875
-312.71533203125
-129.9921875
-113.14044189453124
-129.576171875
-16.957149505615234
4.810051441192627
30.739351272583008
104.10552978515624
168.25697326660156
214.9830322265625
268.3875732421875
303.8730773925781
84.0595703125
87.3125
32.422889709472656
76.66378784179688
174.49085998535156
241.34652709960935
256.98248291015625
234.44679260253903
207.5767364501953
-46.612186431884766
-103.86344909667967
-115.28331756591795
-277.0435791015625
-243.05294799804688
-8.930334091186523
-45.7144775390625
-311.799072265625
-188.08529663085935
-847.98779296875
-1172.637939453125
-1218.756591796875
-1305.0118408203125
-1174.0804443359375
-1329.36572265625
-1442.3515625
-2047.076416015625
-3613.466796875
-4159.46875
-4085.4326171875
-3784.56494140625
-2753.487548828125
-1562.5748291015625
-1378.724365234375
-1437.6785888671875
-1491.0352783203125
-1472.1339111328125
-1080.23291015625
-915.9735717773438
-157.65512084960938
-164.97296142578125
-338.1408996582031
-147.14637756347656
-275.9110107421875
-130.60885620117188
-118.53179931640624
-113.10122680664062
-254.12124633789065
-293.5254211425781
-110.84485626220705
-118.00951385498048
-108.85103607177734
-72.60368347167969
-85.41015625
-91.86136627197266
-81.99040222167969
-88.17477416992188
-57.64971160888672
-58.08755874633789
-79.7010269165039
-98.20001220703124
-80.42294311523438
-84.2518539428711
-76.70191192626953
-104.98242950439452
-73.82820892333984
-68.89506530761719
-72.77739715576172
-49.80280685424805
-66.67547607421875
-69.55134582519531
-58.827938079833984
-47.75814437866211
-91.12847900390624
-65.00904083251953
-52.732940673828125
-56.838897705078125
-40.91474914550781
-48.09331893920898
-44.831016540527344
-50.443241119384766
-40.80870819091797
-37.39280700683594
-42.648887634277344
-47.845333099365234
-30.088417053222656
-43.15815734863281
-38.57548904418945
-66.8389663696289
-43.62006759643555
-30.00651359558105
-39.83105850219727
-31.216779708862305
-43.16584396362305
-23.00796890258789
-30.88436317443848
-19.38612365722656
-28.79645538330078
-38.65231323242188
-23.661584854125977
-24.082963943481445
-29.402109146118164
-30.481630325317383
-21.192115783691406
-19.327587127685547
-4.96800708770752
-10.41317367553711
-19.225963592529297
-7.953914642333984
-12.420212745666504
1.8055981397628784
16.220203399658203
13.961751937866213
-5.479094982147217
21.908601760864254
-4.315832614898682
-3.780938148498535
-5.5783514976501465
8.4483003616333
-0.6682765483856201
9.058610916137695
2.674216985702514
-0.6677039861679077
29.06643867492676
3.3774750232696533
5.582479476928711
5.832316875457764
18.026308059692383
7.647194385528564
22.34067153930664
25.004159927368164
36.78425216674805
31.37181854248047
30.12142562866211
15.196582794189451
55.5324821472168
26.65579032897949
58.70664978027344
19.104005813598636
39.623836517333984
40.59917068481445
51.94819641113281
31.69338607788086
63.078250885009766
52.16439437866211
49.07429504394531
51.564544677734375
33.12432098388672
51.6469612121582
50.024227142333984
56.295291900634766
68.95902252197266
56.92900466918945
66.451171875
78.14038848876953
62.64400863647461
82.84693145751953
56.64717864990234
87.94375610351562
94.20051574707033
81.16120910644531
96.98834228515624
82.5063705444336
168.9374542236328
85.74711608886719
85.72107696533203
128.40525817871094
100.34748840332033
95.43415069580078
144.20822143554688
165.2884521484375
143.28765869140625
130.9739227294922
184.82330322265625
217.5441436767578
180.8206024169922
165.97576904296875
201.9123687744141
184.33609008789065
217.0460205078125
202.51675415039065
235.09649658203125
307.05908203125
235.6400451660156
255.54132080078125
326.5243530273437
357.75054931640625
299.71051025390625
225.7445526123047
316.408447265625
258.84893798828125
376.2160034179688
382.0419006347656
373.0948181152344
405.580078125
512.300048828125
494.5887451171875
461.4925537109375
507.9889831542969
533.7935180664062
441.3478088378906
383.5880432128906
499.1978149414063
480.2713012695313
504.5457763671875
566.3086547851562
552.0684204101562
524.9815063476562
533.035400390625
600.4757080078125
595.6588134765625
565.2037353515625
679.2433471679688
692.5736694335938
743.5951538085938
716.904541015625
710.1546630859375
739.7769775390625
737.2826538085938
692.8043212890625
717.4815673828125
787.7488403320312
799.1820068359375
833.4715576171875
861.6585083007812
775.7274780273438
671.9644775390625
722.1695556640625
805.794921875
890.8010864257812
891.8543090820312
836.7901000976562
872.923828125
814.5703125
828.818603515625
744.0215454101562
692.8401489257812
872.5951538085938
978.055908203125
901.7525634765624
862.5404663085938
958.40380859375
916.31591796875
864.1409912109375
914.9022827148438
1011.2586669921876
1068.850830078125
1122.531982421875
1005.1550903320312
1026.8154296875
1260.2205810546875
1139.1611328125
993.8477172851562
1049.63037109375
1192.572265625
1184.2716064453125
1156.3316650390625
1262.534423828125
1292.618408203125
1242.5972900390625
1290.0601806640625
1195.7730712890625
1163.485595703125
1304.0313720703125
1337.3746337890625
1339.673095703125
1276.9144287109375
1364.8165283203125
1462.4403076171875
1385.3963623046875
1372.453857421875
1392.87109375
1336.74072265625
1384.4871826171875
1488.047607421875
1430.4140625
1320.9559326171875
1391.2149658203125
1403.62109375
1415.9873046875
1394.1322021484375
1207.4024658203125
1275.4320068359375
1242.159423828125
1224.659912109375
1300.779541015625
1451.8779296875
1523.2998046875
1583.8106689453125
1621.4259033203125
1529.4962158203125
1413.938232421875
1500.7835693359375
1640.608642578125
1669.4189453125
1609.80517578125
1533.896728515625
1537.9365234375
1559.233642578125
1658.75244140625
1666.8089599609375
1602.5118408203125
1658.896240234375
1695.085205078125
1708.0096435546875
1579.3421630859375
1528.3326416015625
1644.6959228515625
1715.770751953125
1711.4625244140625
1667.4317626953125
1644.9228515625
1754.8634033203125
1766.94091796875
1832.78857421875
1838.56689453125
1772.3470458984375
1771.416748046875
1765.84326171875
1732.2457275390625
1830.7047119140625
1803.7333984375
1776.2080078125
1775.56494140625
1824.3834228515625
1785.2789306640625
1847.2003173828125
1863.2432861328125
1785.4605712890625
1812.6507568359373
1882.032958984375
1875.7626953125
1885.0322265625
1909.641357421875
1867.7745361328125
1892.7557373046875
1881.5621337890625
1909.77978515625
1962.0816650390625
1943.3291015625
1919.2099609375
1968.9801025390625
2047.4024658203125
2051.7060546875
2054.905517578125
2108.984619140625
2126.779296875
2138.443359375
2104.119140625
2110.979736328125
2099.346923828125
2102.0947265625
2172.112548828125
2165.0849609375
2084.023193359375
2046.8699951171875
2136.3466796875
2110.726318359375
2083.687744140625
2144.929931640625
2161.666015625
2169.215576171875
2176.7529296875
2214.59521484375
2202.2470703125
2217.75244140625
2227.826416015625
2178.5927734375
2164.634765625
2196.495361328125
2215.883056640625
2243.27490234375
2249.328125
2223.990234375
2227.70751953125
2263.5458984375
2280.959228515625
2264.113525390625
2258.76025390625
2228.194091796875
2234.72802734375
2343.48974609375
2361.845947265625
2380.026123046875
2349.60107421875
2357.3212890625
2426.61474609375
2422.35107421875
2428.359619140625
2377.126953125
2368.80810546875
2407.73095703125
2350.019287109375
2288.408935546875
2354.181640625
2422.699462890625
2429.870849609375
2419.19287109375
2483.160400390625
2537.643798828125
2480.879150390625
2474.366943359375
2505.942626953125
2495.33203125
2472.9765625
2477.262451171875
2486.47509765625
2505.2373046875
2461.54296875
2447.242431640625
2454.38671875
2441.793701171875
2443.890869140625
2474.398681640625
2421.89306640625
2420.22802734375
2458.146240234375
2448.315673828125
2457.2041015625
2475.89990234375
2494.465576171875
2507.0400390625
2515.05712890625
2520.757568359375
2531.941650390625
2548.207275390625
2556.642578125
2567.513916015625
2585.023193359375
2604.218017578125
2615.669921875
2621.266357421875
2597.458251953125
2601.332763671875
2604.0361328125
2633.226318359375
2637.330322265625
2612.191162109375
2682.65185546875
2735.504150390625
2699.936767578125
2723.054443359375
2783.3427734375
2788.48583984375
2757.5498046875
2732.706787109375
2725.792236328125
2706.0888671875
2651.35302734375
2648.671875
2691.003173828125
2683.552734375
2664.743408203125
2653.632568359375
2651.82958984375
2659.087158203125
2667.417724609375
2669.093017578125
2667.624267578125
2661.468505859375
2655.059326171875
2659.0732421875
2669.508544921875
2676.080322265625
2627.435546875
2554.314208984375
2556.6904296875
2582.57958984375
2663.66552734375
2672.572509765625
2679.62255859375
2689.6162109375
2708.464599609375
2722.5126953125
2734.047607421875
2746.172119140625
2759.679931640625
2768.215087890625
2779.8125
2754.804931640625
2740.655029296875
2722.163818359375
2767.9072265625
2758.343994140625
2782.527587890625
2801.097900390625
2803.67431640625
2762.81884765625
2816.48876953125
2862.781982421875
2837.669921875
2776.773193359375
2828.418212890625
2866.95947265625
2869.175537109375
2892.075927734375
2886.097412109375
2882.437255859375
2876.369384765625
2861.735107421875
2845.905029296875
2838.44091796875
2832.311279296875
2834.901611328125
2839.405029296875
2832.551025390625
2803.804931640625
2772.87353515625
2768.52685546875
2790.93115234375
2827.074462890625
2800.230712890625
2805.407470703125
2812.50634765625
2794.4150390625
2791.3662109375
2816.8212890625
2808.2685546875
2802.466552734375
2821.679443359375
2787.217529296875
2795.404052734375
2853.9560546875
2870.85302734375
2879.85009765625
2854.390625
2856.851806640625
2885.861572265625
2902.9287109375
2849.7822265625
2851.8310546875
2920.991455078125
2913.144287109375
2935.13916015625
2934.832763671875
2946.35400390625
2937.9580078125
2948.00537109375
2990.842529296875
2996.121337890625
3014.828857421875
3023.652099609375
3027.037109375
3004.845703125
2986.1259765625
2979.194091796875
2972.8017578125
2950.32275390625
2922.96337890625
2887.46875
2882.9931640625
2883.003662109375
2898.3134765625
2895.529052734375
2892.930908203125
2897.65966796875
2906.205078125
2905.51806640625
2898.9169921875
2898.085693359375
2900.0478515625
2904.720947265625
2905.526611328125
2901.766357421875
2906.4150390625
2906.36181640625
2915.830322265625
2925.813232421875
2928.066650390625
2926.576171875
2928.0810546875
2938.058837890625
2948.92822265625
2957.056884765625
2962.7470703125
2965.798828125
2970.516357421875
2977.572265625
2980.838134765625
2988.763671875
2987.357177734375
2986.04443359375
2990.128173828125
2994.54052734375
2992.064453125
2991.025390625
3000.40625
3009.046142578125
3024.78125
3037.205078125
3047.775634765625
3060.449462890625
3027.86181640625
3033.324951171875
3077.511474609375
3082.077392578125
2976.244140625
2976.470947265625
3022.3447265625
3014.357421875
2951.855224609375
2936.0791015625
2992.694580078125
2972.49658203125
2981.2744140625
2980.80224609375
2999.510009765625
2940.351806640625
2904.834716796875
2966.716796875
2999.9755859375
2995.1416015625
2995.819580078125
2994.1298828125
2994.663818359375
2998.032470703125
3003.079345703125
3000.4521484375
2993.913818359375
2944.03564453125
2948.961669921875
2997.5234375
3000.176025390625
3001.186279296875
2965.08251953125
2970.07568359375
3017.20556640625
3020.999267578125
3025.82470703125
2916.169677734375
2915.074462890625
2966.06103515625
2911.34521484375
2947.341796875
3005.0224609375
3032.875732421875
3027.433349609375
3007.105712890625
3014.71337890625
3044.534912109375
3046.415283203125
3056.313232421875
3063.030517578125
3070.656005859375
3035.49560546875
3038.2138671875
3047.003662109375
3096.2333984375
3025.135986328125
2970.78271484375
3013.093505859375
3081.051025390625
3133.97119140625
3135.11279296875
3135.394775390625
3141.3056640625
3137.054931640625
3065.191650390625
3043.33447265625
3060.4912109375
3038.392578125
3024.376953125
3045.175048828125
3047.034912109375
3050.929931640625
3048.3154296875
3039.632568359375
3039.17431640625
3037.706298828125
3038.9658203125
2986.62255859375
2992.5048828125
2989.31591796875
3042.765625
3048.5107421875
3046.4375
3043.337890625
3044.015380859375
3049.97119140625
3056.983154296875
3058.07275390625
3057.306640625
3057.259765625
3060.522705078125
3063.6044921875
3068.51220703125
3060.78125
3062.8701171875
3074.121826171875
3076.4736328125
3076.2392578125
3050.6064453125
3049.331298828125
3076.664306640625
3018.125244140625
3022.101806640625
3087.615966796875
3095.13916015625
3094.570068359375
3091.308349609375
3087.910888671875
3075.88525390625
3081.694580078125
3113.8974609375
3123.198486328125
3131.591552734375
3133.188720703125
3053.205078125
3008.55126953125
3093.744384765625
3152.563232421875
3160.597412109375
3062.93310546875
3058.520263671875
3135.219970703125
3125.125244140625
3122.875732421875
3050.598388671875
3047.027587890625
3102.228759765625
3095.61181640625
3097.204345703125
3049.227294921875
3048.82373046875
3088.7900390625
3082.841796875
3083.6220703125
3087.121337890625
3088.390869140625
3087.179931640625
3085.66748046875
3082.64208984375
3086.301025390625
3084.13427734375
3087.09716796875
3082.1787109375
3074.0625
3071.60498046875
3085.10693359375
3083.439697265625
3018.173095703125
3013.417724609375
3073.98876953125
3079.340576171875
3080.416259765625
3082.753662109375
3083.153076171875
3084.203125
3087.31005859375
3086.944091796875
3091.218505859375
3096.51220703125
3097.524169921875
3108.613525390625
3117.703125
3119.66552734375
3083.283447265625
3075.01123046875
3122.36376953125
3125.105224609375
3151.949462890625
3159.968017578125
3168.2109375
3165.866455078125
3170.170654296875
3171.971923828125
3179.85595703125
3186.964599609375
3067.07470703125
3030.726318359375
3090.531494140625
3122.572509765625
3115.50244140625
3095.649658203125
3091.985107421875
3143.558837890625
3137.577880859375
3129.139892578125
3125.019287109375
3117.622802734375
3111.242431640625
3108.558837890625
3105.683837890625
3107.310302734375
3103.75341796875
3107.5732421875
3107.735107421875
3114.048095703125
3124.764892578125
3122.9521484375
3117.82958984375
3024.002197265625
3020.484619140625
3067.38818359375
3066.385986328125
3100.014404296875
3084.7734375
3087.2822265625
3106.734375
3108.0712890625
3069.601318359375
3072.306884765625
3110.233642578125
3105.205322265625
3107.713134765625
3110.501220703125
3114.998779296875
3121.42822265625
3123.563720703125
3127.906982421875
3136.465087890625
3143.26806640625
3144.397216796875
3149.316162109375
3103.841796875
3114.89501953125
3122.594970703125
3123.49560546875
3069.28466796875
3120.4482421875
3199.2431640625
3182.2705078125
3185.2646484375
3203.9638671875
3194.011474609375
3175.661865234375
3173.51708984375
3181.186279296875
3173.12939453125
3166.976318359375
3167.305419921875
3162.505615234375
3156.35400390625
3133.072265625
3098.366455078125
3108.275634765625
3131.1474609375
3136.203369140625
3112.511474609375
3110.408203125
3131.99072265625
3129.766845703125
3125.8017578125
3122.754638671875
3120.554931640625
3123.720703125
3123.0439453125
3096.232177734375
3098.443359375
3129.287109375
3134.5185546875
3138.08349609375
3138.19970703125
3137.9736328125
3135.633056640625
3132.624267578125
3088.848388671875
3092.554443359375
3088.8896484375
3071.589111328125
3114.688232421875
3131.613037109375
3084.366455078125
3044.5146484375
3073.7666015625
3114.090576171875
3112.86181640625
3057.6572265625
3095.16748046875
3154.05224609375
3154.3310546875
3158.37939453125
3164.937255859375
3171.244140625
3178.748046875
3182.420654296875
3184.22412109375
3189.8525390625
3179.536865234375
3142.241455078125
3174.656494140625
3206.9267578125
3209.33935546875
3227.247802734375
3220.884033203125
3217.0634765625
3205.163818359375
3203.828857421875
3198.95068359375
3189.85302734375
3182.1982421875
3177.62353515625
3173.323486328125
3141.5673828125
3136.88427734375
3155.780517578125
3152.038818359375
3145.43115234375
3142.6201171875
3144.986328125
3150.04443359375
3149.014404296875
3146.304931640625
3080.67431640625
3075.632568359375
3133.37939453125
3134.633544921875
3140.31884765625
3140.89697265625
3143.976806640625
3148.828125
3151.6015625
3152.155029296875
3152.79931640625
3148.357421875
3144.279296875
3142.380615234375
3115.40380859375
3116.731201171875
3147.5224609375
3143.14208984375
3148.823486328125
3067.19287109375
3065.69287109375
3162.43212890625
3165.8271484375
3172.8681640625
3171.45068359375
3177.715576171875
3184.52490234375
3190.108642578125
3193.261474609375
3203.07666015625
3205.694091796875
3211.421875
3216.2119140625
3224.97998046875
3224.936279296875
3171.475830078125
3172.603515625
3166.97412109375
3216.94384765625
3214.6025390625
3191.6904296875
3188.465087890625
3203.636474609375
3204.265625
3200.953125
3198.09375
3190.2119140625
3145.486328125
3140.47021484375
3182.0625
3112.016357421875
3111.985595703125
3178.167236328125
3185.5361328125
3181.01416015625
3171.095947265625
3162.720947265625
3168.82470703125
3168.867919921875
3171.77587890625
3170.933349609375
3170.2509765625
3170.494384765625
3165.964111328125
3160.880615234375
3157.92333984375
3158.121337890625
3156.2333984375
3110.02001953125
3112.249267578125
3113.69873046875
3157.154296875
3159.600341796875
3165.7080078125
3173.041259765625
3175.429443359375
3174.427490234375
3175.462890625
3180.289306640625
3182.28271484375
3180.648193359375
3184.482421875
3186.991455078125
3188.75634765625
3162.591796875
3171.399169921875
3200.464599609375
3203.67041015625
3206.9052734375
3212.650634765625
3218.492431640625
3216.003173828125
3219.626953125
3183.53369140625
3194.344970703125
3226.1171875
3206.12841796875
3206.824951171875
3241.242919921875
3241.024169921875
3190.80126953125
3187.7548828125
3230.70751953125
3230.277099609375
3230.8740234375
3229.265625
3219.7734375
3163.203125
3159.75341796875
3162.436279296875
3208.21630859375
3206.860595703125
3201.648681640625
3196.4150390625
3194.24560546875
3190.538330078125
3181.531005859375
3182.273681640625
3186.802734375
3170.7294921875
3164.56689453125
3135.5849609375
3138.495849609375
3139.285888671875
3184.6787109375
3182.732421875
3175.880859375
3177.23779296875
3183.996337890625
3189.32177734375
3192.178955078125
3190.9228515625
3193.888427734375
3200.3447265625
3199.3466796875
3202.578857421875
3202.725830078125
3199.8251953125
3198.23095703125
3143.744384765625
3142.754638671875
3153.054443359375
3152.27001953125
3201.293212890625
3206.166259765625
3213.459716796875
3217.3779296875
3223.385986328125
3223.57568359375
3228.361328125
3232.56494140625
3231.6953125
3234.20751953125
3239.813232421875
3245.107421875
3252.1552734375
3251.952392578125
3169.514404296875
3171.04443359375
3264.1171875
3263.66943359375
3212.95947265625
3208.474609375
3206.385986328125
3245.733154296875
3245.206787109375
3247.3896484375
3183.579345703125
3176.722900390625
3234.089599609375
3229.759765625
3228.152099609375
3230.680908203125
3230.080078125
3231.225830078125
3186.1005859375
3184.32568359375
3224.59521484375
3227.27587890625
3224.6484375
3217.793212890625
3219.2216796875
3222.8837890625
3222.416259765625
3219.365234375
3223.389404296875
3221.504150390625
3222.968505859375
3218.92431640625
3222.44677734375
3223.628173828125
3226.4755859375
3204.22998046875
3194.3984375
3216.633056640625
3219.513671875
3226.311767578125
3228.934326171875
