-272.6299133300781
-257.20782470703125
-207.6208038330078
-201.90472412109372
-200.32904052734372
-102.06753540039062
-110.2992935180664
-154.77606201171875
-97.63152313232422
-112.93029022216795
-116.38114166259766
-86.22838592529297
-181.0269927978516
-81.14241790771484
-111.53280639648438
-118.0361557006836
-83.52410888671875
-105.86634063720705
-50.86376953125
-91.09988403320312
-72.68614959716797
-51.35634231567383
-53.42481994628906
-48.5490608215332
-42.52181243896485
-74.76917266845703
-41.66740798950195
-28.12969207763672
-46.12580871582031
-53.03258895874024
-19.293336868286133
-32.792667388916016
-11.250650405883787
-16.242860794067383
-13.94125747680664
-7.138493061065674
-9.466283798217772
3.297287702560425
4.155818939208984
1.515869140625
17.059125900268555
18.040699005126957
24.4468994140625
25.073732376098636
39.14730453491211
62.091407775878906
47.735626220703125
48.06253433227539
72.37002563476562
72.7149658203125
69.73965454101562
96.97229766845705
79.70327758789062
130.05027770996094
131.11163330078125
144.2240447998047
135.30064392089844
149.2098388671875
245.626953125
277.9861145019531
270.7640380859375
297.60870361328125
330.1798400878906
353.6043701171875
350.42535400390625
399.3271789550781
390.1696472167969
346.5205993652344
378.14691162109375
478.7528076171875
538.139892578125
567.049072265625
549.8826904296875
601.9351806640625
674.8851318359375
636.7039184570312
651.2522583007812
722.9375
696.8472900390625
730.7528076171875
758.35400390625
722.3987426757812
739.4534912109375
794.5800170898438
902.7186889648438
892.6593627929688
880.9744262695312
911.9464111328124
961.007568359375
951.65283203125
913.99365234375
875.9520874023438
916.2843627929688
1020.6975708007812
1068.802978515625
1111.805908203125
1095.3148193359375
1100.80517578125
1040.2694091796875
966.16357421875
1117.67236328125
1153.8487548828125
1052.885498046875
1157.8582763671875
1238.61279296875
1172.8623046875
1203.637451171875
1255.053955078125
1307.4708251953125
1275.132080078125
1295.9276123046875
1375.0357666015625
1260.04052734375
1176.2384033203125
1276.89306640625
1364.287353515625
1309.5501708984375
1328.4508056640625
1478.416259765625
1461.0211181640625
1397.4234619140625
1425.8707275390625
1342.2332763671875
1381.405029296875
1506.7470703125
1570.1962890625
1540.3988037109375
1500.5396728515625
1450.8701171875
1535.88134765625
1483.0
1494.528076171875
1540.0078125
1497.6256103515625
1572.9920654296875
1550.705322265625
1500.9158935546875
1644.6829833984375
1748.93310546875
1727.4876708984375
1703.958251953125
1646.93310546875
1625.114990234375
1657.3961181640625
1661.415771484375
1586.540771484375
1491.654052734375
1634.3577880859375
1660.359375
1718.85986328125
1770.16796875
1783.6148681640625
1793.677978515625
1734.285888671875
1686.0284423828125
1686.7830810546875
1753.524169921875
1819.0980224609373
1832.1038818359373
1840.83251953125
1832.6485595703125
1848.1077880859373
1897.1239013671875
1844.8223876953125
1896.4686279296875
1932.9683837890625
1948.1026611328125
1999.9732666015625
1961.2796630859373
1949.2744140625
1913.1761474609373
1946.5172119140625
1951.24658203125
1876.1220703125
1855.985107421875
1879.807861328125
1978.2496337890625
1958.03955078125
1914.72119140625
1918.9161376953125
1896.6253662109373
1957.655517578125
1996.6405029296875
2053.47119140625
2071.636474609375
2085.4228515625
2005.626220703125
1957.259033203125
1981.1676025390625
1991.7498779296875
1992.0133056640625
1966.9046630859373
1940.06005859375
2028.5262451171875
2071.777099609375
2079.22509765625
2043.5816650390625
2054.4912109375
2090.090087890625
2045.32080078125
2022.9647216796875
2057.306396484375
2107.440673828125
2125.603271484375
2154.774169921875
2137.910400390625
2188.896484375
2237.2158203125
2221.138671875
2076.29443359375
2080.44140625
2249.8564453125
2228.1328125
2240.428955078125
2207.38037109375
2296.6474609375
2298.61181640625
2266.05078125
2322.702880859375
2281.87353515625
2333.089599609375
2318.724609375
2278.001953125
2348.847900390625
2337.94677734375
2333.306640625
2315.770751953125
2321.593017578125
2259.79931640625
2247.52734375
2328.312255859375
2295.84033203125
2266.667724609375
2288.23046875
2314.746337890625
2328.31982421875
2348.791259765625
2352.215087890625
2390.0419921875
2363.899658203125
2372.237060546875
2388.299072265625
2441.5400390625
2430.138427734375
2420.572509765625
2466.968505859375
2460.265380859375
2472.289306640625
2447.218994140625
2474.144287109375
2482.045654296875
2505.20751953125
2525.845947265625
2493.072998046875
2452.757080078125
2538.41943359375
2550.126220703125
2549.085205078125
2547.8681640625
2565.918701171875
2576.03955078125
2594.7841796875
2598.536376953125
2585.5419921875
2580.40966796875
2603.869140625
2610.20166015625
2618.390869140625
2616.488525390625
2610.767578125
2607.24755859375
2618.83740234375
2600.239013671875
2609.320068359375
2617.0166015625
2658.149658203125
2669.64990234375
2674.773681640625
2654.36181640625
2668.801025390625
2667.129638671875
2686.323974609375
2677.183349609375
2681.8798828125
2704.7841796875
2699.702392578125
2710.603759765625
2723.134765625
2701.980712890625
2688.8037109375
2702.266357421875
2767.3544921875
2780.861328125
2800.308349609375
2811.753173828125
2806.397705078125
2827.680908203125
2849.31591796875
2864.34130859375
2860.6201171875
2861.517822265625
2861.47412109375
2843.640869140625
2869.569091796875
2866.08447265625
2870.7255859375
2839.968505859375
2803.311767578125
2786.0478515625
2783.156982421875
2786.878173828125
2788.34814453125
2797.140625
2804.750732421875
2804.94091796875
2806.491943359375
2804.99462890625
2807.43603515625
2815.741943359375
2827.21240234375
2835.251220703125
2832.88916015625
2830.56591796875
2836.585693359375
2842.478759765625
2852.80126953125
2828.244140625
2822.5732421875
2810.636474609375
2850.5390625
2850.382080078125
2870.72216796875
2876.08447265625
2897.8994140625
2905.61083984375
2886.23193359375
2891.292724609375
2922.19873046875
2929.455322265625
2934.2236328125
2938.97802734375
2941.997802734375
2956.738525390625
2964.5673828125
2974.51025390625
2975.814697265625
2980.80810546875
2954.570556640625
2895.029296875
2854.003173828125
2883.885986328125
2952.146240234375
2965.5146484375
2966.69775390625
2962.441162109375
2952.355712890625
2944.849365234375
2932.47119140625
2919.59521484375
2922.49365234375
2926.884033203125
2926.0244140625
2913.219970703125
2910.68896484375
2914.313720703125
2924.02001953125
2929.4912109375
2926.0009765625
2928.993408203125
2928.891357421875
2938.293701171875
2943.13134765625
2942.569091796875
2946.391357421875
2951.775634765625
2955.635009765625
2959.814697265625
2969.171142578125
2977.20751953125
2980.8935546875
2983.638671875
2983.358154296875
2995.09033203125
3009.671875
3025.124755859375
3031.388671875
3034.30029296875
3034.918212890625
3036.579345703125
3042.689697265625
3055.144287109375
3078.745361328125
3098.715087890625
3110.894775390625
3122.694580078125
3128.969482421875
3141.13818359375
3141.2734375
3126.68408203125
3105.8369140625
3090.0009765625
3076.902587890625
3052.803955078125
3040.071533203125
3039.881591796875
3034.0537109375
3031.357177734375
3032.880615234375
3044.1279296875
3046.6904296875
3049.044921875
3048.0244140625
3039.955078125
3038.281005859375
3039.83056640625
3045.54345703125
3045.685302734375
3046.092529296875
3050.6728515625
3058.1982421875
3060.1103515625
3046.9140625
3038.016357421875
3035.85595703125
3042.436279296875
3051.795654296875
3062.636474609375
3067.64599609375
3071.01806640625
3072.35302734375
3071.1943359375
3070.18505859375
3076.573486328125
3089.194091796875
3097.34716796875
3101.763427734375
3105.331787109375
3111.150390625
3116.533203125
3116.660400390625
3118.866455078125
3127.746826171875
3144.887451171875
3165.2900390625
3182.9521484375
3045.600830078125
2896.847900390625
2747.883056640625
1731.919189453125
1072.14013671875
1128.2425537109375
968.29736328125
938.046875
956.720703125
906.7383422851562
854.0547485351562
879.8970336914062
862.6806030273438
771.1058349609375
708.6143188476562
650.355224609375
655.7349853515625
731.7645263671875
691.6922607421875
523.8485717773438
531.1768798828125
783.3275146484375
734.605712890625
791.28173828125
871.59765625
1013.404052734375
1059.2857666015625
1048.02490234375
889.6574096679688
771.7626342773438
263.7818603515625
-281.31304931640625
-254.70843505859372
-402.7952880859375
-161.70452880859375
-140.86729431152344
138.0099639892578
-173.63070678710938
-345.38848876953125
-592.7312622070312
-403.8995361328125
-106.2738800048828
212.7595672607422
392.5121154785156
444.9303588867188
503.3738403320313
547.1978759765625
591.9109497070312
611.990478515625
623.2451171875
674.0470581054688
660.7464599609375
705.6564331054688
724.3169555664062
725.3546752929688
712.1668701171875
727.179931640625
772.2265014648438
730.015625
678.5340576171875
401.5386657714844
-59.865142822265625
-131.3179168701172
118.88020324707033
372.85784912109375
298.76495361328125
400.6426086425781
470.8538818359375
493.1474304199219
524.4754028320312
531.8003540039062
460.8707885742188
444.745849609375
149.46865844726562
-354.564208984375
-400.7295227050781
11.151972770690918
313.3353271484375
359.8028259277344
392.4736328125
413.1697692871094
479.0504760742188
481.8717041015625
420.47210693359375
41.124977111816406
48.20112228393555
245.59213256835935
359.97674560546875
291.8460388183594
318.2381591796875
410.5242309570313
389.4480895996094
383.18402099609375
431.1119995117188
62.22611999511719
138.98951721191406
277.2835998535156
334.0481262207031
281.65887451171875
254.4877777099609
362.3734436035156
419.9457092285156
499.4918212890625
582.9679565429688
580.1126708984375
557.1214599609375
574.9593505859375
484.6797180175781
349.85906982421875
350.8900146484375
514.1476440429688
654.3253784179688
794.4213256835938
844.40087890625
830.4412231445312
867.13134765625
946.0284423828124
959.1163940429688
986.0547485351562
1031.5797119140625
982.224853515625
930.2013549804688
1072.177001953125
1175.937744140625
1142.1248779296875
1159.0921630859375
1207.136474609375
1155.5966796875
1164.32666015625
1196.84912109375
1164.6070556640625
1167.301513671875
1255.28564453125
1281.5662841796875
1155.470947265625
1232.2713623046875
1290.8486328125
1380.0948486328125
1411.834716796875
1420.1036376953125
1447.71337890625
1449.5003662109375
1434.9324951171875
1299.657470703125
1310.779541015625
1470.36279296875
1472.54931640625
1460.099365234375
1478.21435546875
1373.2611083984375
1460.7652587890625
1379.171142578125
1436.5855712890625
1622.4080810546875
1585.2091064453125
1500.3935546875
1468.7398681640625
1506.97998046875
1604.17724609375
1681.51611328125
1612.1494140625
1569.2987060546875
1526.3692626953125
1599.7392578125
1588.63916015625
1566.9432373046875
1601.84619140625
1601.163330078125
1657.70849609375
1604.8701171875
1589.890625
1734.9749755859375
1721.58935546875
1573.7666015625
1493.1690673828125
1406.85986328125
1372.5469970703125
1485.1668701171875
1624.000732421875
1732.43505859375
1776.5101318359375
1750.30126953125
1745.2247314453125
1707.9853515625
1728.0780029296875
1709.21728515625
1808.8848876953125
1890.5986328125
1838.389892578125
1841.1390380859373
1871.7890625
1672.6595458984375
1661.6009521484375
1624.4095458984375
1788.80029296875
1806.8701171875
1869.0972900390625
1941.231201171875
1910.175048828125
1815.3927001953125
1863.1600341796875
1962.06884765625
1854.6334228515625
1740.8865966796875
1775.62158203125
1863.2359619140625
1878.8590087890625
2012.5970458984373
1934.33642578125
1895.724853515625
1901.6199951171875
1808.951904296875
1862.7735595703125
2000.2945556640625
1958.028564453125
1960.7130126953125
2082.55615234375
2128.049072265625
2122.3642578125
2174.879150390625
2150.607177734375
2186.121337890625
2208.2177734375
2209.168701171875
2208.32275390625
2241.94873046875
2207.2099609375
2218.154296875
2174.038330078125
2203.547607421875
2200.295654296875
2182.905517578125
2205.345703125
2176.515380859375
2204.7333984375
2226.619384765625
2204.921875
2224.080078125
2175.498046875
2164.054931640625
2227.899658203125
2291.872314453125
2326.767578125
2327.847412109375
2316.81494140625
2257.518798828125
2266.32568359375
2263.41650390625
2272.855224609375
2294.989501953125
2337.791748046875
2331.17041015625
2334.337890625
2326.021240234375
2315.279296875
2304.804931640625
2323.3525390625
2306.712646484375
2266.5048828125
2268.22412109375
2333.4228515625
2297.824951171875
2284.051513671875
2182.53662109375
2152.1513671875
2261.517333984375
2310.1064453125
2254.2626953125
2273.006591796875
2254.736328125
2317.76611328125
2373.3876953125
2388.923095703125
2343.224609375
2258.352294921875
2315.655029296875
2420.741943359375
2350.97802734375
2238.820068359375
2250.332763671875
2246.093505859375
2275.606689453125
2315.975341796875
2398.312255859375
2330.740234375
2305.7353515625
2338.293701171875
2352.159423828125
2380.69091796875
2395.2314453125
2377.51416015625
2399.217529296875
2420.38525390625
2420.8154296875
2376.47216796875
2436.3408203125
2426.616943359375
2445.667236328125
2444.06982421875
2398.7587890625
2391.553955078125
2407.587890625
2374.498779296875
2368.595703125
2403.51123046875
2455.76123046875
2328.546142578125
2313.360595703125
2369.005859375
2357.4033203125
2291.1025390625
2288.617431640625
2338.77197265625
2335.242431640625
2400.463134765625
2413.04638671875
2390.36572265625
2394.22119140625
2462.6767578125
2405.567138671875
2352.116943359375
2401.091796875
2445.88037109375
2442.93212890625
2452.8525390625
2458.898193359375
2479.41259765625
2504.10302734375
2460.810546875
2465.53662109375
2463.769775390625
2377.685302734375
2426.70458984375
2528.0302734375
2420.269775390625
2426.892822265625
2507.822265625
2531.481201171875
2597.8291015625
2602.8095703125
2497.407470703125
2466.0595703125
2466.1962890625
2288.531494140625
2339.099609375
2529.83154296875
2578.366455078125
2575.542236328125
2552.45263671875
2528.82568359375
2576.301513671875
2524.83544921875
2539.734375
2459.8486328125
2463.456298828125
2530.58349609375
2470.045654296875
2467.784912109375
2544.722900390625
2549.72900390625
2550.874267578125
2506.3203125
2513.4404296875
2492.02197265625
2437.87353515625
2512.79541015625
2490.67578125
2495.637939453125
2572.41259765625
2548.828125
2544.852294921875
2570.32421875
2523.10986328125
2530.10986328125
2587.321044921875
2597.24755859375
2587.751953125
2586.658935546875
2588.821044921875
2525.594482421875
2468.259765625
2472.329833984375
2562.1904296875
2619.3076171875
2613.340087890625
2625.17724609375
2613.158203125
2651.201171875
2699.428466796875
2682.172119140625
2659.97412109375
2686.8359375
2722.37646484375
2746.2666015625
2657.13134765625
2662.281982421875
2645.2158203125
2672.17431640625
2631.281494140625
2626.281982421875
2725.0732421875
2674.32373046875
2665.421630859375
2657.781005859375
2626.1474609375
2645.20947265625
2561.27978515625
2575.2734375
2600.94970703125
2604.732666015625
2620.68603515625
2627.593994140625
2596.6240234375
2560.10205078125
2596.465576171875
2633.304931640625
2633.337158203125
2584.978759765625
2581.93603515625
2630.36181640625
2596.610107421875
2601.724609375
2654.138671875
2635.4248046875
2642.371337890625
2663.038330078125
2662.1962890625
2660.056884765625
2668.837158203125
2685.0478515625
2662.333984375
2671.22119140625
2646.312744140625
2682.40185546875
2687.66162109375
2702.86181640625
2711.8447265625
2702.32470703125
2723.777587890625
2768.87646484375
2771.045654296875
2771.054931640625
2793.1943359375
2790.973388671875
2778.763671875
2835.141357421875
2856.69775390625
2851.75
2792.49560546875
2736.9912109375
2779.372802734375
2813.491943359375
2793.0849609375
2774.595947265625
2772.37841796875
2767.706787109375
2760.4150390625
2755.068115234375
2758.892822265625
2703.248046875
2696.239013671875
2743.852294921875
2739.05224609375
2725.337890625
2729.287841796875
2692.2998046875
2610.558349609375
2624.603759765625
2704.7265625
2740.97998046875
2742.427490234375
2729.203369140625
2725.04150390625
2687.734375
2689.143798828125
2746.27783203125
2754.480712890625
2722.550048828125
2728.388671875
2716.7119140625
2669.030029296875
2615.9697265625
2669.981201171875
2784.291015625
2791.410888671875
2796.488037109375
2802.56787109375
2749.612548828125
2750.035400390625
2812.1005859375
2823.572265625
2837.385986328125
2845.023681640625
2852.900634765625
2861.873046875
2872.718017578125
2888.344970703125
2842.153076171875
2848.257568359375
2910.022705078125
2920.33154296875
2899.95947265625
2904.162841796875
2936.2880859375
2931.022216796875
2923.068359375
2862.399169921875
2854.648681640625
2887.498779296875
2881.781494140625
2872.921875
2867.979736328125
2805.2724609375
2743.18994140625
2786.311279296875
2836.865234375
2836.24560546875
2836.090576171875
2838.41162109375
2839.97412109375
2841.94873046875
2838.56689453125
2843.751220703125
2804.321044921875
2694.5673828125
2734.406005859375
2847.808837890625
2792.2333984375
2783.910400390625
2774.843505859375
2775.1357421875
2835.5498046875
2764.625244140625
2707.216552734375
2780.2353515625
2833.959716796875
2833.250732421875
2798.968994140625
2780.014892578125
2821.402587890625
2847.4013671875
2805.0615234375
2806.23876953125
2866.38134765625
2870.640625
2877.967529296875
2812.985107421875
2822.640380859375
2908.121337890625
2917.110107421875
2926.4072265625
2933.7890625
2942.054931640625
2950.646484375
2957.802734375
2919.045654296875
2929.380615234375
2975.058349609375
2976.8349609375
2973.108154296875
2974.5849609375
2929.371826171875
2924.7880859375
2967.368408203125
2963.175048828125
2841.08251953125
2832.43505859375
2941.39501953125
2933.999267578125
2907.028076171875
2786.0859375
2798.8046875
2890.84130859375
2887.275634765625
2891.470947265625
2892.5693359375
2903.140380859375
2905.69677734375
2906.35693359375
2909.1923828125
2907.9208984375
2910.721923828125
2912.0625
2914.750732421875
2913.956787109375
2915.021240234375
2915.961181640625
2920.34521484375
2925.690673828125
2926.571044921875
2883.39990234375
2849.3515625
2892.431640625
2927.89208984375
2932.527099609375
2866.186767578125
2865.657470703125
2937.39208984375
2942.4892578125
2943.336181640625
2943.15869140625
2949.4736328125
2877.41650390625
2846.62060546875
2867.81005859375
2892.637451171875
2956.97509765625
2965.47509765625
2976.36962890625
2982.20654296875
2944.964111328125
2889.15625
2931.566650390625
2943.466552734375
2945.1455078125
2968.79443359375
2887.674072265625
2920.491455078125
2996.8681640625
3011.126953125
3025.229736328125
2999.100341796875
2986.764892578125
2952.27099609375
2962.2568359375
2990.813232421875
2976.277587890625
2985.374267578125
2933.20556640625
2893.65087890625
2895.91650390625
2836.00927734375
2876.963134765625
2961.721923828125
2964.733154296875
2962.4541015625
2966.69189453125
2966.925048828125
2925.847412109375
2921.5693359375
2902.891357421875
2899.5302734375
2958.644287109375
2957.96435546875
2901.8193359375
2902.030029296875
2964.2998046875
2968.936279296875
2972.55126953125
2943.630859375
2941.858154296875
2916.46630859375
2913.413818359375
2912.093994140625
2911.111328125
2974.102294921875
2919.45166015625
2921.024658203125
2974.927490234375
2972.4404296875
2973.688232421875
2973.87744140625
2918.064453125
2923.12744140625
2985.396484375
2989.25244140625
2996.5771484375
3001.059326171875
2943.68408203125
2945.2275390625
3004.894775390625
3010.8359375
3017.603759765625
3028.21630859375
3030.415283203125
3033.08056640625
3036.02685546875
3046.0595703125
3049.865966796875
3054.831787109375
2993.173095703125
2995.81005859375
3038.80224609375
3036.874267578125
3061.095703125
2971.304443359375
2962.52880859375
3045.12353515625
3043.98876953125
3040.72509765625
2973.418701171875
2968.136962890625
3025.1875
2965.041015625
2964.448974609375
3018.109130859375
3020.955078125
3021.99853515625
3025.337158203125
3027.2392578125
3022.75
2959.553466796875
2912.921630859375
2968.1669921875
3011.326904296875
3012.056884765625
3011.98193359375
2957.152099609375
2957.44189453125
3019.76416015625
3017.015869140625
2953.154052734375
2950.218017578125
3016.616455078125
3018.185302734375
3016.462158203125
2951.47314453125
2950.18212890625
3008.330078125
3010.047607421875
3012.413818359375
3016.6962890625
3022.48291015625
2969.051513671875
2969.3828125
3028.163818359375
3027.690673828125
3033.912109375
2974.72314453125
2974.46533203125
3042.117919921875
3042.57373046875
2988.820068359375
2994.214111328125
3060.467529296875
3063.87060546875
3059.0810546875
3062.206298828125
3016.9482421875
3020.067138671875
3089.890869140625
3096.699462890625
3103.10302734375
3108.58349609375
3047.6845703125
3044.00537109375
3103.119384765625
3104.114990234375
3101.922119140625
3100.9052734375
3101.472900390625
3097.398193359375
3088.6748046875
3015.5048828125
2991.788330078125
3049.438720703125
2985.265625
2940.484619140625
2883.939697265625
2943.806884765625
3059.974365234375
3055.9951171875
2990.41162109375
2989.7607421875
3050.156494140625
2991.08056640625
2990.89306640625
3052.955078125
2996.921142578125
2940.74560546875
2994.485107421875
3051.5986328125
3049.70458984375
2989.9453125
2992.4814453125
3050.77685546875
3050.492919921875
3051.83349609375
3054.535888671875
3052.456787109375
3053.181640625
3025.3203125
3025.705078125
3059.398681640625
3060.832275390625
3064.318115234375
3066.46875
3067.438720703125
3070.4287109375
3070.886962890625
3074.8544921875
3082.789306640625
3084.97900390625
3087.9306640625
3090.3232421875
3034.330078125
3039.79052734375
3104.6455078125
3107.9501953125
3108.41748046875
3112.512451171875
3115.114013671875
3116.3291015625
3117.7041015625
3063.0068359375
3065.505615234375
3069.500732421875
3069.54443359375
3124.8388671875
3120.038818359375
3114.92822265625
3114.046875
3111.494384765625
3106.3642578125
3104.369384765625
3106.35693359375
3110.969482421875
3112.470947265625
3106.96337890625
3099.43115234375
3095.10400390625
3093.168701171875
3057.115966796875
2992.934326171875
2895.331298828125
2954.83447265625
3080.433837890625
3095.8388671875
3033.52978515625
2973.269287109375
3032.26806640625
3095.2861328125
3096.54150390625
3098.196533203125
3098.6357421875
3100.7294921875
3097.458984375
3097.427734375
3032.082275390625
3029.328125
3091.4609375
3091.943115234375
3094.416015625
3093.485595703125
3091.064453125
3089.57177734375
3093.725341796875
3095.843017578125
3096.48193359375
3097.80615234375
3096.133544921875
3101.1904296875
3105.16748046875
3109.114990234375
3112.077880859375
3112.01708984375
3051.6337890625
3053.510009765625
3118.5556640625
3121.7119140625
3062.7392578125
3062.890380859375
3130.153076171875
3133.238037109375
3137.1533203125
3138.203125
3082.818359375
3084.200927734375
3144.077880859375
3146.41162109375
3151.724365234375
3158.3779296875
3160.9501953125
3158.244384765625
3155.901611328125
3154.50146484375
3151.89501953125
3147.7197265625
3146.5966796875
3149.029052734375
3098.2060546875
3090.724365234375
3084.376220703125
3129.84130859375
3131.054443359375
3128.394287109375
3126.123779296875
3126.80322265625
3121.47998046875
3120.236328125
3121.586181640625
3121.6171875
3121.36181640625
3122.0185546875
3121.0078125
3121.720947265625
3120.52880859375
3057.485107421875
3061.53271484375
3121.773681640625
3109.421142578125
3110.75439453125
3118.693359375
3058.7275390625
3055.0048828125
3115.974365234375
3116.858154296875
3056.22119140625
3057.81689453125
3120.055908203125
3120.102294921875
3061.02685546875
3062.73876953125
3123.713134765625
3121.422119140625
3057.909912109375
3061.718505859375
3130.80126953125
3130.6220703125
3134.36865234375
3135.367431640625
3137.112548828125
3118.89306640625
3118.795654296875
3140.889404296875
3143.70751953125
3147.54443359375
3150.943115234375
3151.732421875
3152.94677734375
3153.8173828125
3154.73876953125
3158.15283203125
3165.56884765625
3169.22119140625
3170.0439453125
3163.296142578125
3130.887451171875
3134.42626953125
3087.414794921875
3124.09228515625
3129.11181640625
3178.72021484375
3177.011962890625
3178.7724609375
3156.192138671875
3157.646240234375
3178.769775390625
3178.016357421875
3177.5859375
3179.22216796875
3174.62939453125
3174.175048828125
3171.402099609375
3169.3291015625
3103.5751953125
3042.8271484375
3107.054443359375
3172.320068359375
3170.33740234375
3168.699462890625
3166.524169921875
3164.052490234375
3165.3642578125
3165.4111328125
3103.5263671875
3100.02197265625
3100.0458984375
3101.005615234375
3163.276611328125
3162.898193359375
3086.175537109375
3088.539794921875
3166.724609375
3166.8427734375
3166.824462890625
3165.936767578125
3103.34130859375
3103.929931640625
3166.96240234375
3106.03271484375
3104.708740234375
3164.5302734375
3165.114013671875
3166.569580078125
3171.303466796875
3174.2734375
3176.847900390625
3179.43115234375
3177.26806640625
3180.172119140625
3120.069091796875
3059.965087890625
3124.590087890625
3189.102783203125
3192.589599609375
3130.078369140625
3129.034423828125
3195.706787109375
3198.01025390625
3203.3642578125
3140.20458984375
3090.8935546875
3154.4130859375
3207.593994140625
3211.608642578125
3153.763427734375
3091.1533203125
3156.018798828125
3215.81787109375
3218.2392578125
3204.94873046875
3200.984619140625
3149.03369140625
3149.64306640625
3208.107177734375
3141.00439453125
3142.726806640625
3203.282470703125
3203.1748046875
3203.664306640625
3201.640869140625
3135.896240234375
3135.048095703125
3196.970947265625
3198.670654296875
3135.000244140625
3134.791259765625
3198.056884765625
3195.7529296875
3196.47412109375
3196.423828125
3194.930419921875
3193.689453125
3196.233154296875
3195.067138671875
3168.158203125
3106.360107421875
3137.33447265625
3204.317138671875
3205.436767578125
3199.038330078125
3197.7744140625
3204.119140625
3206.6640625
3206.25244140625
3143.343017578125
3145.35791015625
3208.89306640625
3208.619140625
3213.02783203125
3215.672607421875
3151.3798828125
3151.490234375
3069.625244140625
