27.05333333333333
15.746666666666668
17.44333333333333
22.959999999999997
30.423333333333332
21.51
30.826666666666668
23.203333333333333
20.51666666666667
24.37
20.513333333333335
13.0
27.603333333333335
16.823333333333334
18.763333333333335
22.616666666666664
18.363333333333333
17.763333333333332
19.953333333333333
17.223333333333333
27.929999999999996
17.323333333333334
21.416666666666668
17.833333333333332
19.776666666666667
19.88
13.97
13.086666666666668
12.933333333333332
20.89
11.603333333333333
11.270000000000001
9.896666666666667
10.456666666666665
9.716666666666667
13.856666666666667
13.993333333333332
17.896666666666665
13.863333333333335
22.080000000000002
16.62666666666667
18.923333333333336
13.586666666666668
12.926666666666668
15.573333333333332
15.996666666666668
15.910000000000002
19.876666666666665
15.386666666666668
18.56
22.48333333333333
21.153333333333332
21.146666666666665
21.406666666666666
19.83
16.736666666666668
14.88
19.343333333333334
15.886666666666665
18.776666666666667
13.543333333333335
12.233333333333334
13.38
14.100000000000001
17.293333333333333
17.76
22.093333333333334
14.796666666666667
11.216666666666669
18.93
19.69333333333333
13.926666666666664
12.836666666666666
16.753333333333334
18.796666666666667
15.780000000000001
16.759999999999998
14.986666666666666
16.326666666666668
12.663333333333332
15.173333333333332
13.293333333333331
9.483333333333333
11.14
11.466666666666669
9.473333333333333
21.50333333333333
10.653333333333334
9.736666666666666
6.88
12.440000000000003
12.953333333333333
14.516666666666666
8.62
21.266666666666666
13.15
16.349999999999998
13.44
17.669999999999998
14.866666666666667
13.603333333333333
14.063333333333333
11.453333333333333
9.336666666666666
12.486666666666666
9.463333333333333
15.450000000000003
9.526666666666666
13.82
14.479999999999999
14.103333333333333
17.76
20.636666666666667
15.793333333333331
15.756666666666666
14.506666666666668
12.04
12.433333333333332
12.616666666666667
15.076666666666668
12.396666666666667
14.030000000000001
11.776666666666666
17.813333333333333
14.01
13.426666666666668
15.366666666666667
12.753333333333332
13.903333333333334
13.833333333333334
21.189999999999998
17.743333333333332
9.553333333333333
20.47666666666667
12.506666666666666
18.24
15.726666666666667
15.343333333333332
16.99
14.193333333333333
20.070000000000004
16.403333333333332
13.373333333333335
14.903333333333334
14.793333333333331
15.9
18.56
15.933333333333335
13.766666666666666
14.709999999999999
22.063333333333333
16.926666666666666
14.449999999999998
18.430000000000003
20.786666666666665
22.279999999999998
17.156666666666666
14.073333333333332
16.59
17.279999999999998
15.176666666666668
14.290000000000001
20.453333333333333
13.88
19.416666666666668
13.196666666666665
14.576666666666668
15.543333333333335
14.82
20.80666666666667
18.95
21.836666666666662
17.986666666666668
17.776666666666667
12.803333333333333
17.45
14.06
18.23
16.7
17.76666666666667
16.799999999999997
16.529999999999998
13.736666666666666
12.899999999999999
13.54
14.1
14.38
14.520000000000001
15.123333333333335
14.770000000000001
13.62
16.023333333333333
11.89
12.833333333333334
14.38
15.209999999999999
15.216666666666667
15.046666666666667
12.270000000000001
14.436666666666666
18.613333333333333
16.516666666666666
13.806666666666667
14.966666666666667
15.61
14.146666666666667
17.419999999999998
15.61
14.51
13.896666666666667
14.816666666666665
18.933333333333334
18.176666666666666
17.05666666666667
15.473333333333334
13.893333333333333
18.333333333333332
14.613333333333335
15.543333333333335
13.083333333333334
10.976666666666667
10.703333333333333
15.853333333333333
15.793333333333331
13.026666666666666
17.38
15.836666666666668
15.070000000000002
18.27
13.63
12.853333333333333
14.856666666666667
12.13
15.373333333333335
14.783333333333331
12.353333333333333
14.44
16.006666666666664
15.563333333333333
11.103333333333333
12.549999999999999
14.216666666666669
11.963333333333333
8.986666666666666
11.203333333333333
12.89
17.44666666666667
17.183333333333334
12.643333333333333
13.663333333333332
11.086666666666666
13.85
15.74
10.976666666666667
13.61
12.486666666666666
15.0
14.906666666666666
12.563333333333333
13.093333333333334
14.103333333333333
13.893333333333333
13.003333333333336
13.163333333333332
18.30666666666667
12.783333333333333
15.096666666666666
17.25
10.903333333333334
13.86
14.566666666666665
17.866666666666667
15.18
11.886666666666668
13.693333333333333
15.023333333333335
12.613333333333335
14.636666666666665
14.736666666666666
14.76
12.63
14.886666666666665
11.31
12.736666666666666
13.316666666666665
11.826666666666666
10.649999999999999
10.523333333333332
11.876666666666665
13.963333333333333
11.903333333333334
11.753333333333336
9.18
11.22
12.673333333333332
15.333333333333334
12.39
12.203333333333333
11.49
13.713333333333333
13.873333333333333
12.693333333333333
22.076666666666668
8.889999999999999
14.456666666666665
13.030000000000001
15.35
15.713333333333333
19.413333333333334
14.736666666666666
13.703333333333333
15.413333333333332
14.833333333333334
12.410000000000002
13.74
16.666666666666668
14.75
13.933333333333332
17.349999999999998
14.246666666666668
11.096666666666666
14.956666666666665
18.19333333333333
13.886666666666668
8.936666666666666
15.603333333333333
13.396666666666667
11.186666666666667
16.41
17.173333333333332
12.766666666666666
18.59
12.86
15.386666666666665
14.353333333333333
17.150000000000002
18.183333333333334
13.89
14.383333333333333
13.86
16.483333333333334
14.030000000000001
14.04
14.273333333333333
18.73
17.599999999999998
15.233333333333334
16.66
19.41
16.286666666666665
13.203333333333333
13.65
14.906666666666666
12.839999999999998
15.466666666666669
18.456666666666663
14.146666666666667
18.14333333333333
10.153333333333334
14.589999999999998
18.873333333333335
19.43
15.116666666666665
16.51
16.116666666666664
18.37666666666667
16.973333333333333
14.906666666666666
15.983333333333334
12.673333333333334
13.6
19.5
18.14333333333333
16.663333333333334
17.61
17.703333333333333
19.32
14.283333333333331
17.12
16.569999999999997
17.656666666666666
16.596666666666668
15.463333333333333
18.003333333333334
18.506666666666664
19.150000000000002
16.003333333333334
13.796666666666667
17.526666666666667
15.030000000000001
14.633333333333333
17.67
18.046666666666667
18.790000000000003
13.596666666666666
13.08
17.436666666666667
17.63
17.283333333333335
11.256666666666666
16.136666666666667
23.23
16.80333333333333
17.143333333333334
15.826666666666668
14.85
15.276666666666666
14.579999999999998
19.643333333333334
15.93
19.423333333333332
15.263333333333334
20.08666666666667
16.37666666666667
17.293333333333333
23.103333333333335
21.709999999999997
18.27
17.5
19.47666666666667
14.486666666666666
15.633333333333333
16.596666666666668
15.386666666666668
15.11
15.78
16.136666666666667
17.650000000000002
15.113333333333332
14.766666666666666
21.27
14.85
16.816666666666666
20.686666666666664
17.996666666666666
13.229999999999999
16.94666666666667
18.506666666666664
18.766666666666666
19.366666666666664
15.953333333333333
17.88
18.490000000000002
17.573333333333334
18.876666666666665
16.586666666666662
16.31
22.56
17.173333333333332
16.26
20.756666666666668
16.99333333333333
15.39
13.603333333333332
15.553333333333333
17.590000000000003
13.770000000000001
21.13
21.406666666666666
16.216666666666665
16.62333333333333
14.979999999999999
16.213333333333335
12.173333333333332
16.290000000000003
17.323333333333334
17.256666666666668
14.293333333333335
17.0
18.34
16.12
17.473333333333333
18.273333333333333
16.84
18.223333333333333
13.433333333333332
18.756666666666664
14.463333333333333
16.183333333333334
15.956666666666665
15.936666666666667
17.776666666666667
15.513333333333334
16.426666666666666
18.513333333333332
17.433333333333334
16.14666666666667
16.576666666666668
17.41333333333333
16.443333333333335
15.693333333333333
20.463333333333335
19.886666666666667
15.596666666666666
15.913333333333332
15.44
14.603333333333333
13.910000000000002
17.026666666666667
13.75
18.389999999999997
16.830000000000002
16.26
16.73
20.046666666666667
15.513333333333334
16.77
20.57
12.06
17.19666666666667
17.64
18.53
21.44333333333333
17.156666666666666
14.853333333333333
17.823333333333334
18.496666666666666
18.38
17.74666666666667
14.88
20.466666666666665
14.586666666666668
13.666666666666666
17.61
18.47
16.143333333333334
16.933333333333334
19.08666666666667
15.026666666666666
16.353333333333335
17.930000000000003
18.776666666666667
19.746666666666666
18.283333333333335
15.703333333333333
17.40666666666667
17.66333333333333
19.153333333333336
16.88
17.866666666666664
22.39
18.266666666666666
16.276666666666667
15.700000000000001
12.906666666666666
14.63
17.3
12.403333333333334
18.259999999999998
18.613333333333333
14.556666666666667
17.436666666666667
19.796666666666667
19.976666666666667
17.133333333333333
20.55333333333333
16.536666666666665
17.633333333333333
18.226666666666663
19.353333333333335
15.623333333333335
12.376666666666667
20.790000000000003
16.566666666666666
16.39
14.550000000000002
19.67
17.036666666666665
15.263333333333335
18.47
17.459999999999997
18.043333333333333
18.240000000000002
16.63
15.323333333333336
16.19666666666667
12.386666666666665
17.33
17.226666666666663
17.87666666666667
17.60666666666667
15.603333333333333
15.86
17.36
18.19
13.643333333333333
16.656666666666666
16.196666666666665
16.889999999999997
14.69
17.826666666666668
13.59666666666667
19.90666666666667
16.180000000000003
13.69
18.55
14.87
16.06
17.0
18.236666666666665
