20.55666666666667
20.456666666666667
23.073333333333334
17.513333333333332
17.61
18.01
19.586666666666666
20.426666666666666
23.72666666666667
25.243333333333336
21.146666666666665
19.356666666666666
24.396666666666665
21.590000000000003
21.183333333333334
22.45
21.003333333333334
21.05
28.566666666666666
26.74
19.113333333333333
22.94333333333333
24.53333333333333
23.01666666666667
21.89
20.746666666666666
24.013333333333332
20.646666666666665
18.11
22.963333333333335
21.58
19.11
18.903333333333332
23.27666666666667
26.153333333333332
22.403333333333336
23.679999999999996
21.3
21.73
19.403333333333332
18.536666666666665
19.923333333333336
21.573333333333334
22.463333333333328
26.64
22.62333333333333
22.649999999999995
18.106666666666666
16.186666666666667
16.580000000000002
18.673333333333336
19.970000000000002
21.543333333333333
17.916666666666668
18.773333333333337
14.426666666666668
15.09666666666667
15.270000000000001
16.573333333333334
15.513333333333334
13.363333333333335
12.339999999999998
10.483333333333333
14.266666666666666
14.050000000000002
13.213333333333333
16.80666666666667
15.840000000000002
13.973333333333334
16.353333333333335
17.34
16.96666666666667
13.676666666666668
14.200000000000001
14.089999999999998
10.356666666666667
11.016666666666666
15.673333333333332
16.786666666666665
17.12666666666667
15.083333333333336
15.773333333333333
17.343333333333334
15.700000000000001
13.123333333333335
14.85
15.11
12.503333333333332
11.649999999999999
13.763333333333334
11.65
12.586666666666668
17.846666666666668
14.393333333333333
14.236666666666666
14.97
12.006666666666666
10.606666666666667
11.316666666666668
13.426666666666668
14.586666666666668
11.293333333333335
13.796666666666667
11.290000000000001
13.076666666666668
11.56
9.713333333333333
10.100000000000001
11.703333333333333
12.450000000000001
12.433333333333332
12.576666666666668
12.373333333333333
11.373333333333335
12.103333333333333
14.443333333333333
14.043333333333335
13.433333333333335
11.046666666666667
9.83
10.226666666666667
11.33
9.223333333333333
11.58
12.203333333333333
8.66
8.433333333333334
11.213333333333333
9.236666666666666
12.093333333333334
15.566666666666668
14.316666666666668
13.713333333333333
14.266666666666666
9.266666666666667
10.686666666666667
11.43
13.063333333333333
13.839999999999998
15.873333333333333
13.256666666666666
7.846666666666667
10.25
11.686666666666667
14.676666666666668
16.743333333333336
18.44666666666667
15.11
13.459999999999999
16.673333333333336
15.053333333333333
12.993333333333332
16.67
17.97
17.39333333333333
13.950000000000001
12.06
11.586666666666668
14.426666666666668
19.603333333333335
15.903333333333334
14.293333333333331
16.62
14.453333333333333
16.150000000000002
17.066666666666666
18.5
14.19
11.219999999999999
12.113333333333335
11.783333333333333
12.413333333333334
12.286666666666667
16.136666666666667
16.736666666666668
14.93
15.016666666666666
16.110000000000003
11.863333333333335
14.18
16.973333333333333
14.566666666666668
15.246666666666664
12.916666666666666
13.519999999999998
13.306666666666667
11.393333333333333
14.4
14.910000000000002
13.53
17.496666666666666
14.606666666666667
15.600000000000001
16.09
16.653333333333332
13.563333333333333
17.080000000000002
18.470000000000002
14.916666666666666
14.813333333333333
18.516666666666666
15.226666666666667
13.736666666666666
14.35
15.01
13.226666666666667
15.383333333333333
15.786666666666667
16.2
12.976666666666667
13.913333333333332
15.229999999999999
11.833333333333334
13.176666666666668
16.236666666666665
17.886666666666667
17.756666666666668
15.146666666666667
13.6
12.793333333333335
15.333333333333334
15.19
12.85
11.706666666666669
13.449999999999998
12.203333333333333
17.156666666666666
15.896666666666668
13.763333333333334
15.273333333333333
12.476666666666667
14.28
13.466666666666667
15.706666666666669
14.42
11.313333333333333
12.676666666666668
13.38
14.936666666666667
11.216666666666667
15.443333333333333
15.806666666666667
15.263333333333334
14.156666666666666
12.14
15.343333333333334
17.62333333333333
13.649999999999999
11.479999999999999
15.476666666666667
13.453333333333333
16.79
15.583333333333334
13.023333333333333
16.283333333333335
21.400000000000002
18.223333333333333
12.083333333333334
14.61
17.273333333333333
15.926666666666668
18.746666666666666
15.616666666666667
14.923333333333332
17.016666666666666
16.73
13.713333333333333
10.67
12.293333333333335
13.626666666666665
12.646666666666668
15.14333333333333
19.013333333333332
17.71666666666667
14.373333333333333
14.15
13.38
11.893333333333333
11.159999999999998
16.276666666666667
20.5
17.003333333333334
13.166666666666666
13.479999999999999
15.200000000000001
16.16333333333333
16.74
13.343333333333334
13.383333333333333
11.123333333333333
14.536666666666667
16.573333333333334
15.65
17.39
16.646666666666665
15.11
12.103333333333332
14.21
13.586666666666666
15.203333333333333
14.690000000000003
17.143333333333334
20.593333333333334
16.756666666666664
13.226666666666667
15.696666666666667
15.116666666666665
15.863333333333332
16.623333333333335
17.246666666666666
15.676666666666668
15.116666666666665
14.736666666666665
14.823333333333332
19.0
16.563333333333333
17.94333333333333
14.520000000000001
14.946666666666667
20.746666666666666
22.27
20.49
17.7
19.486666666666668
22.393333333333334
19.933333333333334
20.746666666666666
22.28
17.566666666666666
14.993333333333332
16.05
20.013333333333332
15.846666666666666
14.653333333333334
18.953333333333333
19.523333333333333
16.636666666666667
15.5
14.680000000000001
18.189999999999998
16.463333333333335
16.59
19.473333333333333
17.63
15.5
15.703333333333333
16.723333333333333
15.399999999999999
18.0
19.95
20.213333333333335
18.743333333333336
19.356666666666666
17.973333333333333
17.536666666666665
19.87
16.426666666666666
15.15
15.276666666666666
15.729999999999999
15.709999999999999
16.976666666666667
16.503333333333334
18.096666666666668
19.346666666666668
18.650000000000002
14.243333333333334
15.226666666666667
16.616666666666667
15.479999999999999
13.526666666666666
15.396666666666667
18.25
17.993333333333332
17.103333333333335
19.25
18.243333333333336
18.933333333333334
21.616666666666664
20.94666666666667
20.76
15.336666666666666
14.01
15.459999999999999
20.55
19.59
18.386666666666667
16.37333333333333
16.753333333333334
16.853333333333335
16.319999999999997
20.39333333333333
16.653333333333332
13.216666666666667
18.736666666666665
17.883333333333333
16.586666666666666
17.040000000000003
13.653333333333334
14.87
23.01
20.073333333333334
16.876666666666665
16.06
13.313333333333333
15.066666666666665
16.610000000000003
17.213333333333335
22.366666666666664
17.573333333333334
18.343333333333334
17.626666666666665
16.333333333333332
16.02
15.049999999999999
16.53
19.669999999999998
16.726666666666667
15.326666666666666
16.493333333333336
15.850000000000001
13.160000000000002
14.486666666666666
15.796666666666667
15.606666666666664
15.353333333333333
14.51
14.963333333333333
18.076666666666668
20.966666666666665
21.376666666666665
19.55666666666667
13.820000000000002
11.79
13.656666666666666
16.21
17.189999999999998
16.366666666666664
13.799999999999999
15.29
15.786666666666667
15.36
17.97
22.869999999999994
17.78
13.956666666666665
18.750000000000004
21.88
16.393333333333334
12.976666666666667
16.3
17.316666666666666
14.303333333333333
18.87666666666667
20.203333333333333
20.303333333333335
17.223333333333333
17.063333333333333
14.993333333333332
14.75
16.200000000000003
14.11
17.986666666666668
17.30333333333333
19.220000000000002
21.583333333333332
21.336666666666662
18.05333333333333
17.73
20.99
20.636666666666667
18.099999999999998
18.150000000000002
17.033333333333335
18.026666666666667
15.433333333333332
17.6
21.180000000000003
21.17
22.599999999999998
17.2
15.08
15.436666666666666
18.916666666666668
19.830000000000002
16.669999999999998
16.293333333333333
17.676666666666666
17.636666666666667
14.366666666666667
15.913333333333334
19.293333333333333
19.156666666666666
17.14666666666667
18.393333333333334
17.646666666666665
20.416666666666664
16.923333333333332
17.526666666666667
22.223333333333333
15.200000000000001
17.276666666666667
15.92
17.073333333333334
16.94333333333333
16.18
14.736666666666666
18.926666666666666
19.94666666666667
16.333333333333332
14.5
15.383333333333333
16.956666666666667
15.243333333333332
15.493333333333332
16.49
18.05666666666667
16.276666666666667
15.89
16.606666666666666
14.666666666666666
15.199999999999998
13.786666666666667
16.673333333333332
16.91
14.836666666666668
17.986666666666665
20.1
17.493333333333336
15.013333333333335
14.046666666666667
14.6
14.946666666666667
18.73
17.356666666666666
11.086666666666666
16.826666666666668
16.87
14.423333333333332
13.083333333333334
15.793333333333335
15.033333333333331
15.636666666666668
15.043333333333335
16.536666666666665
16.903333333333336
14.75
14.516666666666666
17.25
14.116666666666667
13.103333333333333
14.649999999999999
13.566666666666668
15.106666666666667
19.929999999999996
16.833333333333332
14.656666666666666
16.396666666666665
15.679999999999998
16.28
13.216666666666669
12.046666666666667
11.31
11.25
14.043333333333331
12.89
13.67
15.283333333333333
13.536666666666667
12.36
14.299999999999999
16.07
12.546666666666667
11.969999999999999
12.606666666666667
14.463333333333333
16.650000000000002
15.37
15.450000000000001
15.123333333333335
15.92
18.36
17.919999999999998
15.430000000000001
15.909999999999998
17.983333333333334
13.053333333333333
15.916666666666666
16.526666666666667
14.786666666666667
17.236666666666668
18.746666666666666
17.99
19.136666666666667
15.68
12.780000000000001
14.466666666666667
15.616666666666665
15.423333333333334
16.540000000000003
