-4.692332114931283
-4.0493673602641955
-2.9075104452538305
-2.1276847907792735
-1.3197904229558481
-0.4909961600829898
-0.025393812123437703
0.19810663777804693
0.2600515622711988
0.4718785532170285
0.5584633801805968
0.4934138720296768
0.5908178241457
0.8475900343837873
0.7037767716840612
0.7612854115158284
0.7517876499380187
0.5286041598547342
0.49299590628736856
0.7395693819040937
0.7528692602014418
0.7020650618890247
0.8249374007660814
0.9396505591587406
0.7746283122556292
0.8856455437313843
0.9337906597344494
0.8498278810643939
0.8842897198298448
0.8907932114554571
0.878436620163817
0.9353259847689007
0.7864342992982493
0.9268626987970655
0.8263443652717571
0.9720633744907979
1.028431855492632
0.9277865658992829
1.0061004209915103
1.0128160863837625
1.230640819028721
1.1279308023520145
1.18912549923842
1.2619974989200557
0.9994413995422526
1.1174918147521848
1.3965123027540072
1.355893936503828
1.1960392680663803
1.3220682090199718
1.21061179653526
1.4473104121397709
1.3469506580720771
1.4164408971321356
1.4735999833311866
1.4302431516436023
1.4796086883294832
1.4112319749450386
1.4843291424846452
1.5450364146548543
1.5534018838294994
1.5528152370906294
1.5218757874644766
1.580768470577884
1.556168187566504
1.4169730317323186
1.4644110133260622
1.3907576828638166
1.51769658007112
1.5933019709687217
1.6638840166222246
1.712277336003179
1.6838493112656654
1.5661910393336032
1.6459243275258217
1.5851826001901734
1.5398603733057168
1.6039306937770974
1.4825448561558876
1.496880902173719
1.460639952414045
1.4341107585067983
1.4424376282309208
1.6879230856092995
1.4882804553661215
1.6870516922881216
1.728594683758412
1.6705732606394896
1.592335708208827
1.4549710614379192
1.5276850138218183
1.4539079775952477
1.5292830667618345
1.4607683371053348
1.3373668790649338
1.3912482244743278
1.4191819378349806
1.4501959592491767
1.3292065874856214
1.3004741902351653
1.227488391860394
1.2713031482845576
1.156766406292623
1.187862657435051
1.1093677755080578
1.143258100834978
0.9356913960987017
1.0501734124335214
1.2056972581836767
1.1344503633589678
1.0292780759048321
1.5369024876788258
1.6045536650077044
1.7319472406822332
1.5663336635331409
1.6558284725960697
1.6656969868435407
1.4909154368704147
1.5775055937713731
1.4611276107906603
1.3868652299273279
1.6822235358309998
1.698908019098262
1.2057333649808248
1.3069115456517986
1.5583767565186444
1.5885358139488588
1.8754983780098462
1.6787229191355764
1.7141503134949285
1.5960806739230586
1.5302894005012255
1.8901742190742834
1.8144701222984214
1.6960833268668483
1.8869484509271388
1.8036871032276938
1.6484326109218312
1.691615831848327
1.7622055723328895
1.7942876154289376
1.5591424941167267
1.6349979468464018
1.7238453807934764
1.635681907509331
1.6601212606526008
1.7859021461529192
1.9284474218040444
1.6799170424502714
1.791911583487547
2.007217136653191
2.0208173839196655
1.9642185687890692
1.89176537701836
1.8133853218679141
2.259171472826561
2.061818913008606
2.017355672495761
2.3032138629713033
2.13785425497291
2.1369145550952546
1.976148467567106
2.1835578698649543
1.9829509267341283
2.260001967714627
2.305917596044958
2.174486219893509
2.1619658156605435
2.2202470451824285
2.2699745298945593
2.2864488671011465
2.3256948808220006
2.4131827692184893
2.366257164907763
2.2345293680998775
2.208015740914721
2.527433679912704
2.5886704194310055
2.5284192484148575
2.455096292199259
2.556756821566184
2.7136443173461315
2.5236319695882243
2.3479103408437143
2.410359283316418
2.5126237348474594
2.441871949796491
2.6855932902226862
2.7199819093463726
2.251357929758994
2.3069453093886967
2.2533991516087992
2.4328212565252962
2.3828208911215794
2.4693018840640377
2.4846719937280866
2.2762719543235805
2.454024313749899
2.6739745326561017
2.768276163560683
2.4203632509570108
2.447786275107832
2.4461210822054373
2.489452850937683
2.7148154377341736
2.7038407947360104
2.5958285156354513
2.7210941281355967
2.5366908924648772
2.562838959721742
2.553236217313487
2.536472092119149
2.6825982877072785
2.6766735034281095
2.8592923963746535
3.01276427975488
2.672548757556406
2.7461836575854917
2.785014606090885
2.67236942458436
2.927747349775728
2.758551346334773
2.6115079057497934
2.6200243248747923
2.639621705841702
2.5438721754875746
2.591366654361177
2.497167162612714
2.2404489447871323
2.4159455051338266
2.4730610343568284
2.3826458174665865
2.3536745218712194
2.5410832619299555
2.3981885365784206
2.303529989721847
2.665676019227161
2.442814786841067
2.418875636998449
2.207122510803005
2.1695512958086027
2.4152063237364723
2.3218152652292
2.3355406546810267
2.448128138663398
2.2397988991936812
2.3991048171190243
2.3447853711432054
2.6230576035691784
2.494890242524761
2.581689388230432
2.5549816692255694
2.6194918439065487
2.7274074063047906
2.609926552244295
2.423698930376444
2.3280922034520892
2.4557215297732142
2.4189933618014536
2.2888948190695992
2.3243287496738363
2.33091570175864
2.436381421652588
2.642808417041373
2.5772754513345677
2.3270191917697454
2.6132308864589486
2.3968741405008687
2.6282118237860312
2.557989650821992
2.3772488144795183
2.4186429427088503
2.5255124946078564
2.756633205224949
2.6510544034480614
2.540958916192969
2.5261496601498803
2.513083561592253
2.849931279932149
2.8084540765954737
2.7477461170181594
2.6713752469730934
2.8021036078281987
2.840087149472143
2.758720346801867
2.8230419480313924
3.077367037073562
2.8513345116154354
2.931885671226697
2.8593565829780903
2.6216497583823086
2.6142978426382872
2.5767218930027
2.5557693717622736
2.6847228682459625
2.814335975576421
2.9918478624369373
2.785350874348699
2.526036763400415
2.653814504765196
2.5605696347116855
2.5226688601126352
2.4919467713684518
2.6317675958135176
2.765329237101575
2.752201315082838
2.736767063727988
2.8259722074252456
2.85567940362006
2.9856567074115774
3.04144873266791
2.8961320945212123
2.820764276223272
2.801223056662946
2.9061295261170486
2.827876960749565
2.8405558984099546
2.791179609532764
2.7537792814974638
2.957877422005494
3.06330125889734
3.26667109859452
3.1478480023995203
3.037697378380626
2.933329521192277
3.00262549293817
3.212950613564091
3.079493744097619
2.8708227190609317
2.9512422513723187
2.899056547595649
2.932993446158184
3.208143679552522
2.9965168211526145
3.033795463450762
3.1306233703252766
3.3312522540784304
3.2466501082485717
3.118234832117531
3.5111107239361545
3.231139506162125
2.867708900591451
3.1207507531620844
2.8134433046993492
3.0849343248775125
2.8127755524978384
3.1467067739766215
3.2235740569307283
3.0284335556308455
3.119494043940964
2.942542393078972
2.953880035419227
2.883170592538955
2.8957266568761852
2.9665424278952934
3.046518530589457
3.2406571466432896
3.0641593989635663
3.073874331716867
3.149617936933081
2.9810576476759354
3.1063172744102983
3.039684575888432
3.108508333092914
3.085528495473698
3.0231932467621063
3.0894004337332555
2.9347387933363485
3.0406638321708006
3.0934995501016744
3.0784687066299283
3.320008191530329
3.1345862719602557
3.029820163880979
3.08028743556552
3.212392401144225
3.192084013721805
3.097955184433331
3.212920087206024
3.4871364133365614
3.275065654390151
3.212111964256979
3.123635227177146
3.0536225216132658
3.2969442924910077
3.0217753107095446
2.8604186716063524
3.0370314841047
3.0670104155894156
2.917375082420642
2.956038447598124
3.054594248735299
2.671326397950603
3.0052914847657046
3.0099922957705165
2.9234071836472904
2.8646873375014787
2.944021162005093
2.6093798547139833
2.8128484273905094
2.9744764115315157
3.019185351432744
2.754590863573837
2.94584600795811
2.963480779493265
3.0943890766753435
3.379866833716625
3.063518799055307
3.2800076700731764
3.3414166880694633
3.183031266446107
3.2122111207157378
3.288447377351711
3.2212332916904383
3.0662751649924584
2.9586668341981155
2.9871484687482233
3.2324641567433736
3.200648372155845
3.319280457035362
3.2833334235880414
2.961484654442024
3.1314193066216958
3.152266648637543
3.2978454040233243
3.483779340305636
3.305450855401085
3.424836300097637
3.466121657634647
3.165143544679058
3.3485228287119906
2.935016447738748
3.0194081658101823
3.1588621112970308
3.2203559899443586
3.1792708524420448
2.879838522083237
2.8350414274127043
3.029838654246054
2.9535148746125413
3.0468776754905753
3.0032649450559794
3.20675609835204
3.2151548198127795
3.1580014087176984
2.778336199886235
3.0223498416755397
2.726302845734638
2.745977998098883
2.9034511583940534
3.1551531587190738
3.014618411171323
2.9346691005013494
2.9258519606762925
2.7388265745330744
3.137772620227809
2.9045888375033564
3.0068537222292
3.0764563662376445
3.1421864830857054
3.0096243368673403
3.1529582264823888
3.1970614406424396
3.2059364892659654
3.12243456968895
3.08939936892656
3.1167936808409387
3.207916695428837
3.1756106073200985
3.1749836426872853
3.0281674334146014
3.076688586211423
2.991697918699734
3.1591217539131957
3.11671533477303
3.1094922068029605
3.0904652128148764
3.10548483001354
3.0000964100044722
3.054868756249933
3.2366973195218063
3.2758855497954342
3.204765525633348
3.3120675830210935
3.1938024467391535
3.599871472070768
3.204389631768445
3.0535527828306868
3.24396367301153
3.2199433120580245
3.0864348389180236
3.119817101694922
3.259680866753186
3.412379054976569
3.0675850430267086
3.0535811599851406
3.26130889499804
3.1560169564635494
2.959430945700197
2.98631247515434
3.1600062379744887
3.1465562459398164
2.998731837604437
2.8862443676856717
3.0607953318958177
3.045907444620727
3.008969966054489
3.1653560330258537
2.904443104487377
3.293525980466214
3.1323464972378794
3.3572500662975364
3.33514193719596
3.514082507188268
2.9839839480797856
3.033835734914202
3.122759657126951
3.1404772715620894
3.5196407800459757
3.403688137880207
3.1159907343216653
3.2435580206590076
3.165339032599327
3.208535550757295
3.25684628103989
3.1350378842106443
3.2041323536518576
3.279214335349479
3.2890187041865566
3.1765987504509745
3.3712149978813213
3.0915044918561363
3.185503191322438
2.920952900041952
3.064925441519739
2.9437050089626986
3.0319925770478697
2.911014205652723
2.5683342121231836
2.83158985205841
2.9929346142437816
2.8273696341296684
3.190792973023065
3.288069734033387
3.043969431016309
2.94808438418393
3.0923146612262475
3.075090265881619
3.135553620265762
3.1527239115123007
3.2656728109440767
3.5600773094023004
3.5107263072432144
3.5195244364141605
3.2788808026307095
3.551210665153367
3.3552834034196617
3.4738270521664236
3.3702393915459132
3.3451118412321112
3.241631651944108
3.5521023327970886
3.26029105216062
2.9080800297175595
3.2627540143333675
3.145411564289647
3.0329846868367984
2.869409497775628
2.8359341108786906
3.0265552703527967
2.8665744375901476
3.015086667056151
3.152011264282907
2.8060961431247726
2.9352064608493134
2.798246263222703
3.001722803810788
3.174139293966981
3.0479769685515024
3.1708749356762937
3.064848386648084
3.229579982063074
3.2711942884718384
3.4035163488009137
2.8052580093928423
3.154286007568345
3.338109222307468
3.286256203178541
2.9466814252552744
3.1867835074403295
2.716968726919662
2.784429066309144
2.5861065686036615
2.710162543738713
2.924315660112589
2.8312652974376102
3.04830434275788
2.81693428328693
2.9986375216164785
2.7648783228770824
