-3.3572157139709904
-2.944278406600775
-2.1827519131081017
-1.6044962490920964
-0.9724547479477601
-0.3624383353056937
-0.04882252903504961
0.1931818844026704
0.21595192072649247
0.3590646037062539
0.45493169246381937
0.40618148058345677
0.5818732266646479
0.5587200253641696
0.6512788006341066
0.7872628468886432
0.6753505468598094
0.712452297411117
0.5626108163958203
0.7074971871250172
0.7366633277455454
0.7162962682424451
0.8547528064846373
0.8602295566963792
0.8556573119983731
0.7328271763473694
0.8924249343785692
1.0752733368650391
0.7822438796820713
0.9509062581097476
0.9592563363798771
1.0209995364479971
0.8610235349744509
0.9170161608448244
0.9285211397805991
0.8991400840198424
1.0149268839822414
1.0352992301479034
0.9726631900067438
1.0454351035085143
1.1085752606218093
1.3038282775542576
1.3350800952387691
1.3487607422281647
0.9540611874166885
1.20131032119579
1.508562992170069
1.2527779588926633
1.3144282733619608
1.236767856232911
1.4140210177768349
1.3226008397664124
1.4693459490570453
1.2451519382600134
1.4931588614983557
1.4657664307506855
1.5092005846641439
1.516192901792735
1.3897356784149837
1.319393392218252
1.4316950291376236
1.2787533808086244
1.3829201066712589
1.2448758189504199
1.4437443755306347
1.4678938911495638
1.4244543522495245
1.4864355644787637
1.3915505416471132
1.6093348763159925
1.7462131972935442
1.7530697176185208
1.5350169544300083
1.4844866090735327
1.356687460041111
1.4093221717578517
1.5131063386059445
1.4313485470882883
1.3642826480016332
1.3462938875606802
1.446206636438766
1.322817572885014
1.6177185612055267
1.4517531086728903
1.398083458118293
1.47714875990071
1.6100727407387894
1.5267764901373646
1.6243313675153441
1.6003947673195331
1.6535428264544156
1.5991246339942211
1.725163285637387
1.6252178275896583
1.5858056286806432
1.5887732622383837
1.5176568099467298
1.626517533917194
1.4286977641431335
1.6479726235171643
1.530528530468658
1.3323519156759034
1.348374716205588
1.3023080173699422
1.3747601319081613
1.0826169372965315
1.3169228678544116
1.072960349475663
1.1633410879497823
1.2356770475848242
1.5329145476535582
1.8265157493059643
1.9200815216565672
1.6372557082995804
1.785142496516201
1.6484389192159872
1.9601746032078875
1.7748556857071545
1.8281410884206684
1.702294391957255
1.6456769726112384
1.5533122947120217
1.5725074129127943
1.437877488159159
1.283172794485549
1.3349421795521925
1.4288777267338517
1.51055120720992
1.5091048266679552
1.5187069587531294
1.246157968232607
1.2922731377947059
1.363430731835655
1.1939649527854919
1.1654643733653371
1.4780226046187543
1.5884246567492903
1.3627823931321306
1.5779739269498023
1.4741819874350517
1.496726587902222
1.4446910723930309
1.2206900348468197
1.4544618328158823
1.1451794640099362
1.4320707414730987
1.4363261138375758
1.4992741438708788
1.3829591744439655
1.3820392014977958
1.3861468549851894
1.6519341279619664
1.455936309405126
1.5183706785367523
1.712929624027188
1.7181621096317146
1.6996485190398076
1.7219568559857488
1.8500654545994355
1.8085254624665392
1.8770616130196085
1.8292749630525458
1.981447021670067
1.875829444605072
2.11773817976647
2.199334598832845
2.1621914999713585
2.088734659933133
2.247954570374797
2.1441726174953537
2.2733109478426083
2.086594067631552
2.200332114194613
2.2343716428010185
2.0960943845942492
2.013983042289827
2.37794046657022
2.2906204487614925
2.2615788399687706
2.2312726977110358
2.4276216503725427
2.2845598224113424
2.368711156895243
2.2934642929322284
2.1072410753900614
2.286033279875548
2.42915278118718
2.284557010697267
2.201753039130505
2.130104808934595
2.275150934079701
2.32883796980191
2.25132974473235
2.5559100092942626
2.467985784100544
2.4657707742802892
2.1918800082013234
2.2292263410535837
2.263900213117631
2.624435789294813
2.240494962421421
2.1843422767608316
2.2906138826458027
2.528922220440236
2.327780184292967
2.4560341412274473
2.3068846411391797
2.5779940499586207
2.4923038877973203
2.4896011711271
2.4524556501346044
2.5103134315298186
2.5653143967814978
2.414147416402578
2.3301744330183016
2.2579420366203142
2.5029457814977008
2.2236383995183435
2.133490284876417
2.147497403619659
2.3361453167903266
2.4601660627721063
2.4530882648073775
2.460941063182549
2.222131764485339
2.3833645500274354
2.605032256676113
2.369520280533787
2.258909187174504
2.401138656408206
2.119504559440168
2.1227485014660963
2.184945409480232
2.467922422566503
2.3812165897062485
2.3917039119334853
2.6882045017429497
2.520515390390712
2.4849217905537277
2.3191378720619515
2.084577455696413
2.42318689786401
2.3046022803167228
2.133112443680283
2.275670945474172
2.145949584993296
2.239920646877574
2.265414552183811
2.3503040376854023
2.3821451287388755
2.3842325638412216
2.385065692409405
2.335975881028096
2.4645421181066913
2.70110323553383
2.5937150837525236
2.445526251782915
2.43659109332617
2.42497105947689
2.1272598826828
2.0882458994860102
2.2118239178841956
2.230556737296333
2.3948214763277824
2.1748004343606264
2.448508624793305
2.6245114845215505
2.462325348713862
2.5371768962412955
2.4709084269994652
2.550519490751698
2.5873360515785735
2.6108842497130236
2.565011873158833
2.461497193800687
2.3492347728035763
2.5503353027884064
2.6464590057159025
2.5881904414665566
2.7854830056850193
2.7728928040979492
2.64314725468869
2.8119924898032767
2.7465436455297243
2.8766829817159
2.8774178986697727
3.0092360642977076
2.868785408522021
2.8644971225308296
2.8147273887852333
2.7707559964210016
2.795313885638823
2.986395146738515
2.95151429623386
2.9601731640174145
3.073678286170226
3.3843289566993064
3.092841171483452
2.9270505229284445
2.8144321793700304
3.068575167659983
2.7244574966108224
2.9343041719359335
2.860297453384758
2.778736377988333
2.8389619037806946
2.896233045903642
2.888225963534263
2.9622204540485435
3.107819603180469
3.101442507913319
2.9289293913492105
2.9072542246913087
2.774688750675111
2.8276069889323545
3.0780710857464673
3.087974759669264
2.9336537515118106
2.7522846626026585
2.7342360824808427
2.6947155975025034
3.0184040784055775
2.7534321737079956
3.0242525650340233
3.196313212382366
3.095293839665112
2.872305365688577
3.0455585485685623
3.13538987783526
3.1154538755977637
3.0412734300553943
2.9911111194302316
3.0695341419616913
2.7726582727442697
3.0670186549341287
3.0857764340998806
3.3439766553892603
3.3718656948271026
3.2017546108715025
3.317675247112278
3.0424969525743566
3.1058995569343075
3.328029820187195
3.187209254721319
3.1155290257942956
3.0052567589951273
2.9505676529856806
2.9692134481829178
3.012711405517692
2.9101818233557926
2.629859111403452
2.801683567919536
2.8883263361800657
2.9194828424996544
3.0532899883306235
3.2140393116692123
3.222318730865337
2.9690694777266393
3.04144745969608
2.823624800699067
2.978904618623383
2.9494174395102717
2.8937283348309406
2.883099438453639
3.0132130734403595
2.8826765712374396
2.815706922417963
2.9990756205867832
3.116483875240251
3.019400836722724
3.1451072203514427
3.264881008734067
3.0286205385718326
2.757276704904811
3.0867031758449834
3.0886115808801606
3.1171283249207047
2.9049407393334694
2.950193004904413
3.1367745517453165
3.122712208811999
3.204053093230565
3.1709275152375977
2.872357594587599
3.0362369496120767
2.8067457721228144
2.7442398530539145
3.0711702335289828
2.953455033951993
2.8684533602657205
2.8824042285379847
3.045454181103151
2.984473466862054
3.4229805344743176
3.2621911691674987
3.2662989941097997
2.9724039619248033
3.0242514336153428
2.865099881905593
2.8518457258305574
3.012748482847456
3.1621638750009353
2.918903481936885
3.0341842572573356
2.7834182321774925
2.82001767233889
3.162478394954027
2.7890296575603393
2.8712015981292325
2.917673880299604
2.640663900096675
2.792961650332879
2.7650466946677352
2.668059083855892
2.591822885658898
2.6503755015040413
2.7659570672463
2.8714391684634624
2.685142469483067
2.6717353077249926
2.8480087119912265
2.731334241296302
2.8093070319046554
2.9021479602235254
2.774284252013596
3.194748365091639
2.987122192066504
3.306463491206078
3.1727856549407583
3.0443192396638428
2.962728078098568
2.7329842831542694
2.9472986083066246
3.203070399596102
2.9264237992078677
3.009335501837801
2.8556062774104896
2.88898536525247
2.7893035716102226
2.869025392258195
2.982858022256387
2.9051253252509923
3.015035700923536
3.090423226997192
3.110763840461555
3.0868489619941464
2.980279400393116
2.8689353576600403
2.813485766330805
2.9562149446291888
2.9843447375744976
2.9533932850914866
2.9223550455141143
2.872052512008382
2.831362850967784
2.9495112958980694
2.845101986783265
2.8728906553180686
3.1538418870556684
3.159909221549975
3.1934617542634016
3.055606833903992
3.1827460151762543
3.112196153707604
3.0087362398797595
3.1622552685942282
3.1386705950426372
3.3546285612881044
3.038149434097845
3.0866954069555725
2.8878766767886526
3.2049653236460673
2.9829572584215485
3.032633592999383
3.046708573821551
3.049588565930536
3.0007396650536564
3.0866377884648144
3.0024595760216237
3.217942979903475
3.177783070974139
3.1847087925406528
3.2361098499945062
3.5155589850394655
3.220408350975259
3.4284260934580644
3.2773252730644393
3.0181293215579745
2.7217875914817014
2.973382286257349
2.817037941631097
2.4342043456465667
2.8426689756860752
2.930607445662847
2.5837563461966853
2.681705773354674
2.748508611082512
2.6062625787989933
2.426581448889215
2.6869980740607153
2.8626370279064672
2.789728465008757
2.683327202933023
2.662462918173739
2.8633159300367352
2.9366755837746212
2.6288512118757854
2.6660609642212107
2.776648542592889
3.069525265937198
2.937375461095455
3.12631849755183
3.1476292079813
3.241131620041941
2.9993740894503205
3.0747040329770807
3.0955506963551915
2.9414266971714764
2.9669298485950537
3.1006052619657125
2.992655345270854
3.1276754565420233
3.151235450448778
2.9288988984464246
3.0052056750784817
2.983856398269339
3.031016411332279
2.908303497389896
2.8903580921053993
2.948369867923367
2.9753582311569406
2.8147375077201477
2.8612259551181807
2.7063243310380023
2.846339113735837
2.940090335563811
2.9315493859991393
2.8109256803810134
2.513929617596315
2.769067963603056
2.7866031037367023
2.9011004346719034
3.004907550417343
3.0897170500502926
2.9003099364841654
3.0193973939348075
2.9684579170563907
2.911220236185899
3.0475461726832402
3.0359351553622873
2.997537298759403
3.0929294761738277
3.0535329847617647
3.393623469106266
3.2673814953010702
3.2325215671585803
3.2021429222290876
3.239009029437124
3.259595402929765
3.0568002712754763
2.985530393480101
3.074080043897601
3.0147185513507986
2.8447449346769003
3.003424640045155
2.9262849451338995
2.9519582668573996
2.760423882457205
2.8100319649206944
2.767954816006776
2.640376267642455
2.7030469411811375
2.6569870450830204
2.655794802674858
2.600094809589281
2.647257988532748
2.5711686060826255
2.6553890743633173
2.7037032392671336
2.7031861179588095
2.9367749259404263
2.7262369948647893
2.4934983716372376
2.6752113499507977
2.660825340903504
2.7784569998387654
2.756627152518748
2.5649040490397454
2.613750995142015
2.6019798976517263
2.4592653989549604
2.5044462511817263
2.2665035670057048
2.3600821066413102
2.598045839166994
2.6479003958947547
2.7549188106331335
2.4580349673072264
2.6934818327356513
2.424627315453048
