0.0
0.0
0.0
0.0
0.0
0.0
0.0
0.0
0.0
0.1
0.0
0.0
0.0
0.0
0.0
0.0
0.0
0.1
0.1
0.0
0.1
0.05
0.0
0.0
0.05
0.05
0.0
0.35
0.15
0.15
0.15
0.05
0.2
0.25
0.45
0.35
0.4
0.3
0.2
0.3
0.75
0.3
1.2
1.05
1.95
1.3
1.2
1.85
1.9
1.4
2.45
2.45
3.2
3.0
3.15
3.55
4.75
4.8
5.45
4.45
7.4
7.95
8.9
6.35
8.0
7.05
6.65
3.5
5.05
4.15
3.8
3.1
2.8
3.0
3.6
2.55
2.85
2.5
1.05
2.75
1.5
0.8
2.15
1.0
1.45
0.95
0.6
0.95
0.7
1.05
0.55
0.85
0.5
1.1
0.95
1.2
0.35
0.6
0.75
0.65
0.75
0.6
0.8
0.3
0.75
0.8
0.6
0.6
0.7
0.75
0.8
0.6
0.7
1.2
1.25
1.05
0.75
0.75
1.05
1.0
1.05
1.4
2.25
1.1
1.65
1.55
2.1
1.25
1.85
2.4
1.85
2.15
1.85
3.1
2.0
1.45
2.75
2.15
1.8
3.2
2.4
2.45
2.95
4.5
3.35
3.95
3.65
4.7
3.15
4.3
4.45
3.15
4.85
4.5
3.5
4.4
6.15
3.35
3.45
5.2
3.6
4.45
5.45
4.75
5.45
5.45
5.1
6.2
6.9
5.25
5.9
7.2
6.5
6.15
6.0
4.95
5.75
7.9
6.15
5.55
6.55
7.3
7.75
7.95
8.05
9.2
9.55
7.35
8.6
8.25
11.35
8.9
11.0
10.85
10.85
14.1
11.05
11.05
10.75
12.05
15.7
12.85
13.15
11.3
12.0
13.45
13.65
13.05
10.3
12.25
13.1
12.6
11.7
10.55
11.9
11.6
11.05
13.0
12.7
12.15
12.2
12.3
12.85
12.9
12.3
11.95
12.65
12.15
13.75
11.1
14.9
14.2
12.65
13.8
16.0
17.0
17.9
16.3
14.3
16.25
14.45
13.1
14.25
15.7
14.2
16.05
16.65
18.3
16.45
14.55
15.75
16.4
16.45
16.65
15.55
15.25
15.9
19.25
14.55
15.05
17.0
16.9
15.7
19.15
17.5
18.85
17.65
19.05
20.35
18.6
18.35
20.15
16.7
23.0
17.9
18.0
17.75
15.5
16.95
17.6
18.9
19.9
16.0
21.15
21.45
18.45
16.7
19.5
21.4
20.75
19.2
27.15
22.8
17.45
20.05
20.95
15.3
18.9
20.2
19.9
17.45
18.7
16.3
20.5
20.65
19.7
27.5
17.0
18.5
18.75
14.5
17.35
14.45
13.7
19.05
16.05
14.75
14.5
13.6
11.7
13.05
13.2
15.5
14.45
18.35
16.45
17.0
12.6
13.35
13.8
13.0
13.65
11.15
9.35
8.95
14.1
11.2
13.2
12.0
14.8
13.8
10.85
12.0
13.55
13.4
14.0
12.6
12.25
14.3
15.8
17.25
14.35
17.15
17.75
17.3
13.9
20.3
17.85
19.75
19.7
18.2
17.85
16.45
14.55
13.85
16.3
14.35
12.35
12.45
13.55
12.2
11.65
14.4
14.0
12.75
9.3
7.75
9.55
10.1
14.55
11.9
12.9
13.75
11.35
15.05
13.95
12.6
11.85
10.75
10.95
14.8
12.7
11.6
9.7
7.0
10.65
11.2
12.4
12.65
14.55
14.5
13.45
11.2
12.7
12.1
11.65
9.5
8.5
9.75
11.2
8.45
7.25
6.75
6.25
5.8
5.65
6.2
6.5
6.7
6.8
5.95
5.2
4.45
4.15
6.35
6.75
6.0
6.15
5.25
5.7
7.2
6.3
5.35
6.5
6.35
8.1
8.4
7.2
7.25
4.75
6.85
5.15
6.0
4.75
4.95
5.3
4.6
4.8
4.4
4.4
5.7
7.3
6.25
8.15
6.9
8.7
7.3
7.6
6.1
8.7
8.8
7.65
8.25
6.9
6.6
7.2
9.1
5.4
5.6
4.9
4.55
4.6
5.2
3.6
4.7
3.9
4.6
3.4
4.5
4.35
4.45
4.65
4.5
2.5
2.9
3.65
3.6
3.35
3.4
2.9
3.25
4.9
4.1
5.2
5.25
5.75
10.75
8.5
8.85
8.3
5.9
6.25
5.0
5.55
6.5
6.2
5.25
3.8
3.65
3.0
3.65
2.9
2.65
2.45
2.35
2.35
2.35
2.2
2.15
2.85
2.4
2.15
2.6
2.25
2.95
2.15
2.45
2.9
2.2
2.25
4.15
3.95
5.1
3.7
4.75
3.7
4.35
3.65
3.15
2.85
4.0
5.6
6.65
5.55
4.25
2.5
2.95
3.7
3.05
4.3
4.95
6.3
3.75
3.3
3.6
2.95
3.3
3.8
4.3
3.8
3.65
3.5
4.4
3.35
2.1
3.75
3.2
3.65
4.5
6.05
3.4
4.55
4.5
4.4
5.5
4.05
5.45
6.6
7.45
8.45
6.3
5.65
6.25
6.45
7.55
7.0
5.5
6.3
5.6
4.55
3.45
3.5
3.2
3.05
3.2
4.5
4.75
4.5
7.3
7.1
5.95
6.3
5.1
4.15
3.75
8.9
7.15
6.45
9.6
8.0
6.85
7.9
6.65
7.85
8.8
11.0
10.6
12.3
13.25
11.65
10.25
7.35
8.95
9.2
9.8
10.1
10.15
9.1
9.2
8.45
7.1
6.2
9.35
9.3
7.6
7.3
6.8
8.45
8.5
12.15
8.5
7.75
6.35
7.2
7.75
7.1
4.35
5.75
5.05
9.35
8.3
8.55
7.55
10.45
9.65
13.75
14.15
9.9
9.75
10.35
9.4
6.6
9.0
7.5
5.0
7.0
5.2
10.7
10.5
9.45
9.15
12.7
11.5
12.9
11.5
12.7
9.15
8.9
9.7
10.05
11.4
8.05
5.95
6.95
6.85
5.3
5.5
7.25
6.9
5.7
5.95
5.15
5.25
4.5
5.15
3.6
3.35
3.7
4.6
4.65
6.6
5.75
5.65
5.75
4.95
6.75
7.05
5.55
4.1
3.5
3.15
2.65
2.25
2.35
2.7
4.05
4.0
4.35
3.45
4.45
4.85
5.65
6.25
5.45
3.15
3.35
3.8
5.3
4.25
3.7
5.1
4.1
5.05
4.7
7.25
7.0
8.1
10.1
7.15
9.45
8.55
7.95
7.3
7.55
7.1
7.85
7.55
7.45
7.85
9.35
6.8
6.35
8.6
11.05
9.8
12.8
13.55
10.25
9.7
10.2
8.4
8.7
9.2
9.4
5.8
8.4
7.4
5.9
6.2
4.55
4.75
4.1
5.35
5.75
6.2
5.3
4.25
5.9
6.4
5.4
7.7
8.15
8.5
8.05
7.55
9.7
9.35
5.95
5.55
6.6
7.55
8.9
8.75
10.85
10.35
11.7
8.3
7.8
8.3
14.55
16.0
13.1
13.75
14.65
13.25
14.4
20.5
18.05
15.95
15.9
14.9
15.3
16.05
15.8
10.25
10.8
13.25
11.85
15.3
11.95
14.3
11.35
10.95
11.7
12.4
12.05
8.9
9.85
7.45
6.7
6.8
7.35
4.6
6.55
6.55
8.15
5.8
4.9
6.05
6.2
3.4
4.2
3.95
3.2
3.7
5.35
4.0
4.6
5.7
7.7
8.6
8.5
8.3
6.95
9.95
10.45
8.45
6.45
6.7
6.45
7.8
6.8
7.7
7.9
6.85
6.85
7.1
5.05
5.7
6.65
7.65
9.45
8.95
8.65
7.1
6.45
7.65
8.7
8.75
9.0
9.95
6.35
9.2
7.9
11.55
10.3
8.2
6.55
6.05
8.45
11.15
10.85
8.4
8.0
8.05
6.1
5.95
7.65
6.8
6.9
7.45
6.5
5.7
4.9
6.2
4.25
3.75
2.8
3.65
4.7
3.5
3.35
3.8
1.95
2.85
2.65
1.6
2.45
3.25
2.75
3.6
3.5
3.85
3.6
4.2
3.1
1.9
2.45
2.85
3.3
4.4
4.2
4.4
5.8
5.75
7.55
5.35
3.6
4.1
5.1
5.7
3.7
3.8
3.1
3.8
3.25
3.25
2.5
2.75
2.9
3.2
3.1
2.7
3.75
2.3
4.6
4.25
3.85
2.5
3.5
4.1
3.3
4.35
3.4
2.4
2.9
3.25
3.8
4.7
5.1
6.85
7.45
6.4
7.05
6.2
7.45
7.9
9.1
9.2
9.7
9.1
11.35
10.2
14.2
10.5
8.35
8.2
13.3
14.05
12.0
11.3
10.85
9.6
12.05
10.65
10.85
8.7
10.5
10.15
10.85
12.3
11.6
11.1
12.8
15.95
15.25
12.05
12.45
13.7
14.65
13.6
14.15
10.9
13.7
14.5
21.25
24.7
28.65
26.0
26.8
26.05
19.3
14.05
15.85
15.9
19.0
20.4
13.9
12.2
10.55
11.45
9.95
10.45
11.05
12.55
13.65
10.75
11.3
12.05
10.5
8.65
7.4
8.95
9.9
8.7
10.95
14.6
14.75
16.1
18.5
18.7
13.3
15.05
14.5
14.1
13.9
17.6
16.7
15.65
15.75
12.4
12.0
11.9
11.35
15.4
14.05
14.6
12.05
10.5
8.75
9.9
11.2
11.7
10.4
11.6
11.45
10.9
11.95
11.55
11.7
13.8
8.9
9.1
7.8
6.15
8.4
7.85
8.85
8.15
8.7
11.2
11.8
12.2
12.95
10.0
11.4
13.55
14.35
15.15
14.5
16.45
13.55
14.1
13.25
12.8
16.2
18.9
20.7
16.8
11.5
15.85
18.0
18.0
14.5
14.5
19.15
19.75
20.1
20.2
19.1
16.0
14.45
15.6
18.95
19.4
18.75
21.1
18.6
18.2
15.3
12.85
13.2
15.15
13.35
14.25
12.85
12.1
10.3
12.0
13.7
11.65
13.35
10.85
14.3
14.45
15.5
14.75
20.1
21.6
24.75
21.1
19.6
17.0
19.4
20.2
17.55
15.25
16.7
15.3
14.9
16.4
18.35
22.15
19.7
18.5
16.3
15.05
12.15
10.75
9.55
8.85
8.5
10.55
10.35
9.75
12.05
13.65
13.8
17.3
13.9
18.55
17.25
18.05
16.75
12.45
11.75
11.4
13.05
16.5
16.0
14.05
15.65
14.1
11.35
13.25
13.85
12.4
11.3
11.9
9.5
11.95
12.1
11.5
10.5
10.1
10.65
9.3
11.25
7.95
8.35
6.35
8.65
8.55
8.4
8.8
11.05
9.15
9.95
14.3
13.6
14.95
15.35
12.65
11.6
11.65
11.3
12.2
13.0
14.05
11.7
14.75
14.4
17.4
17.4
15.7
17.6
17.6
16.45
18.2
15.45
19.45
19.5
21.55
21.7
27.2
21.7
23.9
23.8
25.5
27.1
24.9
28.05
25.9
28.35
25.05
27.4
31.05
26.0
29.05
27.55
25.25
26.75
28.45
31.0
31.65
27.9
26.9
20.35
21.6
14.3
12.9
15.1
12.8
12.45
15.6
14.3
19.3
19.3
19.3
17.15
18.25
18.95
18.45
18.75
18.85
17.1
18.75
18.7
17.6
19.7
18.7
18.55
19.1
16.55
12.05
11.55
10.15
12.7
11.25
9.4
9.55
11.45
11.5
14.75
13.5
11.85
9.95
12.5
10.7
12.4
10.65
10.35
12.75
15.1
16.75
15.4
13.8
17.65
16.75
22.0
23.1
22.65
19.05
21.4
23.05
21.15
17.95
20.55
19.1
22.5
22.15
25.9
24.35
24.7
22.3
22.25
23.2
25.0
26.35
27.7
31.05
25.3
26.05
28.05
26.25
24.3
23.0
25.5
15.8
8.1
8.35
8.75
10.7
11.4
11.4
13.75
11.85
12.95
14.3
9.7
10.5
11.1
13.4
17.4
14.5
16.2
12.95
10.9
8.7
10.65
9.35
9.95
11.55
13.1
13.4
17.25
18.5
19.25
15.05
16.4
18.6
19.1
18.5
15.15
13.0
13.05
13.95
14.65
15.1
10.5
11.4
10.75
12.15
10.5
8.1
7.8
9.35
6.65
8.0
8.55
7.7
6.8
7.45
8.8
8.1
8.2
7.25
6.05
4.1
3.85
5.25
5.35
4.65
5.4
5.0
5.65
6.35
6.0
7.05
6.15
5.95
5.35
5.35
5.3
6.15
6.9
7.3
5.15
6.95
6.85
8.1
5.2
6.9
6.0
5.15
6.4
6.9
5.9
7.5
7.85
7.85
7.2
5.6
5.45
4.75
6.0
7.05
8.45
11.85
12.5
12.6
19.9
17.75
18.1
20.05
21.7
20.7
21.6
21.0
26.65
26.65
28.7
26.65
23.65
19.4
16.25
16.95
21.25
25.35
28.85
29.65
27.8
29.3
26.1
28.1
26.8
25.9
26.6
20.9
19.6
22.45
21.65
21.3
26.5
26.05
41.15
39.0
34.15
26.05
22.35
27.5
32.65
31.45
23.95
25.55
26.05
24.65
22.2
18.6
18.45
