0.05
0.0
0.0
0.05
0.0
0.0
0.0
0.0
0.0
0.0
0.0
0.0
0.05
0.0
0.0
0.2
0.1
0.1
0.05
0.0
0.15
0.05
0.0
0.0
0.0
0.05
0.05
0.0
0.05
0.1
0.0
0.1
0.0
0.15
0.1
0.05
0.0
0.0
0.0
0.2
0.1
0.05
0.2
0.4
0.7
0.2
0.35
0.55
0.65
0.95
0.6
0.85
1.5
1.3
1.6
1.5
1.85
1.95
2.25
2.55
2.45
3.85
3.7
2.85
5.0
3.95
5.2
4.6
6.35
6.6
5.5
5.05
8.65
6.05
8.75
10.15
9.05
7.4
9.8
10.35
8.5
12.95
10.4
11.05
10.8
13.55
13.7
13.9
13.55
12.65
14.6
15.9
16.3
16.35
15.3
14.5
16.4
17.35
15.8
15.05
19.3
17.7
14.3
16.8
15.15
16.3
12.85
12.4
11.0
15.15
10.35
9.65
13.8
13.45
11.15
14.2
12.25
12.55
11.45
11.0
12.5
13.95
11.8
11.75
11.6
10.2
12.15
9.45
8.2
8.9
10.9
10.55
11.5
10.7
11.45
13.6
9.9
10.1
12.8
12.55
12.2
12.35
13.7
13.7
12.0
14.4
14.5
11.95
10.85
12.8
12.95
10.8
10.4
9.0
10.4
11.15
9.65
7.7
10.6
9.7
10.55
10.2
9.85
8.95
9.35
8.85
10.5
9.2
13.25
12.75
11.9
10.0
10.25
12.95
11.95
9.95
15.05
11.45
11.25
8.5
9.35
11.85
9.35
9.55
9.8
7.9
9.45
10.6
10.85
10.85
10.2
9.2
7.3
11.25
8.45
8.35
8.35
7.6
8.15
8.05
9.4
7.4
7.5
7.05
8.55
9.45
9.35
7.15
7.7
5.85
7.95
6.0
7.8
5.7
6.5
6.7
6.5
6.05
5.75
5.6
4.1
5.2
6.75
4.6
5.25
3.95
4.65
4.3
5.2
5.55
5.55
5.35
5.4
5.2
4.85
4.35
4.85
3.55
4.95
3.8
4.5
3.65
5.35
2.8
4.4
3.9
5.55
4.8
5.65
7.0
6.3
6.05
6.6
5.9
4.75
4.55
4.1
5.45
4.45
3.1
3.7
4.9
3.5
3.1
2.3
3.0
1.75
1.55
2.5
1.35
1.45
1.75
1.3
0.8
0.8
1.1
1.15
0.4
0.85
0.95
0.8
0.6
0.35
0.75
0.95
0.65
0.7
0.8
0.4
0.45
0.5
0.8
0.8
0.5
0.3
0.4
0.35
0.5
0.15
0.45
0.55
0.3
0.2
0.45
0.55
0.25
0.4
0.1
0.5
0.6
0.45
0.05
0.1
0.35
0.2
0.0
0.25
0.6
0.1
0.1
0.15
0.45
0.45
0.3
0.45
0.4
0.7
0.5
0.3
0.95
0.95
0.9
1.1
0.85
0.55
0.6
1.15
0.75
0.85
0.7
1.15
1.1
1.1
0.8
1.2
0.95
0.75
1.1
0.9
1.1
0.9
1.05
1.85
1.3
3.0
3.5
2.75
4.95
6.65
5.55
9.0
5.9
6.8
5.1
6.15
4.65
4.75
6.0
4.75
4.85
4.2
3.25
4.05
3.2
3.3
2.4
2.75
2.5
3.35
2.05
2.85
3.3
2.3
2.9
2.0
2.0
1.55
1.2
2.8
1.7
2.25
1.95
2.75
2.25
2.85
1.95
3.75
4.7
2.9
2.3
1.2
0.5
0.7
1.3
0.7
0.95
1.2
0.75
2.8
2.2
0.7
0.8
0.45
0.65
0.55
1.15
1.55
0.65
0.15
0.5
0.5
0.65
0.2
0.65
0.25
0.45
0.45
0.15
0.35
0.5
0.45
1.15
2.75
4.35
3.6
2.4
2.65
1.7
1.6
4.0
5.3
4.85
5.05
5.45
6.7
4.75
5.1
4.5
8.0
9.15
11.1
9.9
11.45
13.3
20.3
20.75
19.6
14.85
20.1
15.35
17.7
18.65
20.65
18.95
21.65
21.9
17.2
17.7
20.85
21.1
21.05
24.2
25.15
23.3
20.1
18.95
16.4
19.85
20.7
22.8
24.85
24.35
17.1
16.6
15.05
18.55
18.45
19.25
16.15
18.4
16.55
14.75
14.8
14.75
12.7
16.75
17.9
17.35
17.15
15.25
13.55
14.25
11.3
9.5
13.6
12.15
11.45
13.9
12.6
11.9
14.65
17.15
13.9
15.55
15.95
14.3
15.15
16.75
19.55
19.7
19.3
18.15
17.5
15.75
17.7
18.1
15.95
13.85
14.8
9.2
9.25
11.2
10.45
7.45
13.55
8.8
5.55
3.8
1.65
1.75
2.05
2.3
2.75
2.3
2.55
2.45
3.7
4.15
4.2
5.2
4.65
3.95
2.75
4.15
3.1
3.1
1.45
1.55
3.35
2.6
2.9
2.55
3.1
2.6
2.35
2.45
2.65
3.7
3.8
2.85
3.9
4.55
4.5
2.85
4.2
6.5
5.1
3.45
4.0
4.7
3.5
4.0
3.4
4.15
3.8
2.5
3.85
4.2
3.35
3.95
3.6
3.95
3.4
4.75
4.6
6.1
6.0
8.0
7.35
6.7
6.7
6.05
5.1
3.65
3.15
2.7
3.8
4.5
3.65
7.2
8.25
7.65
6.6
7.3
7.35
2.95
5.55
4.3
2.65
2.55
3.05
2.55
2.35
2.7
2.0
1.65
2.95
2.2
1.6
2.9
2.1
3.7
3.3
1.7
3.45
3.65
3.9
4.2
3.65
6.2
5.35
5.2
4.55
3.25
4.75
4.5
3.65
3.6
3.55
4.2
3.7
8.05
7.0
7.65
6.2
5.45
5.05
5.6
5.75
4.8
3.0
5.7
4.9
5.0
5.95
6.5
7.05
6.3
5.5
5.05
5.0
6.4
6.0
5.9
5.3
4.65
5.35
7.1
5.65
4.85
6.9
6.2
6.85
4.6
5.35
5.1
3.9
3.9
5.0
4.15
5.6
4.55
4.35
3.3
3.1
4.8
4.25
6.2
6.55
4.9
6.1
6.4
7.0
6.15
3.65
4.05
3.15
4.7
5.65
4.2
4.2
4.65
5.35
3.7
5.5
4.05
3.05
2.25
3.2
2.95
3.0
3.3
2.4
1.85
1.7
2.5
2.2
1.9
1.6
3.6
5.2
3.95
2.85
2.8
1.65
2.65
3.05
4.8
3.75
2.3
2.0
2.45
3.05
2.15
2.35
1.2
2.7
2.55
1.65
0.85
1.15
2.15
2.95
2.05
2.25
2.4
2.7
1.7
1.45
1.2
1.0
1.05
1.05
2.15
1.7
1.85
1.2
1.55
1.85
2.2
3.35
3.95
3.55
3.85
2.1
2.55
2.1
1.45
0.6
0.55
0.65
0.75
0.5
0.9
1.4
2.3
2.95
1.25
2.9
3.0
2.4
1.4
1.4
1.05
0.45
0.55
0.15
0.2
0.9
0.2
0.35
0.15
0.2
0.15
0.5
0.5
0.6
0.1
0.8
0.7
0.75
0.4
0.2
0.6
0.6
0.6
0.65
0.6
1.8
0.6
1.0
1.2
1.95
1.05
1.0
2.5
1.3
2.25
2.4
2.1
0.95
1.0
0.8
0.8
1.45
1.05
0.8
0.6
0.7
0.2
0.65
0.6
0.55
0.35
1.5
0.7
0.75
0.7
1.35
0.95
2.45
2.6
4.25
2.85
3.35
2.35
2.55
2.1
3.1
6.55
6.5
8.05
6.45
5.0
3.65
4.8
4.45
2.25
1.0
1.05
1.2
1.55
1.05
1.65
1.25
1.4
1.1
0.25
0.6
0.9
0.8
1.35
0.7
1.75
1.4
1.9
1.9
1.6
1.65
1.65
1.0
1.55
3.7
1.85
2.85
3.3
1.7
1.6
2.6
1.95
0.6
1.1
0.85
0.95
0.95
0.7
0.8
1.6
2.1
1.35
1.6
0.85
1.0
1.55
1.75
2.25
2.9
2.95
3.45
2.95
2.85
3.15
3.25
3.05
3.8
3.7
5.1
7.05
5.65
10.05
10.75
11.05
11.75
15.85
11.35
8.3
5.9
6.0
3.15
2.75
2.25
2.6
1.3
1.85
1.25
1.05
0.9
0.75
1.65
2.6
2.75
2.4
2.15
1.6
2.25
1.25
2.25
2.15
1.05
1.95
1.45
1.4
2.8
3.5
3.2
3.05
2.9
2.25
2.5
1.8
2.2
1.25
1.95
2.1
1.95
1.8
2.95
2.7
1.0
1.7
2.8
3.95
2.95
3.5
3.65
4.15
5.15
6.55
8.6
6.55
6.0
8.05
8.95
10.3
12.4
7.95
6.0
9.55
5.6
4.95
6.3
5.15
5.6
5.6
3.85
3.8
4.35
10.2
9.15
9.2
5.9
5.9
4.7
4.5
1.75
0.4
1.25
1.1
3.85
7.95
3.65
3.0
2.6
1.9
1.75
1.25
1.0
0.85
1.0
0.65
1.35
1.55
1.25
1.5
5.2
7.0
4.9
8.0
9.55
7.6
11.2
7.55
16.1
13.5
6.6
10.35
9.75
6.15
3.7
3.35
2.65
2.25
2.65
2.65
2.75
3.05
3.75
7.8
7.6
4.9
7.7
7.75
10.0
8.05
5.75
2.95
3.3
2.1
3.5
3.4
2.4
1.1
2.65
2.8
6.15
7.25
8.9
9.65
7.75
13.3
18.75
20.95
21.95
20.2
15.2
16.35
12.5
13.7
8.45
8.0
8.8
12.7
11.45
4.7
1.5
1.2
1.35
1.05
1.65
2.95
2.5
2.8
3.45
2.8
3.25
3.4
1.5
2.35
1.0
1.05
1.05
1.5
1.85
2.9
2.75
4.05
1.85
3.2
3.6
4.4
6.25
7.95
7.45
5.25
3.75
3.4
5.55
4.95
14.1
15.8
8.7
11.05
9.1
5.4
3.15
3.05
2.65
3.45
3.05
2.7
2.95
2.8
2.5
6.0
9.15
8.8
4.7
4.1
3.6
2.15
5.0
6.55
3.7
4.5
4.7
5.35
8.5
7.5
6.8
3.3
3.2
2.3
1.7
2.05
3.7
1.9
1.85
3.15
3.2
2.75
2.4
2.15
2.3
4.0
4.0
1.65
1.75
1.45
1.85
1.8
3.2
3.75
2.2
4.65
5.65
4.85
6.5
5.95
2.45
1.8
1.5
1.35
1.8
3.6
2.45
0.7
0.2
1.25
1.4
2.2
1.35
1.55
1.25
2.35
1.9
1.2
0.95
2.75
2.1
2.8
1.45
2.2
3.2
4.65
4.15
5.7
5.25
2.35
1.25
0.9
1.2
0.5
1.0
0.7
0.4
0.6
0.9
1.35
0.75
0.45
0.7
0.8
1.15
2.55
5.15
3.25
4.6
8.55
10.0
10.9
7.95
7.95
12.35
7.1
11.15
10.9
8.75
10.45
9.85
11.0
11.5
9.6
6.05
6.55
5.0
10.5
7.05
6.65
3.55
2.65
4.65
9.85
8.55
6.85
10.9
13.05
8.3
7.25
5.15
7.55
8.3
4.15
4.65
4.55
7.1
7.3
4.0
2.6
3.75
3.25
2.55
4.65
5.35
5.85
2.85
3.95
5.0
4.35
4.2
4.6
5.0
4.15
4.05
4.25
3.6
2.25
3.05
4.2
5.7
7.0
9.7
5.15
5.2
3.9
4.15
4.6
4.0
4.9
6.85
6.15
8.65
9.65
14.7
16.6
12.6
13.4
15.4
18.05
18.7
18.15
13.95
9.25
10.55
16.55
24.05
18.25
15.8
19.45
10.95
19.2
19.7
25.6
21.8
14.5
10.8
10.7
14.65
10.3
5.75
5.2
6.15
4.8
3.6
2.15
3.45
4.45
4.65
2.9
1.6
2.85
3.3
1.1
2.0
0.75
1.45
1.6
1.45
1.85
2.65
1.65
1.1
0.9
0.55
0.65
0.55
0.85
0.5
0.35
0.9
0.4
0.3
0.35
0.25
0.45
0.65
1.05
0.6
0.3
0.2
0.3
0.35
0.2
0.3
0.15
0.05
0.0
0.05
0.05
0.05
0.05
0.15
0.35
0.05
0.05
0.05
0.05
0.05
0.3
0.05
0.0
0.1
0.05
0.05
0.05
0.05
0.05
0.0
0.0
0.0
0.0
0.0
0.05
0.0
0.0
0.1
0.05
0.0
0.05
0.0
0.0
0.0
0.05
0.0
0.05
0.05
0.0
0.05
0.1
0.2
0.3
0.4
0.5
1.05
0.45
0.3
0.35
0.1
0.05
0.0
0.15
0.05
0.0
0.0
0.1
0.05
0.2
0.1
0.5
0.25
0.35
0.55
1.05
1.95
0.5
0.85
1.6
1.65
1.75
1.15
1.3
0.9
1.25
1.25
0.65
0.75
0.5
0.85
1.1
0.4
0.65
0.8
0.35
1.2
0.85
1.55
1.15
1.4
0.95
0.7
1.0
0.95
0.35
0.65
1.1
0.3
0.5
0.3
0.5
0.65
0.05
0.25
0.05
0.5
0.65
0.55
0.7
0.65
0.75
0.2
0.3
