0.05
0.15
0.0
0.05
0.1
0.3
0.4
0.15
0.3
0.25
0.3
0.05
0.05
0.15
0.1
0.55
0.45
0.25
0.1
0.45
0.5
0.3
0.3
0.5
0.6
0.45
0.35
0.35
0.75
0.6
0.75
0.6
0.45
1.5
0.8
0.6
0.6
1.15
0.95
1.05
0.85
1.4
1.45
1.5
1.55
1.9
1.4
1.25
2.7
1.65
2.9
3.0
3.3
2.85
3.8
4.65
4.1
5.45
4.35
5.25
6.45
6.2
6.6
6.5
7.6
8.5
10.35
13.25
10.5
12.35
13.2
15.7
14.55
19.6
20.4
20.65
18.5
27.6
27.75
22.0
27.1
29.95
20.9
22.4
28.85
23.9
22.85
24.7
23.5
21.85
20.7
23.25
24.05
17.65
17.3
15.95
17.4
17.25
19.3
17.8
21.15
19.1
17.4
21.55
16.6
17.9
15.3
18.4
21.3
16.35
19.6
19.6
16.15
15.55
18.3
18.25
18.15
15.35
18.75
21.25
17.15
21.8
19.55
18.9
18.15
20.75
19.35
20.05
19.1
16.9
16.9
22.5
21.55
19.85
18.7
21.15
23.55
22.5
25.45
21.05
18.9
21.55
19.9
20.3
18.65
17.6
18.0
18.65
16.7
13.75
15.05
11.55
10.0
13.0
9.6
10.85
7.5
9.35
4.5
5.85
4.25
4.65
4.75
3.55
3.75
2.6
3.0
1.85
1.9
1.9
2.3
1.4
2.5
1.35
2.0
0.7
0.55
0.6
0.9
0.45
0.55
0.35
0.35
0.4
0.4
0.25
0.2
0.55
0.15
0.05
0.05
0.05
0.25
0.25
0.35
0.1
0.0
0.2
0.45
0.4
0.15
0.35
0.05
0.3
0.15
0.1
0.1
0.15
0.0
0.0
0.05
0.05
0.05
0.05
0.0
0.0
0.0
0.0
0.0
0.05
0.05
0.0
0.05
0.0
0.0
0.0
0.05
0.05
0.0
0.0
0.0
0.0
0.0
0.0
0.0
0.0
0.0
0.0
0.0
0.0
0.0
0.0
0.0
0.0
0.0
0.0
0.0
0.0
0.0
0.0
0.0
0.0
0.0
0.0
0.0
0.0
0.0
0.0
0.0
0.0
0.0
0.0
0.0
0.0
0.0
0.0
0.0
0.0
0.0
0.0
0.0
0.0
0.0
0.0
0.0
0.0
0.0
0.0
0.0
0.0
0.0
0.0
0.0
0.0
0.0
0.0
0.0
0.0
0.0
0.0
0.0
0.0
0.0
0.0
0.0
0.0
0.0
0.35
0.1
0.05
0.2
0.1
0.0
0.0
0.0
0.0
0.0
0.0
0.0
0.0
0.0
0.0
0.0
0.05
0.0
0.05
0.0
0.0
0.05
0.1
0.1
0.15
0.6
1.05
1.2
1.05
3.15
3.1
1.55
2.1
2.05
1.25
0.2
0.0
0.0
0.0
0.0
0.0
0.0
0.0
0.0
0.0
0.0
0.0
0.0
0.0
0.0
0.0
0.0
0.0
0.0
0.0
0.0
0.0
0.0
0.0
0.0
0.0
0.0
0.0
0.0
0.0
0.0
0.1
0.15
0.05
0.0
0.0
0.0
0.0
0.0
0.0
0.0
0.0
0.0
0.0
0.0
0.0
0.0
0.0
0.0
0.0
0.0
0.0
0.0
0.0
0.0
0.0
0.0
0.0
0.15
0.0
0.45
0.0
1.3
2.2
3.0
0.95
0.5
1.75
0.8
1.65
3.15
0.3
0.1
0.3
0.4
0.15
0.0
0.05
0.05
0.0
0.0
0.0
0.05
0.1
0.0
0.45
0.35
3.8
10.2
0.55
0.05
0.05
0.2
12.6
5.85
1.9
1.55
0.55
0.75
0.65
0.15
0.15
0.3
0.8
0.35
0.35
0.3
0.05
0.3
0.2
1.0
1.2
0.4
0.5
0.8
3.3
1.3
0.9
0.85
2.4
1.05
0.4
0.35
0.35
0.7
2.3
3.4
3.55
2.35
0.9
0.6
1.15
2.05
1.1
1.7
1.65
0.55
0.4
0.3
3.2
3.55
0.5
0.85
0.45
0.7
0.3
0.8
1.85
0.65
0.25
0.15
0.15
0.1
0.05
0.1
0.05
0.05
0.45
0.05
0.05
0.05
0.05
0.0
0.0
0.1
0.1
0.15
0.25
0.2
0.0
0.15
0.45
0.7
0.55
0.5
0.65
0.4
0.15
0.1
0.15
0.0
0.05
0.0
0.0
0.0
0.0
0.1
0.0
0.0
0.0
0.0
0.0
0.0
0.05
0.0
0.0
0.0
0.0
0.0
0.05
0.2
0.1
0.25
0.45
0.65
0.25
0.1
0.25
0.05
0.0
0.0
0.0
0.0
0.0
0.0
0.0
0.0
0.0
0.0
0.0
0.0
0.0
0.0
0.0
0.05
0.8
0.95
0.4
0.35
0.0
0.25
1.55
1.1
0.3
1.85
0.5
0.35
0.35
0.3
0.4
0.45
0.05
0.2
0.05
0.0
0.05
0.1
0.0
0.0
0.0
0.0
0.05
0.1
0.1
0.05
0.15
0.7
0.5
0.65
1.15
2.05
0.15
0.55
0.45
0.0
0.0
0.1
0.0
0.1
0.1
0.3
0.05
0.05
0.05
0.0
0.0
0.0
0.0
0.0
0.0
0.0
0.0
0.0
0.0
0.0
0.0
0.0
0.0
0.0
0.0
0.0
0.0
0.0
0.0
0.0
0.0
0.05
0.0
0.0
0.25
0.45
0.35
0.65
0.7
0.6
1.65
2.35
1.3
1.8
4.55
0.5
0.15
0.25
0.25
0.1
0.2
0.0
0.0
0.1
0.1
0.1
0.05
0.1
0.1
0.15
0.05
0.1
0.15
0.0
0.05
0.25
0.05
0.35
0.05
0.15
0.0
0.15
0.3
0.55
0.3
0.1
0.0
0.0
0.0
0.0
0.0
0.0
0.0
0.0
0.05
0.05
0.0
0.0
0.0
0.0
0.0
0.0
0.0
0.0
0.0
0.0
0.0
0.0
0.0
0.0
0.0
0.0
0.0
0.0
0.0
0.05
0.0
0.1
0.25
0.35
0.15
0.05
0.1
0.2
0.25
0.35
1.5
1.85
0.4
0.4
0.1
0.1
0.1
0.25
1.05
0.55
0.15
0.15
0.35
0.45
0.45
0.6
1.05
3.75
5.4
1.9
1.55
0.15
0.1
0.1
0.0
0.0
0.15
0.2
0.55
0.1
0.0
0.1
0.05
0.1
0.1
0.0
1.1
1.05
1.7
3.8
1.65
1.95
1.3
0.7
1.15
0.8
0.95
0.2
0.85
0.9
0.65
0.45
0.75
0.9
0.55
0.25
0.95
0.3
0.2
0.15
0.45
0.1
0.3
0.05
0.0
0.0
0.0
0.0
0.05
0.0
0.05
0.0
0.0
0.0
0.0
0.1
0.45
0.6
2.3
2.25
1.6
2.55
1.65
1.95
2.25
0.65
1.2
0.65
0.4
0.75
0.6
0.45
0.1
0.3
0.5
0.4
0.45
2.2
2.45
6.25
2.15
1.15
1.45
2.0
2.6
7.8
8.4
6.2
3.25
0.9
1.3
0.15
0.25
0.2
0.9
0.5
0.55
0.65
0.1
0.0
0.0
0.05
0.0
0.0
0.0
0.15
0.1
0.0
0.05
0.35
0.15
0.1
0.45
0.4
0.6
0.5
0.55
0.4
0.05
0.0
0.0
0.0
0.05
0.0
0.15
0.05
0.0
0.0
0.15
0.0
0.0
0.05
0.0
0.05
0.0
0.15
0.25
0.05
0.1
0.2
0.25
0.05
0.05
0.5
0.1
0.0
0.15
0.5
0.3
0.35
0.0
0.0
0.1
0.1
0.15
0.0
0.05
0.1
0.0
0.0
0.0
0.1
0.0
0.05
0.05
0.0
0.0
0.0
0.0
0.0
0.0
0.0
0.0
0.0
0.0
0.0
0.0
0.0
0.0
0.0
0.0
0.0
0.0
0.0
0.0
0.1
0.05
0.4
0.0
0.2
0.35
0.25
0.7
0.4
0.45
0.8
1.05
0.7
1.05
0.4
0.4
0.2
0.1
0.35
0.45
0.1
0.1
0.25
0.45
0.3
0.15
0.2
0.2
0.05
0.0
0.0
0.15
0.25
0.05
0.1
0.35
0.1
0.0
0.05
0.0
0.0
0.05
0.1
0.05
0.75
1.4
1.2
1.1
2.9
1.95
1.05
0.6
0.95
0.35
0.15
0.2
0.3
0.6
0.1
0.05
0.3
0.0
0.1
0.45
0.25
0.55
0.35
0.1
0.05
0.1
0.3
0.2
0.75
0.15
2.0
1.95
1.7
0.8
0.6
0.45
0.15
0.65
0.5
0.2
0.1
0.05
0.15
0.8
0.75
3.55
9.5
10.2
6.05
3.15
9.0
11.65
6.8
0.6
1.35
0.95
2.3
1.75
0.45
5.15
1.4
1.5
1.2
0.85
0.45
0.25
0.45
0.25
0.45
0.2
0.3
0.75
0.2
0.3
0.45
0.55
0.5
0.75
0.65
0.4
0.4
0.15
0.3
0.65
0.4
0.6
0.5
0.25
0.1
0.0
0.2
0.3
0.2
0.2
1.45
0.05
0.6
0.55
0.65
0.35
0.25
0.3
0.1
0.15
0.35
0.65
1.5
2.1
1.5
0.1
0.1
0.05
0.0
0.35
0.55
1.1
1.3
1.5
0.25
0.0
0.0
0.1
0.1
0.4
0.35
0.85
0.5
0.05
0.95
2.0
1.35
4.9
4.45
2.75
1.45
0.55
0.6
0.3
0.0
0.15
0.15
0.5
0.5
0.8
0.6
0.65
1.85
1.45
0.95
0.85
0.25
0.45
1.2
2.2
2.75
1.2
1.6
1.75
1.7
1.35
0.9
1.05
0.75
0.15
0.6
0.65
0.4
1.5
0.4
0.55
0.8
2.05
2.15
3.55
6.15
4.65
4.55
2.45
2.0
1.55
1.6
0.55
0.45
1.05
0.35
0.95
0.65
0.6
0.65
0.15
0.5
0.85
1.35
1.2
4.65
4.4
2.45
10.7
5.75
1.75
0.45
0.1
0.2
0.05
0.15
0.2
0.15
0.05
0.35
2.8
7.25
4.75
10.0
6.3
0.85
19.55
10.25
5.4
4.8
4.15
9.55
4.4
1.3
0.65
0.95
1.4
1.7
5.65
4.0
3.1
3.2
2.2
5.45
3.55
1.35
0.8
1.55
1.4
0.2
0.3
1.0
1.85
0.8
0.6
0.7
0.5
0.05
0.0
0.0
0.1
0.25
0.1
0.35
0.5
2.35
0.15
0.25
0.4
1.0
0.75
1.05
0.5
1.0
5.15
3.15
5.25
6.7
3.9
2.75
1.05
2.35
4.0
5.9
2.2
1.15
0.9
5.65
2.75
2.05
0.65
0.2
0.15
0.15
0.1
0.05
0.05
0.05
0.85
0.85
0.9
0.75
0.25
0.25
0.8
0.5
0.2
0.15
0.0
0.0
0.15
0.15
0.05
3.25
1.7
4.1
2.3
2.7
4.15
4.1
2.75
0.7
0.25
0.1
0.3
1.05
0.85
0.5
2.15
3.75
2.15
0.65
0.05
0.0
0.05
0.3
0.2
0.15
0.1
0.35
1.1
1.35
0.8
1.35
1.8
0.9
1.3
1.7
2.45
2.8
2.75
2.6
4.0
3.05
1.95
2.5
0.8
1.55
1.2
0.5
0.75
0.55
1.15
1.8
0.8
0.15
0.0
0.15
0.05
0.0
0.0
0.05
0.0
0.0
0.05
0.0
0.5
4.3
2.9
3.05
4.05
1.55
3.8
0.75
0.45
0.05
1.15
0.4
0.75
0.45
1.25
4.1
5.15
3.95
2.05
2.5
2.85
2.6
4.8
3.0
0.15
0.3
0.3
0.4
0.15
0.1
0.2
0.2
1.4
2.2
2.25
0.95
1.55
1.9
7.45
5.35
8.95
8.05
5.95
2.9
1.7
0.95
1.35
0.6
1.25
1.1
1.3
1.05
0.4
0.8
2.1
1.7
3.65
1.15
0.7
0.6
0.0
0.1
0.3
1.0
2.1
1.85
3.35
3.35
3.8
2.1
1.4
4.0
5.65
3.2
1.15
0.2
0.55
0.35
0.65
0.3
0.3
0.3
0.3
1.95
2.45
0.45
1.55
1.65
0.7
0.0
0.0
0.0
0.0
0.0
0.0
0.05
0.1
0.1
0.05
0.1
0.75
0.1
0.2
0.1
0.2
0.0
0.0
0.0
0.0
0.0
0.0
0.05
0.0
0.05
0.2
0.7
0.25
0.1
0.55
0.3
0.2
0.3
0.55
0.9
0.15
0.2
0.05
0.0
0.35
0.5
0.2
0.9
0.4
0.2
1.65
4.45
42.35
42.15
0.7
0.0
0.05
0.0
0.1
0.1
0.15
0.25
0.15
0.15
0.0
0.15
0.05
0.05
1.25
1.8
8.4
4.0
0.35
0.0
0.0
0.15
0.0
0.05
0.0
0.0
0.0
0.0
0.0
0.0
0.0
0.0
0.05
0.0
0.15
