-736.5131245592314
-774.112782498898
-725.2898526217266
-694.1827333384534
-654.6646773525555
-585.3240819412474
-530.7243773728245
-530.0674014520764
-440.81068844531774
-414.15260931059464
-345.0192159021653
-315.777050663003
-223.10524954944293
-232.55898128335858
-147.69511436287797
-125.78454602585236
-180.41719068515346
-82.72576567615388
-60.67150325807857
-26.171936817837285
-25.385841418564926
7.818557447651463
36.776158035190164
51.74181381900585
57.43338591376939
74.03825891662657
140.82780288917058
156.12193615269547
188.91374940005534
213.0021253651558
221.52042036907204
206.15373288984625
253.30934388968552
310.1448867453027
345.58658067563374
378.38038238217973
395.69511561353113
413.2360819743573
487.1511483517044
512.2859280355918
529.5672574648786
605.1188065746749
674.3714747053352
664.14737224348
680.672933752172
705.9346917301863
787.4010998698329
870.9178976578226
882.1806467110061
924.7750095639497
989.094218971188
1040.3547473992053
1098.536996800057
1109.9067134281684
1224.3196706236256
1239.557134619513
1300.1767711522693
1300.6321869926694
1434.1952462217403
1432.7777633961578
1442.4234513251713
1496.686882323982
1495.190804202545
1476.598220415079
1514.2279991911746
1574.9011609660895
1608.3747606238514
1567.3709451765096
1619.894822017447
1657.14250800628
1713.879890679083
1692.766523297839
1699.6288595106555
1734.088966742321
1778.361264133703
1749.2939731396832
1786.4243164233244
1780.7539300364758
1826.6916571959136
1810.7654597947826
1878.9955269837578
1861.3993075757808
1817.8988056184266
1862.9081202633126
1883.6909102421862
1917.2174293473388
1917.392742769427
1866.8901806659433
1894.4689872488045
1933.737639516849
1924.9557786147009
1946.4286888715287
2010.587123830713
1937.9191110707266
1966.8503917008886
1989.4952919454886
2000.4534894337507
1971.9986822620526
2031.0247907680357
2041.9719785717323
2040.9586918659438
2016.5421451922653
2035.601635283198
2049.584142850604
2048.1874233182834
2044.8305206200778
2061.7116872625415
2067.496635812087
2053.3269131480147
2061.059819493098
2103.3450521001414
2105.939573574854
2103.9617066957435
2067.8205656426694
2097.202349331949
2128.251152652911
2114.076309190509
2111.8474881308657
2116.630508614337
2142.907119433835
2124.9919872454216
2173.7502204947773
2175.0245577569094
2195.7438818496294
2199.662939678842
2231.5999106604854
2226.4157294956344
2207.819668481645
2229.8801152724095
2224.598171714145
2265.4397873494468
2240.5040959775424
2273.5123539639276
2292.2055317772447
2289.307521226437
2300.4883739415786
2326.0294357029466
2359.126785997835
2360.315798140655
2386.0078871759606
2390.0363049309663
2417.218395464416
2442.1754738843024
2442.8492160113847
2444.8110230297007
2471.3066797224574
2500.8419911734836
2514.882559662122
2531.2132058335383
2533.3811333832814
2559.0986395679565
2583.299990471013
2590.585313269098
2609.7879814448347
2612.4065378457235
2627.3176345063257
2633.3232612589413
2647.93564192479
2661.9252504318774
2667.9605541789815
2673.0082408285443
2683.5270257920047
2687.7508971064294
2692.903293458551
2698.596682934661
2707.762801494208
2710.0310990334583
2713.15967238022
2718.310904528384
2712.9552169933936
2716.2166566662736
2720.914204951349
2727.8653161306747
2725.4969884986554
2733.0640982957134
2731.54697281835
2739.58024118934
2740.373122181829
2743.5271710328625
2739.5623729112167
2740.9283681772076
2739.2749520350035
2730.949349228215
2726.362851251168
2727.2831963582985
2737.1580366754533
2728.7967633179924
2730.678438184708
2738.30214369658
2741.6918670123855
2743.2774106613147
2742.5177743883687
2736.266188531863
2734.2112978202463
2743.321516419929
2763.5924327836483
2758.351452970218
2760.628190742327
2756.609926608154
2746.8468367481837
2751.1103544438542
2758.5393280679277
2749.0117128889037
2748.585193396216
2736.544840799817
2745.4237584058246
2742.0634037624195
2740.676396849302
2742.862131365454
2745.952458529854
2736.7352867552027
2739.981064016306
2739.8485167709414
2740.1765165375637
2738.5535491082987
2738.35717110083
2742.971560676262
2741.7123471242026
2747.7746891304323
2742.3299185272213
2743.779845677083
2735.7707131620837
2735.003674921261
2739.255785263082
2725.1849274101787
2735.9690600393196
2750.0360486420236
2740.9664265043784
2737.2446105531153
2739.173052156868
2736.08018173038
2737.612472868431
2734.6262087646946
2741.9632722774977
2731.852418402396
2727.993477294233
2721.5323795432614
2721.867954162327
2723.7957158316854
2724.8543452321
2736.0313333848035
2728.907122236385
2727.042657674546
2733.149309029942
2727.6336635636044
2726.7520814673853
2732.3529744794478
2735.6272464018953
2738.486669087638
2744.9426099176517
2748.441039350324
2752.8864213536513
2756.064275956037
2758.2389356046165
2763.003969900591
2760.1378899586243
2764.134793374014
2766.4950217673804
2754.617312692565
2764.7393238976074
2753.606809080501
2755.295595294354
2764.947831112826
2770.0018390317045
2772.6734185452565
2770.658401668779
2778.6559674106707
2766.9510684341544
2762.056416502661
2760.8823845828997
2759.4139587149466
2760.7191540635918
2768.377282066666
2762.8330284820245
2760.1081215262016
2764.5606745821897
2771.5284944808964
2766.826034864758
2782.022750820981
2775.739558298087
2780.4397436700983
2786.2612478952988
2784.2166983771094
2789.0736263741246
2783.9985865199224
2781.5466054189887
2782.243179362392
2784.8501354203972
2781.524259384255
2764.0053255456633
2761.4339664148347
2754.3605703589083
2762.136931532311
2769.302127030414
2764.949456255672
2767.6649594744085
2769.971018357322
2761.593222436629
2757.6945672666743
2759.479112124204
2761.0046193743065
2758.8870075634295
2761.7807632356703
2768.435778956734
2775.247015043714
2778.1584705107325
2781.996958028979
2779.914642907001
2775.8308438108033
2764.683132037809
2769.3269884126353
2777.353045662149
2769.4185288231993
2770.656712788333
2766.8415016411263
2768.3725802517292
2771.1001317097853
2775.7406926207923
2776.0100490797367
2766.564665897954
2767.126580090432
2767.0286927330817
2773.870353146922
2775.5457420912794
2779.040999044096
2779.1590773983175
2776.211163751371
2779.6652404364895
2781.3998791796084
2782.0385624661944
2784.3291237358135
2785.361432735637
2787.4936154968345
2787.465465394156
2788.5207983061305
2792.0006270493764
2789.763869689357
2789.4721265983353
2792.2311764599863
2787.316304008833
2786.380102452408
2782.6568209670936
2786.9126852665277
2781.148175553513
2791.903109120986
2805.34938396248
2800.4412378307975
2805.368481876896
2807.668969656695
2811.861183028918
2803.807756766133
2795.5680469013723
2797.20159268383
2798.46287713343
2795.568987624567
2792.440636451119
2793.505501279651
2789.585240051829
2786.1733670915773
2794.60206402228
2802.98718593974
2812.023108173422
2804.5591210105276
2800.7689600299755
2806.441047432679
2805.429268023146
2797.492217705739
2797.8954106514843
2802.3322498998687
2783.974727142209
2791.0134957316795
2798.102784892256
2802.176021128707
2808.8247808925557
2805.605192190539
2802.4383590565
2796.8418022944034
2799.484640624656
2791.450936908045
2792.7000682572634
2793.681034965718
2800.3005784778475
2798.10678416095
2792.156568173751
2793.8840128943634
2787.4256719901605
2790.0392383871085
2787.462752657181
2787.6822803759
2787.13244092319
2788.938482455261
2790.044868523154
2783.4785451318376
2788.7425835031468
2783.389310747563
2787.8951077387087
2785.445942409181
2784.0247147876726
2779.644901193705
2787.282442890748
2775.798640389019
2777.3771797914987
2785.969003633721
2787.44946407961
2788.5509930380786
2782.533341182801
2791.97797943235
2791.350972053663
2787.6830483771782
2788.3570536709954
2803.150918088217
2794.509389408759
2801.0546680838356
2800.161106041937
2799.5677344064025
2794.869427771556
2787.5072395746292
2787.153242491745
2790.625078121824
2790.6344002764204
2789.343579804947
2794.7064947169874
2794.6077340726697
2793.0478567489886
2790.972605383251
2783.756933409263
2787.23034874671
2790.1533414391656
2795.00862405291
2785.2505743124166
2793.0325374520085
2791.5868999565487
2792.9827958621963
2795.5966157635094
2799.0212642251136
2795.0797322234066
2792.926568614923
2797.448059318011
2791.8168511535287
2792.4396742647477
2780.0026106305936
2786.206885096263
2787.222776965968
2784.5165864798178
2788.4858365759164
2785.143459700971
2788.257288412831
2778.934225067197
2795.9231796474473
2797.1931311815233
2792.884214451619
2790.6328451036925
2800.5459694383326
2797.675664482952
2798.6999468087006
2793.396104739534
2786.953017146356
2781.1702702638386
2785.3607751942845
2790.565351396962
2790.654730445421
2794.1118404983395
2797.813495899292
2794.1418245111818
2798.461504642896
2796.8745857144704
2799.978207598826
2796.508222278861
2795.9035188254393
2801.1425214738174
2795.485526184503
2804.27464466998
2801.6245188308544
2793.023352642308
2798.8793669044426
2801.0316780360467
2798.7126025188268
2793.2710592952203
2799.135836273621
2795.9051310985456
2790.545583217357
2789.7975707354317
2794.758010362967
2796.094398936302
2792.0533487799003
2794.518631470505
2797.307752742977
2798.1391601081596
2798.365390179839
2795.218421576908
2794.1382622748906
2784.543318091598
2791.2525818922304
2792.0081006744995
2793.7556060752167
2802.675656645323
2800.9938755206904
2802.573028046359
2795.3921005789934
2803.7137448437525
2802.8609654104393
2801.925852722275
2783.6915663124146
2777.440977691668
2778.3792363750854
2773.516428599035
2774.3724410723853
2763.3682529915077
2773.657847175329
2778.227241032305
2775.1535316917502
2777.764372863574
2782.831826183217
2784.314459669954
2789.109482880428
2786.7706407965798
2783.774014339654
2790.2958472926994
2786.6746200875896
2786.2038856054764
2777.163159325413
2779.2742826548
2780.0939593545872
2772.2555891340253
2768.3314937612713
2772.427608187064
2769.5850978395947
2777.6019373859126
2783.743119899134
2785.2379900590468
2774.2857647365886
2780.0426596717666
2777.195420082374
2779.779189225035
2777.558637797015
2775.247032467801
2792.2781033586552
2786.101522643329
2794.325204382144
2783.198832880178
2780.864402855339
2779.7576406578037
2784.540648166164
2784.566916844228
2782.197057420792
2781.130586466742
2777.094632553154
2781.269375328596
2770.6486502569305
2784.90878717933
2780.943932053574
2791.7211077957627
2790.5406790544885
2796.270365877011
2790.975540062721
2802.4792221178004
2805.4414635797198
2798.382014507307
2798.6350763387754
2803.8149628877263
2804.0765126216183
2809.0052299113618
2801.3069458694054
2804.338997941585
2803.25478605861
2807.2405878674444
2804.6120520343825
2798.9089138290306
2804.181367078781
2801.4658770282304
2792.6539144175886
2792.4826477062934
2786.5507292415186
2788.708586977842
2793.936371367817
2791.275389538005
2791.3570615392055
2794.6688972411644
2797.0236636644527
2788.042084457037
2793.777626190299
2796.76817490994
2803.8285284753183
2807.2372216934655
2809.6296090595542
2804.73306236026
2805.847755436938
2802.1661022983862
2810.6393699687096
2802.145222147313
2792.1206207704454
2789.059917198282
2791.454081763611
2794.645924784517
2799.839532419319
2804.0530627906105
2798.5183677387276
2806.98060908429
2797.704581142102
2794.61423158626
2800.7354528248443
2799.566354058736
2795.7524151268553
2794.851500907728
2798.781852602712
2798.9299333670883
2801.8432514644965
2805.910614282388
2806.82508685744
2805.505693353743
2807.0593027707
2801.594503129812
2801.019666654152
2808.0594129768438
2799.5316977744715
2793.2148247967243
2800.2067402292996
2804.5170012438434
2797.4863756147524
2802.6735215108215
2800.42430420674
2793.409102247604
2798.0187674983886
2792.087868462465
2795.6695262116773
2789.4434822477656
2784.086523900634
2786.6310147700806
2781.5700064399302
2786.0531073233556
2783.4368904171706
2792.9105635288565
2780.5211858042894
2787.8605686776864
2791.0872129305003
2785.042888857282
2788.11320772206
2781.758127604806
2776.69366352029
2777.082491978271
2776.002269358094
2775.2235063867815
2776.906992933604
2784.0519072323204
2779.767726873364
2780.2460688648607
2777.5140884955604
2774.3618855914365
2776.937705951254
2773.690672301999
2777.4013644631314
2773.7155669919566
2781.9567429796416
2773.996508003874
2777.031137101705
2774.6961623958937
2767.5471819678146
2772.592177181937
2775.35241159811
2776.461435731944
2775.626141223079
2769.1669820615452
2774.1399994248113
2774.3578781657984
2772.950647985082
2775.23975496186
2779.7411754368545
2781.2278700377183
2775.897610584454
2781.5917263247707
2783.355339646323
2790.0841718261627
2791.339404625257
2788.8299215238962
2784.6536577524525
2786.6989180966743
2789.707202975609
2788.1638434671636
2778.7694425772215
2789.7773856104245
2780.4527726617616
2772.318505457126
2768.8742303119334
2766.1546872574154
2773.893494640722
2765.2102650010556
2764.01922540916
2757.468452975051
2756.8401850981895
2758.1965684936395
2758.0001530399068
2756.808325919569
2752.096667281949
2752.6374143894154
2748.3851928805207
2752.3534679783074
2748.1806040937586
2747.979115989781
2745.614960965449
2751.727655300465
2755.5062559093553
2758.5174136132728
2759.751928838408
2756.717309655061
2756.987401531997
2752.586731512037
2759.030954400978
2756.7606008487114
2762.9708991314574
2759.2495036063647
2768.9658657907144
2766.4823615410437
2763.1625588316297
2765.439780008233
2766.4835027115882
2776.576168841195
2779.857631281222
2775.079692135452
2773.916172198987
2775.6423957922175
2771.2326698129646
2772.851476959379
2764.2422419350214
2760.107793371889
2767.7662270233063
2774.479060839537
2778.1401679066576
2769.2520638717715
2758.3315082201616
2759.867052016167
2759.8599528319523
2755.2000212930548
2755.0711648926062
2760.530713222066
2759.5380891305604
2760.5598010261333
2760.3420111496634
2764.4714631884412
2762.936934753578
2773.451493468126
2774.2023320821877
2771.2132121738105
2775.612647164295
2777.8622949024525
2768.579650402938
2765.3088199283466
2768.6188003646494
2770.853096762732
2769.6502922544146
2767.1651516575957
2770.871639629296
2773.56714763157
2775.456696088969
2773.714915692147
2776.3519575539967
2781.1360062359286
2779.2172216621984
2779.282822164329
2785.334151742277
2776.8082997089696
2777.6353095024206
2782.133873687745
2777.622207814217
2776.379525896497
2779.223061143272
2773.6224891692373
2783.2972742249467
2772.033890194415
2770.841808892027
2782.263799984751
2781.893666574234
2782.481799050066
2782.54296702567
2780.017145951032
2783.822323837229
2785.334184530999
2779.7162811154894
2783.2052835730583
2782.48580243743
2782.2239679686477
2782.158523509712
2785.546078011217
2788.388901842696
2794.1842976343473
2791.6013043806415
2800.0405919610726
2807.684236941394
2804.6929190211376
2800.3059887417776
2804.430185022689
2798.855487934802
2804.0800703750706
2800.3520009872996
2798.9420178246746
2800.3527701223916
2796.4601102578276
2799.152355352568
2808.7602763863824
2804.7215641473003
2805.0733922018285
2808.2729964997216
2810.6029004487887
2817.0864852462855
2814.69539899332
2812.341401006404
2811.4467959396593
2814.0626290369337
2816.445191291418
2818.6484227484066
2809.46673788946
2809.7741422456625
2810.399640471257
2816.131397982882
2816.1623772334365
2814.133281519355
2802.6670153502873
2804.557781310838
2803.405321065891
2802.8951064330877
2803.806502237815
2799.661125431539
2801.7660038490812
2801.102269277749
2802.306525762733
2802.5332374106824
2798.2930089898227
2797.695815382925
2789.9814349580197
2795.1191392195033
2796.044005834868
2805.818853684862
2800.174060631994
2786.2805258754684
2784.1332061211647
2775.3533780680677
2766.4654960995913
2764.158827857833
2762.6661970308173
2757.8154753838558
2764.030507285047
2773.136107320814
2771.119756567649
2767.1643495881976
2778.8557670259634
2784.5981532831206
2781.776039847019
2779.6168580876547
2783.6944646748
2785.683592785504
2781.416357629596
2788.0272505709318
2780.883547626071
2782.1516281605623
2781.134256880268
2791.776566272845
2796.338638446006
2781.1622908623567
2788.872892004377
2787.4335916043583
2780.5089070811505
2789.3308427632905
2785.909211147648
2784.6974169825435
2787.2413115707673
2785.5346123258832
2783.885148193179
2785.9346643262575
2794.439200310818
2791.0804482530875
2779.4832216262876
2784.9765050272717
2784.76598476676
2788.5562924258743
2788.312539847184
2792.574195903285
2794.0275117515657
2778.25998920778
2781.8986695733342
2784.1376244399735
2779.6030863007754
2784.2912577847437
2786.6624106632503
2789.441428690788
2788.163335507848
2794.991633246379
2796.098255935082
2803.8024571810856
2794.432892519615
2796.051277115558
2794.815952305895
2797.64446458388
2794.2232225426583
2797.271207450639
2798.183624455531
2800.2241819832207
2797.8575263397843
2799.4790000814755
2803.812306502136
2804.6262596377724
2807.187463828798
2813.4639438340073
2807.0710648375534
2810.7051893553116
2809.5242476939557
2817.7052085784367
2818.008092130424
2813.292122573553
2814.2924030257464
2815.591668074834
2816.8274859397725
2813.8962046470533
2809.4286563216137
2810.4850656513454
2810.549938275173
2813.412777220142
2815.3198797814894
2819.156692689091
2817.8949837435525
2826.1045070753926
2809.1221845635255
2804.7955316556627
2810.3838073559364
2820.2615676071223
2815.485363497406
2826.0781378073852
2827.1097819902384
2831.8915970129456
2833.968746696628
2833.7351489652847
2829.006742822511
2827.9525797358847
2822.2571319233757
2827.8761012045875
2817.0216537278457
2826.2681497296344
2826.2108370348365
2826.5041470730966
2822.1318445524457
2823.197725228344
2831.848735074493
2834.5430524863086
2832.9125202461305
2836.7931934963663
2842.2067473051284
2837.8166858391983
2836.8220394247887
2835.445584922541
2832.4717672966844
2833.1671972672293
2829.593575979958
2826.0732449500983
2830.4305565704426
2827.102420101515
2830.18406141118
2830.0591856655456
2830.3442163634472
2826.698075409186
2826.5913772119866
2824.1356396380897
2820.338794614553
2824.8013534514785
2821.5598992546397
2823.028056831309
2822.734969447262
2820.8424449921686
2814.250889696664
2825.0371414523424
2836.187484350736
2828.204370704918
2846.555498075725
2848.295626388651
2845.837070882156
2840.777702091426
2846.1197558816793
2843.7715701822644
2840.1574481764865
2845.7137723689234
2847.8491568261984
2839.84028635898
2842.4171603822083
2833.0944715632195
2831.3528876212076
2830.46016690142
2827.9477052625107
2832.7539299569116
2836.344027445147
2837.3207693481477
2831.4278097924957
2828.5145542854834
2826.2411041423384
2824.8676997811845
2831.5764211239466
2826.7862661801905
2826.5404446181165
2829.099601057174
2824.0135074980217
2826.5612127268514
2829.4312784431795
2825.7999441602983
2827.17734556386
2823.775917756625
2819.274457759411
2816.2086107080977
2820.3722870584247
2820.9199430157173
2820.155860671598
2815.6011895178344
2819.034436173056
2824.5003567541394
2819.6333673250565
2818.7893226929045
2816.048269063563
2817.75028049557
2821.4324906593392
2826.518775354682
2824.8747344027583
2814.2813893783214
2818.902810459909
2823.8254454125704
2833.019252695397
2825.331524868988
2823.8946359732354
2822.7762593725633
2829.3104418300513
2828.4604150736404
2831.033790049766
2837.3871577589293
2830.330358483257
2830.5818646865046
2830.4394248963163
2828.0369071317596
2819.6810329527557
2822.9114046459126
2824.6382831277324
2826.850328618865
2825.585658843115
2819.5899549104247
2825.2786383845514
2824.5944282272585
2831.4905335415665
2830.0766650661503
2836.060792393301
2847.3990976389546
2853.046684671782
2844.5127751187733
2847.753002142069
2841.1768550247807
2843.0278897634453
2838.401383202273
2836.697352639726
2845.2928252288134
2839.418196534153
2837.728311831095
2836.0805923118105
2835.393322306781
2836.7619590303248
2835.050159812705
2826.6759211135873
2828.0661927837277
2823.741655059629
2826.3254431865007
2832.4913504805945
2832.257518644556
2829.0093786652574
2836.5035360566103
2832.638062148698
2831.6787885884123
2826.133214898114
2828.452275680043
2824.549043178484
2830.7888034665134
2824.3295748303326
2830.660071519375
2832.288252448833
2833.665641730899
2842.1791254957166
2837.494982596552
2837.6633651835937
2840.738349062544
2832.1649225221463
2827.655325303993
2830.735294561765
2829.9720115922682
2828.1436384230065
2826.716066227758
2825.294067939911
2825.4567024707176
2817.650753581796
2822.23975956052
2814.6120875560946
2817.695350341014
2829.1245430645095
2822.452870154104
2819.6903415103593
2818.282095399775
2811.4881795803094
2810.9484278112095
2817.7111041951475
2822.44448297306
2831.091749306598
2834.6767713416293
2833.8421146728697
2833.9757641318265
2833.8553029231543
2832.065377317109
2829.352636229764
2826.0016773147036
2821.9692358386915
2823.095814362953
2830.2237518131137
2836.042715381246
2832.8084825522
2835.3453408946393
2829.053805528902
2828.0395092835424
2828.393881305007
2825.5052077181617
2829.3272585797486
2831.163449402752
2827.7791355415743
2827.3985557388196
2825.745382509092
2825.359504030038
2824.1688476002805
2818.4861426684556
2822.2181272680727
2821.515424565329
2816.2518829969868
2821.1272634205557
2822.780101938965
2822.2764505976456
2822.0716691351818
2817.9284605831845
2819.8106970865724
2824.135876843141
2822.1040463577633
2814.7760839473794
2820.351993344377
2820.003771810514
2831.981655073966
2832.141666957891
2835.895696850714
2842.0005671347826
2839.127031116359
2842.6006248222393
2839.1922604201113
2837.2008129545925
2829.3926523758882
2829.6142034784007
2829.5899174114334
2831.5697074567333
2828.925014807641
2834.0658010005573
2841.3546194790106
2830.9321338789205
2829.4931460717758
2829.585597541517
2829.1821417094825
2833.407450388354
2826.926166415546
2826.1270534079936
2826.463950677103
2825.0910456927095
2823.387666892483
2822.5334779361147
2833.2003290180132
2841.7397230712277
2835.3902212698695
2839.3229030444113
2839.390375076747
2832.391406872709
2835.075131405738
2838.752763677108
2835.40618208602
2836.532006749801
2833.33914900459
2835.6769126311506
2839.7162809562774
2836.525903346899
2838.7633267799793
2843.123655107082
2844.344175933888
2829.177168887839
2832.5755582987413
2831.160801099574
2825.3083835010593
2825.5190125241465
2828.3853536504894
2822.827563296257
2832.9144831232593
2841.844025235828
2843.1521251690433
2844.2070574693234
2840.0842595728
2838.4501564924635
2842.0204587421126
2841.7627289698507
2848.8666623089966
2846.689091004143
2837.5076262641405
2838.1487272714576
2841.9899222766912
2836.5559454343693
2833.6177368627796
2837.6655854805426
2833.299647384909
2827.2279560893594
2832.5519169190734
2831.249028542432
2832.4983322584476
2838.4534470544163
2832.360959827533
2840.4681682931237
2838.815906599173
2842.727784097495
2841.1856472120226
2835.57577501959
2836.9642876041253
2834.5926671863103
2829.321463071257
2827.1467831414643
2820.2606623342203
2827.147349727827
2825.465202878554
2827.816467633903
2833.855886948628
2831.6718931841856
2834.620128933934
2840.5960114640525
2838.198395968806
2835.780588789211
2839.100412373564
2828.1553518731243
2834.0954645615743
2824.8620843693484
2825.0597122685767
2824.1901618703096
2822.710711395239
2824.260167060166
2820.647239954059
2817.0335038016483
2823.0896315622886
2824.8044828529537
2828.342029340548
2824.9918596709917
2818.7268153105906
2816.6701680800766
2821.0010796554775
2827.2310168415993
2827.763422370075
2817.295633505313
2814.9964265484696
2830.132825691918
2825.0879385315075
2822.49444022859
2826.2858272939366
2832.0852314057274
2833.371826108068
2830.870583740364
2835.165660177665
2836.2083600460974
2838.1031858398046
2835.4427677913145
2831.781187875672
2833.1177938799656
2834.864646039149
2831.365718281114
2835.662201326248
2838.629894891337
2835.4184461065624
2844.867077382045
2840.25022795489
2837.3037064189566
2843.9415924743907
2843.7078595805847
2841.314080729427
2841.941747278079
2838.6500347772676
2830.652116792786
2838.8589070549883
2837.458111897131
2838.224082027828
2840.2574997341753
2834.424316835891
2834.5942852595686
2836.9702213434857
2833.0921053185525
2835.3696241530647
2838.4891975709807
2842.0328675737537
2846.888733358862
2844.727856269428
2851.0901187407426
2847.195112623757
2845.8474335796404
2846.992103886861
2848.5737243485123
2850.0460430343614
2852.4205173877144
2848.728735245504
2849.4491659376963
2846.1197657729617
2848.369723060987
2848.4047686917106
2845.375043875695
2851.126808546876
2851.0667609344573
2854.399490558245
2854.3935907209398
2858.3494579159524
2853.590941876938
2854.2042400019945
2846.81499014736
2849.605142710313
2854.814409159725
2849.506157223247
2851.125110202519
2848.200329456271
2845.4841943397437
2847.9752497276017
2847.9314007177045
2854.7811527068284
2850.6975100607096
2848.7648599729623
2849.2546153846606
2849.291872119928
2850.945915556209
2848.1899236652434
2842.8316274070617
2843.3886669485396
2835.942019108697
2841.530163041481
2849.2134737479473
2842.705700743755
2843.8846626051236
2839.3822922369714
2839.3232245550535
2842.1470131924375
2840.3555598790963
2839.723534084255
2843.6788795082057
2840.0274277961116
2843.0996851346827
2834.4686215532306
2844.8941828475813
2839.149902336897
2841.4866885352285
2845.7620496769846
2842.80475092551
2839.315444632687
2835.657170403764
2836.835965643503
2833.871289189011
2845.0429858063885
2842.497339358168
2846.0564495244353
2845.5904790782038
2841.6905257699673
2846.6247244821247
2845.9321447526822
2844.8101241587315
2847.4170038809216
2846.996114558221
2845.875961548183
2846.6014393558
2842.6654061418476
2847.0533158473518
2848.6676616323416
2855.9490346042276
2855.5246950994306
2853.8535154949664
2851.9654830388577
2853.019606238863
2854.0895110925253
2857.3340679796315
2863.6330864270076
2860.764895070048
2862.574929740868
2856.826227935699
2860.037454896144
2854.435365800569
2851.135750111115
2854.082882916768
2857.843945792244
2858.149707742149
2853.899345994746
2858.4887853731325
2853.655330030055
2851.676181633087
2855.355804986705
2833.713811523748
2841.5724863233963
2836.3905761590136
2836.741160980383
2839.671684374661
2837.2025327878746
2838.1717504244616
2843.738464902137
2847.8846769045203
2846.1647162345703
2842.972472070471
2840.8935069394934
2840.1494088403647
2845.2756318154206
2846.0726264239356
2844.4771069282874
2847.2747153192618
2851.2837700271893
2848.861671215764
2844.5254368834585
2844.0128702180236
2843.655808814704
2839.199640224416
2844.6094351014144
2844.846257793485
2849.9615147882932
2847.013083696273
2848.7099161566766
2850.4154280239463
2848.6742003538834
2848.4733591939867
2848.624219546969
2845.1415890786907
2849.9263756666196
2839.6411556401968
2850.031373686625
2850.1246070762263
2846.166736852067
2845.198774403979
2843.116596941877
2842.236051763299
2841.2967145649664
2831.590716695407
2828.9942199773
2834.734556630954
2830.0464810166477
2833.9182702730222
2831.0512719286517
2829.7188818270106
2827.010597332949
2820.314580488898
2829.425149453671
2824.594317951461
2834.6323580606672
2832.4541240206827
2833.2454419569467
2834.766297072667
2830.3876599204377
2851.732229181428
2851.4524141838547
2843.1532306813915
2855.43829745745
2847.812207898398
2834.220438328689
2821.9231511921685
2831.8454801862727
2833.974618643918
2824.915536629408
2831.4925638123473
2830.960366008724
2831.5655934616543
2838.1075661378864
2835.738424931166
2835.77686762298
2836.1772948531334
2835.4061887537086
2830.265290200262
2834.58692958315
2829.8575090798795
2830.5280735463666
2833.7200322776093
2831.8553849960476
2835.733331225982
2831.069136103881
2834.9746656490543
2839.9715059259247
2834.0942673550353
2837.4130184265655
2834.8260400648264
2830.465235959869
2829.3696117033633
2844.6697004032076
2843.6031305104925
2839.72004251439
2839.727946590345
2826.699169691945
2830.910435783017
2829.661157547879
2817.9332105107615
2833.213822348189
2834.8888176427763
2837.9112042907323
2836.055959254735
2830.0584261220365
2837.704044409248
2835.908321565427
2841.7873768891923
2838.0473780330067
2842.883239381402
2837.764847719108
