47.36666666666667
37.4
48.7
54.82
46.05
44.26
33.62
28.14
23.17
19.55
16.72
15.59
15.62
17.86
22.81
21.36
20.82
17.73
14.01
18.17
22.32
31.55
30.55
27.62
23.01
18.97
19.03
15.6
11.27
10.81
8.01
14.36
21.56
27.23
29.26
32.29
30.84
36.34
30.72
22.47
15.92
17.96
14.02
19.74
34.23
34.91
36.57
28.32
28.71
25.63
23.84
19.4
16.09
17.52
18.45
20.45
24.52
22.3
19.54
17.25
23.31
27.19
31.39
30.67
24.3
18.93
22.27
25.95
35.88
35.15
27.76
24.04
22.43
20.62
22.55
16.52
14.62
17.91
19.09
20.41
17.28
20.11
21.12
23.22
16.96
17.97
14.24
14.64
14.92
13.84
18.33
18.8
20.38
20.19
19.45
21.78
21.12
22.58
19.04
19.37
17.21
14.74
14.77
17.46
20.86
19.72
20.2
20.81
21.24
16.89
18.53
17.23
15.21
18.95
20.0
21.44
19.1
15.72
16.36
22.71
25.17
22.75
17.13
22.66
23.96
27.7
25.03
21.8
19.82
20.28
21.88
21.14
20.29
19.64
18.88
14.83
17.96
15.73
17.52
18.83
18.16
22.35
19.83
18.67
17.8
15.32
20.03
19.24
20.61
17.38
16.19
15.26
16.65
24.14
25.92
25.37
20.99
20.44
21.01
18.33
14.56
17.12
15.31
14.45
15.27
17.42
24.01
32.51
33.2
31.93
23.93
28.64
29.72
29.21
26.17
25.45
22.98
17.93
12.93
13.51
15.9
19.09
21.33
20.29
21.59
21.67
19.48
20.34
19.93
17.24
17.98
17.76
19.55
17.32
17.95
15.05
12.6
12.65
14.41
20.98
23.07
19.19
21.69
17.08
16.69
12.73
11.84
14.0
17.84
23.44
28.25
28.03
25.99
22.73
20.91
21.2
20.03
25.28
28.41
28.46
27.0
25.35
25.33
23.72
19.22
21.67
18.67
21.6
21.97
15.88
14.9
12.65
16.31
18.61
20.25
21.93
19.4
20.01
16.8
16.66
19.08
18.12
22.53
23.7
23.07
21.09
20.33
22.92
22.27
19.83
16.57
19.57
18.97
17.84
12.85
14.09
17.1
20.51
20.05
15.81
16.91
17.71
18.05
17.33
23.39
22.91
24.45
22.13
25.4
23.01
22.46
20.78
22.52
21.21
17.32
14.02
18.27
16.64
19.64
17.55
17.13
20.19
19.12
17.17
13.78
14.84
17.18
23.2
22.77
22.29
22.33
22.38
25.01
20.51
22.3
16.2
15.96
15.08
17.42
17.64
15.4
19.36
16.85
19.1
16.13
12.51
11.44
12.59
17.76
19.58
18.51
14.64
11.67
14.55
18.66
22.83
23.71
20.75
17.64
14.77
16.54
17.16
18.4
19.52
19.1
20.46
16.75
17.04
16.63
15.27
14.86
16.67
21.59
24.05
23.33
19.66
21.67
15.83
13.84
13.82
19.38
24.32
22.67
19.66
16.43
12.75
19.87
26.01
28.45
23.48
23.86
20.03
18.23
18.49
20.29
24.56
25.95
23.66
17.39
19.5
19.0
19.82
17.41
16.8
15.81
18.3
20.41
21.24
18.53
16.28
19.22
19.54
19.18
24.65
26.5
27.71
24.65
21.37
21.05
18.73
18.22
19.56
19.66
18.99
17.44
14.53
18.49
23.56
33.64
31.51
31.15
26.02
16.0
18.24
15.96
16.39
14.59
15.85
16.01
17.65
17.28
17.49
16.09
14.65
12.67
13.92
19.61
23.63
25.24
25.27
21.9
18.12
21.9
23.14
21.23
19.41
14.96
17.8
14.91
12.06
11.88
17.57
19.65
16.49
13.81
10.4
21.29
26.01
28.35
20.42
18.76
19.06
19.42
20.91
20.75
22.53
24.48
27.08
28.92
26.08
19.78
14.23
15.67
20.75
24.97
25.57
25.43
27.22
22.56
22.27
18.24
21.84
23.68
23.65
20.59
19.3
16.76
19.87
19.15
23.18
19.6
13.8
17.62
16.67
19.97
16.9
15.8
14.85
15.16
16.79
15.59
14.89
15.41
17.59
21.88
20.68
20.42
16.14
15.12
16.93
16.98
17.33
16.6
14.84
22.64
23.67
21.82
21.15
22.67
20.91
20.31
18.0
14.75
18.84
22.11
26.84
26.46
28.06
26.3
24.83
18.38
18.75
17.78
19.64
18.57
17.35
19.52
19.99
21.69
16.37
17.88
15.15
17.05
17.43
19.6
20.4
21.44
17.15
15.82
12.69
15.25
17.62
20.23
19.56
19.1
18.88
18.82
21.35
16.02
17.79
20.01
17.61
16.75
15.91
18.96
17.63
15.69
15.04
17.44
21.53
25.09
23.75
20.16
15.85
17.64
14.74
17.77
14.62
19.04
20.39
17.85
15.18
13.25
13.95
18.78
18.05
19.34
16.99
14.28
13.9
12.69
17.45
20.21
19.17
20.03
18.57
19.88
16.21
18.94
15.19
17.0
16.24
14.91
14.26
13.83
18.04
18.64
22.3
23.51
25.03
22.58
18.49
21.75
19.12
18.37
14.92
18.14
21.92
23.58
20.01
17.54
16.97
16.05
15.71
16.0
17.71
15.11
12.85
12.93
14.21
