50.96666666666667
34.86666666666667
29.711111111111112
34.16
29.37
27.31
23.68
35.28
45.46
40.35
28.63
21.85
22.53
21.14
22.7
26.71
30.02
27.38
20.12
19.55
24.64
26.16
20.37
11.57
19.26
22.29
34.94
35.68
29.58
23.17
15.06
15.62
18.17
20.67
20.43
14.81
18.43
19.96
20.43
20.16
19.73
17.08
19.16
25.01
25.87
28.25
21.41
18.49
20.74
20.22
23.49
21.57
14.12
17.97
22.34
24.56
23.1
19.45
16.55
17.69
16.4
16.96
14.16
15.53
18.0
14.57
25.85
28.24
29.49
23.69
25.22
21.06
22.63
25.62
30.09
33.61
25.33
18.16
16.08
13.89
15.39
20.29
17.37
18.31
17.32
31.19
37.93
47.02
41.78
33.4
33.52
32.69
32.29
27.85
20.46
20.95
21.55
18.33
17.43
11.46
10.18
11.66
17.52
20.64
21.65
20.41
14.48
13.96
17.48
22.99
25.84
22.09
19.34
14.54
12.87
20.54
22.63
30.62
26.23
21.43
18.14
18.32
17.03
17.09
14.22
17.41
18.44
22.16
25.41
26.64
30.23
33.22
27.35
26.1
20.0
18.62
16.24
17.23
17.36
16.72
17.21
21.09
26.64
25.45
21.2
14.21
16.12
20.13
21.6
20.79
20.76
19.89
18.87
14.78
9.89
10.59
8.04
14.73
20.26
21.77
16.12
14.22
17.18
18.1
19.84
20.35
13.09
14.33
19.5
22.75
24.66
21.04
20.73
20.99
25.31
27.15
22.73
20.11
14.23
14.68
15.55
19.58
22.7
22.47
18.26
21.45
20.76
17.91
20.11
18.43
23.28
22.46
20.98
18.79
17.72
21.43
20.09
16.05
15.15
15.35
20.82
20.9
17.69
16.43
17.55
20.21
22.15
20.1
19.36
15.59
22.07
32.06
33.98
32.31
28.31
22.82
19.54
20.59
25.39
26.08
27.48
24.46
19.97
18.62
17.11
18.52
18.98
20.77
16.93
19.22
21.97
22.25
22.95
16.01
18.61
16.08
18.11
15.55
12.96
18.64
18.02
19.69
15.73
15.43
15.12
14.2
11.98
13.99
11.47
15.73
19.48
19.13
17.87
17.06
18.4
17.04
15.51
12.97
10.05
14.96
21.88
24.88
22.47
21.29
23.92
25.47
24.81
19.6
20.4
19.92
21.84
23.77
18.88
16.29
13.94
13.28
14.66
15.63
15.72
20.96
22.63
22.88
17.92
15.56
15.29
15.48
16.09
19.58
20.54
24.74
22.06
20.46
17.82
17.09
12.24
15.37
19.27
28.28
27.71
25.3
18.87
14.69
13.91
14.07
20.21
23.09
21.61
19.17
16.2
14.85
16.21
18.35
19.44
17.96
14.45
13.73
12.21
15.14
16.33
19.02
15.85
17.47
20.4
27.41
25.67
24.95
17.1
19.53
19.82
25.55
22.29
18.46
19.22
20.45
25.08
28.48
26.3
22.09
14.36
17.7
17.94
17.85
16.64
16.58
16.45
16.95
15.59
18.4
23.83
23.94
24.7
28.87
29.92
28.51
22.17
15.6
14.33
14.64
20.56
24.28
23.64
20.39
19.58
19.15
17.16
20.12
20.66
19.99
17.81
17.15
19.21
17.55
17.07
13.82
13.76
14.72
16.88
16.04
15.6
16.75
22.49
25.78
25.87
27.83
23.42
23.04
18.12
19.63
24.78
21.67
19.24
15.14
14.45
14.76
12.73
14.29
14.79
17.02
21.55
25.18
26.56
22.81
21.81
20.49
17.76
20.19
20.43
21.22
22.63
18.85
16.68
17.59
18.14
20.57
22.52
20.26
20.38
23.07
18.89
16.62
15.92
16.64
22.39
23.15
22.66
18.28
16.2
18.09
15.89
17.64
16.61
15.85
12.43
17.57
21.25
22.8
27.03
21.47
19.59
19.88
20.1
20.12
25.85
22.54
24.59
23.25
19.97
20.92
16.32
18.93
20.66
23.01
19.76
18.97
17.5
18.47
21.68
23.0
21.61
18.47
14.0
17.56
16.46
18.0
23.93
27.25
28.29
26.02
24.3
27.29
28.18
23.29
19.7
13.8
9.22
8.72
12.47
17.72
18.44
21.07
16.38
21.42
22.76
23.27
22.74
16.41
14.13
16.03
14.84
16.19
18.13
16.02
21.42
22.15
23.91
22.71
23.49
23.07
20.1
17.96
18.33
18.7
22.51
22.9
23.64
21.67
19.56
23.52
25.12
25.16
20.65
19.33
20.67
19.3
21.46
21.65
24.77
27.58
26.82
26.48
23.59
25.63
22.45
22.75
19.99
14.11
8.44
8.55
8.28
12.27
16.63
19.1
15.69
15.02
15.93
20.49
24.9
25.65
22.53
18.9
20.15
23.35
21.82
19.84
16.18
18.46
19.65
22.0
22.84
18.46
21.25
22.67
29.47
26.97
20.81
16.59
14.89
17.59
16.46
17.5
17.1
19.19
19.8
22.58
20.23
23.55
21.81
19.04
19.04
15.12
14.91
15.27
16.08
16.94
14.26
15.84
13.81
17.41
19.61
23.67
21.76
19.35
14.49
18.38
18.7
18.5
18.12
14.18
13.87
14.97
16.38
17.1
18.29
22.11
24.43
27.6
28.26
23.75
20.09
15.71
