44.18
28.35
24.59
43.23
42.82
28.32
26.1
23.58
10.79
11.77
17.27
12.06
9.58
22.95
29.4
14.11
13.96
14.66
12.74
21.5
15.28
11.12
23.95
26.89
18.97
12.89
20.79
22.28
13.31
15.65
11.55
10.91
22.83
24.94
20.03
18.26
21.57
28.31
19.43
15.17
15.91
16.02
20.05
16.94
22.22
22.05
20.48
24.32
16.23
21.03
24.11
11.95
11.33
13.54
16.33
20.18
14.46
17.29
18.11
17.7
20.56
13.12
15.81
20.08
13.94
18.01
21.5
13.95
15.45
18.49
18.72
14.36
14.88
17.15
16.92
14.63
13.21
20.35
18.83
18.64
18.13
16.43
14.39
12.98
14.36
18.6
21.56
17.57
12.32
15.6
18.48
18.08
22.97
20.22
16.46
13.76
14.83
16.43
14.68
15.2
17.83
20.54
17.89
13.48
15.64
16.65
15.88
17.82
13.72
13.89
21.41
21.91
16.31
13.69
23.18
29.27
23.01
17.86
10.93
15.48
22.5
19.06
16.29
14.27
16.91
17.92
12.25
15.21
18.65
16.27
17.79
15.82
14.2
16.44
16.74
11.11
11.37
14.64
16.1
20.21
22.14
17.37
17.45
23.15
20.36
14.37
11.47
15.94
18.11
13.52
19.84
23.78
18.06
20.64
19.85
12.09
12.91
15.83
17.3
19.34
13.65
12.94
15.69
14.78
18.73
17.6
18.66
20.64
13.92
11.64
22.57
28.82
21.43
25.39
27.94
20.26
15.87
11.81
10.75
17.52
16.89
19.18
27.72
23.27
16.63
13.72
14.01
19.15
16.81
17.05
20.89
18.77
19.91
18.8
13.54
13.08
14.76
16.86
16.59
19.18
20.85
19.91
20.24
17.23
14.97
16.52
21.64
17.66
14.99
18.7
17.18
16.1
15.25
16.88
20.04
18.33
14.52
15.72
18.92
20.04
23.32
16.35
11.85
16.81
15.12
16.17
19.89
17.03
16.66
14.83
17.44
23.11
22.68
22.61
18.65
13.32
15.42
18.27
19.88
17.3
15.78
20.73
23.18
18.14
12.8
18.94
19.82
14.92
20.45
23.88
23.27
22.8
18.19
18.54
16.94
19.83
24.36
20.68
16.93
12.89
12.09
16.53
18.28
18.12
16.96
17.7
18.95
21.52
20.67
16.32
12.44
10.65
21.13
24.63
20.04
19.09
14.37
14.66
16.2
16.42
21.97
23.53
22.11
17.2
17.0
20.8
18.95
13.48
15.35
21.66
16.12
15.46
21.63
20.25
15.58
18.15
20.51
16.66
14.2
14.16
16.64
16.6
14.31
13.28
14.97
16.94
16.4
11.72
13.53
19.43
15.55
12.77
14.71
14.26
15.55
20.25
21.23
19.53
14.59
15.83
17.76
18.27
20.66
20.95
18.82
17.27
20.58
22.45
19.58
13.92
14.13
17.2
15.26
15.07
18.08
24.11
21.14
13.94
15.91
13.98
13.22
18.23
24.17
19.8
16.37
21.27
20.97
14.11
11.42
15.5
18.78
19.95
16.95
16.0
17.79
14.7
13.45
18.68
22.53
18.29
17.28
19.44
15.75
15.5
19.72
20.98
21.41
17.44
15.81
19.22
19.78
19.25
15.37
15.42
17.02
15.74
15.18
18.86
18.99
20.05
24.74
26.3
22.99
17.18
17.02
17.24
17.4
15.12
14.42
15.76
13.44
11.89
14.5
16.89
15.75
13.81
16.48
20.1
19.32
21.71
19.09
21.11
22.7
15.93
13.16
13.08
18.93
20.5
15.02
16.12
20.75
19.72
14.86
17.65
19.77
17.48
18.18
13.78
14.86
16.24
18.63
20.07
19.26
17.27
14.05
13.56
14.23
17.62
14.65
12.97
15.47
12.73
11.62
21.05
26.36
24.6
21.63
18.33
17.92
18.15
18.33
15.88
15.89
14.36
14.84
19.28
14.12
12.69
15.33
16.12
13.9
14.02
17.13
17.17
16.69
15.59
15.64
18.64
21.72
17.93
18.52
18.36
23.03
24.08
21.17
19.89
15.73
19.88
24.94
23.15
17.72
16.24
18.05
17.15
13.48
16.44
21.02
17.9
18.49
21.56
19.35
16.11
15.82
17.7
17.14
15.88
17.37
19.9
15.73
14.81
17.19
16.6
13.64
15.67
15.92
16.26
20.65
16.45
17.32
18.81
14.58
16.27
18.1
17.07
16.13
17.47
17.22
17.7
23.93
23.55
19.67
18.26
15.23
16.61
19.31
17.66
18.01
18.59
14.64
13.31
13.65
13.99
17.53
18.26
18.71
18.38
15.48
14.88
17.69
16.09
17.87
22.6
22.36
19.26
24.14
29.3
21.81
15.5
14.56
14.23
13.05
14.05
21.35
23.03
19.33
18.21
17.5
21.65
23.72
19.03
15.81
15.43
16.21
15.73
12.76
15.43
18.31
19.52
20.37
20.62
16.62
15.83
17.43
13.49
14.71
15.96
17.4
19.47
18.52
19.94
22.37
16.8
15.42
18.52
17.84
18.19
19.2
19.77
18.26
17.23
17.64
17.84
13.67
13.39
14.52
17.0
19.33
20.84
20.38
12.88
16.3
20.03
16.95
14.17
12.05
15.8
20.39
19.34
17.25
17.26
