69.73333333333333
54.16666666666666
40.28888888888889
34.69
28.21
26.54
22.24
20.05
19.66
15.6
18.72
31.49
43.41
52.91
53.61
50.64
46.83
42.43
33.08
27.28
28.84
23.71
18.13
20.72
27.77
29.94
33.14
24.48
20.4
14.05
16.64
15.16
21.58
26.78
26.31
22.02
19.29
20.75
17.97
18.63
22.96
25.8
28.92
29.49
32.1
39.23
32.34
30.11
19.69
24.0
19.71
20.8
16.41
19.48
19.25
16.75
15.84
13.27
21.52
20.56
22.65
21.0
18.0
18.63
15.72
19.45
21.3
20.62
22.08
20.28
15.91
20.29
18.57
17.91
15.82
24.06
39.15
40.44
33.63
32.6
29.01
26.64
20.24
17.36
14.34
18.22
23.26
24.04
22.67
18.32
21.02
19.69
15.87
16.17
18.11
22.63
22.26
19.81
20.06
12.27
21.92
22.87
29.1
29.16
22.58
20.97
20.33
17.97
18.32
19.38
15.5
18.34
11.54
19.54
23.67
30.05
30.47
23.72
15.91
14.8
16.19
15.24
18.25
17.74
20.2
16.14
17.43
15.46
21.79
19.14
18.42
15.84
14.82
13.3
15.7
21.78
27.93
30.56
27.53
21.51
19.19
18.39
15.75
13.25
18.35
25.24
25.94
24.26
17.85
14.61
15.88
18.94
23.01
21.39
16.63
13.26
18.54
25.49
27.6
25.6
20.53
17.55
17.73
17.59
17.96
17.29
18.45
15.76
15.86
12.46
12.66
9.64
12.72
18.91
28.17
34.7
37.33
33.89
31.48
32.18
29.66
28.81
23.53
23.28
21.1
16.1
14.87
22.82
32.19
36.09
31.63
26.06
28.04
26.32
27.88
23.16
21.69
16.58
22.58
21.73
20.18
19.19
15.14
11.07
17.21
17.24
19.03
16.77
18.56
24.34
31.81
30.22
29.09
23.47
22.48
18.83
21.6
18.51
23.47
23.9
22.17
22.89
18.15
19.52
24.04
22.84
22.19
16.0
18.33
20.47
19.67
17.24
20.79
22.74
25.66
22.39
19.02
16.06
15.01
15.98
21.51
17.42
18.76
19.0
17.52
17.74
14.83
16.31
16.93
16.09
14.15
17.63
19.82
23.86
25.83
22.01
19.58
15.71
16.36
16.74
20.38
17.43
20.1
17.6
17.85
18.34
15.08
18.53
18.86
28.25
35.06
37.42
35.67
28.44
22.16
18.2
21.63
18.1
21.22
18.58
14.91
15.77
15.74
16.57
16.84
16.13
20.64
21.12
23.17
20.03
18.85
20.42
22.68
23.7
19.59
22.44
26.39
24.9
24.29
18.71
20.56
21.23
23.37
19.7
21.32
14.16
16.36
18.2
15.01
21.24
18.63
21.56
17.62
16.39
17.07
15.21
14.75
16.34
14.43
17.12
16.59
16.19
15.84
15.1
18.33
17.82
19.83
19.88
17.74
17.53
17.56
21.57
22.28
18.82
16.73
17.92
22.69
24.82
20.64
15.81
16.15
17.15
20.62
23.99
25.12
23.39
23.84
21.94
18.24
19.33
19.26
20.5
16.88
18.9
15.96
13.82
12.71
10.0
14.41
23.9
25.01
24.93
16.49
17.37
17.68
15.82
16.08
13.4
16.12
17.9
22.39
23.39
22.73
19.25
18.94
16.91
21.86
24.09
25.41
18.45
20.89
17.59
17.02
17.9
14.66
16.74
18.26
22.39
20.53
18.34
15.12
18.57
23.27
21.66
17.26
18.63
17.33
17.56
20.39
18.65
25.98
28.46
25.96
20.43
22.43
20.22
22.91
19.53
17.09
16.24
17.71
17.66
17.55
17.22
21.69
21.99
21.7
17.91
13.47
17.11
17.69
16.2
14.24
16.16
18.34
19.94
20.42
17.04
15.52
16.76
17.24
16.51
16.89
16.65
15.67
16.64
16.35
18.33
18.5
18.24
22.67
27.76
26.16
22.04
16.42
20.02
22.69
25.15
23.67
21.16
21.42
17.0
17.85
16.58
17.46
19.2
22.19
20.74
20.62
14.53
12.09
13.06
14.12
16.22
17.45
22.0
19.59
22.64
20.84
21.52
19.78
18.79
19.38
22.11
23.4
23.65
20.46
17.26
13.11
12.08
13.0
17.66
19.53
20.61
18.57
15.45
19.34
25.62
26.13
29.48
27.7
23.0
20.28
17.75
17.8
16.29
16.15
17.46
15.94
19.11
14.9
19.87
19.18
24.68
20.84
17.47
17.94
13.27
18.34
17.24
18.23
15.82
16.14
19.0
19.99
20.04
23.17
21.31
20.52
19.22
14.7
18.44
21.38
26.07
22.72
21.13
17.57
14.22
13.72
19.0
19.77
18.31
16.73
15.49
22.31
25.34
23.96
23.95
23.96
19.89
16.27
17.29
21.85
22.33
21.89
20.45
19.63
19.29
17.91
20.55
17.54
19.68
22.88
19.42
16.79
15.06
16.71
18.64
19.09
15.3
15.42
16.9
17.54
21.97
21.63
19.24
15.94
13.63
15.41
17.49
20.63
21.66
22.5
20.05
15.5
16.56
16.98
22.65
25.05
25.74
21.17
20.09
14.16
16.78
19.95
20.31
20.71
17.71
16.45
19.53
19.74
20.85
21.8
21.92
26.15
23.54
23.69
20.28
18.16
16.68
