-1.3539655135971864
-1.373288506794964
-1.4319072018618082
-1.3053702866994223
-0.7540738960133399
-0.6722920932849693
-1.0798372157675404
-1.318048290779926
-1.8971140496963736
-1.938485605106346
-1.5282561135095778
-0.4277944936957075
0.7425495902415119
1.502850209293884
1.5200759228705811
1.5079649388785628
1.118317892534858
0.8189789927830744
0.431605220225963
0.0246868210652523
-0.35687549989133
-0.8434538319888205
-1.230721446576044
-0.8548327796562551
-0.218430890300877
0.1559199776104965
0.0966024920560564
-0.3854070563929641
-0.6619826591596332
-0.6964437358732013
-0.5846299230008006
-0.4316925128405124
-0.3955743688869123
-0.1910625589386934
-0.3773240397454138
-0.4298742831118184
-0.6673821423445204
-0.365805777091894
-0.3125901331624591
0.0108539730625711
0.3816418207535018
0.4757820110640998
0.9132716723105896
0.8828723160407685
0.8855990507886702
0.7746020820564165
0.4855015791521805
0.6019521436515937
0.3406062860789581
0.2006484580840222
0.2547283548339688
0.3864018817739167
0.1223989059380633
0.1566153239301101
-0.0186506572970264
-0.1644083216562946
-0.2716494987315774
-0.2318207129542507
0.0437967371636786
0.2394112975145508
0.374281321029814
0.294449419875694
0.1359970641815098
0.3143333838817262
0.2311146176580343
0.3126209106243845
0.0643040254374198
-0.0319208609480404
-0.078921439084503
0.0521538560597882
0.0495842480823573
0.010517919946229
0.135321309080552
0.3539687258807797
0.4460433991803613
0.847703257588784
1.5681415347367436
1.6818811819763204
1.774741668867985
1.2405029923834534
1.0854767748506058
1.188700001940569
1.0551194790043297
0.8297559650173141
0.1036072917107902
0.0237259057142009
0.361487811120363
0.6722884108058529
0.5689818719492851
0.1287929551296068
-0.0059132796785028
-0.2978208542651702
-0.229750183640511
-0.2079338328192157
-0.0657438891570964
-0.0637101308355382
-0.0824414554568721
0.0609582019213979
0.0016206081891245
0.0286743192787766
0.4738951644582226
0.7367630618123528
0.787377935104092
0.7277494346806154
0.3987103072052681
0.2663302138412811
0.0838506348698514
0.0329407570440212
0.0018322237801349
0.0274114241232953
-0.2076316191006685
-0.199961407250522
-0.2238998534237862
0.303752917304349
0.950696653531272
1.441038842242644
1.643415329938314
1.273547456971165
0.7845643601164127
0.858751031936568
0.8469023883812327
1.0578358130224912
1.3357577475474176
1.2711791526775635
1.134711272503905
0.6267542496857363
0.6134280229454195
0.6621410999098223
1.2781928169939087
1.0315956729413391
1.0802281572130172
1.0162351698335108
0.865954162647152
1.0571300196296525
1.3614277568222588
2.1669101514336013
2.5444518438642905
2.9006257188084223
2.8903610724453808
2.6631243587816664
2.225593577506438
1.8811297494153287
1.4367559593615795
1.15963421002637
1.3174239106919332
1.6004076497772115
1.6438157622749885
2.3285768076018285
2.11818679222132
1.8944692129103435
1.680320001366144
1.7325880854327445
1.838099133477208
1.835063404528975
1.3927852691627352
1.5887206094955793
2.313432243495458
3.178663557169452
3.3583885506580486
2.685297560103725
2.379303671031538
1.83143701937812
1.7824329882148895
1.4500633419338405
1.2171037160669174
1.3358632505161614
0.9752803221975316
0.8234675047974261
0.4996500044486944
0.4965325868163268
0.4791257008023464
0.9208834610561728
1.6847164077060817
3.07884573814478
4.04104311456851
4.69887654375999
4.409554575314693
3.9820375344633385
4.2248287718606665
3.760464168737194
3.305963110146616
2.8118870146164308
2.684164950773259
2.9999804968774386
2.966631131359024
2.603268485330533
2.2480209116079157
2.8903288469009114
3.753680864176261
4.209283111549159
4.307969391320199
3.783841671539048
4.134636503212855
3.829787081045719
3.440695471217893
2.4494407922155803
2.2187208369982487
1.9903664518840012
2.147337676384774
2.1907274116231035
1.6650569168010343
1.3688295514145778
1.093003060702183
1.0424339985570397
1.8681727678970284
2.113221509346713
2.5638505660248616
2.679095174988548
3.428098504734021
4.37168013784503
5.037557706901366
4.998083736232214
4.271479509583274
3.489597166062237
3.396397470223524
2.9692377463196498
2.8404638507495417
2.6425595993573894
3.637500121465744
4.099554991359798
4.184591740236623
4.273878991388361
3.597485022024797
3.4501562418449248
2.8167145898410184
2.0455447945043645
1.9809596693810847
1.6079301344436578
2.1167486552287924
2.552429869329982
2.577680508216486
2.186033006948501
2.41410653250752
2.736434203658129
2.99088729998909
3.303221576892413
3.090586947736148
2.9038824787168425
3.1287603372594077
2.663689056059824
3.0030978948611016
2.3808691934035964
2.374009449897573
2.390119599571138
2.366589661265364
2.187654104569462
2.3342123853560865
2.324851108554801
2.548836693785272
2.8444620548352857
3.0937809137619934
3.48423747889633
3.6363855660897833
3.906388288469782
3.389942742032371
3.346158734472527
2.800923035624072
2.9149163368450477
3.568463258616467
3.409101653042452
3.2517763075947066
2.718552552855005
2.389941383729924
2.6115121344953653
2.95802221184284
3.27301996044672
2.951817053703155
3.207786758577573
3.18818585711021
3.793988326379196
3.939089301339089
4.072381556552916
3.559375117378077
3.633968749242251
3.720158610911225
4.007947169934834
3.6411572565575514
3.056559518605578
2.785160069291861
2.5848963122922872
2.6402993966348776
2.472655310085723
2.9314749619502565
2.7630776948608324
3.224831874685459
3.192731648363428
3.157584612225258
3.3619125515378583
3.359032529656879
3.74740406827607
3.261329976326832
3.1988040140555456
3.4390602631148623
3.5708039756002217
3.681340102137552
3.994276146768536
3.548279244522003
3.4104660989537425
2.8530767029124995
2.560713770695009
2.527332774542608
2.590022592489662
2.604647739949211
2.3399030852811915
2.6823641270840546
3.455778201413963
4.178158979300416
4.755153887211589
4.079953368970516
4.196778250735446
3.8383856825956575
3.924894925022934
3.3778274389532625
3.238217239012806
2.907583792576895
3.149177611477514
3.0831188979787174
3.2226818609726475
2.94968021295566
2.9024722905312843
2.701992549075717
2.570402799228268
2.805299160170966
3.2422574744414736
3.640054913741488
3.5936614696768863
3.469645782409032
3.2031671910458086
3.33572147221691
3.499664508282107
3.6708742387090143
3.936663809051504
4.133042539363081
3.982381212497792
4.153926834273024
4.372958970518097
4.417345477403368
4.508607808405288
4.024832873267124
3.963536560069727
3.901717773827321
4.52093500478569
4.701022286215327
4.761063528034251
4.692747500065619
4.762620342287019
4.487410460192653
4.236161839154297
4.348251338157634
3.9972493525756017
4.140841603776369
3.356622546416017
2.9502517195898723
2.9260949692120217
2.5677519714928114
2.5662487630749053
2.402741026200755
2.5692907378278926
3.716148870648385
4.3420796932098815
4.875290971064974
4.837298237564491
4.855194720002646
4.6129286198431
4.361214229005485
4.21946385130363
4.385916880276999
3.994385994809672
3.678547989666408
3.9555263908483074
4.447865480156541
4.792340559894814
4.389681234500015
4.1359846765012325
3.847882832485669
4.137975575884853
4.637571327998861
4.253675659166717
4.61250362961031
4.237458318078487
4.021525571730827
3.4195557807534995
3.418346575058118
3.433752034956941
3.323051575688835
4.160581541978414
4.716941022573616
5.010314921621469
4.236320748770224
3.8450586081197367
4.012374085677619
3.882458550459501
4.398581336927366
3.8898765418032895
3.396921904627704
3.2792421686240454
3.600251729196674
3.6037206734734486
4.322133109474504
4.697975257078912
4.801703067101172
5.239283072881867
4.48465376947741
4.020448956735125
3.971049649728159
3.414184414049702
3.718766409171831
4.492209698187931
4.779950477102168
4.8055549498407215
5.022182896809529
4.0710935616912165
3.880111606958971
3.2525300709213774
3.5063507665830507
3.843762556985041
3.8552926033100734
3.40431228117252
3.1128996123548247
3.384664236446289
3.785943452329881
3.569607775095077
3.5884512684940946
3.688590801239489
3.700352369618546
4.138201923889939
3.908638959717512
3.735883569352168
3.439540566431983
3.428999210190692
2.9453504286639385
2.7288643410850555
3.5668917172514294
4.172515789337556
4.323481502563507
4.250855796943164
4.090786555468659
4.160197341665638
4.067207195898638
4.183531141020398
4.0238560264001375
3.715559131223253
3.7590029662388407
3.5096323576550925
3.867153706210439
3.8744380637961457
3.9246989744296
3.789196202045886
3.727374115095434
4.30657870256553
4.113226177555955
3.906448415031862
3.8012119575274816
3.9525258063322495
4.489992778135044
4.735181201616091
4.302796186821048
3.388942011307595
3.102053200744817
2.3327306386706472
2.718309497645788
3.275279882298554
4.1792605869468735
4.518326210617164
4.66911600512707
4.523223376539248
4.382976225851825
3.974895866460172
3.922719014658426
3.390026363028401
3.590913435515855
3.817003091060093
3.851630084601781
4.016878977460692
3.925321846000309
3.7804118480809823
3.977367168804628
3.6602797221194527
3.5018369161469893
3.6434798950880314
4.260871135621756
4.6528549151792
4.88018418686526
4.393583995211002
4.249671337138299
3.9034103036196304
4.322459404970097
4.598974615170106
4.72416684366176
4.67086973124357
4.929318332832911
4.575926371837398
4.476427094926875
4.263905410396533
4.306065185417837
3.9888376167864887
3.964421648165698
4.124192855200976
4.186477730859207
4.558739388930023
4.406168545689889
4.547288036043588
4.575982911231452
4.598924625412302
4.293762866525094
3.912883417878023
3.843416757820368
3.784532213606711
4.430741734784092
4.33091542897431
4.370276389579204
4.077233198763895
4.252889567974678
5.158143358033206
4.863138145224182
4.905411189313817
4.663984797348782
3.91404002995587
3.926956460273539
4.124462040833118
4.313088904029051
4.472400669354832
5.135982579135782
4.948724607284654
5.1915664601607
4.479974314071269
4.412057400476005
3.7932234727222216
3.7249823827832
4.226962366168773
4.863843587843006
5.157536179145588
5.165109149245755
5.585893426393743
6.002979494485939
5.81964066997064
5.71419613380492
5.284764195350055
5.361495238172389
4.692772821420042
4.297009872952405
3.942656401763364
5.354013475934905
6.258077198981019
6.627495815526537
6.019119862858483
5.896265314791671
5.351104299716835
5.1373569751076165
5.237238587013192
4.797266715745941
4.612605539767012
4.699727063368133
4.785663818421063
5.104748892304508
4.8102181966534845
4.306382901465835
4.3010174253752425
4.767620547668034
4.974096041064987
5.343824861317663
5.309321226021134
4.989420896145393
4.9294964893519
4.831918204211522
4.045675027247099
3.872637754434745
3.712731506698559
3.733737304741224
4.037724666538486
4.182519161358123
4.251330860013166
4.340000688136732
4.574777062983106
4.615475582346877
4.908947629175283
5.09722470950128
5.568995165240231
5.926127838721905
5.780279444360658
5.318463498257702
4.718092810178771
3.821833674611018
4.009280768482904
4.221635520794422
4.524330404122197
5.041631097754505
5.113486952528183
5.714055147894328
5.535892064408326
5.340830569294294
5.045397822307894
4.829264017088833
5.304251118831013
4.972220633047311
4.861936960530195
4.851267982248125
5.016940550010507
4.6851548397596
4.461533528286801
