-0.0318290532958474
-0.1288622904939681
-0.3423153058958128
-0.3909606105439324
-0.2692373021704835
0.2566342895952255
0.6316516777986999
1.558442799215756
2.4489600251522945
1.9442955980606167
1.3913579215998366
2.014535257045754
2.4884144998925546
2.0422710541015485
1.3791156693079634
1.8497942673745056
2.5846215355557
1.881827860908996
2.050668115927879
2.490972848446027
2.028740138409804
2.897976889825598
3.4238842606574007
2.341177461417932
2.098579553142292
2.7070281785508485
3.067606210003829
4.489547750302261
4.906302772292529
3.099211859377963
2.228504984300059
3.1704396544216977
4.159304780692083
3.14202285721862
3.4743761575293326
4.261936340202748
3.378195532965512
4.115860751355087
4.652339662928269
3.445954296329805
4.007792081653922
4.114733659034231
4.451670070177113
5.252274795543307
5.6256447185608405
5.956542349006538
7.560038355818937
8.852637722069883
7.487584834171082
5.195756868158885
5.710765267402567
7.065097069804872
8.69895058337362
9.58512815179998
7.411302558631924
6.540000024244701
7.710784449874265
8.468097556251996
7.009482857618689
5.14766534829776
6.83236325144683
8.012572544865511
7.553494435725066
8.791838361571884
7.933508135218927
8.940563111305003
9.63020956787343
6.669296366144129
7.604183127495695
8.486752647308485
8.982332462772172
10.634572407495194
11.63651283996559
12.689951420015596
10.848552498690214
9.635603338744922
10.584840845657324
11.19358006772116
10.075454161805318
7.548393360108494
9.927652659990832
12.138654773269812
8.68994534712424
6.361275409712668
8.056065405889896
10.50211234237645
9.44545075841287
9.52533815562074
9.700482929783954
6.851956075322891
7.267524488932484
9.52051848052952
11.567193669782172
12.410497249378745
10.539207951647432
9.74434610804378
8.838137006530992
8.947708679313465
9.501622496817504
8.039572743616189
8.624792582321017
9.546851840522471
8.479196305916759
8.079367793777044
6.042594072666768
6.319739363150288
7.261396737758141
8.999623317087561
11.28722307494204
8.911963718257294
6.565895665519062
8.844040327331165
10.591795507732934
8.87587880738097
8.147218521274958
9.07046061830515
9.07635769645814
7.050004131504618
8.420747825586348
9.63048538996454
7.705821219058375
9.333413530314514
10.864647633336322
9.679017453574572
9.640314077120884
9.908356546588884
9.014599309618191
9.034572277583896
8.96294972308813
8.51074524551434
10.566181868035793
10.739751485556114
8.987037597760269
10.629146917176572
11.485592755238155
9.517196148697916
8.045108273012042
9.875268445718955
10.622360245279202
8.833360752948272
10.441798545292205
11.22049992995027
9.861938021760716
9.27922774169767
8.02219113738594
6.619985579057857
7.170094857332563
8.29890335011686
7.847989223992787
8.764183397665546
12.508199229383443
14.190695192051454
11.704673341540474
10.518048007460038
11.38092842244794
9.57556256060106
10.089158138542954
11.082144684994562
8.975973447858
7.19251055686596
6.271405799252007
6.993441946448628
9.281193922505349
9.477437986827734
7.894048644511456
7.818825230484467
8.647884583139405
9.063831333141447
9.295842850343297
9.391701129777104
9.391358834825985
9.54649397282863
9.292818982660386
8.432951192335619
6.924638006272106
8.359336258160424
9.883675259907072
9.03116642875833
10.011127222037512
9.952499761182851
10.730928795875666
11.338245683675956
9.384312746625357
9.894769870122694
10.362911509106793
8.363965917732678
8.413583480872955
11.604226492347363
12.264783563258648
11.461402506603958
10.796585230113042
10.048605320416732
9.203003601220171
7.748368937941159
8.685222989385398
8.401676821097455
9.002240348766525
10.911548550946176
9.203668994286245
9.36851636990468
9.49602563955893
8.476438968064283
10.02803819089773
10.015338228996493
9.66974379672192
11.92699674826629
13.059903367570367
10.643073884026547
10.14416517438288
13.042474901926475
12.89693993503506
10.088422741346143
9.92538632839449
10.733574544816188
9.586607628600715
8.495907339294643
7.031678067897235
7.841279949360858
9.466340555197307
8.967903344416001
10.142752861642068
10.554633610554763
8.183430453045618
8.978598979904795
10.859258383090982
10.450071405045415
10.946432846845212
11.552455489320751
12.033780580806887
11.2816159269293
11.558973437494911
10.56794445123533
9.081754585172932
11.008572308423618
11.120439185296632
10.17205194779045
11.847863165385206
12.11155311853204
11.995529499627796
13.757645956753446
13.320408924183994
11.331080283626184
11.082218537182348
10.735304198212996
8.859203033539817
9.656686884304923
10.731050776224317
10.039437072796227
9.11195736585009
11.764746133949798
11.452449214942726
8.867025025295463
8.253522572974736
9.493995326261851
11.652959400455158
12.021440954557688
11.48997037205798
12.5114418586686
13.395788098588152
13.80796119780404
13.620325593989866
11.761450775854485
12.24742495262556
10.957660546798785
11.32656119229785
13.802025703050983
11.477418011306462
7.819929517463386
6.519396283201473
9.204655511757007
11.990774342094674
10.740190416205046
11.326685412293193
12.92575738307784
12.01199977600142
10.043140482555575
10.98395892188092
12.404330542661022
11.391450776049588
12.009515875577572
11.880651905070817
10.230201114725643
11.28983804970782
12.125483470457606
11.479509781566115
9.685176317825771
9.371568524988271
10.447387469196062
11.6397124000885
13.908340541779916
13.790406943938631
12.342462292252826
10.96602497406701
11.11292853589818
12.788821250909129
12.800194502116913
12.31865696589302
12.171895006627024
11.10514062661354
10.014009952957217
10.099023724794812
10.473277326390804
11.225534199178703
9.820448540648336
6.2818087496981
7.052942482095597
10.201665695745788
10.43036316159824
11.07050015619867
11.99604884330487
12.406828595260816
12.159843285107812
10.869901834265477
10.801632640634644
12.720130177612868
13.471572100948467
11.743758054838306
11.372900542244745
12.819796262499688
12.79560707656804
11.775875423064903
10.401635648620063
10.02372632246308
11.670971138177205
10.987782160855398
10.138198465524274
11.031276131343455
12.26881207321822
11.293510370352433
10.827489908528786
12.21277874293216
11.391507464972417
11.22619510753012
12.409315325038923
13.293908946712657
13.802277419394336
12.797039346224867
11.971045318503275
10.506911611634305
10.633023179841931
12.372979436530208
12.197253414912
13.013311315886265
13.960617726950668
13.030809990342464
11.538857544525031
10.255322639904284
11.404951843862536
13.634102046232217
12.353157339801289
9.898350769613392
10.949524971670687
12.169643970085112
11.836611999734226
11.123035246070025
10.918204623012834
12.356272529475325
11.26128058400717
11.573186037869467
13.536019656791456
11.364154520484057
9.424761196609168
7.895460779579928
8.769909655723918
10.733283513901268
10.406614792938546
11.4631171856103
12.051510667713464
12.570573286455913
12.49777552989218
10.762330516588742
10.62608641185978
12.194866605126087
13.320108944412912
13.229197733101888
13.408284710282546
13.556003929593636
12.612195595105526
12.328644797516544
11.550094588314671
11.267417599695309
13.958295831743214
13.40362420994506
12.781318512816222
14.044694406662613
14.065180528835072
13.73098976910111
11.635988701726482
10.602673169236953
11.605951747983552
11.644888031884143
9.390635111960126
10.398366232872744
13.732879136219928
14.642325113100338
15.55905233204934
16.358250577297063
15.427442138513513
14.27165288442212
12.731399026429802
10.46410402473488
12.012886175502532
15.396258719882132
14.990946656565818
12.496425468415682
9.950345013988676
7.765626706189989
8.978178538390303
11.48168100988008
11.648186888614982
11.947281255591417
11.008081410887852
9.577322383542036
11.90516053626776
14.259645507044262
13.886776714221256
13.05877850589502
13.508800426075942
13.154672353299636
12.738427726006698
13.766160000311476
12.094488104845151
10.07476196746471
11.613911765353302
12.592875512848073
11.971608659855695
11.415834358235909
11.634276616151528
12.1612704852325
11.578806975354508
13.125473591185898
14.020245157651152
12.664642492725104
11.939858143312517
12.910915512358136
14.140794087937731
13.04677214497806
11.560971653840584
11.699432501835846
13.840997727902282
15.57386102807827
14.810834213549706
13.205626650994502
13.11285631788186
13.389612415437878
13.032761861667929
13.950876144315394
15.778484021444978
16.09574468816689
14.54043961282258
12.732341831221602
12.600359837600983
15.29007995598993
16.142038950421274
15.466281222172656
15.16085690791407
14.789933059754985
15.125042628212254
14.034190285263891
13.416146100991195
12.852881075921765
13.129179309362478
16.72150415181251
17.322581846358567
14.597418293452488
12.158980776878384
10.26582528417268
10.711699307371454
13.41687123842019
15.536933389669416
14.066273651305828
13.269618698095442
14.10038317077364
14.910394125205013
14.252410576041443
13.08678193421638
13.44710427888034
14.885717465671002
13.962060097654357
12.666789949764636
14.254464891919053
13.545674942413134
15.724040753584008
16.765956674929512
14.71892877314199
13.27459276389645
13.001614935250108
14.41219513215873
13.845399855398096
13.404370201813675
13.17114784640606
13.411425612535895
15.170844631057038
13.59427803838338
12.50255478743054
13.598811716513408
12.738932226953636
11.327929660585331
11.485347878999358
13.221887515941877
13.101460717073287
12.559745041517406
14.11135865463883
14.640277007878067
11.675773733181575
11.166906278779631
11.498989413074131
10.998410470040014
11.592013350766456
11.613625806192276
11.512402200188085
12.72796961465045
12.56563801894948
13.465954907750396
15.477744731436406
14.122274291065889
13.455445606103376
14.061683458902673
14.976580692252856
13.668603469558718
12.51611249949944
12.499452233649995
13.27710040700153
14.766046320815787
15.151188513276834
15.604278002916672
14.749108407649285
14.710389004716829
13.78332578124846
13.649171278442388
14.267219085771584
14.00474482946496
15.715476698957673
15.046691004396916
12.472729763432453
12.95640943841054
14.189491873246697
14.676485182145676
16.140923895570246
15.632424108428244
14.65775143976214
15.923664895730315
15.027494120522942
13.178599154671623
13.472943270527118
13.461232306205543
12.98578960288758
11.894645907238075
12.441373587156573
12.678374213059406
11.055809815576486
11.72864721503134
13.244805659213675
12.53079710507311
11.99141597156622
12.4228541561185
13.057540348483425
12.887045670307993
13.934321539002047
14.58046816812746
13.69297958738306
13.829201942460363
12.664411195000264
13.074471094964794
13.725947947056476
14.39339350561922
14.934306231504763
12.77480378165837
12.35809437348587
14.932066451509115
15.282336403979636
14.45198255252734
13.0078399748875
12.803124271879256
14.21283806067598
12.8404300735387
13.27820979967686
13.14983045617474
12.41375359641154
13.263516794353038
13.853113548259564
13.31093582166729
12.48923612718082
12.37735991237459
12.787545264157098
13.640422374789846
13.512623452564926
13.260391071842012
12.300550251440072
12.366171387883558
14.376472809615253
15.390510439273896
15.807003546286692
16.106251633448423
15.004195673199684
13.574674256171123
13.093133445095038
12.48195743585797
12.326755313478271
11.319323217268025
