-0.2750840613014818
-0.3959534023452694
-0.1732713609031259
0.1722170345746748
-0.2463302398201695
-1.5340109230141818
-2.2137311229039933
-2.047299779611893
-2.1753615370499477
-1.0372168040048215
-0.1427232913087789
-0.698260607851988
-0.3037934475335966
0.4350301849095707
0.1812629803051399
-0.3392220830969551
-0.0031959539310248
0.2864348197508785
0.990179592691254
1.3230836413863414
0.6672326299817121
1.0961509729297847
2.423343498101693
2.922315156126861
2.2331684090857937
1.182845744332691
1.2724958562263773
1.3710852468721288
2.040495029964098
2.9230085300987243
2.032566456572628
2.3966877279026524
4.714402515368388
5.816624922506651
4.583196036156608
3.284129567394836
4.161527581933457
5.151064713570943
3.894213512680185
4.054602376869451
4.7749521225213405
5.463879063949261
5.3426457419021816
3.4721917447383417
4.086594691486022
4.89868157970322
4.953086459517164
5.508754277131852
4.803095983859127
5.921886909295776
6.838886417643852
4.571949666141785
4.186654871052799
4.645252169876427
5.975145361191468
6.874867097450674
5.0833894507147885
5.351112306219068
6.39503869234195
8.763766077872619
8.597809721872212
5.407876546688896
5.59932399479726
6.178419612507415
5.735505531343006
7.572488262966669
7.935677089114156
5.227361529042969
5.078448067506915
6.052047956760896
5.623191013902392
4.533054061621486
4.859697471665877
5.653269654021443
7.026278540459607
6.9713338797392295
7.220291361742779
9.120368888443409
7.332484167239263
5.289061217642613
4.7558598871516935
5.390235204901703
5.531242316719996
6.343598992008383
7.936743797567321
8.735015192966522
9.100958456581935
7.8227152798100015
5.907738680453296
6.702685886396707
8.564080270727754
9.391571098349573
9.92621018738191
8.046168810641532
6.608856970055211
5.598064132116686
6.856118973860362
8.038506902614674
8.135050805447172
8.429225517134325
8.865431810232478
8.644778993376997
7.952539776186339
6.794931345010281
6.720333335811373
8.030025956182405
9.803656974436556
11.43341117933943
9.001708892017954
10.226348857294363
11.85617661108598
9.600881485497949
7.547784211339857
8.262344888971636
13.370588587906898
15.04995881200964
12.74626812101568
10.185161878253927
7.463660789330659
9.605124148582185
12.117561652021994
10.472084011422432
8.791534661946832
8.367092203751588
9.533188838524074
10.034359926483807
8.216084436994942
9.018896769277582
11.325454118578245
10.094540793086862
8.27052745666896
7.877657623979789
8.58604782059908
8.707049318039248
8.283338652281554
7.148816895085906
7.784681716371605
8.635387672463057
9.622028823730307
11.18513336941782
10.354306536618855
9.088516756742392
9.060356046246136
10.122980725641902
9.35548019671186
7.586779344817753
7.771830137268081
10.232090229809732
12.472580800354828
10.855395564439464
10.465549201163446
11.757583813603716
10.128245701628936
10.504103164831951
9.242737094137537
5.818461064864279
7.877575221607096
8.993371796217428
9.320596515323778
10.373156055393045
8.406485628406733
9.503466155015715
9.106009525289627
8.436912955176616
10.940087073869922
10.98791946147286
11.657100752488128
12.009160776513797
10.02108414027109
10.387427084358382
13.542461337715883
14.195242910282484
13.602613818087343
14.3746258341452
14.029428143509726
12.90052685822356
10.55817656860124
8.628977915032088
9.565677604876562
12.833409791655326
12.579238712239356
11.906651117357455
13.929367417000911
13.390154987804529
10.768235011850775
9.59968682603358
11.633086054582716
12.756732454120549
10.954113021069334
11.728933334396055
13.127775128767391
11.30551368440511
11.46953846336172
12.30699573467624
10.723649487317145
10.693799608980536
11.756925273817892
10.93629066768998
10.73917902207025
12.619651385594212
12.220571555667252
11.69341786332124
12.454936136855522
11.321811568121616
9.180554157835369
10.334579293939129
11.685300708879517
10.607620012347477
12.09230952035133
13.087028255193012
12.433607367738986
11.046445460980372
9.320573675536965
9.788626769394256
11.861840894866209
12.464114456949892
11.10825239476413
11.917797924536467
12.902646815583497
12.069914705665544
12.690671769176756
11.728425464337588
9.92423350185616
10.691448768078184
10.591260883940295
11.98347170032168
13.769052363313351
12.8452362490749
12.808325171850672
12.55445413471063
12.700334719031394
13.29129711611826
13.92335881570802
12.636190079847523
10.88482489064524
10.97957010967872
11.948894444907724
12.753522330241204
12.39922162279768
11.315930380495622
11.85213187826403
12.89165088940517
12.50682877844742
12.879383558734965
13.773096851306404
15.166797204872095
15.274116853479104
14.69692195615085
15.24329270919181
15.542178405495996
15.927946288395464
15.113850149863326
13.607987419739487
13.079717692140512
12.386558516904596
13.297551182857172
14.344222132649351
13.25779414528126
12.22018346094726
11.313911654947406
11.621088969884685
13.219010948492487
14.620956549017802
13.596851591594534
12.16393860901271
13.981832219626344
15.344100195670835
14.443420204019809
13.5664944206815
12.380385574280616
10.09485940582692
11.621975032767148
14.779212701288865
14.976807314526292
14.30299329191022
13.552514539437675
12.512484916673063
13.403414604241537
13.059639297450952
13.43186530680052
14.229580307030906
12.596412364418798
12.435305617774858
11.400753622350116
12.545608299742662
14.298644319061829
11.829263798014294
9.50676281104807
10.834161030839342
11.928232209653856
10.726575375854328
11.143728198441533
12.112852480179097
11.843936817304527
10.526677836211896
10.977295812450713
11.694228727672966
11.255695422078134
10.793386194660394
10.327002746081597
10.674815111216168
10.078301398008106
8.761012198527592
9.902147233162808
12.038831057672592
11.21945970511476
9.478220062309257
8.19719592018123
8.888354816575431
9.505984952241372
8.955438162654252
10.163575834757925
11.148638408853628
10.57594441323334
12.11542564263288
12.71234565416945
11.812154198646
11.375489929367989
9.765492512678264
11.451959551446702
12.962501972464784
12.44492046063016
12.213509024534137
11.458489399225831
11.00373611111714
11.444543585301664
12.497420647812394
11.894395473177063
11.025422933785132
10.780219688481628
11.49347172971195
11.925925404840491
11.394738962428416
11.785000394702465
12.00694124012436
11.79525806868823
11.39246174689533
11.988376976354855
11.843574363710372
10.597581384241336
11.363586321936788
12.32512875527758
12.104025433738466
11.85265982294542
12.587158653679577
13.784325855962882
12.99752399170248
10.966533814032314
10.51620095377077
11.267330756968263
12.136482742445455
11.86697654750341
12.062904263114344
12.99191800464051
12.410377526179484
11.749742966157214
11.769518205880058
12.508152825597213
12.79829294101546
12.248545871462518
12.96330976689831
14.186688326938096
12.705698154077805
12.288236417920007
14.314156310476823
14.77154950168148
13.4417415219404
11.560713410058115
11.443216508463436
11.478315357140511
11.469498234640673
12.422139600866954
11.26297674803286
11.702272056191502
12.81906039010277
11.255710107049
10.683609308687204
11.379967182876094
12.300060137947275
13.50012621290828
14.027736843833614
13.176603667141356
11.766294175981148
11.062871845871411
10.896485693801278
9.245107182889342
8.182085066274208
8.938234061677392
10.196150268094954
9.81022785585872
8.311795445700534
9.03799099609398
10.72488354026154
11.884945300725716
12.27688679692726
13.055509445083436
14.649536943102644
15.107739274167402
14.95838756364872
14.075657430810995
11.239609284820412
11.80683271813447
13.999265274004648
13.574498067968223
13.533339019410356
13.55823902686422
13.04075671287368
12.284654504548014
11.61554152205082
12.819459971558013
12.718792547069956
11.958147057262424
12.63326037347164
14.162137042166318
15.30047306038666
13.83927694091887
12.184497948199883
10.677669531171455
11.715876738318084
12.617826431634391
12.824183463235286
14.094559978186515
14.137050553515431
12.310097596596076
12.24634510983789
13.152633318948242
12.20607080306958
12.137842192039876
11.615142412927929
12.661076136500489
12.80029824759178
11.298976628741467
13.406512118398211
15.364289085055695
15.515456668834668
16.20958899874902
15.636007826873104
12.966894163170558
13.213204143678688
14.261425975768905
12.306315241967935
11.843039182996378
11.366008783895534
10.406886603163308
11.760813611089416
13.004013822962452
12.54150414467269
12.312206299050382
12.663453254022722
12.472762143443369
12.255977900839351
13.277597286058008
15.093780202644991
15.34279809969145
14.934388925461976
14.444341982055413
13.212767117653
13.692970516077157
15.61098388981521
15.863446815391772
15.513031049463912
15.858476554713466
16.25538122421682
17.26459185542093
16.292403084535298
14.343929063870757
15.899524420445562
17.331376033323387
16.268892627569954
16.561131273312277
15.634980944305289
13.803679903057049
14.876522337922992
15.627229045567958
15.117204829275847
14.98559892754753
14.449147692572463
14.20493287753051
15.25217251027756
15.0683456952144
14.892332163798612
14.81559240176026
16.509729448881814
17.71677772364896
15.706772974544974
13.47753936975362
14.385735704178492
15.522919145003971
14.416229261785023
14.462207124169886
13.55933912328662
13.737012921513378
14.117740070343572
14.407550807101115
14.66355786911746
14.610237595421692
15.701406603907984
16.066274312913098
14.607207790551469
12.9978679060874
13.572273972835731
15.792302623455946
16.892267510940126
15.633259392337418
14.730335531718437
15.37112521665552
15.394048179177764
16.02785120734344
17.990306199435306
17.63404633581486
16.03198276499263
15.556376480074968
15.218490008639842
15.89553712628285
16.002498725881978
15.443160331828611
15.096943046044323
14.135412506750155
14.308484846561084
15.71726798030699
16.129064160268463
14.366368635035176
14.613814043295932
15.510230934647495
14.516627387601174
13.306490498308248
12.641864154222516
13.92318014700806
15.248258206933851
14.688172419221717
14.805451710179382
15.737806170650556
15.337381981356408
14.029617047921189
13.671488489852322
13.096617770498002
13.132173653498226
13.357377363067032
12.65750199024908
12.547629965623615
13.108269727873736
16.320028078285624
18.235987471715195
16.017225040327443
15.200275597702053
16.150996095442235
15.88468870728139
14.703108579960986
14.348487614022702
13.512191420729655
12.77349010137876
13.802091437057893
13.022509319172212
13.20857230912052
14.56852671497967
15.354347913418904
16.33354590275542
17.085219005693798
15.968353214210891
14.486904128737253
14.26682116227861
14.345378010615356
14.281425394106586
12.549758053766393
12.820187525432564
14.310942503026158
15.11932309046522
14.32240581741322
13.18833788537187
14.939281111407944
16.76163509050134
14.576644659535948
13.561126271194778
14.451818023302922
14.2667603760761
15.136388652618844
14.569584594254383
12.942787640585498
12.672693136738008
13.62168111434782
13.011842825324807
12.19588413157216
12.062119459294566
12.174399538129617
13.359492603816744
13.318410150634948
12.777465088914251
14.217691767487864
14.571320289573311
13.67690770478102
14.448955442923657
13.418096062528386
12.53754154111764
13.254636466245664
13.15648761976123
14.056372368650306
14.72412821985364
14.577794917864908
14.873077263461184
15.294245799633602
