60.47
50.13
58.99
53.37
44.63
40.97
48.73
47.55
34.59
37.44
46.72
33.41
46.4
43.81
27.04
29.54
27.9
31.24
37.83
36.21
45.03
41.72
32.96
31.94
35.59
20.28
39.76
34.19
33.67
24.92
31.56
19.74
24.74
28.56
43.5
36.03
37.31
26.85
30.95
29.93
33.83
30.36
28.53
22.59
29.1
21.52
32.18
26.43
22.72
25.35
25.54
26.96
24.79
27.93
32.44
25.79
25.41
26.58
19.28
31.49
23.73
21.37
18.71
17.71
24.15
23.38
25.9
20.85
23.03
22.13
20.64
28.26
20.02
16.71
21.05
19.46
23.0
26.18
17.71
15.59
19.05
20.43
18.67
13.3
18.25
14.67
16.01
19.81
15.05
20.02
17.0
21.97
11.94
17.57
20.85
15.8
17.98
23.49
12.7
15.61
15.79
18.08
18.52
18.37
19.82
17.33
18.41
14.92
13.47
15.83
15.45
18.72
10.3
12.79
16.18
11.42
12.42
15.7
13.89
9.52
13.0
22.31
15.37
17.58
20.13
17.49
18.62
9.38
16.34
20.17
22.93
21.25
20.6
22.52
26.16
16.33
23.47
16.92
18.16
17.49
16.98
17.37
18.07
25.82
11.21
17.69
19.87
28.54
18.53
22.73
21.88
26.23
15.72
14.89
19.72
14.26
17.99
16.81
13.61
14.92
18.78
18.5
23.04
23.35
13.31
13.32
10.62
15.85
9.39
9.82
15.15
10.32
13.69
16.97
11.06
15.4
14.08
21.93
16.46
11.6
11.16
20.58
13.47
12.27
16.51
12.69
20.34
21.91
15.69
17.24
20.25
18.18
13.49
19.27
15.76
14.94
19.84
13.57
15.76
18.57
12.99
16.69
12.94
16.13
16.34
15.97
16.75
13.59
12.93
10.97
11.72
18.33
23.87
18.59
14.84
19.85
16.23
13.7
14.31
15.86
13.31
15.86
11.23
14.96
14.58
18.52
13.07
14.38
14.92
12.81
13.03
13.59
14.86
11.83
15.12
18.17
12.99
15.45
10.98
9.21
12.97
11.54
11.16
11.07
15.97
12.7
15.74
16.29
18.65
17.5
22.89
16.89
13.22
22.72
15.04
16.09
14.09
19.04
15.09
12.68
12.51
15.48
8.49
13.73
15.18
15.41
12.37
10.22
7.89
16.28
18.07
10.39
15.59
12.24
11.84
12.59
11.33
12.59
12.56
13.04
11.82
13.37
11.34
12.75
9.44
7.8
20.22
12.19
14.72
13.48
9.32
16.56
13.45
12.52
14.12
16.12
17.96
14.49
24.19
10.95
17.41
18.8
16.82
18.25
20.87
16.37
14.41
13.28
17.66
22.77
10.54
16.5
26.25
14.04
15.36
14.91
15.92
15.48
10.62
14.65
15.6
24.97
13.79
18.71
12.67
14.9
17.91
22.5
17.54
15.84
13.08
16.57
18.61
15.47
16.97
15.23
22.57
19.3
20.95
19.14
20.96
20.22
20.57
25.68
14.66
21.35
19.0
23.0
19.08
24.01
19.84
26.95
27.23
20.78
19.59
23.02
22.5
22.35
22.57
22.79
18.57
24.26
19.75
14.23
12.44
16.74
16.34
18.42
14.27
15.38
15.83
14.72
18.16
20.79
15.18
16.95
12.25
16.66
14.62
18.1
12.27
22.22
15.06
18.21
19.16
17.41
17.79
16.56
12.31
15.75
18.2
17.32
18.69
18.72
17.77
21.53
19.77
21.38
18.54
14.89
16.71
18.2
12.86
12.7
14.44
23.33
8.14
16.1
11.57
10.64
11.84
12.26
10.44
12.39
17.94
11.88
15.14
13.94
11.26
9.91
13.01
9.9
11.05
9.74
12.25
8.93
9.47
19.47
10.75
11.33
17.04
18.83
23.64
13.2
15.06
18.43
21.72
22.73
21.7
15.74
18.74
18.34
17.5
13.61
9.83
17.32
10.83
17.6
20.72
18.32
22.89
22.98
22.33
22.93
25.29
24.64
29.62
28.3
21.26
23.7
20.87
18.47
17.69
17.26
23.9
19.97
15.99
16.24
7.75
11.76
11.38
14.83
9.69
13.34
10.53
8.6
7.41
15.55
12.64
16.35
12.14
12.92
13.89
14.74
16.24
15.03
12.73
20.12
13.22
13.36
9.53
13.77
16.58
7.44
9.29
15.62
9.46
14.51
12.63
9.96
18.34
15.35
16.26
9.63
23.77
15.28
15.53
16.66
17.28
14.89
19.53
12.12
14.5
15.22
9.74
13.08
8.84
17.86
15.73
12.42
13.88
22.56
15.17
13.94
16.18
11.27
12.65
12.74
11.53
21.09
20.23
15.97
16.21
15.81
15.29
18.36
17.96
26.77
19.15
20.41
22.34
19.59
19.08
17.38
20.34
14.27
22.63
15.74
16.23
18.51
8.98
10.98
14.14
11.22
21.69
13.81
8.61
17.31
12.43
15.22
12.57
10.91
9.81
16.9
11.11
9.74
6.46
12.19
8.52
11.63
10.17
13.48
17.11
11.82
17.6
18.77
18.14
13.52
19.74
16.18
19.09
11.51
13.14
13.97
15.65
16.79
14.85
18.49
16.4
21.42
22.59
18.15
19.9
17.92
16.57
23.3
23.34
24.26
21.82
28.05
