-1.4532000000000005
-1.4823000000000002
-1.3791000000000002
-0.7339999999999999
-0.1616999999999999
0.3114
0.7719999999999999
0.9051
1.3699000000000003
1.7957
2.0036
2.2593
2.4547000000000003
2.8704999999999994
3.3138000000000005
3.199
3.532199999999999
4.2145
3.972
4.114299999999999
4.3504000000000005
4.0021
4.0631
4.8345
4.9837
4.891400000000001
5.0584
4.9217
4.8026
4.4635
4.9074
5.093
4.8655
5.1333
4.9611
5.109500000000001
5.022400000000001
4.7833000000000006
5.2065
5.3589
4.817399999999999
4.3002
4.0057
3.6109
4.4343
5.1591000000000005
4.270199999999999
4.1005
4.148999999999998
4.0245
4.4103
4.2427
4.3527
4.600599999999999
4.2298
4.123000000000001
4.661899999999999
4.811400000000001
4.359800000000001
4.0678
4.2887
4.7887
4.9148000000000005
4.8275
4.2826
4.257599999999999
4.951300000000001
4.7436
4.654699999999999
4.746099999999999
4.649100000000001
4.4339
3.8244
3.873800000000001
4.3514
3.9906
4.3682
4.4258
3.9202
4.4194
4.3469
4.1579
4.055499999999999
4.4139
4.386900000000001
3.5988000000000007
4.0366
4.8436
4.565
4.4962
5.3176
5.498100000000002
4.6239
3.9173
3.4964000000000004
2.8119
2.4853
2.791799999999999
3.2805
2.5237
1.8644
2.6528
3.6104
3.553
3.5713
3.344600000000001
2.6251000000000007
3.0966
3.9977
4.017900000000001
3.9045
4.0224
3.4241
3.6629
4.000800000000001
3.692400000000001
3.911399999999999
4.8733
5.4184
4.9270000000000005
4.4509
4.665800000000001
4.9397
4.9939
4.7567
4.624599999999999
4.7113000000000005
4.399700000000001
4.7299
4.7042
4.1477
3.5996
3.9691
4.4674
4.1043
4.011099999999999
4.1799
4.083600000000001
4.3081
4.6919
4.1641
4.7524
5.884100000000001
4.9688
4.033600000000001
4.784999999999999
4.4119
4.218699999999999
4.303699999999999
4.103300000000001
5.0404
5.329599999999999
5.248499999999999
5.790899999999999
5.3613
4.9069
5.4998000000000005
6.192500000000001
6.3562
6.1562
5.6991000000000005
6.3013
6.0972
5.187800000000001
5.522300000000001
4.732400000000001
4.7869
5.208100000000001
5.0825
5.5588
5.597900000000001
5.1218
4.664000000000001
4.9154
5.6446
5.805699999999999
5.528099999999999
4.465700000000001
4.5171
4.9134
4.754899999999999
4.9338
4.7964
4.920100000000001
4.822900000000001
4.5474
4.635700000000001
3.9123
4.4041
5.494199999999999
5.0414
5.182799999999999
4.805000000000001
3.9423
4.2085
4.5302
4.4972
4.3885000000000005
4.163
3.894
4.4952000000000005
4.8148
4.981299999999999
5.3201
4.1055
4.0027
5.109
5.486999999999999
5.0502
4.387300000000001
4.0311
3.4907000000000004
3.8917
4.1133
3.7792
4.1403
4.114699999999998
3.2983
3.2165000000000004
3.8402
3.9805
4.6693
5.1809
4.580500000000001
4.2923
4.452200000000001
4.3386
3.3636
3.3716000000000004
4.9659
4.3443
3.2766
3.5937
3.877
3.8761
3.8617
3.7011000000000007
3.9718
4.408
4.5867
4.1265
3.7716
3.8592
3.4651
3.9704
4.1164000000000005
4.22
3.9343
3.7637
4.0501
3.699700000000001
4.626200000000001
4.9489
3.967400000000001
4.5051000000000005
5.077000000000001
5.1509
5.3696
4.8489
3.9901
3.4569000000000005
3.2261999999999995
2.9106
3.9094000000000007
4.2285
3.4376
3.3007000000000004
3.3807
3.6835
4.4072000000000005
5.325399999999999
5.4448
4.865099999999999
4.4898
4.8661
5.2322000000000015
4.9617
4.392
4.277699999999999
4.3257
4.2018
4.1779
4.632700000000001
4.597799999999999
3.6694
3.6350000000000007
4.1914
3.432
2.9747000000000003
3.7019
3.6884
3.1751
2.9378
3.4238000000000004
3.642100000000001
3.816
3.6347
3.8794
3.8912
3.1267
3.1334
2.7177
2.8381
3.3718999999999992
3.101400000000001
3.2488
3.6186
3.1346
2.9825
3.610300000000001
3.8184
3.811599999999999
4.1586
5.1901
5.601800000000001
5.535500000000001
5.5882000000000005
4.788
5.2593
4.8636
3.4846
2.9699
2.919599999999999
3.3649
3.1197
2.818199999999999
2.4713000000000003
2.9174
3.986
3.977100000000001
3.4950999999999994
3.3478000000000003
3.3516000000000004
2.998499999999999
4.0939
4.181500000000001
3.7124
4.2376
4.0131
3.9427
4.4001
4.2494
3.3334999999999995
4.0359
3.7184
3.5161
4.362500000000001
4.636699999999999
4.506600000000001
3.7201
3.4944
3.844700000000001
4.430699999999999
4.2531
3.9171
4.584700000000001
6.0292
6.1930000000000005
5.5075
5.475100000000001
5.3941
5.202399999999999
5.0578
5.960800000000002
5.685
4.886799999999999
5.7517
5.388499999999999
5.355500000000001
5.438600000000001
5.103599999999999
5.6399
5.721999999999998
5.569900000000001
5.822900000000001
6.5571
6.0394000000000005
5.750800000000001
6.1873000000000005
5.684799999999999
5.6959
5.7823
5.5493
5.5275
5.6848
5.823999999999999
6.1786
6.1388
5.625800000000001
6.079999999999999
5.516300000000001
4.507600000000001
5.417599999999998
6.552600000000001
5.8821
5.099
4.9354000000000005
5.238300000000001
5.456000000000001
4.9486
5.2144
5.7148
6.3142
5.988099999999999
5.964699999999999
6.004099999999999
4.9747
4.680299999999999
4.1187000000000005
3.8841
4.7317
5.5878
6.072099999999999
5.885899999999998
4.7627
4.6673
4.848700000000001
4.2677000000000005
4.7985000000000015
5.2899
5.115100000000001
5.2288
5.591500000000001
4.9892
4.3627
4.614300000000001
5.138799999999999
5.276599999999999
4.805699999999999
4.7391
4.7057
4.4155
4.5854
4.8885000000000005
4.0432000000000015
4.0576
4.5747
4.0092
4.1305000000000005
4.6067
4.2887
4.3413
4.8024
3.9701
3.2988999999999997
3.7454
4.0382
4.1513
4.279
4.148
3.8294
3.6023
3.61
3.8536
4.6488
4.936
5.01
4.9733
4.9162
4.729500000000001
4.2077
4.03
4.671600000000001
4.787599999999999
4.8041
4.805900000000001
3.9417
4.2089
4.9306
5.3165
5.000900000000001
5.3129
5.305600000000001
4.565500000000001
4.8189
5.3634
4.8672
4.689699999999999
4.9702
4.7491
4.943300000000001
5.0265
4.8025
4.7753
5.262900000000001
4.8753
4.5499
4.7653
4.453
3.8456
4.6787
5.159800000000001
4.3741
4.257099999999999
4.668099999999999
6.062599999999999
5.335999999999999
4.3118
5.1201
4.6193
4.0895
4.847300000000001
5.1133
4.5368
4.2008
4.3619
4.4299
4.263
4.884799999999999
5.321899999999999
4.955299999999999
5.414199999999999
4.7521
4.2457
4.429799999999999
4.2205
4.188999999999999
3.8545
3.8693999999999993
4.406300000000001
5.135400000000001
4.7992
4.204399999999999
3.9424
4.3131
4.0269
4.1312
4.576499999999999
4.4059
4.8776
4.6642
4.2885
4.0918
4.786300000000001
4.6047
4.1136
3.9809
3.7359
4.642500000000001
3.9078
3.373500000000001
3.9854000000000007
3.8928
4.212
4.4367
4.248000000000001
4.241099999999999
3.9229
3.4186
3.604000000000001
4.4332
4.4522
3.4357000000000006
3.7447
3.8998
3.519899999999999
3.8091
4.4197
4.3482
4.0154
3.6175
3.1743
3.627
3.6081
3.1603000000000003
3.0828999999999995
3.1317000000000004
3.8983
4.5943000000000005
4.5626
4.0757
3.381
3.6181
4.140000000000001
4.9612
4.8471
4.2735
3.7722
3.9118
4.4835
3.8705
3.3702
3.8916
4.099499999999999
3.9125
3.9845
4.4253
4.3615
3.903
3.5469
3.5603
4.041099999999999
3.9304
4.3437
4.4333
3.5964
3.8286
4.2953
3.4579000000000004
3.3826
