-0.1979
0.0932
0.3441
0.4911
1.1252000000000002
1.4234
2.1771000000000003
1.9522
2.4350000000000005
3.017699999999999
3.1931
3.4646000000000003
3.6722
4.020700000000001
3.3859
4.3436
3.9985
3.9591
5.282699999999998
5.5948
5.451500000000001
5.641700000000001
5.0305
5.8929
5.253899999999999
5.8417
5.5043
4.6862
5.819100000000001
6.0378
6.2928
6.402200000000001
6.747399999999999
6.444300000000002
6.5813000000000015
6.088000000000002
7.1997
6.934499999999999
6.116499999999999
6.5289
6.046
7.438200000000002
6.5322
6.2888
5.846800000000001
6.709300000000002
6.8782000000000005
6.6381000000000006
5.944599999999999
5.6909
6.965199999999999
7.2312
6.126799999999999
6.148300000000001
6.991300000000001
6.430900000000001
7.090199999999999
6.5943
6.565499999999999
6.927700000000001
7.148199999999999
6.2039
5.780400000000001
6.6995
5.891199999999999
5.893999999999998
7.0505
6.029999999999999
5.8738
6.691200000000001
6.537999999999999
6.5336
7.067099999999998
6.6679
6.0718000000000005
5.641100000000002
7.107100000000002
6.406700000000001
6.079799999999999
5.958300000000001
5.733300000000001
5.4776
5.7423
4.3836
5.1276
4.9143
5.9786
5.6891
6.1323
5.321599999999998
6.2767
5.910400000000001
6.1414
5.330900000000001
4.5089
4.972899999999999
5.3225
5.0204
4.5286
4.101699999999999
5.269699999999999
5.723700000000001
4.9445
4.385
5.786599999999998
4.830900000000001
4.792000000000001
5.439
3.9439
5.558
6.420599999999999
5.856599999999999
5.3269
5.617899999999999
3.4491
1.6229
3.086
3.4117000000000006
2.8928000000000007
3.4784999999999995
3.1988
4.4177
4.699600000000001
4.7894
6.0474
5.860099999999999
5.6316
4.751300000000001
6.284699999999999
6.9349
8.1899
7.6047
7.642599999999999
6.503999999999999
8.1576
6.370799999999999
5.5775
6.199
5.6314
7.157100000000001
6.228699999999999
6.901200000000001
7.285399999999999
6.102199999999999
7.254600000000002
6.999700000000001
7.6613
7.629700000000001
7.330200000000001
7.160200000000001
6.340799999999999
7.599200000000001
5.709500000000002
7.005599999999999
6.692
6.403800000000001
6.3471
6.437700000000001
5.9506000000000006
5.250699999999999
6.365199999999999
6.140699999999998
6.7877
6.5934
5.850599999999999
4.860399999999999
4.8531
4.408499999999999
3.7561
4.289599999999999
5.526600000000001
5.4551
5.0513
6.8104
6.112399999999999
6.8393
6.265100000000002
7.995
5.982800000000001
6.0881
6.148100000000002
4.8331
6.389000000000001
6.1355
6.309999999999999
6.360999999999999
6.957299999999999
7.594499999999999
6.835400000000001
6.5268
6.9183
5.6629
6.572300000000001
6.352099999999998
6.445600000000001
6.5405
5.9772
5.851
5.8394
5.52
7.021199999999999
5.979899999999999
6.1572
5.721700000000002
5.919199999999998
7.721200000000001
5.712899999999999
5.0656
6.138500000000001
5.7336
6.765999999999998
7.2335
7.114700000000002
7.5494
6.3941
7.0516
6.7946
6.2835
6.6208
6.801699999999999
6.7385
6.2116
6.806500000000001
7.4599
6.3109
6.201999999999999
6.304400000000002
5.2505
6.2317
7.202100000000001
6.5318000000000005
6.627800000000002
6.4897
7.0738
6.7395000000000005
5.870000000000001
7.1942
6.726700000000001
5.4277
5.9529
6.4556
6.011100000000002
5.790000000000001
6.312500000000001
6.9099
6.4999
8.041699999999999
6.6778
7.1036
7.189799999999999
6.7587
7.5737999999999985
7.2567
7.374199999999999
7.9421
8.643200000000002
7.8896000000000015
6.6865
6.4337
6.522200000000001
5.7768
5.4523
5.459600000000002
6.0276
5.5514
5.6331
5.923000000000001
5.831399999999999
3.5795999999999992
6.277300000000001
8.547
6.338699999999999
6.313299999999999
6.809
7.4102
7.032
4.9297
5.9165
5.2863
5.659700000000002
6.597799999999999
5.0328
3.8714
4.6722
5.7095
4.632000000000001
6.7756
5.9621
6.381799999999999
6.1744
6.522800000000001
6.408900000000001
7.549499999999999
5.8657
7.5734
6.9985
6.8365
7.4316
8.3108
7.3142
7.8938
6.757999999999999
8.3236
6.785099999999999
7.568
7.497700000000001
7.5249000000000015
7.038300000000001
8.288400000000001
8.9876
8.530800000000001
9.1914
9.012100000000002
8.948599999999999
8.317900000000002
8.2018
8.9288
9.3455
7.280399999999999
6.947999999999999
8.035699999999999
8.8529
7.762900000000001
8.6089
8.665600000000001
9.8169
8.9866
9.8569
9.852
9.682
8.555499999999999
9.7709
8.6629
8.6759
7.762700000000001
8.202999999999998
9.2794
8.9536
9.0746
8.211
9.1709
10.0614
7.858300000000001
9.268200000000002
9.4098
9.9276
8.806499999999998
8.7587
9.4872
9.5123
9.3815
10.3325
10.2165
9.0961
9.331
10.1609
9.7613
9.5129
10.2906
9.8647
9.5175
9.4956
8.9741
8.949300000000001
8.387200000000002
8.4754
9.506900000000002
8.604199999999999
9.372700000000002
10.2316
8.8626
9.3611
7.2269
8.520299999999999
9.074700000000002
8.357899999999999
9.3118
9.3305
8.8069
9.6427
9.0574
8.823
9.446699999999998
9.419299999999998
8.2589
9.1857
9.8989
9.5793
9.4811
9.9886
9.5668
9.8946
9.0537
9.1791
8.017999999999999
9.273
8.2806
8.917199999999998
8.927299999999997
8.0569
8.756100000000002
8.5375
7.496599999999998
9.3686
8.6294
8.765
7.399199999999999
6.873999999999999
7.2214
7.182900000000001
5.671400000000001
7.023
7.047599999999999
6.851999999999999
6.0416
8.198
6.1849
5.8557
5.431700000000001
6.024699999999999
5.790299999999999
5.6473
5.6169
7.2477
6.280500000000001
5.566600000000001
6.648
7.200799999999999
7.9601
6.2064
8.9069
9.158600000000002
8.8373
9.3672
8.8989
8.6622
9.9936
9.5458
9.5409
8.681000000000003
8.379999999999999
7.456999999999999
8.224499999999999
8.981200000000001
8.1074
8.521399999999998
9.2741
10.462799999999998
11.579
11.442599999999995
10.7413
10.311000000000002
10.799999999999995
10.7153
10.5947
10.7218
11.0895
11.4549
9.7625
10.5589
10.2288
10.620300000000002
10.3952
9.77
10.7397
11.0147
9.5081
9.3945
7.493599999999999
7.8164
7.5877
6.875800000000001
8.0235
7.152599999999998
7.611499999999999
6.685600000000001
6.747299999999998
7.816
6.7929
8.515700000000002
6.313299999999998
8.1175
6.669800000000001
8.3796
8.143099999999999
8.399099999999999
8.5024
8.3949
9.3516
7.158699999999999
7.377799999999999
8.680499999999999
5.8238
6.5378
6.5945
6.8146
5.7598
7.426
6.1506
6.8736
9.4263
9.1188
9.1434
9.4047
10.464499999999996
10.27
10.572400000000002
9.9744
9.4299
10.4998
10.316400000000002
10.2451
9.0985
9.279600000000002
8.4268
6.8224
8.4955
8.7191
7.843399999999999
8.214999999999998
7.679700000000001
7.656300000000001
6.1831
7.519500000000001
7.329400000000001
7.316199999999998
7.7801
7.9797
7.863199999999999
9.7569
9.275
9.2596
11.193400000000002
9.6892
9.8313
10.366599999999998
10.0219
10.5843
10.996199999999998
10.1059
10.1826
11.6917
11.096200000000003
11.0967
11.071599999999998
10.2277
10.236200000000002
10.4876
10.1845
8.978600000000002
9.1277
8.280199999999999
9.4235
9.8234
8.3758
8.571800000000001
9.3324
10.370399999999997
8.5248
8.860700000000001
7.4708
8.0585
6.838799999999999
6.8625
8.186799999999998
6.5632
5.5108
6.6935
6.4716
7.079
7.6199
8.328299999999999
7.360999999999999
8.8625
7.1107000000000005
7.155799999999999
8.2452
9.0734
8.276900000000001
9.6439
6.917800000000001
6.7178
7.151999999999998
8.0226
8.806000000000001
9.5226
9.944299999999998
9.3236
10.174
11.908500000000002
12.094599999999998
12.2863
12.330700000000004
13.559800000000005
13.0182
12.953600000000002
13.145
12.9546
13.7174
11.4182
