-2.5428
-1.899
-1.4897000000000002
-0.6470999999999999
0.3869
0.8914000000000003
1.7515
1.9715
2.6169
2.3853000000000004
3.5203
3.3945
4.0321
4.0974
3.6038
3.3153
3.0802000000000005
4.024
4.6478
4.6458
5.1187000000000005
5.0727
4.5477
5.3977
6.2177
5.8151
4.9924
5.956900000000001
6.1084000000000005
6.1199
6.077300000000001
7.377599999999998
7.108599999999999
6.119799999999999
6.498199999999997
6.0424000000000015
5.466799999999999
6.070900000000002
5.1477
6.5516
5.9797
5.9637
6.4346000000000005
6.3881
6.450700000000001
5.811499999999999
6.075200000000001
5.803999999999999
5.8872
5.7482000000000015
5.548300000000001
6.2321
6.4284
5.7362
5.7287
4.9327
6.3308
6.6546
6.065500000000001
5.1744
6.442199999999999
5.8107000000000015
6.349200000000001
6.404699999999999
6.322700000000002
5.9479
4.9659
5.1774
6.0182
6.524400000000001
5.149500000000001
6.4007
5.735499999999998
6.602800000000001
5.985200000000001
6.273100000000002
5.935600000000001
6.010800000000001
6.050699999999999
6.3935
6.519100000000001
5.9873
5.933799999999999
7.028599999999999
5.471000000000001
6.4368
5.792099999999998
5.4391
5.017500000000001
4.8089
5.101999999999999
5.9066
6.3648
5.128399999999998
5.379
4.614699999999999
4.9892
4.376900000000001
4.6145
5.806699999999999
5.413499999999999
4.4379
4.642499999999999
4.7471000000000005
4.9804
4.5454
3.8547
3.656200000000001
3.9079000000000006
4.333099999999999
3.709000000000001
4.3584
3.0538
3.3589
3.7611
2.4391
2.241
3.0482000000000005
2.6468000000000003
3.7934
2.4052
5.481699999999998
4.2271
3.2372
2.8056000000000005
2.801
4.1416
5.034299999999999
5.7335
5.717
6.6978
6.232999999999999
5.7976
6.3871
5.478300000000001
6.064299999999999
6.964200000000001
6.851699999999999
5.9759
6.1987
6.605499999999999
5.0569
5.4722
5.0034
6.4638
6.6715
6.6762
6.0166
6.6959
5.291999999999999
5.945899999999999
6.1755
5.8251
6.405399999999999
5.096099999999999
6.424999999999999
6.078500000000002
5.759399999999999
6.458399999999999
4.643
4.084199999999999
4.3725
4.7111
5.555400000000001
5.735799999999999
6.0046
5.507499999999999
5.5806
5.897099999999999
6.388200000000001
6.5288
6.118
6.198900000000001
6.283599999999999
6.2837
6.551399999999998
6.5226
5.359
6.359299999999999
5.978400000000001
6.997299999999998
7.8101
6.8011
6.4232
6.037000000000002
5.7397
6.6759
6.592499999999999
7.1789
5.252400000000002
6.7572
4.9968
6.840100000000001
4.400400000000001
5.6126
4.3719
5.312499999999999
5.0511
5.878100000000001
4.8146
5.8514
4.827000000000001
5.441600000000001
6.511500000000001
6.328
5.987799999999998
6.077600000000001
5.8997
5.6475
5.881900000000001
6.912100000000001
5.9624
6.7924
5.528599999999998
5.162999999999999
5.398
6.2864
5.7437000000000005
6.2636
7.384799999999998
7.200399999999999
5.3317000000000005
6.4182
5.8493
5.6759
5.9133
6.0844000000000005
5.677099999999999
5.5015
7.382099999999999
7.712599999999998
7.243300000000001
7.012099999999999
6.440899999999999
7.475299999999999
6.659899999999999
6.4403
7.285199999999999
6.6079
6.6156
6.4715
6.1172
6.2429
6.129499999999999
6.133699999999999
7.063099999999999
6.549099999999998
5.585800000000001
5.5208
5.472900000000001
5.2003
6.593400000000002
6.533699999999999
7.025399999999999
6.378299999999999
7.308299999999999
6.753700000000001
7.0125
6.495
7.1227
5.323200000000001
7.339900000000001
6.7763
6.6804
7.145499999999999
7.409799999999999
7.365399999999999
5.992700000000001
6.2346
5.918399999999999
5.3536
4.5641
5.3821
5.544200000000001
5.9243
5.856499999999999
6.1296
5.614500000000001
4.5988
5.8842
6.8599
6.1097
7.403200000000001
7.972700000000001
7.0631
7.6228
7.093999999999999
6.663399999999999
7.2556
6.972400000000001
8.3701
7.7104
8.068399999999999
6.839799999999999
7.5994
6.621399999999999
6.331899999999998
6.0219000000000005
7.591
7.3617
7.056
6.617400000000001
6.285899999999999
7.0921
6.745499999999998
6.574299999999999
7.2923
6.7438
7.519900000000002
6.810599999999999
6.238200000000002
4.4911
4.9589
6.098399999999999
6.4392
6.757899999999999
6.674799999999999
5.552900000000002
6.8091
5.723299999999999
4.7915
5.8645000000000005
6.2954
4.9815
5.796799999999999
5.0189
5.807099999999999
7.128799999999999
6.3466000000000005
6.1865000000000006
6.578499999999999
7.1639
6.6791
6.608
7.751000000000001
7.703099999999999
7.5253
8.017000000000001
7.899400000000001
6.9381
8.1387
8.8834
7.960899999999999
8.6947
6.8842
7.877600000000001
7.4359
8.531299999999998
8.242199999999999
8.262599999999999
7.647999999999999
7.900400000000001
6.8283
6.710200000000001
7.8805
7.9014
9.4673
8.3582
8.6777
9.3615
9.164700000000002
8.534600000000001
8.797500000000001
7.759700000000001
8.597700000000001
8.826
8.171700000000001
7.732099999999999
7.528700000000002
7.397699999999999
7.9418
8.3182
8.2921
8.0635
7.7454
7.657899999999999
7.9908
7.7093
6.804300000000001
7.4212
6.816300000000001
7.9956
9.0598
8.1093
8.072299999999998
8.969599999999998
9.033400000000002
8.468499999999999
8.841299999999999
7.0333
7.762899999999998
7.991900000000002
7.0121
5.895899999999999
5.8503
5.9488
6.392600000000001
7.0481
8.357199999999999
8.1853
8.178
8.8101
7.977799999999999
8.708499999999999
8.2411
9.2576
7.5055
8.251299999999999
7.369499999999999
7.708199999999998
8.552200000000001
8.0982
8.550400000000002
8.248199999999999
8.908
7.758300000000002
8.3313
8.438600000000001
8.2749
8.207300000000002
8.943400000000002
8.7053
8.9016
8.554400000000001
9.5369
8.694700000000001
10.0221
9.0831
8.776399999999999
8.4424
7.627600000000001
7.2713
8.211500000000001
8.1427
9.2279
7.723899999999999
9.057
7.424500000000002
7.965600000000002
8.804599999999999
7.8881999999999985
8.224
8.7104
6.984299999999998
7.550100000000001
7.4147
8.262500000000001
7.1411
7.605700000000001
6.7929
7.8038
7.114199999999999
7.704300000000001
7.773499999999999
7.8587
6.817199999999999
6.4399
6.007299999999999
6.7001
7.049700000000001
7.8229
7.2175
6.172999999999998
7.3897
7.600000000000001
7.931200000000001
8.026699999999998
8.0319
8.4448
7.7496
7.299099999999998
7.5368
7.476300000000001
8.116499999999998
7.396599999999999
7.422999999999999
8.2019
7.900399999999999
8.0156
7.502000000000002
7.7197
8.3828
7.525499999999999
8.3693
8.111300000000002
8.5077
7.972300000000001
8.77
8.947399999999998
8.1891
8.2903
8.121400000000001
7.966699999999999
8.9551
8.308599999999998
7.958099999999998
8.602500000000003
8.549900000000001
8.2188
7.977199999999999
7.8142
8.664
8.425399999999998
9.0538
9.050299999999998
8.466500000000002
9.091
9.0658
8.450299999999999
7.5938
8.202399999999999
8.844899999999999
7.7929
7.5663
6.804700000000001
8.7354
7.8485
8.6569
8.618599999999999
8.445599999999999
7.9507
8.437100000000001
8.185400000000001
7.8343
6.9055
10.1591
8.873399999999998
8.7567
9.6669
8.502199999999998
7.9107
8.037199999999999
7.932
9.6482
8.459300000000002
8.2746
8.2007
8.4145
9.252299999999998
8.7349
7.818299999999999
9.8355
9.428
10.748400000000002
8.474599999999999
9.9332
8.0489
9.371999999999998
9.2855
8.7513
7.7273
8.469000000000001
8.5868
8.215000000000002
9.8744
9.1291
10.6984
10.4607
10.392199999999995
10.7074
10.7515
9.041100000000002
9.2384
10.2847
10.5639
10.7261
10.4682
11.4267
10.3379
10.221199999999998
10.620299999999997
11.0569
10.748399999999998
10.251600000000002
10.4236
10.693
10.792499999999997
11.8615
9.9313
10.1535
10.5765
9.2472
8.388
9.5877
10.320799999999998
8.9773
10.668400000000002
11.082599999999998
9.0538
10.7024
9.7137
9.647
9.9469
10.0757
10.5405
9.4546
9.7035
9.3548
10.228599999999998
10.488299999999995
