27.2
54.04
76.57333333333334
85.83
98.91
99.33
93.37
91.29
98.45
103.9
106.5
102.2
96.85
94.24
88.13
91.03
96.99
103.43
111.8
113.17
117.19
111.86
105.99
103.81
94.91
92.23
84.25
74.42
67.18
60.82
61.85
59.55
61.17
60.34
59.07
58.73
57.67
57.8
52.12
45.16
37.33
31.69
30.6
31.94
30.91
33.04
33.65
32.13
33.81
33.11
30.68
36.3
37.18
34.01
36.54
35.84
36.21
37.97
39.98
39.62
37.18
37.38
38.77
35.99
36.64
34.12
28.81
28.03
25.11
28.89
26.44
30.89
31.65
30.33
34.78
30.94
36.75
34.74
33.59
36.14
30.82
29.59
27.12
26.35
25.71
25.65
26.78
22.25
20.32
18.16
16.21
17.36
16.0
14.93
14.44
14.64
14.98
20.03
21.43
24.07
25.53
23.55
24.68
23.91
28.99
31.82
33.78
34.9
32.73
29.68
24.17
21.65
16.6
13.32
11.6
11.92
12.7
12.0
12.9
10.15
10.69
13.04
15.53
20.65
21.36
20.6
22.54
17.89
17.08
15.33
11.16
10.71
11.36
12.8
11.08
12.79
11.98
13.66
17.4
18.8
19.79
18.83
20.67
19.16
19.62
21.36
17.99
19.13
18.44
16.8
16.82
14.81
15.17
15.93
15.09
16.11
18.44
19.24
27.3
31.25
33.13
31.73
28.16
22.06
17.45
17.37
16.2
17.21
16.82
19.83
19.29
20.0
20.79
17.9
16.54
13.27
10.86
10.57
13.17
18.91
22.32
26.9
27.25
29.24
27.99
24.13
21.22
19.2
19.32
21.13
23.86
26.3
27.44
25.62
27.22
26.91
26.37
28.25
25.46
20.9
22.01
18.2
16.77
16.33
14.89
16.9
19.67
27.35
30.4
31.25
29.98
22.69
18.08
14.99
13.22
14.09
14.91
13.95
13.54
11.81
10.65
16.07
18.72
21.73
21.66
18.67
14.68
14.82
18.59
17.82
21.74
19.48
17.16
18.94
20.1
19.38
19.27
18.38
16.21
17.25
17.56
16.83
15.6
13.86
16.49
18.69
18.23
20.25
18.49
15.19
15.52
15.54
11.03
13.33
12.11
10.77
13.6
12.9
14.09
13.32
11.21
11.54
9.86
10.41
12.18
10.66
11.8
10.6
11.44
12.72
16.14
22.16
22.53
23.19
22.82
19.86
16.3
14.4
11.11
14.25
17.03
17.08
17.41
11.76
11.62
12.92
12.67
16.36
16.08
13.83
15.91
15.59
17.95
20.79
24.27
25.01
24.05
23.27
20.48
22.59
24.84
25.26
26.1
26.08
22.08
21.23
16.47
12.06
14.38
15.6
17.08
14.75
13.2
13.95
14.12
14.48
13.01
10.4
10.85
13.93
16.44
23.3
25.89
25.49
23.05
18.09
15.75
15.08
17.15
21.52
26.26
26.81
30.82
27.42
21.98
23.28
21.93
24.26
33.18
32.59
28.44
27.46
21.25
23.96
28.73
27.92
27.04
23.63
22.53
23.27
20.12
18.9
17.79
16.04
20.82
20.26
17.87
18.63
16.64
17.73
22.49
21.36
20.55
20.42
17.23
15.27
16.48
17.09
16.61
18.6
20.55
21.0
23.76
23.83
19.69
17.71
14.88
13.85
15.54
15.39
16.49
16.0
15.45
16.5
15.89
15.89
16.71
15.77
14.44
15.07
13.41
14.04
14.65
15.67
13.42
16.35
16.09
14.28
16.27
16.54
19.19
23.95
30.27
28.41
28.4
24.5
22.3
26.27
23.1
22.13
18.87
15.0
14.56
19.16
17.06
13.82
14.39
10.83
11.05
11.86
13.13
17.57
19.29
20.27
19.52
16.67
17.97
19.45
21.76
20.67
20.94
20.8
20.56
24.64
26.39
26.94
25.13
23.27
21.34
24.09
26.38
25.23
24.39
20.04
17.69
18.71
20.38
25.32
25.3
23.91
22.98
17.59
17.03
16.07
16.22
18.27
18.97
17.19
18.81
17.56
18.09
19.6
16.0
13.42
12.1
14.76
14.08
18.86
18.54
16.94
17.75
15.07
18.85
16.33
23.55
22.08
17.93
21.14
15.18
15.48
18.44
16.25
14.27
13.59
11.05
9.33
8.94
8.68
9.21
10.27
11.3
15.5
19.88
20.79
19.76
16.82
12.69
14.84
16.71
17.31
17.78
14.75
12.95
14.54
16.7
16.99
17.35
14.69
14.72
14.83
15.68
16.16
14.24
17.6
16.73
18.62
17.09
15.6
15.17
12.09
11.72
10.13
10.58
14.98
15.88
14.05
13.79
11.0
10.62
12.82
13.59
13.45
14.57
14.17
14.55
20.96
19.6
17.35
16.12
10.96
10.84
11.2
10.65
7.16
7.79
9.02
9.17
9.0
7.05
5.52
5.19
6.23
5.48
5.18
5.54
6.08
7.14
7.39
7.09
5.41
5.71
7.67
8.66
9.09
8.47
6.47
6.08
7.99
9.16
12.43
13.55
13.05
11.28
7.85
5.5
7.11
8.36
9.08
10.32
8.4
7.97
8.7
9.36
9.35
9.49
8.99
7.26
8.22
8.13
8.39
9.08
8.79
9.18
10.45
11.0
11.53
14.09
14.86
14.75
14.31
