44.88
81.14
111.28
112.53
122.98
128.65
119.84
121.11
123.02
128.44
134.13
125.29
111.83
102.75
110.89
115.23
108.6
102.22
109.39
109.12
94.79
93.71
96.28
87.69
95.21
98.76
96.38
99.49
98.02
90.68
85.59
98.41
89.46
75.28
84.58
86.42
88.8
88.72
92.18
85.04
82.09
77.97
76.61
88.48
78.59
74.42
78.4
72.65
64.71
60.13
67.16
71.03
61.79
61.38
62.53
64.92
74.1
63.57
48.91
48.32
40.64
38.9
42.61
45.66
46.25
45.34
43.69
42.09
37.59
26.77
22.34
15.84
8.24
9.94
10.85
13.62
16.88
15.1
12.68
10.9
13.17
17.6
22.07
18.59
13.85
13.84
12.68
12.47
16.25
13.13
7.62
8.97
6.84
7.31
11.59
11.61
8.15
6.58
11.22
12.17
11.32
13.25
14.3
12.47
9.15
10.28
11.81
18.42
21.25
16.9
10.77
9.82
12.57
14.88
15.46
17.15
18.97
16.44
14.2
12.94
12.84
14.5
20.67
22.52
21.37
18.98
11.59
14.8
20.14
15.37
18.1
21.08
15.88
14.29
19.16
18.27
14.43
18.85
18.09
13.54
13.21
15.54
20.0
23.56
23.18
21.14
27.69
24.29
21.4
25.29
30.15
32.76
26.66
30.8
31.94
27.95
27.28
20.57
15.31
15.8
16.9
17.7
18.59
15.16
15.98
16.08
9.97
12.6
14.96
12.17
11.73
13.86
11.79
13.35
15.46
10.39
15.39
16.56
9.84
14.32
16.35
14.93
12.89
11.83
13.0
12.57
16.72
19.74
22.04
19.81
17.61
22.12
20.1
15.95
13.82
12.04
10.99
10.87
14.07
20.62
19.58
15.49
16.78
12.61
10.95
10.9
8.09
13.01
17.33
12.47
11.85
15.82
21.36
25.03
21.01
16.39
13.0
17.94
18.3
17.79
16.66
17.85
29.19
24.63
14.38
12.57
13.83
17.88
17.23
10.69
7.93
14.39
16.45
14.15
14.0
9.86
9.49
11.72
9.84
5.78
6.55
12.43
14.04
10.39
6.94
4.47
5.8
10.82
12.77
10.11
9.52
9.42
8.33
8.91
11.24
11.28
6.37
6.21
8.52
8.99
8.7
8.15
9.48
11.62
12.48
12.31
11.3
12.57
14.75
14.23
12.82
13.0
17.62
18.37
13.45
12.96
13.2
12.22
13.7
12.6
11.27
12.14
12.8
14.59
13.08
11.53
12.1
12.52
15.64
15.98
13.1
12.11
11.72
11.51
13.83
13.85
14.93
14.64
12.15
15.0
15.13
13.8
12.69
14.12
16.52
9.94
9.11
13.75
11.88
14.59
16.93
20.42
20.98
11.88
12.37
14.43
11.82
11.45
11.24
12.29
13.25
11.94
8.59
11.22
14.75
11.81
8.0
8.22
11.53
12.45
11.76
8.59
6.78
8.13
8.64
8.92
9.22
9.03
7.18
8.17
9.54
12.73
13.16
11.82
11.26
10.14
10.01
8.73
12.64
13.98
13.48
12.89
10.69
14.3
13.79
8.48
11.41
10.75
6.9
11.68
11.14
10.7
14.74
12.64
8.49
6.97
7.23
8.07
11.72
13.3
14.73
12.71
12.13
14.89
20.3
16.54
7.42
8.75
13.12
18.96
19.08
13.24
10.71
14.82
15.77
12.72
14.43
16.76
12.39
12.53
12.69
6.99
10.11
11.79
11.19
11.34
9.92
9.86
11.63
14.06
17.18
14.91
11.43
11.65
7.24
9.69
15.18
16.62
18.06
14.91
9.66
9.9
10.87
14.43
18.1
13.02
9.92
12.32
14.64
14.0
9.35
11.29
22.58
22.65
17.96
17.16
15.67
14.58
10.48
11.77
14.94
19.26
19.73
15.39
13.96
17.92
16.16
12.36
14.22
14.95
17.62
17.92
20.98
19.04
18.95
17.39
9.85
10.83
11.0
10.81
10.65
10.2
10.34
12.93
18.06
17.89
16.87
15.9
14.25
18.98
18.54
13.4
14.15
15.42
14.52
11.7
8.94
9.84
11.76
13.76
16.31
11.96
10.43
11.79
8.37
12.12
14.75
14.01
19.25
16.1
10.96
10.77
9.14
14.87
22.59
20.17
14.55
12.41
12.96
16.22
13.87
11.59
16.31
15.76
17.45
18.61
16.98
18.52
12.42
11.51
14.56
18.11
20.14
15.44
13.58
15.92
16.79
13.1
12.93
16.5
15.86
17.34
19.64
19.08
17.34
13.63
14.19
17.08
19.63
21.72
19.89
19.59
22.01
20.5
19.73
18.52
13.58
15.24
17.69
20.56
20.2
16.46
14.73
14.79
18.57
17.43
16.25
14.2
15.62
17.37
14.53
12.46
16.32
18.64
17.26
18.34
15.67
14.62
18.26
16.03
13.98
15.87
16.63
15.38
13.14
15.59
20.21
18.33
11.57
12.68
16.37
14.84
14.77
13.68
14.09
14.04
13.31
14.8
15.23
16.99
14.65
13.63
15.15
16.42
12.94
10.02
15.01
17.36
16.44
13.05
10.09
14.19
17.09
20.05
19.76
15.51
14.24
15.37
17.02
15.86
12.26
13.67
25.14
31.44
19.45
11.01
16.71
17.5
16.82
18.09
