34.0
48.34
70.58
98.29
102.95
111.35
123.54
115.41
117.52
124.38
136.12
133.86
138.9
135.53
118.68
115.94
106.83
109.86
116.82
110.55
111.82
118.55
110.71
93.51
85.66
82.33
74.96
72.14
72.44
63.13
72.62
87.22
84.48
78.83
70.31
61.9
55.06
58.81
55.05
52.84
59.46
59.64
68.65
64.8
54.76
53.01
44.38
44.1
60.7
58.96
44.01
37.81
31.81
31.96
34.68
33.78
27.33
29.77
39.97
36.3
26.67
33.0
35.32
35.14
37.24
38.23
41.07
42.95
56.73
60.33
57.0
55.89
56.77
56.31
52.52
55.57
63.21
55.95
50.97
56.27
47.19
43.77
63.52
65.67
47.27
49.4
46.43
39.86
36.93
43.91
52.47
48.7
45.86
41.47
38.16
31.06
27.11
23.48
25.35
27.61
22.14
22.73
30.07
30.24
27.27
30.57
39.1
41.69
34.08
28.7
24.74
22.71
25.39
29.8
30.2
29.6
27.2
30.22
39.65
44.72
36.4
34.0
35.61
29.53
30.28
34.43
36.25
29.68
28.84
33.16
28.81
24.77
22.07
23.5
22.68
16.67
20.24
23.61
21.73
19.28
14.93
13.04
19.25
23.26
21.36
19.8
17.7
14.7
14.5
19.57
18.43
17.99
16.86
14.15
20.99
24.99
20.65
23.8
33.41
33.25
31.7
32.22
27.82
21.4
21.82
22.17
19.54
21.57
22.34
15.18
14.5
14.75
13.63
17.43
19.63
16.99
10.76
14.11
16.69
16.03
13.82
15.95
19.65
14.12
9.34
8.89
11.14
11.43
12.01
11.63
10.99
12.17
14.65
14.17
13.69
13.69
14.04
17.5
21.43
18.32
19.63
23.83
20.06
20.71
16.29
15.29
16.15
16.39
14.76
12.25
14.44
17.13
17.54
15.05
12.03
13.07
14.22
15.85
20.51
14.61
9.78
13.11
16.73
16.8
20.46
21.96
17.65
18.39
19.76
14.62
13.39
14.74
11.29
11.47
16.55
14.94
13.25
21.89
17.18
11.1
10.32
11.95
11.43
11.09
14.0
10.25
10.12
14.57
16.79
9.75
8.84
13.8
13.65
17.56
20.16
14.73
14.48
17.71
15.71
9.84
6.11
6.68
5.91
5.35
7.24
9.01
8.77
9.68
11.55
13.52
11.78
5.74
7.15
8.36
6.16
6.71
11.89
21.1
15.63
9.67
11.71
12.19
11.66
11.43
15.27
12.09
9.13
12.89
15.32
13.0
14.88
16.46
11.79
11.01
10.96
12.41
11.56
9.44
10.05
11.71
9.93
7.5
9.65
12.62
14.74
13.34
10.71
11.49
12.28
10.58
11.03
13.0
14.36
12.49
11.59
13.55
12.97
13.08
14.28
18.57
17.63
13.33
15.56
14.25
12.58
11.97
13.73
15.07
12.98
15.75
14.98
12.04
12.13
13.88
14.38
13.05
13.2
14.05
13.73
16.0
15.67
14.11
16.72
16.24
15.82
13.9
14.89
17.13
16.17
16.55
19.09
14.39
13.12
15.78
13.8
12.49
14.27
16.31
18.19
18.25
13.06
13.39
15.98
13.69
12.36
14.82
16.51
14.65
8.57
9.45
13.56
16.3
14.36
11.37
14.19
15.74
13.68
12.79
15.48
15.02
13.6
10.7
8.88
10.23
14.02
15.47
12.87
15.33
15.1
12.54
12.48
11.98
12.22
15.07
20.8
17.17
11.74
12.67
13.63
14.62
15.96
16.98
13.67
10.55
9.32
8.63
10.73
16.52
14.04
9.83
10.04
13.02
15.04
11.18
9.83
9.33
11.06
10.65
9.41
10.95
11.53
8.54
7.03
7.73
7.39
5.93
5.91
8.44
9.12
11.7
12.18
12.89
12.53
9.79
10.62
8.88
9.35
11.01
11.1
9.3
12.37
13.47
9.22
10.54
14.53
17.12
14.49
13.34
12.45
11.15
13.92
12.72
10.48
12.3
12.88
10.6
14.82
18.68
14.87
14.8
16.22
13.42
11.57
15.98
18.43
17.75
17.67
18.87
17.25
12.94
11.35
12.06
15.49
14.57
13.51
16.48
14.55
11.33
15.9
17.11
13.03
11.49
9.92
11.85
15.48
19.96
19.33
12.86
10.57
11.54
15.06
16.12
14.76
14.6
15.06
15.3
13.56
15.04
14.94
15.16
17.18
17.85
17.68
13.16
11.33
13.75
13.62
16.78
17.53
18.14
18.25
14.74
16.79
14.13
12.71
14.78
13.86
13.36
16.4
16.07
17.11
20.92
18.74
18.42
19.12
17.06
12.84
12.51
12.7
11.75
10.98
7.59
10.29
12.32
11.8
10.66
10.67
13.39
13.89
13.66
13.6
14.14
13.68
15.23
16.82
14.53
9.13
8.8
13.42
13.13
9.54
9.71
12.68
15.23
14.37
13.06
13.17
14.72
12.9
12.75
14.57
16.17
16.39
17.85
19.89
13.86
12.78
12.75
11.34
11.11
10.85
11.91
13.1
14.27
13.21
11.87
13.39
13.84
10.85
9.32
10.36
12.19
22.46
25.89
15.77
13.81
17.07
16.47
14.55
13.37
13.23
12.95
9.54
8.9
13.99
16.14
14.86
16.56
16.5
16.95
