56.48
58.9
67.29333333333334
65.52
66.97
78.35
87.92
95.77
103.45
101.07
101.44
113.56
113.97
111.44
111.22
101.8
107.44
113.29
111.12
112.4
107.37
106.09
99.2
98.09
98.89
96.22
95.04
93.57
88.72
78.18
76.82
75.7
72.73
73.84
70.74
63.33
64.68
68.14
70.26
62.0
62.81
54.23
45.73
50.56
43.47
46.69
46.02
44.37
43.94
40.27
41.8
38.6
35.78
36.19
32.13
31.9
31.22
28.28
29.68
34.96
34.19
37.78
38.36
37.37
39.94
36.95
34.26
33.51
28.69
32.25
34.01
35.18
36.5
32.02
30.09
25.19
23.24
21.13
21.96
21.6
26.43
32.08
32.0
39.44
35.58
35.01
37.14
32.89
33.07
27.83
23.73
24.17
22.54
27.25
28.42
25.96
27.09
25.95
26.45
25.03
23.32
23.23
21.73
20.28
24.36
22.52
23.92
24.35
24.65
26.26
32.53
38.78
45.64
44.74
36.2
26.61
17.8
16.76
17.07
19.74
16.55
17.03
16.06
14.59
13.94
14.69
18.1
22.92
25.79
26.54
31.05
32.8
34.93
36.97
36.12
31.4
29.65
32.87
35.28
38.68
38.63
33.32
26.18
25.33
26.28
24.41
23.51
19.29
18.37
17.41
14.3
20.2
19.99
23.2
30.05
29.2
31.51
31.74
27.37
25.27
23.32
17.64
16.24
10.86
7.88
8.52
12.0
15.81
19.71
22.69
19.38
20.53
16.63
13.7
14.41
13.07
12.88
12.54
14.32
12.75
14.02
17.05
16.44
19.88
19.7
19.45
21.12
17.59
18.3
16.67
12.05
12.57
10.98
10.41
10.51
11.21
10.95
9.63
11.08
9.95
12.68
13.36
16.64
18.84
18.14
22.13
21.94
21.8
22.18
22.27
20.35
20.63
20.41
21.16
23.05
23.1
25.58
29.13
31.55
34.23
36.11
31.4
28.66
28.19
21.92
21.15
17.37
16.66
18.56
17.93
21.42
21.48
20.43
19.14
15.31
12.32
13.64
19.42
24.39
26.49
25.07
20.99
16.92
15.19
13.76
14.02
15.68
15.0
16.39
13.96
12.07
13.87
12.98
13.03
15.29
12.68
13.95
13.96
13.82
14.81
13.66
14.62
16.2
19.8
23.9
25.73
24.32
22.87
19.73
19.29
19.36
17.24
17.28
14.38
15.83
17.86
18.55
19.43
17.74
15.21
15.39
15.54
15.88
19.47
19.47
22.77
21.68
21.06
22.83
20.78
23.77
21.68
22.31
23.04
21.76
22.77
17.75
15.98
14.4
13.2
16.51
17.99
18.1
18.72
22.98
21.52
24.59
25.29
22.89
25.44
20.51
18.71
14.49
11.87
12.55
11.81
11.15
11.24
10.27
9.07
8.04
8.53
10.95
12.14
13.81
18.37
17.57
18.04
20.91
15.12
16.08
16.65
14.33
16.47
15.37
14.51
14.66
13.44
13.76
15.11
15.85
15.03
13.88
11.76
10.97
13.03
15.11
15.82
15.03
14.69
13.77
14.06
14.31
14.01
14.64
15.31
15.79
13.72
11.49
10.67
9.91
13.32
14.25
16.04
15.94
14.4
17.73
17.62
21.71
23.41
25.91
25.92
24.34
24.03
22.07
23.51
25.91
25.86
23.15
19.79
21.6
24.57
27.22
32.92
35.2
37.09
38.68
34.57
34.33
30.66
25.76
26.08
17.47
15.19
15.32
17.6
18.78
18.63
18.09
12.84
10.06
6.96
5.41
7.23
10.56
13.93
16.15
18.86
19.46
20.55
22.23
21.26
22.01
21.91
22.64
25.83
25.47
24.49
23.8
18.22
20.02
22.0
24.03
24.12
23.07
21.62
19.22
20.89
22.35
24.78
24.68
24.45
25.81
22.95
21.14
23.21
17.57
18.37
17.37
13.27
13.69
10.39
13.72
12.69
11.29
10.02
6.35
6.58
7.17
10.24
10.43
11.82
12.82
10.14
11.28
10.22
10.92
11.12
10.31
9.28
6.22
8.72
6.77
6.59
6.4
4.25
5.17
5.74
6.06
6.68
8.33
8.76
13.51
16.84
18.45
22.5
20.29
20.52
20.91
20.41
21.52
22.98
24.56
23.02
21.59
20.56
22.55
25.72
25.81
24.28
23.06
30.6
31.21
31.84
28.84
23.75
25.57
25.04
25.56
19.57
18.38
17.39
15.94
19.26
18.53
19.12
20.31
20.5
21.11
20.98
24.24
25.27
27.62
27.38
22.16
18.51
15.33
16.57
22.34
26.21
30.01
31.87
33.86
31.84
28.06
24.36
19.08
17.69
19.07
22.09
21.61
20.06
21.0
18.78
18.75
18.01
14.08
12.17
13.18
11.35
13.41
16.04
15.16
19.02
21.57
18.97
17.0
15.79
13.19
15.29
16.5
14.9
14.79
14.65
16.25
19.25
19.98
17.56
17.42
15.65
15.01
17.86
20.6
21.5
24.12
24.3
22.02
21.46
19.96
19.92
17.49
18.92
17.7
16.91
15.84
15.99
16.62
20.65
22.56
20.03
17.74
13.96
12.87
14.24
14.25
11.97
13.42
12.36
11.94
11.95
12.28
11.16
13.62
14.11
15.95
17.21
18.58
19.03
16.38
18.69
