-0.6401005814077922
-0.1189824805510182
0.1602659850715371
0.7925531502912554
1.733634718009883
3.3306521488958425
4.780559093374152
5.803848934931116
7.475781805959205
8.568034034401956
9.94993397047043
11.32115964034976
12.254265043030328
13.091438278928583
13.497067238770295
14.354238681505349
14.914093499026883
15.637636054596822
16.149384021579202
15.952191559840392
15.87617574451353
15.0518275583267
14.568468885700208
14.870726530345234
15.48448031989019
15.726976912084089
15.565503638024133
15.997559820038829
15.71646125601345
14.42645438047299
14.333195308773288
12.657754145895725
11.22562437042467
11.76015859446788
11.138781473158472
11.553824900409143
11.652350138026204
10.699377089218526
10.570622427119185
8.48587737309346
8.45796113431821
8.124155240171552
7.071051834244924
7.27004002753606
7.020595537029953
6.884698682392407
6.767666627518214
7.033323162742128
6.417845914979824
6.556215874401257
6.729329384085649
6.340039868459471
5.665504605765478
5.151780957740105
4.999049397653739
4.79360246465243
4.234370087945925
3.964815638836964
3.914993323406068
4.615169716803556
4.684988790140345
5.222480736952357
5.304128747060453
5.077704247800067
5.419941496940294
5.081365347359788
4.63112438492876
5.370787720492817
4.942940037942317
4.862816617692248
4.523902045436163
3.510949672719039
3.4350270175448294
2.7891492706714183
3.18812536440836
3.0109743556046
2.830900572325045
3.278708226630832
3.413369177155358
3.682620051375653
4.692686016155027
5.204557818480557
5.522885588106435
5.02016701319624
4.491603896423654
4.177257406328342
4.541887238609887
4.926199433416202
5.057841660517727
4.241817228443243
3.023179572850148
2.856823992320002
1.8657766898787476
1.7957981518293036
2.1311185111749804
1.8486191442457724
2.280790866645808
2.7122551150120184
2.3527198047146403
2.002073637297457
1.823106720281424
2.932359805146969
3.394475631596472
4.274477403847209
5.220797429547409
3.686107265059378
3.4334744252072067
3.041143284899404
3.389497298443528
4.544918766678356
5.592525352860698
6.286017809073527
5.912391092998824
5.126627167485155
3.6049131598904776
1.3310019717633776
0.2480268479237988
-0.7111208738447504
-1.326299015078768
-0.4646915810999539
-1.027925904410787
-0.7050614779832622
-0.0541276661156571
0.2152529690665677
0.5727469226572847
0.7863418084561005
1.7423114256019148
2.5333113829777245
3.2489152976947717
4.035383691735606
5.262672294238834
5.552387431706233
6.338493278013126
6.958543166312287
6.080889569081318
5.375773875663554
5.291943482915042
5.620562198412447
5.766674557999048
6.770008345402312
5.9473159900965005
5.33111459546005
4.734249305000782
3.853170509893009
4.166716335014869
3.842713887012809
3.2349630981744566
3.1075456118358304
2.971271547052581
2.625251995774846
2.350685282237797
2.2923536471172707
2.4709619068837454
3.300544324541669
4.156888803703946
4.445292949582185
3.841981450806825
3.4184463986440385
2.59580775996708
2.0383842828135665
1.980790455449952
1.0525090084467117
0.9333282715030355
0.5210856508575153
0.5766739415086948
0.994966777513718
1.150504795863455
1.8831222345229977
2.307753134218217
2.6139324860956856
2.514751995058268
2.3308837830649902
1.6508854146983831
1.809943147345049
2.21121777308986
2.31427391866762
2.736597071223112
1.846863430124113
1.721493338756113
1.565002208239685
1.343299710813618
1.7503400280563284
1.3516616526435743
1.5981658282126243
1.8844087451402527
2.300383895877881
2.967293581119953
2.7515809127357813
2.6891948216608603
1.9347058326739937
1.0899219932556865
0.5361917242759997
-0.1218799169452901
-0.1985994018490333
0.0513309960773138
0.5416804805357012
0.601306936660466
0.7906046892030498
0.9120829940037428
0.5991930854853847
0.9003513347502675
0.8072532572631879
0.8148560857393976
0.9852105789469808
0.8224678878055122
1.039687935352813
0.9910290064424098
1.0237935453755602
1.0534555339553344
0.8534256383711692
0.8925813684929218
1.0919827980054406
1.6063742827969263
1.9007594059516617
1.905130068126213
1.729246981782612
1.6069275969335552
2.037426447502382
2.364982507584667
2.787426154161376
2.9456143591873185
2.691599709444172
2.429251595806285
2.151672267765786
2.189518597077344
2.444339526895533
2.663340087808433
3.311862888138113
3.938129531128618
3.7928413283755753
4.620788803316159
4.3044595692855445
3.620354040837512
3.191878217409439
2.3407712346240417
1.8890444484778697
1.84222555556384
2.508183105557593
2.575942906764105
3.0023619411564506
3.1176158687520807
2.805767382217651
2.656385175992193
2.513113385926395
2.5226715346295294
2.7653203554937464
2.9896022733610086
2.6759878326702786
2.5997365978395224
2.0703640341280733
1.5406697918309369
1.7891608560177428
1.5283258560482609
1.858753604940177
2.242170543815389
1.7910591148922144
2.136081443656664
1.8812335472314023
2.0703967949543154
2.3192872471568293
2.229422665069968
2.422254835610721
2.795970530268385
3.505302024445798
3.660579027526853
4.011907368464668
3.766832919027248
3.513866767887117
3.7343649308054
3.922976621065896
3.668809116557739
3.741310601323503
3.610707197767783
3.1010439877260296
3.2373770347310096
3.035958273616133
3.052682084792309
3.157587562136309
3.227239425627443
3.2993447861433816
3.0770839643448635
2.648496166283327
2.5906423687432234
2.884225483417018
3.1122174409289607
3.594454975161913
3.4867716088453187
3.178717154893223
2.9906208873144857
2.653603850666286
3.0207313818392048
2.877591438669737
3.1749965619702403
4.005752341547557
4.28991486824275
4.669980136923599
4.368859308398794
3.9513249973307993
3.108527605564326
2.9414835486443804
3.575828521111045
4.134986992749796
5.086415942249556
6.064150084017261
6.631393283367926
6.101338560883242
6.374340372646945
5.790102321147227
4.761271179648064
4.72713673441259
3.4960141606309425
3.282276097247605
3.034182106337634
2.5674994093010457
2.59709563246632
2.3614293119272114
2.003670718775741
2.264326270657397
2.355319026090008
1.5957581940101295
1.7576883953913012
2.118430182636882
2.698221661802034
2.860679658857282
2.952123229668905
3.2602062578938704
2.761385931903919
3.351213941877053
3.732213837738288
3.096374939070109
3.5464100227327084
3.713931507328431
3.645701362259306
3.900819232774389
3.832763077245044
3.609327216182544
3.3018937227366734
3.307279902277936
2.9167204610353816
3.190799072277245
3.845851797731799
3.5475525182100136
3.7140520847664673
3.366649588902348
3.552043500171726
3.628826570050735
3.50763948245135
3.611946567441377
3.0877021505015967
3.531388237637492
3.683629262845772
3.51582863672823
3.81409985004768
3.722831539359916
3.923421697567524
4.195880140626225
3.804430138431126
3.337831403640642
3.1132696141607874
2.771849849178596
2.9457524809199414
2.969956359868
2.6493806282888785
2.6550246887580538
1.9977489711793297
1.854690114149662
2.26696493542981
2.043964970797241
2.385779015262484
2.946549301201243
3.379822177798539
4.006861684385727
4.449457023699324
3.98436276122893
3.5535498329374557
3.917738019077186
4.21373137961776
4.631616423963043
4.70839581048028
3.798258095431762
3.5762822921762463
4.367552096841655
5.290913871534112
6.770671353505341
7.700890881488016
7.693580054723019
8.050129360933438
6.852216861618283
6.643350453482144
6.230917712835459
4.672172126340762
5.226403816896813
4.484314583641011
4.354953298578165
4.084057808492449
4.115192502330615
4.02695558409733
3.793769177748608
4.206735033079314
2.9605985331436973
2.3889874722366797
1.5924870622679532
0.9488193851410276
1.4767176556050174
2.4568156980101485
3.051052380027819
3.705734248717972
4.37649838340529
4.085528135880017
4.595076876941252
5.336781717165204
5.050384032041089
5.019576074095768
4.729676625481932
4.281291717598769
4.925763933098981
4.966253077538052
4.867457770879071
4.885105962571719
3.878549567298762
4.411889382260699
4.3862667237066
4.769775183591046
4.717000558320686
4.590743234691992
4.333269530066286
3.950002397111914
4.736514343387697
4.318029176921088
4.847705981555057
4.155343207383316
4.119949185416328
4.632848199185145
4.623371110167279
4.785678431123896
4.5038424895649465
3.791545073020367
3.584396846504367
3.298968411951655
2.826234390773668
3.1106045615419897
2.4979280259326875
2.886694043159669
2.836139813947833
1.886627317548551
1.5460382507777737
0.9389381757144744
0.5691728474341116
0.6620607617586455
0.8292594854110533
0.8597529150028129
0.980245655665742
0.9770458260968408
0.8786494889183014
0.882772682813224
0.5853036383309592
0.5659187539036915
0.3234104907766979
0.1078139778001171
0.2911945929397909
0.0681590959431211
0.2979168651055709
0.2999892162422376
0.0529453633321177
0.1507746996557341
0.0911162184216895
0.199674974501666
0.4197794324194137
0.5453635766731465
0.4987281580605561
1.1746381203328868
1.3645848583311848
1.9108587298706268
2.73730430826531
2.626168635415316
3.218858785922029
3.549954655816535
3.9531563634434512
4.668580474031392
4.894870867269989
4.888273943458721
4.676178902922036
4.819725164423698
4.186838260586515
3.98125839721812
4.06362503145004
3.8192456775720167
4.396938161116557
4.7642284577530205
4.862943331504729
4.5588874033382645
4.669980338260624
4.186948920220345
4.136332849627809
3.977457729947192
3.8556176933788247
3.7067448564874383
3.4500399440267766
3.212580239978351
3.2812249368818205
3.3799043423858244
3.248041472217297
3.117861939346267
2.8560457399495105
3.01458108053458
2.970117765632688
3.0467359234393707
3.3493532536275383
3.3509666685490846
3.27810455553021
3.50187439738488
3.6014318307890854
3.702471749328772
3.868815212758778
3.4914005443822544
2.642836840792813
2.367572441120164
2.262005320905748
2.2486311008148583
1.917822158229093
2.028868194383088
1.9573660154571044
2.143930854763085
3.017678244862929
2.8173835935311367
2.710555158393799
3.0476789999578164
2.836031013169545
2.7219398312787257
2.986009780668904
2.3648756573105003
2.256844089908144
2.1623629789410828
1.913151979734824
2.122114014465096
1.713668734030801
1.4555247855783606
1.2886656172502493
1.5379304472295885
1.4264955201876774
1.597490492497738
1.842859393689418
1.8798639494914613
2.308834588906463
2.618585129439379
2.563082722356143
2.290821385298268
2.099800006153529
1.9427638292795408
1.6573902188469534
1.4873593810630574
1.4310266765403412
1.2714868060307754
1.4141903517155328
1.5444733640157162
1.5435682891035234
2.0713273180951446
2.0113089274805147
2.294243757853028
2.2087985115136437
1.5440427969836918
1.5456543008631436
1.2702629431080743
1.1719751227029684
1.0402416961259815
1.0164875076573516
0.9824852466482584
0.9159342766209452
1.2342265035377402
1.4870157345852613
1.2302739207082964
1.375862619402099
1.139672999080052
1.1971183520154036
1.1910786167669452
1.5831789283053714
1.757261516156625
1.4002203681169902
1.495680693412163
1.3202182621015022
1.4633041848051138
1.7311033516591994
1.772356934696698
1.6747633128120705
1.4716481098764211
1.3208696730743676
1.4340177443099122
1.2068771396372662
1.420046302131418
1.11911751105151
1.3481468092329965
1.3535191521450645
1.6848571869226985
1.98683732924637
2.383306580033011
2.767754717712425
2.651711626312709
2.734398373034233
2.4475656526610674
2.408297357761973
