-0.8378272368043933
-0.2524202074781858
1.1264891759689668
1.5097756901031871
1.9191383448056183
3.223390503518451
3.296859200340553
5.162313472291703
6.576649229006426
6.7224257746164655
8.250424420472994
10.130266242831956
12.272635287947573
12.281673588178412
11.56971986198363
13.158354218402511
15.363529258014012
15.95329434856676
15.181940469430176
14.31198690475876
13.712131124351975
13.10467575024732
12.600122035294325
13.734306560439675
14.373105099551472
14.651038955621429
16.991924532037782
17.000491598169493
14.913314291213457
14.078393719732828
15.07196161911409
14.940238224308732
13.264885510766264
12.964555987228987
13.046360467782346
12.60580897862576
13.429822546159595
13.646317435923752
11.705608770506636
12.26153410170608
13.398991692422255
14.011802130250608
14.354434241041726
12.711301814727262
11.807913221277682
11.984833101239492
10.632297654859189
9.058702082226416
8.078147977752497
7.421044464195722
7.1974543157881445
7.754325714106872
7.965239516873629
6.433755644880205
6.029812663379371
7.791648462266794
8.05585019811488
6.890166941282957
7.178681654056977
7.192064914386996
6.940312797941915
6.8379126925447045
7.741557744160898
8.44564730980074
8.4756448580487
9.366685325691895
9.04174003581972
7.959535319291357
7.581565010627949
8.155893818470476
7.938861896356725
7.532393813886199
7.597628157795604
7.730186649685408
8.415021395264667
7.909245069651033
7.386280095011182
7.738027415137562
7.699303772048685
7.499649819391667
6.122001640199133
5.022957946118109
5.626636801329097
5.801786081995917
6.429489367639883
6.679414823166721
6.227975858281733
6.480508822346186
5.9265213272299855
4.343694481499277
4.231469389257942
4.937240371403061
5.238799507059516
5.326048864706048
4.830472978482832
4.812216622680933
4.6338133336508704
3.7702410190983953
3.686054670600058
4.145141178256282
3.54929332657051
3.114914099419173
3.81094911787164
3.7582108863648456
4.187173151462451
4.037390008737587
2.8252410755158173
3.467771460875223
4.270959865422866
4.218082182937461
3.691019199936577
3.695200249085441
4.029651790599367
3.825085759184974
4.085174730951734
4.134400341426964
3.27129083026092
2.6477048993106798
2.7139499130611267
3.3955098619500506
3.4954294108202197
2.4100884201436696
2.773163044981102
3.9024628553722343
3.199669248706353
3.0945951142387798
3.669258412957999
3.639473032799138
4.228100433701787
4.560614613608668
4.733994042981407
4.078205156643913
4.28431290092151
4.236437277628702
3.4296971248482104
3.343619581358239
3.1044332865326867
3.7944309990745113
3.7036452384120695
3.13522353195502
2.5261617607996425
2.0382670858651384
2.5064545630676425
3.1458052469909457
3.638003142402161
3.4220925726793
3.061318654792222
3.652831951202738
4.259026853298641
4.0753518249173775
3.4494000513048526
2.8236015194687165
3.0037730819498183
2.960178908759659
2.343480770628521
2.659125935540108
3.2309075498795705
3.2147568759919443
2.30615263868068
2.5752130620419824
3.359137825151222
2.654154749343224
2.8191636239496383
2.777967678917745
2.720434326056217
3.156083959247925
2.773073222449931
2.3219365450270835
2.472636574979748
2.089134659346774
1.9247712850193903
2.5914036791154014
2.558282355143384
2.4696216934697013
2.728803114104975
2.5599532594554613
1.7940583378130928
1.5221403988993945
2.4485918229016583
3.1595619547418186
2.772092510823573
2.7950922578250816
2.759181585752634
2.426737718108801
2.740031893675713
2.7908236520587413
2.394146196938229
1.961273198504888
1.9674532259697184
2.588001847680165
2.536234453809738
2.064149717744599
2.9059262946953868
3.509181919482959
2.952384810025443
2.1867696675536274
2.240626723488459
3.233998613549188
3.537160857556766
2.7334064789221872
2.2437406034666
2.625602236240889
2.705412921089976
2.363388282898833
2.1073057385373684
2.185162042978055
2.0520923182134285
2.055076495528959
2.428949377984095
2.1685147501307567
2.143628696045928
1.7749424686554318
2.245529389994901
2.7974726207019014
1.9061663276030143
1.9734634326230236
2.134956616159174
2.2588378892264984
2.4518953290501853
2.642703904026506
2.82596493613736
2.405440574410433
2.106580342812977
2.503859313003425
2.8043488109231807
1.7403191169211985
1.985650705065944
2.8667628666359146
3.3103235435752705
3.948707503695418
3.243050082941686
2.649416758224337
3.2151827069872723
3.3636680630553646
3.708366696124092
4.504473407671989
3.805136166195604
3.897645066655708
4.760020563530468
4.5412571492958
4.646658788914997
4.771033805757896
3.903760122521781
4.207768000505651
4.429771849739724
4.054157987566649
4.172423649598458
4.798810890807604
4.060385651600303
3.2772441621685315
4.096403883773308
3.4768466671702107
2.769304934586621
2.7747119340625206
2.462568590097243
1.817934397380127
2.752144995082119
3.3063623557447683
3.122915728224003
3.255049584276449
2.9060004339606764
3.2357796841215403
3.7398258163155775
3.551865827570389
3.366869148177659
3.8205440427534354
3.9685754139970735
3.69635210945895
2.7074635168444248
3.289007829508652
3.74449109080048
1.928357484895048
1.740585150625804
2.382928836818422
2.962094538537989
3.1558928708803933
2.294365928035712
1.7802359669806116
2.930449315518006
3.727340479148853
2.949823131959226
3.032895835848964
3.314948314017753
2.218965954024797
1.7727302109001375
1.9148229003667427
1.923272020553508
2.601239739856372
2.774516478175912
2.768425826124751
2.734011650916516
3.066110140854653
3.764927712283291
3.904842416119659
3.70733142932157
3.3757856438893
2.8020382098005654
2.1377116954474134
3.0809166911107013
3.9796258217474656
3.481861184099525
3.175621749916275
2.7157864850955606
3.320203605486449
4.203638228487758
3.071419429874607
2.5426671204508136
3.483728869515664
3.218388462652015
2.876834495981167
3.925868545597404
4.175069072030031
3.708481376134179
3.493975735424074
3.5014414910402616
3.101613975175552
3.212098841879231
3.319346016273014
2.703306439634215
3.2982273362394205
4.001243959541842
4.089341959881844
3.9596442208476055
3.394176248003993
3.3886313898557683
3.699003644542704
3.700725699700763
3.056662526836529
2.496884928039628
2.407355847893013
2.3326759177128373
2.7882341406058617
3.781430407988257
3.957887564842238
3.333025851880544
2.8914996354004483
3.5981699345927165
3.504692226527554
3.109721652300557
3.861124907750808
3.6042571942721535
3.3813774865973265
4.0361969275063805
4.147911876988921
3.691027171705268
3.638898483493395
3.5935336924007792
3.670098466880882
5.074069757803657
5.023380774312344
3.7010650062400976
4.086624108836474
4.8567317103810375
4.375159024211135
3.1991325977909835
3.1330960300323385
4.051369106343112
3.717705443271216
3.3986396138083306
4.881386761441789
4.083041370106233
3.40668944447072
4.201005613959564
3.760736020447876
2.716510012520607
2.9966392585161143
4.216277008028326
4.214912624266576
3.89415421668106
3.710368741508881
3.506755354135181
3.317235163802531
3.8453251349685234
4.088820427637248
2.9229209380155936
2.674398656203116
3.686921100534814
3.60421963051852
2.7023133407075086
1.9947657992395067
1.903148064964668
2.58251044891518
2.324432244250508
1.4266755242828264
1.8432964664331295
2.521406226801732
3.527159044716732
3.893497214739458
3.454685019870137
3.8994130595870105
3.4698755378408044
3.388471281039431
3.745795665566395
3.629642803751041
3.147654631860292
3.1352906436813277
3.259110890373176
3.065664120782019
3.6677412182417313
3.898334465776772
3.145762887081742
2.984765028620477
4.216294211920582
4.256076548829258
3.608230794843272
4.076489422585916
4.496576518193673
4.53779080289663
4.491163705545207
4.155786657577597
3.691476338759982
3.780305369824029
4.250816075936915
3.80735399784544
3.4155621775228995
3.778430555537623
3.200829040324329
2.6666685603753795
2.914199126704016
3.5135950354709165
4.460448734953861
3.992292556752156
3.755955353321267
4.351878625099204
4.16335493244321
4.08359232298113
4.05053450244321
4.436205784262926
4.7842955358573365
4.036388975479574
3.328421212601155
3.4669521939113355
3.9167805433487057
3.86322595235896
4.312545937762916
4.21591557779923
3.586386816266384
3.947420734907432
4.083466297341217
3.6740266757514974
3.2203053464055973
3.66306099323522
3.8882921231792738
3.1954870888382025
2.3855142726156946
3.0048287027237097
2.9383512549992976
3.1343084065397515
4.344482490423355
4.301273790727063
4.943823087509426
4.260346054863351
2.843649708537604
3.2375124684711034
3.4097750484259133
3.71893944854045
4.068671109716802
3.31348550127997
3.027046421824873
3.697116648013329
3.961804804784113
3.84958346037712
3.320696006694327
2.486362880406148
3.153668966549326
4.363402664465709
3.8689292417747434
3.1584681176887286
3.0573655751008477
3.2859251002666654
3.4041919887716925
2.849782107304568
3.1394593187757134
4.077826667089629
3.3969550684838667
2.7032730612497744
3.3843439984126293
3.249025046804623
2.8958435604683928
2.546529539910347
3.0916666960231725
3.2240264612012486
2.399219146245029
3.648937436592489
4.1039908101381295
3.761654558591636
3.650332676622292
2.667711443873393
2.186766515864674
2.600754707785626
3.239602845203481
3.510076083956416
3.428923949719179
3.5739821369081937
4.248105707857976
3.911069199098135
3.273081381001946
3.0965971228127
2.5249686500150794
2.652948880303049
2.816342040288231
2.2685290743652446
2.5717402483980414
2.5743432118332303
3.1274324777437768
3.0779591031552798
2.6292789535222925
3.3798529469953804
2.546367980130257
2.162427734088784
2.8319160016203995
3.057596382189223
2.964795203858584
2.579165396100908
3.003233904358729
2.949002867064323
2.8360001462143263
3.221646465701328
2.918748564502646
3.302062467394111
3.658472458152677
3.2872251584162857
2.865320020619447
2.548475315735566
2.4870168801114034
3.183987677720871
3.209917663937385
2.981014398191844
3.369729785508369
3.353241589728408
3.472794376751966
3.558376538715977
3.1552483867044496
2.958709515663595
3.0643909976628283
2.61032619333643
3.295805424346635
3.286669316341675
2.4109127977160023
2.6076924156542667
2.7316292689976773
2.814343184295993
3.0273637835126177
3.0898153712176764
2.8393576400466305
3.3272882269983235
3.081096037859901
3.393518056762907
3.5819160709902302
3.4249285945953267
3.894441189002871
3.207956388614456
2.674809257427942
2.282688854183615
1.9671568058461115
2.319210066510096
3.2897900542733383
3.772858680072899
3.648336681525044
2.64204191845047
1.7113790811844825
2.403909841339265
2.698697469490769
2.503477102900252
2.2010447852948216
2.521113890460604
2.89754225963108
2.958466399042736
3.119510253950076
2.5534343665127155
2.2497455941316056
2.338520503808841
2.600182171280543
2.7951633072876865
2.483619203146918
2.4162705927667165
2.791164698385529
3.02624810493504
2.837337295144632
3.18880967871018
2.885321942579829
1.9324426650062376
2.203882967086665
2.5511592958996103
2.899566909002078
2.7702761899057107
2.993018251129194
3.3144188809001696
3.002867371039842
2.673377757592151
2.9356125648229034
3.228220723291363
3.4793013152593493
2.769816434977723
1.916939331167578
3.194939432469098
3.404495881216474
2.889493770613655
2.5735294092395224
1.9801233586718157
