-0.8801503583822605
-0.892792638960667
1.1220961089736663
3.159598182211952
3.863828730794598
5.969350151482471
8.956801151505168
11.360543376287271
13.11817147771938
15.242825173244652
17.583976119595146
19.247696131483632
20.03118537504982
18.808305181502558
17.003725151302184
17.786420338901582
17.94484796936284
17.05708006292999
17.46136844496389
16.424484521303228
15.701019624341338
15.881034882103403
15.774696749615728
16.886670337702768
15.767265423994552
16.024045042878658
17.34962905308673
16.23675395160285
16.351778757726684
16.222036845895964
15.342107537715345
16.03819058542781
16.2405862374769
15.312153590467569
14.79321252413144
15.637550967958994
16.260352652030402
15.659246972106809
15.822409143453813
16.800160078195294
17.06070080449553
15.894721214269394
14.970275933259682
15.72486410001124
16.818188720961388
15.564466112161892
16.123579712587908
17.932416790828288
17.10125458054873
16.605976769079412
15.86672433247561
14.888048893632888
14.733468597069791
14.370637931994176
13.336276718528774
11.867214756108163
10.600236867721684
9.06906599636937
9.313267503767046
9.021818440809412
7.711047822696218
8.21203299451655
6.718691403194126
5.0613723793023215
6.464716671595823
7.226931732510125
5.2930669932388
4.565234044055309
6.6512621929832445
9.32768474307877
9.465732717846782
7.183402729673596
8.032192398076345
8.264014517548798
7.868861232103117
7.884691857430105
6.146500373730312
6.977945515689141
7.657472370198215
7.69987199963148
7.083246896978985
6.046933193305796
6.6422012324265305
7.701843486817693
7.991160099533872
8.906362980562392
9.724551590979486
9.384925495232451
9.809106481818658
9.5713584463903
8.762895340802475
8.830345610088482
8.351750479404519
7.3588994851822065
6.265540810714694
5.777229554632591
5.918089396594439
5.56604197140148
4.977458713210697
6.316552491602006
7.052851735907725
5.580485040135944
6.676589383188961
6.793148416336083
4.035561437126119
2.914601666901734
3.0696755475223974
3.407579555279763
3.352320014665993
3.2186056577195625
3.910220586052966
3.064021531188944
2.33659821673413
2.6489786602811787
2.6109125784162925
3.2802008454596447
4.341664348295181
4.190145329891967
4.264112842563292
4.674049380617215
4.617572603774455
4.5918934607721456
4.505018795646139
5.435898222791452
5.683789363520293
5.0993276013801
4.755864881794487
4.998015883464603
6.653980764187115
6.498364067109545
4.6830311448188295
4.923200894690479
5.267054674531714
5.476484585396511
6.15031566019632
5.101065683907668
4.682938243652409
5.191684614335887
5.320502174277204
4.115328701868103
3.523832642105946
4.221092789376596
4.161864631263986
4.45608130071423
4.558907244085493
4.170886456694986
3.68752640857186
3.49925089405448
3.628958096364885
4.6450587839905575
5.514497669869745
4.170467587810055
3.769183077720125
4.259348009417899
4.485802908686583
4.595601804044957
4.503132532184211
4.37608541353771
4.088941923562072
4.286389960654324
3.626952474717746
2.956060974139496
3.278468112779192
3.7182636120696784
3.6448563559131264
3.636983197226823
3.5617995007977568
3.31035041238836
4.2812328250738805
5.636080350403031
4.773326747419116
4.199186608308296
4.255585187049139
3.929967826926336
4.508316803445959
4.112590372820423
4.268085590366582
4.974498023701665
5.080519145710854
4.665912123465926
3.6550978588631633
4.199712211192082
5.132012696145028
4.394400271631939
3.882001679002857
4.644602793164579
4.864201727597527
5.86260512979778
5.857945772106461
4.79837651395741
5.94852938971767
6.509097687709807
6.440840177141586
5.065323450712568
4.743361538873634
6.14663857837856
5.403110246803315
5.113222501393118
4.947113241703807
4.370304029238899
4.742396334801349
4.746341204880934
4.526792642832614
4.99604211444342
4.5198157045020215
4.446124561900895
4.400200207461683
3.254595208295566
2.6192743921927217
3.0863247050326192
3.676048859377521
3.7647762585671374
4.216166391913916
4.155335266512049
4.476882251640533
4.852084463860786
4.878806044455663
6.252038743382503
6.737077233115873
5.793702483621948
5.697206311360764
5.971134852067944
6.439720384692203
6.715463391835801
6.075429509009094
6.023388364244268
7.058314243980074
6.932358481984453
6.311522254267235
7.219285594235768
7.406845209557727
6.5759861299493085
6.124528167585667
6.055868781723371
6.938194071720806
7.323787272055765
7.255104635079077
7.556828464298739
7.157017225451281
7.59057433422041
8.013781547700974
7.485103986233903
6.596553820447585
5.63045458991812
5.816548351264329
7.085380438432887
7.535700002513242
6.756270681396786
7.256200590253728
8.072462037694223
7.429021904816992
6.696044779848132
6.704585462487439
5.796916359859365
4.903865732176589
5.057461693189544
5.845715187386348
6.3501976363530765
6.230989758268943
5.590482053907555
5.280433247950764
5.727318968468521
5.437683691057652
5.134324734799631
5.94234776487495
6.113680115666728
5.408387276558578
5.968773841784578
6.928033153197496
7.220412424042153
8.684349452874192
8.833844230999416
7.887950897959777
8.008451778551867
7.520280186153898
6.2376088948581785
5.963023730035596
6.455798701573759
5.99333521227598
6.277396661356334
6.869253634095696
6.885124843607953
6.503141729087371
6.488212673336917
6.057003143948513
6.262054860334811
6.632740470112127
6.441378823470696
6.10043643751773
5.31738881746199
5.622789588279491
5.9710103280240086
6.621951204217811
6.126303641050677
5.034594817313445
5.94673036585104
6.305084966369196
5.502426891533299
5.80381073718915
6.409087580198928
6.272563865812328
5.87249688518554
6.326764148269042
7.291637775205159
6.905517328515061
5.959113169489035
6.1263890367371205
6.551693224145445
6.482724329124465
6.141149372728064
5.776392606995475
5.954070544619139
6.420309084147236
6.236763577506174
5.964460902253774
5.537268763657172
6.101872385968541
6.845476536089385
6.314799960089126
6.115912240245419
6.532252411256804
6.467158628693776
6.059532386549891
6.06725630481887
6.182966976780465
6.655781504923863
6.771489317389733
6.611969649769215
6.777945557579374
6.09761031185062
6.49207980008917
7.548945288223894
7.173734767974408
7.067414512675684
6.3817156825281565
5.7893904832094645
6.282192578433453
6.193045076378574
5.835584947182979
5.515821253868535
6.089788766973991
6.416307622886938
6.1653394485062485
7.047610264309985
7.384582058872065
6.506698073889959
6.917131702235131
6.952970494917991
6.118733687238018
6.391300887448116
7.086387363588221
7.529378384459058
7.482110569098108
6.841195073563231
4.984325798696218
5.0730433786619615
5.9332136905038615
5.565910817130841
5.781024348215949
6.155488422008741
5.519069683987978
5.116635495601957
5.6155401075145
6.5490395252866325
6.416980911899768
5.566791609485649
6.025763564062725
6.3818884309954615
5.718604985317822
5.35672681718084
5.7066678266820725
6.891998248095466
7.062187371392229
6.517751264754878
6.6562463567516055
6.68039999321137
6.8099191981947165
6.3733349523758696
5.924506578143608
7.026696668090035
7.918945172993354
6.440646788042256
5.5520839765795005
5.943648737067849
7.017141813678916
6.904164760034733
5.989395540216427
6.392038126880468
6.484549806054457
5.861358630800969
5.987015058420687
5.905228019566384
5.934757249662081
6.482676584059655
6.865593203145799
7.038109247464692
6.723954843597157
6.146059044533729
6.428334314681703
6.76815584723525
5.180433722687452
6.415891816371168
8.051538897787706
7.465655272335123
7.524947775219593
6.602111191957513
6.671416720532578
7.687171250082503
7.2698524454330755
6.374490219557126
7.211256624370947
7.776520342146571
6.90510566577979
6.751786228725066
7.339890691583876
7.487788541454124
7.034207378031073
6.820176077589204
7.1965400341507655
7.4546459437638415
7.10932352968656
6.556900775817614
6.049620124890634
6.495288225412233
7.1343931444909074
6.404813645799737
6.549613562985844
7.241220091550691
6.603883051132248
7.004358552489928
7.753037084448142
8.04997628785102
7.149863564510784
6.322706106150683
6.891938022617188
6.515004055495996
5.732411343002082
6.726906304413623
7.81522699097884
7.278165462899303
6.778305445002372
7.704139971797413
7.714920177025959
6.430151908181159
5.617464668670312
6.62011185389647
6.902416652198266
6.064019588764195
6.2473366667641015
6.932412150712353
7.160317873119974
7.080026900769315
7.235047920607306
7.26298799114468
6.855130904835244
6.827421402704641
7.499772336121567
6.673437442504882
6.628939025550787
7.754420507369016
7.740623908041064
7.414799236508509
8.312549197408082
8.71695336989862
7.220225591266485
6.427175739307221
7.117960044858051
7.27938278429443
7.128397309267908
8.108283125704713
7.792934986871495
7.918176501736472
9.22762505894712
8.71285579056522
7.668421904927698
7.52073533894428
7.619899084328028
6.974856753558286
6.8008690692586375
7.075959461115611
7.055618363792997
6.765447251678835
7.376266586318584
7.675179136763152
7.194278185933274
7.967218256863233
7.472280477558677
6.78226824628646
7.834800417857245
7.656119532058709
7.270039421864119
7.711399869226177
8.400702634760524
8.426712544665735
7.155258493463717
7.730341916990351
8.646071212984609
8.345407924869987
7.608933761760889
7.05267107250997
7.858159605640647
7.870645914797589
7.652670462837358
8.370337342005685
8.753421413040288
8.901510040096543
8.361548838022745
8.683023371279143
9.362138257083224
9.277093409936253
9.04773006004919
8.516060346169713
8.309513435644401
8.119123507815242
8.472347958919837
8.997215463911257
7.917474921943612
7.593927611088602
9.561658410403991
9.222051860007916
8.276301877785452
8.536674090515774
8.829307274635855
8.361099136702812
8.491482858301495
8.797705302638681
8.298747859578995
8.364362037886178
8.81642492423952
8.40338598101899
7.725144773880202
8.53155504123711
9.042515687500336
8.458746796409548
8.06578821405633
8.00840992604946
7.42304456970947
7.964112647610748
8.736281341633314
8.75368516193232
8.952955570057403
8.799862303894784
8.758080895316006
8.966778235141074
9.465624832826055
10.514727629955171
9.67270081122307
8.35977846809066
8.624487570209608
8.119035413060438
7.77044945185774
8.852306114777145
8.783454102061297
8.693886008757524
8.187490508940229
7.295370633746354
8.291050140238259
8.524202121698792
7.29535988034672
8.13696659094083
9.345286164204788
9.375458145886832
8.608822333043117
7.423289377816884
8.177473605081778
8.522581525718781
8.25310441394848
8.41459785482395
8.442248589613024
8.316492853068794
8.39527300925945
7.9709324982053715
7.945806550640145
8.965960532679398
8.886961845046551
8.995688129749524
8.731649299458333
8.098323237044177
7.876672792606908
7.883067944910608
7.94072606806267
7.7667624491327505
7.782977070982401
8.327457166765232
8.826983862141246
7.98080171708636
7.585294579262303
8.720058574038232
8.98112077714549
8.071393081655067
7.67903594862779
8.033864164656157
8.901320007087016
8.94473775262853
7.143517933865525
6.6294670671700136
7.8187064402637665
7.521842356813196
6.612604732513953
7.7571651585834385
