45.93
41.03
44.71
46.37
46.62
46.56
48.27
53.74
43.23
44.89
40.76
51.04
37.62
45.16
35.7
42.36
46.77
43.06
41.25
42.39
36.89
39.31
34.95
39.83
30.12
35.02
34.86
31.55
32.18
39.07
29.47
23.74
27.1
21.51
28.04
27.0
26.03
23.84
23.59
17.16
15.14
19.85
19.82
18.23
20.82
13.83
16.41
18.13
14.76
14.72
12.39
10.07
10.43
9.86
8.0
12.74
16.26
11.71
10.5
9.17
10.16
8.57
11.9
6.56
10.98
7.1
5.67
9.68
7.33
4.91
5.85
8.66
8.27
5.84
4.57
5.78
5.8
9.37
3.99
5.93
2.56
5.01
4.67
3.28
5.68
3.42
7.55
3.97
3.87
4.48
4.9
3.14
4.04
5.39
4.6
2.06
3.99
4.73
1.04
3.92
2.8
4.71
4.22
1.82
1.6
4.49
4.55
3.33
4.58
5.23
2.21
4.67
1.9
4.52
4.6
3.84
4.9
2.75
4.58
5.58
5.1
5.19
6.69
5.82
5.66
3.42
5.79
4.98
4.53
6.41
4.93
5.49
6.21
7.3
6.99
6.85
7.41
8.62
7.31
8.72
11.0
8.67
9.16
9.87
7.13
6.77
6.39
8.21
9.51
12.53
11.72
8.29
10.22
12.6
9.18
10.5
9.43
13.62
10.68
13.33
10.12
13.52
11.31
11.53
10.54
16.52
13.18
12.13
16.13
14.79
15.74
17.77
16.96
15.69
17.2
16.98
15.65
14.28
15.89
16.04
16.89
16.75
16.56
17.4
16.66
17.83
16.72
19.45
19.22
21.59
20.68
18.85
19.95
18.92
20.45
17.58
17.02
17.35
17.32
16.51
15.51
16.47
15.65
14.71
18.24
14.01
19.45
14.31
16.57
15.26
17.52
11.63
16.3
15.16
12.63
15.46
17.1
15.16
16.75
17.49
14.83
15.57
11.38
16.97
14.89
13.95
15.18
14.54
14.61
15.53
13.5
15.41
15.89
17.0
15.62
15.61
16.85
13.75
17.03
10.38
14.45
13.79
14.86
14.88
15.65
13.08
14.26
13.89
14.24
15.5
16.38
16.37
12.92
12.32
13.45
12.19
12.78
17.38
16.05
13.3
15.72
15.66
15.03
16.97
15.67
15.58
15.98
16.88
17.17
16.24
15.37
17.72
17.08
16.39
17.82
14.59
17.18
16.24
16.99
16.15
18.76
15.95
13.6
14.62
13.26
14.52
15.48
15.61
17.16
15.31
15.5
16.57
15.5
17.84
17.29
16.96
15.87
14.86
14.28
16.52
13.45
14.09
12.99
12.21
14.08
16.69
12.05
13.65
14.08
15.64
15.56
14.36
15.33
14.7
12.86
13.31
15.59
12.34
13.72
11.19
12.52
13.8
12.61
15.67
15.88
16.01
13.78
16.4
12.09
14.86
12.46
14.32
13.81
12.9
13.4
15.06
15.82
14.16
16.63
13.01
11.85
13.29
13.18
12.71
13.82
15.41
13.88
12.25
12.03
10.68
14.76
14.47
14.58
13.74
16.11
16.65
14.95
13.23
12.49
14.75
13.85
15.51
15.82
13.65
14.11
14.26
12.16
14.42
16.86
12.24
13.97
15.35
13.32
14.43
13.69
16.39
14.79
14.17
16.44
15.36
16.05
16.06
15.25
13.05
16.69
16.3
15.45
15.47
13.24
12.84
14.46
15.13
15.4
14.59
15.9
15.45
14.56
14.97
15.48
16.55
14.75
14.52
12.7
14.31
16.72
15.35
15.6
17.44
15.32
16.77
15.88
19.17
16.2
15.0
16.09
19.41
18.66
15.93
20.14
15.94
17.05
17.86
18.15
15.07
17.27
16.32
16.09
15.28
14.46
13.19
15.6
13.98
14.59
16.23
12.92
12.42
11.72
11.69
12.46
12.32
12.52
14.4
14.63
12.25
12.88
13.6
12.99
13.33
15.95
15.44
15.64
13.87
13.29
17.01
14.15
14.7
14.07
13.29
14.28
14.67
14.37
13.75
14.94
15.02
13.57
13.8
12.1
13.21
12.29
12.75
13.77
13.55
14.7
11.68
15.58
16.79
17.55
15.4
15.77
13.98
14.69
14.29
14.8
16.9
17.45
14.2
15.29
16.93
13.83
14.93
15.31
18.12
17.57
15.69
16.19
15.5
16.65
18.43
15.59
17.59
15.02
14.66
14.86
16.63
14.74
17.47
13.15
15.08
14.58
14.18
13.24
13.95
15.39
13.26
15.99
17.8
16.54
14.47
16.46
15.89
18.31
15.73
16.68
17.14
15.57
14.56
16.39
18.6
16.04
15.0
13.75
15.51
15.96
17.46
14.37
13.31
19.44
14.13
14.32
16.22
15.36
17.58
19.74
16.61
15.72
16.58
17.62
15.32
14.94
14.9
14.88
13.9
12.97
11.07
16.26
14.82
14.87
14.94
14.75
13.41
12.41
12.82
12.38
12.31
12.1
13.4
11.44
12.6
11.35
12.95
13.01
12.74
11.97
13.68
13.79
13.28
12.68
13.53
12.16
11.86
11.17
15.23
13.6
13.09
13.36
14.05
12.38
15.31
12.33
13.4
12.99
12.94
16.06
14.83
14.64
14.15
16.37
14.87
14.42
13.98
