75.98
65.37
77.4
84.53
90.12
73.1
81.11
93.8
88.22
75.53
93.23
91.12
71.56
74.55
46.48
73.21
83.83
73.66
84.91
59.62
47.58
54.78
61.77
78.88
53.94
55.47
60.84
49.29
51.2
47.89
48.81
34.21
54.12
35.31
37.94
53.26
39.33
32.14
39.03
30.71
27.66
27.11
16.61
14.8
37.57
30.45
7.05
28.5
16.04
31.87
10.8
22.26
16.23
15.99
12.13
18.07
25.29
10.89
14.44
4.67
19.7
13.78
18.08
14.5
13.12
4.14
2.52
3.91
13.97
3.19
1.45
8.26
5.49
4.27
0.37
1.01
5.98
8.19
7.11
1.36
0.96
6.32
2.03
2.59
9.29
2.44
10.07
1.43
2.52
0.12
2.13
0.35
2.29
1.16
2.52
0.3
2.28
6.41
0.9
5.93
5.27
4.24
2.35
3.97
0.11
5.0
1.39
1.76
1.06
2.99
0.51
1.29
0.19
1.54
0.0
0.07
3.36
0.76
2.29
2.13
0.3
5.27
2.5
2.53
8.25
1.64
10.57
4.39
7.2
5.74
5.06
8.34
4.62
7.0
7.78
5.25
9.97
7.55
7.5
6.19
7.4
4.01
7.48
11.54
6.32
4.36
8.4
10.14
9.66
10.72
6.89
5.47
3.69
6.03
3.27
11.98
7.97
8.13
8.16
5.31
1.07
7.43
5.94
7.24
1.78
17.96
10.28
4.01
10.17
1.73
1.12
4.68
4.96
4.85
0.82
5.91
3.13
5.82
0.88
6.84
7.22
3.44
5.44
4.51
4.94
5.54
6.0
4.97
6.08
10.24
10.92
7.02
6.05
9.42
3.22
3.78
5.87
5.13
4.17
4.67
6.34
8.72
4.51
6.42
4.56
8.39
5.15
7.69
9.85
3.12
10.73
8.08
8.16
11.65
8.23
5.57
11.47
13.08
12.22
6.55
3.91
8.0
7.3
11.59
8.63
6.01
8.47
11.88
9.7
8.13
8.96
9.69
11.11
15.79
13.19
11.5
7.16
12.21
14.17
7.46
10.57
10.67
10.57
10.21
13.78
6.56
8.18
8.28
10.27
18.56
18.67
26.86
11.39
12.66
10.53
5.97
12.44
10.96
14.31
8.24
15.59
11.56
6.2
10.95
10.5
9.05
10.42
14.56
13.79
16.38
13.26
12.72
13.85
13.47
12.61
12.3
15.79
8.43
15.02
9.59
22.51
11.23
10.85
12.83
9.11
15.23
15.5
13.81
16.48
12.15
7.99
5.18
10.24
17.43
13.15
12.32
11.89
11.1
13.22
14.45
12.25
13.71
11.57
9.75
14.04
14.57
6.72
8.5
15.48
9.04
11.52
10.7
14.0
13.56
14.57
13.87
17.93
12.71
19.16
9.92
12.05
11.56
12.49
15.82
11.6
13.08
9.44
15.58
12.06
16.31
10.39
16.44
20.08
9.32
8.84
17.06
16.1
17.7
16.79
11.78
8.43
11.37
11.29
13.63
10.64
20.83
15.01
14.22
13.25
12.8
16.67
14.13
16.34
14.7
16.14
16.14
17.38
15.68
15.63
19.34
15.97
18.75
20.54
16.83
11.72
14.72
12.1
17.85
16.76
11.41
13.15
13.24
13.71
18.91
16.14
18.26
14.16
15.02
22.08
14.84
15.29
17.44
13.74
9.19
13.02
17.52
13.98
11.1
13.14
13.63
11.58
13.63
11.1
20.02
13.78
15.51
10.85
15.63
14.09
17.45
15.88
12.54
10.33
10.4
19.07
13.32
10.68
7.93
14.99
13.87
14.74
14.36
17.18
11.58
13.07
19.92
16.36
9.63
14.82
13.79
13.18
17.64
18.95
13.46
13.03
13.5
13.64
13.92
18.24
17.36
17.77
18.71
24.67
25.23
16.08
15.65
16.74
13.95
13.05
15.28
14.77
17.0
18.97
12.96
9.87
13.5
17.12
11.36
21.79
16.67
22.95
15.94
14.64
17.61
16.05
13.73
9.21
15.14
17.94
12.67
15.8
19.48
11.57
11.28
11.25
10.57
15.52
13.79
15.24
16.94
17.7
15.5
15.03
13.8
16.27
18.96
22.36
16.19
15.29
13.65
14.09
12.58
16.06
16.14
25.34
13.15
16.35
25.08
14.06
18.37
17.86
20.15
14.86
13.07
19.49
16.72
17.66
22.51
16.89
28.55
17.49
16.41
18.13
21.05
15.16
24.39
16.08
15.74
14.26
18.07
17.36
17.97
15.42
15.46
19.87
25.97
22.74
16.68
14.57
15.37
20.94
16.0
17.87
17.48
15.73
13.89
17.14
24.89
15.34
12.44
15.17
16.51
16.01
17.45
13.31
12.07
34.46
18.56
16.62
22.71
19.79
21.21
24.94
19.92
13.8
18.42
16.71
16.0
18.98
12.49
17.24
20.77
17.86
13.29
17.56
18.24
13.3
19.8
9.91
19.89
15.14
9.95
14.41
10.82
15.89
16.64
10.13
14.09
14.26
15.41
15.84
16.16
15.05
14.44
19.35
16.61
16.12
19.67
14.37
16.35
12.01
21.4
12.57
11.05
12.84
18.48
15.66
14.94
15.33
15.92
12.65
15.69
16.03
13.57
12.49
16.6
14.67
9.28
14.92
7.44
