20.11
28.95
34.4
42.26
24.9
20.62
12.86
21.94
21.4
10.08
19.01
31.44
16.11
18.34
16.28
18.17
24.74
12.46
21.49
18.49
19.98
29.2
26.93
13.64
23.94
20.06
24.9
15.48
25.16
20.56
21.13
14.05
13.27
15.9
7.46
13.92
14.57
19.4
10.91
7.62
11.78
14.42
11.68
10.46
11.22
6.31
8.19
9.17
10.36
10.88
14.05
2.84
4.18
5.0
8.45
7.0
7.37
10.6
16.21
8.12
7.22
3.96
6.63
4.72
7.64
5.59
5.23
8.71
6.21
5.0
4.05
5.44
0.88
6.02
3.23
5.69
3.76
3.34
5.14
4.36
5.06
5.06
3.81
4.18
5.7
3.04
11.34
7.9
5.78
8.51
9.13
0.25
2.86
3.57
9.67
4.35
2.49
4.85
1.67
4.93
3.72
1.93
4.69
2.82
5.1
2.38
0.06
1.82
8.0
3.96
0.61
6.37
2.52
2.87
5.46
5.02
6.51
4.56
8.49
4.73
8.03
5.41
10.0
5.39
2.89
3.64
4.93
3.99
6.04
12.72
2.95
8.45
3.29
9.63
9.43
9.44
10.42
11.65
14.6
10.76
17.63
15.35
11.53
14.48
14.0
13.44
11.96
19.08
14.26
17.81
14.95
19.57
18.69
22.49
19.06
15.1
18.03
20.3
20.84
21.27
21.52
23.71
24.0
17.1
17.72
19.88
23.18
21.32
27.65
32.96
30.77
38.27
38.34
27.33
33.03
37.23
34.14
30.46
35.09
36.59
36.55
34.45
38.25
39.0
36.2
38.15
30.97
31.94
36.62
35.02
35.22
42.32
32.78
34.58
36.93
31.55
35.93
26.25
18.32
24.63
17.63
21.87
24.98
14.93
20.94
17.54
20.14
20.2
18.87
17.57
19.6
12.26
14.75
11.39
10.92
11.94
12.46
11.55
15.01
18.86
12.85
19.71
10.7
14.0
12.26
14.97
16.46
15.47
14.61
14.2
14.02
14.18
12.19
11.59
6.94
8.08
10.84
8.76
9.79
5.6
9.29
8.86
8.56
14.05
8.38
6.56
8.79
5.92
8.56
8.17
8.47
6.18
9.52
9.65
10.52
11.06
11.1
12.98
10.13
9.86
14.04
16.87
17.25
13.99
13.65
14.1
11.52
16.91
11.6
16.52
14.77
15.86
18.37
14.61
13.56
13.22
16.27
12.52
15.48
23.84
10.62
16.15
14.01
13.79
13.26
13.02
12.79
18.02
16.5
16.85
21.44
21.26
25.31
18.85
19.74
17.07
19.37
13.7
19.14
20.46
14.25
13.99
12.97
9.34
12.18
16.25
13.21
17.39
15.92
12.58
11.23
12.6
11.79
14.4
13.72
15.59
18.53
10.83
13.21
10.25
9.85
11.66
14.34
14.09
18.22
14.89
15.87
17.04
16.62
18.16
16.31
16.41
14.72
15.14
13.81
19.82
12.7
12.58
11.87
10.45
15.52
13.07
11.3
10.66
15.29
11.23
14.76
9.87
9.24
9.01
10.87
13.1
10.53
7.98
8.18
14.89
10.39
10.41
10.19
13.33
11.13
9.67
10.93
11.06
11.88
14.88
13.05
13.18
16.54
11.11
7.14
12.26
10.97
15.15
12.76
14.49
14.59
17.68
16.82
16.94
13.34
18.89
12.06
13.3
15.83
10.08
13.47
11.85
12.11
15.22
17.22
16.14
19.81
14.46
17.38
15.71
24.49
16.07
18.3
20.63
14.25
14.27
14.72
18.39
19.06
18.68
15.96
17.19
14.75
20.32
14.9
18.46
21.41
20.55
17.57
18.45
19.73
18.1
22.14
17.2
17.4
19.6
18.96
17.82
18.53
15.09
17.1
20.01
16.95
14.77
16.01
12.57
14.58
13.08
9.37
8.96
7.24
10.56
9.76
6.04
7.71
9.95
12.24
5.76
9.49
13.1
10.64
13.31
12.7
12.96
9.48
12.83
8.66
11.73
11.56
14.37
13.38
8.83
12.98
14.45
12.46
8.17
14.48
10.85
14.56
12.8
9.29
11.14
11.92
13.22
12.94
13.32
18.02
13.38
18.27
14.99
16.58
17.35
19.27
19.07
21.17
23.15
19.59
18.72
23.17
19.6
15.69
16.73
16.68
15.66
15.21
18.09
17.53
16.13
21.54
19.21
18.47
19.81
15.91
20.64
16.79
13.3
14.52
18.35
15.55
16.18
17.75
16.54
18.62
14.32
17.04
14.26
16.46
14.39
16.3
14.73
16.27
13.34
14.07
14.08
21.7
17.7
17.16
17.14
13.38
12.78
14.99
14.99
15.47
13.54
12.44
17.3
19.49
13.51
10.72
14.28
14.38
13.36
10.33
14.97
16.77
14.98
14.68
16.15
13.1
16.4
14.44
16.62
13.2
12.77
11.56
9.46
10.64
11.67
11.36
12.99
12.81
13.31
13.43
9.03
11.28
11.1
11.58
11.69
12.01
13.23
8.88
11.51
11.27
11.27
14.26
10.42
11.89
15.03
13.55
16.23
13.15
13.56
13.76
12.38
9.81
12.93
12.9
13.58
14.75
14.97
11.55
14.66
11.18
15.43
12.69
14.69
13.98
13.94
17.45
17.49
17.98
17.88
16.61
18.3
