26.35
23.5
32.65
27.9
26.39
32.17
36.66
16.81
21.47
35.5
24.05
27.95
21.22
29.61
16.96
23.32
20.19
26.41
23.66
34.28
24.89
29.22
18.63
26.17
14.21
25.67
15.36
20.2
20.25
26.37
19.35
20.33
15.32
16.34
15.51
16.35
20.65
11.53
20.54
17.74
14.24
10.45
10.15
16.25
27.46
7.95
20.37
9.67
11.06
6.54
14.23
9.31
11.39
2.57
6.46
6.45
13.16
8.76
6.13
13.97
2.8
8.16
13.9
3.74
9.87
4.51
4.91
5.98
3.2
4.88
9.22
14.33
14.03
7.7
0.53
5.19
0.89
2.48
1.17
4.3
0.22
4.38
2.56
0.09
1.84
3.4
3.5
1.41
8.02
5.36
1.95
10.8
5.76
17.62
1.29
0.49
1.55
4.04
4.77
0.03
3.82
6.0
2.88
1.54
2.42
9.32
6.86
3.97
5.57
3.14
3.99
11.77
3.24
6.21
2.07
7.08
1.97
2.76
5.29
5.06
0.83
6.38
8.19
9.61
7.27
7.07
3.53
5.64
6.13
8.62
11.29
2.44
10.28
15.07
13.46
11.14
10.52
12.1
10.15
11.83
16.94
16.74
12.18
11.16
15.16
14.61
7.73
8.74
11.1
11.91
22.67
16.97
17.89
24.0
15.35
10.08
13.6
20.12
11.93
21.01
17.35
20.18
16.8
24.71
19.28
24.51
20.23
23.94
23.31
26.73
22.99
24.13
15.89
22.58
19.32
22.25
20.93
21.43
24.23
20.11
21.94
25.41
20.46
22.74
23.27
21.77
29.12
30.51
30.66
33.91
32.11
25.21
31.11
26.23
28.81
22.02
20.94
23.91
22.64
33.59
24.77
27.8
18.12
21.63
28.44
23.87
31.43
17.51
22.75
24.93
28.59
18.71
29.15
24.96
19.09
21.57
20.82
17.58
26.38
23.42
20.97
23.54
18.12
20.1
28.41
18.63
19.28
15.06
16.49
17.39
13.01
13.28
15.92
18.96
20.16
17.21
19.3
14.92
16.2
13.84
15.13
11.59
14.75
15.38
13.31
16.94
14.16
12.43
11.32
15.91
13.71
12.55
16.74
11.44
16.67
12.87
16.78
20.91
17.99
19.89
17.25
17.65
20.79
20.95
21.61
15.83
21.59
21.21
15.5
19.7
15.32
20.21
15.94
14.0
17.27
13.08
14.4
12.05
12.45
15.29
10.49
13.21
10.01
11.75
10.02
9.13
9.96
7.52
7.07
10.94
8.64
11.19
8.03
11.25
12.86
12.1
15.63
8.42
10.17
15.31
14.01
10.27
14.33
12.2
14.1
21.68
11.37
11.16
10.12
14.81
11.7
9.94
13.29
16.45
11.93
10.39
14.27
13.91
12.38
9.77
12.2
12.63
13.29
15.11
14.02
14.28
14.67
17.92
12.39
14.5
16.05
14.63
12.42
14.15
17.12
14.6
17.81
16.66
21.04
16.69
16.46
19.15
19.82
14.97
23.19
21.14
13.93
13.48
11.25
13.07
17.24
16.56
15.38
18.47
17.4
20.99
16.04
14.6
14.14
16.3
16.7
16.86
20.05
18.48
17.26
16.01
14.88
12.9
16.72
10.11
12.96
16.0
13.47
10.63
9.58
12.01
15.57
12.86
12.84
17.37
15.19
14.67
14.8
12.96
11.96
15.78
14.49
12.47
11.45
14.0
11.88
12.36
15.25
10.26
14.4
12.54
11.62
12.31
11.29
11.49
12.66
14.75
9.1
10.93
13.41
16.43
13.0
18.65
14.0
13.74
14.46
20.81
15.21
13.98
16.39
16.74
16.08
18.4
17.64
16.79
18.19
20.2
13.8
18.07
17.5
13.91
14.01
12.23
13.99
12.11
16.9
12.92
13.88
17.26
14.38
14.46
10.86
11.17
12.46
10.92
14.34
11.57
14.92
12.33
12.26
11.2
14.47
16.18
12.73
12.95
16.6
12.12
16.26
15.8
13.17
14.3
16.25
12.72
12.92
20.9
15.58
14.75
15.15
19.19
15.3
15.1
11.59
12.29
13.2
9.75
12.98
14.28
12.48
14.53
12.41
16.24
12.48
12.97
12.4
16.08
8.83
11.2
10.17
15.82
15.92
13.58
15.09
14.73
12.12
12.2
13.39
17.17
16.07
15.51
14.0
13.0
14.27
16.59
16.15
18.45
15.6
19.27
13.08
14.57
14.76
15.68
12.88
17.6
14.88
13.22
12.85
13.08
14.47
15.1
14.55
18.79
16.59
15.65
20.35
17.62
16.9
15.83
16.91
20.69
19.0
16.12
17.98
19.09
23.53
18.15
18.14
21.68
16.59
20.51
19.08
17.82
20.03
18.89
18.25
17.18
16.69
19.57
17.42
23.62
17.59
16.87
17.68
15.23
16.2
17.12
19.38
13.08
10.56
13.96
10.62
13.17
10.88
10.83
13.98
12.14
9.6
12.48
14.42
11.24
8.94
8.5
9.48
10.43
8.05
11.44
6.33
9.19
7.73
10.13
9.53
9.18
9.93
8.92
8.46
10.44
10.15
10.74
10.26
15.91
10.35
9.78
8.8
11.58
10.21
11.42
8.52
9.82
9.97
10.43
13.07
11.09
14.15
15.15
14.86
9.08
