43.13
41.3
43.01
38.18
51.62
54.99
62.54
66.44
46.47
57.37
34.8
53.13
37.43
63.59
49.91
53.44
68.99
60.91
50.25
72.74
52.81
45.67
46.73
43.81
30.63
34.09
46.71
29.12
26.79
58.89
30.05
18.83
32.31
25.26
57.32
30.65
27.75
23.04
34.55
19.58
15.59
33.51
31.75
32.84
10.63
14.15
21.83
22.04
20.81
5.29
14.68
12.2
11.16
9.92
7.41
16.05
26.44
17.59
11.73
13.96
13.72
10.08
7.49
4.44
9.32
12.34
9.91
19.39
6.95
8.94
10.94
7.66
8.17
4.89
16.28
6.73
11.79
8.43
3.29
10.89
6.29
10.29
8.83
8.51
0.45
7.38
5.51
5.73
2.03
7.12
5.94
2.1
6.82
2.2
5.69
1.07
10.9
0.84
0.43
2.45
0.55
8.19
2.98
2.8
3.35
1.13
2.07
4.28
7.79
9.23
2.34
0.48
1.78
7.48
15.05
5.76
10.75
2.98
2.75
12.55
13.64
3.62
7.51
4.25
8.13
3.24
6.9
3.58
0.53
4.85
1.52
6.42
6.93
7.26
0.63
1.91
1.18
4.25
2.51
8.97
7.21
3.75
10.75
11.66
1.09
3.04
3.3
4.32
6.86
16.04
12.55
1.1
4.78
4.33
4.57
9.39
7.04
14.98
5.84
16.04
6.42
9.47
8.6
5.97
7.82
14.6
10.36
8.2
18.47
6.45
17.9
14.13
16.11
15.17
14.63
9.49
12.53
11.35
11.2
11.24
11.47
13.34
5.83
9.78
12.64
9.69
8.01
14.85
12.78
14.53
16.3
10.0
17.07
14.38
22.57
15.2
7.49
18.63
18.44
9.61
13.22
11.55
11.52
15.71
21.56
13.04
23.66
18.65
17.36
14.69
18.46
13.97
15.42
20.23
15.08
20.2
22.14
19.07
17.1
24.76
20.9
14.26
8.99
27.01
13.47
18.69
21.09
18.07
17.27
22.22
15.77
18.27
26.26
21.09
21.59
21.4
26.0
22.34
32.85
14.16
23.02
23.35
20.16
16.72
26.97
24.5
21.18
14.37
19.12
20.4
20.2
17.46
16.83
13.86
12.15
14.64
16.41
17.86
30.07
12.28
16.94
14.91
17.78
17.38
16.81
22.07
18.97
16.2
25.7
11.07
18.96
21.05
16.87
25.34
27.6
25.16
15.79
18.75
17.55
14.34
25.87
20.48
11.82
10.57
15.8
11.51
16.12
15.54
20.32
13.15
19.76
20.39
12.69
14.93
18.54
23.43
17.54
17.72
14.19
12.54
13.38
11.77
9.75
9.6
13.75
9.47
17.39
10.56
9.98
16.97
16.06
16.29
15.72
8.51
8.67
11.79
10.92
11.38
7.63
13.72
11.81
14.12
8.74
9.79
20.12
14.47
12.51
14.42
12.49
14.73
6.85
11.41
12.64
10.43
16.37
12.05
14.02
15.69
16.37
14.61
9.3
14.41
13.81
10.9
11.03
10.68
13.21
11.84
15.82
9.22
18.17
12.36
14.79
14.78
25.06
13.41
16.59
15.66
17.22
16.34
14.67
16.9
16.34
7.66
17.42
10.23
10.18
16.44
19.15
10.69
20.27
19.84
18.71
14.29
11.97
20.52
18.61
9.35
13.98
14.97
18.32
14.89
19.21
15.83
24.12
13.73
15.76
17.71
12.96
13.93
11.85
12.9
17.08
11.08
12.62
19.15
12.36
12.53
13.48
14.93
14.59
12.7
15.55
16.11
15.7
12.06
12.49
17.43
14.28
13.54
14.9
17.86
11.77
11.56
13.33
17.57
18.14
14.4
19.36
12.46
14.84
16.64
14.14
11.03
17.58
16.61
15.09
12.4
13.37
11.63
18.02
13.48
13.01
15.7
15.81
10.49
12.38
13.13
17.11
14.93
11.69
19.74
13.73
16.44
14.26
14.69
13.73
15.92
17.89
18.27
13.04
18.29
17.16
18.99
16.54
16.82
13.53
13.16
17.7
16.74
17.74
16.08
23.03
17.9
17.23
16.13
12.14
13.24
8.28
12.15
13.1
12.91
10.9
10.28
16.44
16.82
15.93
15.52
14.75
9.24
13.91
13.2
12.06
16.14
12.85
10.96
18.14
11.9
13.82
18.49
19.24
16.62
22.05
15.71
13.18
13.23
20.13
15.43
18.1
11.49
15.28
13.68
16.9
14.42
12.87
16.27
8.05
13.89
12.41
11.6
11.56
12.54
14.25
12.19
12.36
16.26
12.44
15.87
16.79
15.77
18.07
13.62
11.93
13.84
12.91
13.3
17.54
16.78
12.14
15.25
10.39
12.82
15.49
17.47
15.72
12.62
13.08
13.09
15.67
13.7
11.35
14.2
17.12
11.78
15.33
11.33
17.67
13.16
7.87
13.46
17.97
13.69
14.85
9.02
12.07
15.38
20.68
13.52
20.1
13.66
15.71
14.4
9.71
16.33
15.44
16.93
14.52
13.47
10.41
13.93
13.79
14.35
9.89
14.86
13.62
12.13
14.22
11.71
13.37
11.03
12.89
15.4
15.73
10.27
12.37
9.46
8.13
11.77
14.33
9.55
15.12
11.66
15.0
11.31
13.69
10.32
14.74
15.72
12.64
15.81
