0.1011
0.0301
0.1570999999999999
0.0684999999999999
0.1125999999999999
0.0926999999999999
0.0815
0.1278999999999999
0.1008999999999999
0.1125
0.1639999999999999
0.1667
0.0731
0.1101
0.1974999999999999
0.1404
0.048
0.0891
0.1382
0.13
0.0862
0.1586
0.1572999999999999
0.0707999999999999
0.0516999999999999
0.0752
0.1098999999999999
0.1122999999999999
0.0158999999999999
0.0046
0.1528
0.062
0.0401
0.1594999999999999
0.1325
0.1353999999999999
0.1249
0.1323
0.0231
0.1991
0.2224999999999999
0.0614
0.0758
0.149
0.0906
0.1459
0.0970999999999999
0.0403999999999999
0.1841
0.102
0.1876
0.1278
0.1358
0.1578
0.1301
0.1349
0.1747
0.2307999999999999
0.1722
0.2014
0.1805
0.2939
0.2045999999999999
0.291
0.2815999999999999
0.2744
0.3068
0.3608999999999999
0.2371000000000001
0.3384999999999999
0.3252
0.3462999999999999
0.4993999999999999
0.3739
0.3901
0.4093
0.4371
0.4801999999999999
0.4797
0.4615000000000001
0.4529000000000001
0.4593
0.4413999999999999
0.5430999999999999
0.5017
0.5231
0.6293
0.5917
0.6698
0.6068000000000001
0.7177000000000001
0.7437
0.6565000000000001
0.7592
0.7698000000000002
0.7262
0.8895000000000002
0.8999000000000001
0.7957000000000001
0.9838
0.9529999999999998
0.8734999999999999
1.0421999999999998
0.9893
1.0724999999999998
1.0417999999999998
1.0661999999999998
1.1392
1.1619
1.1763
1.2355999999999998
1.1736
1.3425000000000002
1.2614
1.4462000000000004
1.3925000000000003
1.4962000000000004
1.4437000000000004
1.5914
1.6437000000000004
1.7217999999999998
1.5661999999999998
1.8305
1.7911
1.7719
1.8964
1.9519
1.9856
2.0527
2.0636
2.2306
2.2925
2.3355
2.2321
2.2942
2.4241
2.4749
2.622
2.7105999999999995
2.5705
2.8288
2.8905000000000007
2.6799
2.8985
2.9836
3.0701
3.1848
3.1842
3.1838000000000006
3.2928999999999995
3.3797
3.5748
3.4248000000000003
3.4205
3.7697
3.685100000000001
3.8504
3.8846
4.0368
3.9167
4.144499999999999
4.0407
4.3292
4.3446
4.411200000000001
4.4623
4.6723
4.705400000000001
4.6924
4.8367
4.977900000000001
4.8471
4.984
5.1195
5.0672
5.0559
5.212399999999999
5.1948
5.4636000000000005
5.2874
5.5494
5.428
5.5246
5.7521
5.7325
5.9486
5.9442
6.2275
6.214
6.1766
6.3554
6.3736
6.3688
6.602599999999999
6.5808
6.7967
6.6549000000000005
6.526100000000001
7.1907000000000005
7.016800000000002
7.096299999999999
7.019400000000001
7.4621
7.211599999999999
7.482700000000001
7.449599999999999
7.723400000000001
7.2623
7.427899999999999
7.3755
7.665200000000001
7.6797
8.0775
7.9901
7.960199999999999
7.9784000000000015
8.121699999999999
8.1898
8.5421
8.5849
8.5577
8.3101
8.5592
8.4503
8.7525
8.7336
8.749199999999998
8.9595
9.021999999999998
9.2
9.315400000000002
9.0322
9.4263
9.4708
9.455700000000002
9.7501
9.8429
9.5095
9.5673
10.105399999999998
10.1006
9.9715
10.1376
10.0308
10.0884
9.8407
10.342
10.3103
10.106599999999998
10.1823
10.602300000000003
10.4836
10.444200000000002
10.668200000000002
10.4661
10.6688
10.7475
10.890599999999996
10.7925
10.8105
10.8634
11.139700000000005
11.3077
10.9893
11.3967
11.439600000000002
11.508699999999996
11.5196
11.3991
11.908900000000004
11.7852
11.9585
12.0141
11.8798
11.4548
12.0495
12.1123
12.309499999999998
12.247400000000004
12.2246
12.574699999999998
12.6292
12.2759
12.3265
12.404000000000002
12.2505
12.463100000000004
12.5799
13.063
13.0858
12.5764
12.617599999999998
12.979900000000002
12.8267
12.8204
12.6319
12.758300000000002
12.6516
12.7487
13.1088
12.8356
13.059199999999995
12.8212
12.8592
13.0462
13.0947
12.950100000000004
13.214099999999998
12.985000000000005
13.249900000000002
13.431399999999998
13.0617
13.212700000000002
13.265
13.1664
12.969699999999998
13.2876
13.286799999999998
13.5858
13.4965
13.7043
13.510500000000002
13.5905
13.722099999999998
13.543399999999998
13.6813
13.697299999999998
13.558599999999998
13.688200000000002
13.653899999999998
13.7312
13.466500000000003
13.769099999999998
13.9384
14.153
13.7049
13.929500000000004
13.803299999999997
14.160400000000005
13.762900000000002
13.9367
13.804800000000002
14.0143
14.0014
14.215000000000002
14.0413
13.905300000000002
13.9276
14.311600000000004
13.816499999999998
14.121000000000002
14.3028
14.5045
14.5619
14.2999
14.0944
14.414599999999998
14.166000000000002
13.7634
14.3127
14.3915
14.490900000000002
14.348999999999998
14.465300000000004
14.4735
14.870099999999995
14.5786
14.6351
14.507799999999998
14.9627
14.661699999999998
14.9164
15.0687
15.079999999999998
14.951899999999998
14.8184
14.9345
15.070100000000002
15.2382
15.2887
15.4453
15.2355
15.588200000000002
15.043600000000003
15.659600000000005
15.629500000000002
15.717
15.7109
15.4983
15.269400000000005
15.6757
15.977900000000002
15.6961
15.9046
15.8634
15.9069
16.1153
16.012200000000004
15.9119
15.6796
16.3064
16.1162
16.011000000000003
16.2867
16.1112
16.1123
16.6301
16.3995
16.2211
16.393800000000002
16.3501
16.881700000000002
16.568199999999997
16.320399999999996
16.5024
16.5691
16.361499999999996
16.573999999999998
16.6444
16.7662
16.6143
16.347399999999997
16.8837
16.4662
16.707000000000004
16.219199999999997
16.5811
16.4834
16.5518
16.357599999999998
16.301499999999997
15.8243
16.1583
16.1825
16.3254
16.215899999999998
16.505700000000004
16.126100000000005
16.468700000000002
16.153799999999997
16.4082
16.4054
16.5652
16.715600000000002
16.5126
16.2815
16.550299999999996
16.342899999999997
16.9883
16.577800000000003
17.2155
16.312099999999997
16.503699999999995
17.1508
16.5497
16.933699999999998
16.7322
17.004099999999998
16.5143
16.8477
16.5562
16.4255
16.9559
16.260799999999996
17.1616
17.0444
17.328400000000002
17.3276
17.0392
17.4073
17.230999999999998
17.1949
17.3036
17.4746
17.1296
17.7181
17.467
17.674599999999998
17.411199999999997
17.5716
17.1737
17.470899999999997
17.656400000000005
17.366200000000003
17.5764
17.5655
17.5913
17.873
17.3196
17.3598
17.881800000000002
18.0571
17.8493
17.255000000000003
18.334200000000003
17.7546
17.7797
18.0199
17.5249
17.6581
17.454500000000003
17.9006
18.0354
17.9933
18.2963
18.1214
18.3347
18.2673
18.082500000000003
18.1099
18.2769
17.711700000000004
17.7914
18.5766
17.769499999999997
18.7035
18.702
18.0173
18.4748
18.795
18.6172
18.977500000000003
18.743
18.814800000000005
18.9571
18.4072
18.4188
18.8597
18.7081
18.5386
18.7343
18.4292
18.9686
18.9126
18.0815
18.8182
18.7572
19.0796
18.5365
18.7878
18.9621
19.1354
19.581200000000003
19.0478
19.3514
18.8996
19.1022
19.3544
19.5074
19.2041
18.7548
18.9232
19.1184
18.9666
19.3804
19.024700000000003
19.4961
19.368200000000005
19.3231
19.1294
19.083600000000004
19.2404
19.2275
19.3525
19.2056
19.0761
19.199800000000003
18.3666
19.0662
19.1592
19.2069
19.2424
19.3978
19.3215
19.5935
19.5695
19.8019
19.2015
19.144
19.145
19.4539
20.0063
19.7427
20.0544
20.035500000000003
19.9016
19.641
20.0129
19.9745
20.137200000000004
20.3401
19.8756
20.4502
20.5225
20.1076
19.782
20.0278
20.4973
19.9918
19.9634
