0.1708
0.1938
0.1519
0.239
0.1523
0.2483
0.3041
0.1214999999999999
0.2312
0.2037999999999999
0.1974
0.1851999999999999
0.1613
0.1543
0.1873999999999999
0.2458
0.2078
0.2491999999999999
0.2068
0.2783
0.2486
0.2345
0.2294999999999999
0.2861999999999999
0.3068
0.2798999999999999
0.2695
0.3579
0.311
0.239
0.3029
0.2256999999999999
0.3456
0.3696999999999999
0.2952
0.3755999999999999
0.3441999999999999
0.4183999999999999
0.3594
0.3085
0.4176999999999999
0.4233
0.4814
0.4203999999999999
0.3834
0.4465999999999999
0.4465000000000001
0.4157
0.4512
0.5485
0.4987999999999999
0.3692999999999999
0.4738999999999999
0.4919999999999999
0.4556
0.5998
0.5512
0.5509999999999999
0.4252
0.5076999999999999
0.5046
0.4759
0.5297999999999999
0.5019
0.6154
0.5454
0.6021
0.6202000000000001
0.6467
0.5583999999999999
0.6568999999999999
0.6241
0.6353
0.6414
0.7438000000000002
0.7182000000000001
0.6516999999999998
0.7380000000000001
0.6423000000000001
0.6376999999999999
0.7025
0.7807000000000001
0.7878000000000001
0.7857999999999999
0.8891000000000002
0.8944
0.9192
0.8442000000000001
0.8989
0.9664
0.9855000000000002
1.0109
1.0474
1.1365
1.0023000000000002
1.1386
1.2151
1.109
1.1743
1.3126
1.2988
1.1869999999999998
1.3344999999999998
1.3427
1.4120999999999997
1.5297999999999998
1.5688000000000002
1.4711999999999998
1.6705
1.6805
1.6635
1.8555
1.837
1.8963
1.9138
1.9867
2.0282
1.9628
2.0755
2.0801
2.3251000000000004
2.4599
2.3692
2.5808
2.5598
2.5695
2.6060000000000003
2.8824
2.9895000000000005
2.9258000000000006
3.1442
3.0653
3.4697000000000005
3.3715
3.5242
3.5547000000000004
3.6441
3.6066
3.7524
3.909
3.9474
4.21
4.1523
4.1183
4.281000000000001
4.4617
4.232600000000001
4.4125
4.4042
4.9819
4.7263
5.0123
5.0878000000000005
5.0054
5.15
5.261200000000001
5.1999
5.288399999999999
5.485799999999999
5.5054
5.875100000000001
5.873699999999999
5.970899999999999
6.119300000000001
5.9969
6.296799999999999
6.268999999999998
6.3554
6.309500000000001
6.308699999999999
6.4614
6.711400000000001
6.7532000000000005
6.8313
6.701099999999999
6.938199999999999
7.150899999999998
7.103700000000001
7.378600000000001
7.199600000000001
7.2829
7.4255
7.6157
7.692000000000002
7.467899999999999
7.7535
8.011599999999998
7.936499999999999
8.304499999999997
8.0984
8.0693
8.292800000000002
8.5032
8.349499999999999
8.4267
8.617099999999999
8.3704
8.7519
8.7004
8.572199999999999
8.7059
8.947899999999999
8.5934
8.992399999999998
8.974299999999998
9.083100000000002
9.1362
9.1605
9.1518
9.3268
9.4493
9.4663
9.6759
9.5339
9.4035
9.392599999999998
9.8031
9.6612
9.6804
9.6932
9.7954
9.7548
9.5879
10.1735
10.05
10.1372
10.1541
9.9645
10.0827
10.0753
10.1539
10.2851
10.426799999999998
10.2644
10.308699999999998
10.4488
10.110799999999998
10.386399999999998
10.1743
10.307
10.383400000000002
10.4247
10.5834
10.7228
10.5429
10.8578
10.562
10.559899999999995
10.720900000000002
10.6609
10.772
10.911499999999998
11.183900000000005
11.128000000000002
11.156300000000002
11.137499999999998
11.1919
11.4568
11.8112
11.452899999999994
11.708000000000002
11.6111
11.436999999999998
11.478600000000004
11.4502
11.5164
11.9871
11.5772
11.626499999999997
12.134399999999998
11.471699999999998
11.7155
11.423
11.7949
11.6337
11.797700000000004
11.8594
11.6721
12.0458
12.095399999999998
11.9736
11.6834
12.0848
11.9893
11.994000000000002
11.974999999999998
12.2128
11.940399999999997
12.1423
11.778199999999996
12.457
12.274600000000005
12.1546
12.3938
12.529700000000002
12.647100000000002
12.3866
12.800199999999997
12.5092
12.6821
12.9779
12.8035
12.767400000000002
12.9012
13.1277
13.131900000000003
12.921599999999998
12.8181
12.9269
13.283399999999997
13.1558
13.281899999999998
13.2752
12.924599999999998
13.3379
13.507700000000002
13.786799999999998
13.5497
13.6557
13.3138
13.7846
13.5656
13.835
13.9089
13.9627
13.669800000000002
13.704199999999998
14.3003
13.8428
13.9244
14.235500000000002
14.227499999999996
14.272899999999998
14.1633
14.537399999999998
14.5683
14.544
14.553200000000002
14.786900000000005
14.596799999999998
14.729799999999996
14.706600000000002
14.790300000000002
14.5529
14.9826
14.3971
14.7919
14.5896
14.7789
14.716599999999998
15.0682
14.867799999999995
14.9283
14.8367
15.188300000000002
14.7509
14.9036
15.0885
15.1736
15.086100000000002
15.152000000000005
15.072899999999995
15.538299999999998
15.4173
15.285
15.529999999999998
15.2057
14.7728
15.323199999999996
15.334300000000002
15.3257
15.468000000000002
15.2114
15.5522
15.3277
15.4804
15.622700000000002
15.6442
15.838100000000004
16.1312
15.9659
15.7658
15.831
15.5481
15.680400000000002
15.6896
16.0389
15.777
15.743100000000002
15.921
15.9782
15.753699999999998
15.9709
16.0241
16.212699999999998
15.9944
15.5569
15.961799999999997
15.9407
16.0776
15.772299999999998
15.8364
15.679099999999998
16.2481
16.3797
16.2406
16.4875
16.410800000000002
16.5688
16.581100000000003
16.836599999999997
16.926500000000004
16.685299999999998
16.933799999999998
16.907100000000003
16.6923
16.7214
16.9992
16.8545
17.075699999999998
17.5013
17.114099999999997
16.9977
17.352600000000002
17.0146
16.918099999999995
16.929100000000002
16.8899
17.1148
17.2156
17.3982
16.8354
17.309400000000004
17.140500000000003
17.046100000000003
17.194399999999998
17.0063
16.9514
16.8877
16.9996
17.345299999999998
17.2416
17.04
17.099
17.1576
17.4053
17.3369
17.231900000000003
17.4539
17.4699
17.2747
17.6855
17.795599999999997
17.3427
17.5236
17.3796
17.862999999999996
17.786299999999997
17.7378
17.7725
17.9727
18.0979
18.0298
17.8554
17.909999999999997
17.555799999999998
17.685799999999997
17.4173
17.7341
17.8339
17.8732
17.498900000000003
17.6775
17.9586
17.827199999999998
18.0607
17.8357
18.0724
17.9652
17.625700000000002
17.6904
17.937
17.768800000000002
18.3115
18.4947
18.128200000000003
18.3015
18.149899999999995
17.9292
18.3995
18.1462
18.1528
18.6449
18.211
18.3092
18.2239
18.6556
18.5442
18.6652
18.982000000000006
18.2767
18.7089
18.8614
18.8945
18.7063
19.0702
18.8463
18.914
18.7887
19.0067
19.0079
18.914
19.230000000000004
19.1287
19.0283
19.1393
19.1181
19.445300000000003
19.66
19.4715
19.488100000000003
19.0995
19.5722
19.8566
19.696
19.8487
19.858500000000003
19.8312
19.923
19.9301
19.943900000000003
19.884
19.9618
20.0897
20.1874
19.9369
20.2286
19.9699
20.0723
19.9568
19.8181
20.2679
19.8776
20.3031
19.8941
20.035
20.182
19.7193
19.9166
20.0181
20.2392
19.5695
19.491
19.6707
19.6653
19.8776
19.6039
19.6359
19.2656
19.5922
19.5723
19.3578
19.403200000000005
19.5124
18.8569
19.2078
18.748000000000005
18.9657
19.2658
19.5439
19.240399999999998
19.1968
19.502
19.2368
19.0323
19.7447
19.368
19.821
19.5922
19.8221
19.7723
19.7921
19.3928
19.6336
19.7794
19.5784
19.584
19.5934
19.7018
19.9216
19.7074
19.6899
19.8681
19.9814
19.7845
20.1295
20.2899
20.4675
20.572
20.2854
