0.085
0.1547999999999999
0.0114999999999999
0.1926
0.0799
0.0292
-0.009
0.1313
0.182
0.1681
-0.0165999999999999
0.1114
0.0537
0.0891
0.0964999999999999
0.1246999999999999
0.1672999999999999
0.1732999999999999
0.1108999999999999
0.079
0.1556999999999999
-0.0459999999999999
0.0385
0.1576
0.1433999999999999
-0.0160999999999999
0.0233999999999999
0.1236
0.1889999999999999
0.0366
0.1204
0.0587999999999999
0.0617
0.0863
0.0978
0.1152999999999999
0.1176
0.0552
0.1314
0.1918
0.0548
0.0404
0.0591
0.0437
0.0339999999999999
0.0927
0.0220999999999999
0.1071
0.0229
0.1238
0.1512
0.0752
0.1337
0.0907
0.1178999999999999
0.0938999999999999
0.0650999999999999
0.0823
0.129
0.1232999999999999
0.1284
0.1115999999999999
0.1279
0.1148
0.1303
0.1909
0.0908
0.1058
0.1207999999999999
0.1226
0.2131
0.0245
0.1152
0.1193
0.1712
0.1833
0.2094
0.1121
0.1455
0.1536
0.1794
0.1777
0.1241999999999999
0.2468999999999999
0.1597
0.1881999999999999
0.1549
0.1954
0.2447
0.1967
0.1508
0.2732
0.2329
0.2716
0.2017
0.2886999999999999
0.3036999999999999
0.3147999999999999
0.2582
0.1920999999999999
0.2903
0.3289
0.2855
0.2946999999999999
0.2445
0.3234999999999999
0.3499
0.3215
0.3378000000000001
0.303
0.3804
0.3324999999999999
0.3447000000000001
0.3617000000000001
0.3711
0.4054
0.4023000000000001
0.4253
0.4645000000000001
0.4483
0.4529999999999999
0.3858
0.423
0.4784000000000001
0.5007
0.5308
0.545
0.5982000000000001
0.6208
0.5143
0.6282
0.7203000000000002
0.6255
0.6259999999999999
0.6405
0.6051
0.7251000000000001
0.7021999999999999
0.6955
0.687
0.7324999999999998
0.7467000000000001
0.8409000000000002
0.7758000000000002
0.7886999999999997
0.8147000000000001
0.8271000000000001
0.8183000000000001
0.8489000000000001
0.8737999999999999
0.8607000000000004
0.9682000000000002
1.0125
1.0664999999999998
1.0119
1.0331
1.123
1.0178
1.0687
1.0718
1.0377999999999998
1.1237
1.1211999999999998
1.1831999999999998
1.2462999999999995
1.2684
1.1857
1.3054
1.2734
1.3037
1.4343999999999997
1.3282999999999998
1.4230999999999998
1.3672000000000002
1.4754000000000005
1.4603000000000004
1.6284000000000003
1.641
1.5958
1.662
1.6084000000000005
1.6386999999999998
1.7580999999999998
1.7240999999999995
1.8733
1.8225
1.9724
1.9511
2.0514
2.0164
2.0949
2.1506
2.1635
2.2284999999999995
2.3144
2.235
2.302
2.4234
2.375
2.4691
2.4797
2.5692000000000004
2.726800000000001
2.8434000000000004
2.7179
2.7031
2.7380999999999998
2.7457000000000007
2.7461999999999995
2.906399999999999
2.77
3.0109999999999983
3.1111999999999997
3.0836999999999994
3.239199999999999
3.1826
3.1904000000000003
3.4239000000000006
3.2512000000000008
3.3186
3.4654000000000007
3.4377000000000004
3.4838
3.5908
3.5257000000000005
3.7306
3.8664
3.7516
3.832900000000001
3.8438
4.087199999999999
4.0131000000000006
4.0372
4.043200000000001
4.1537
4.2734
4.1818
4.3093
4.408099999999999
4.1156
4.525
4.351700000000001
4.409
4.478000000000001
4.739000000000001
4.6798
4.7172
4.702299999999999
4.8912
4.9997
4.9433
4.845600000000001
4.8561000000000005
4.855
4.8142000000000005
5.031099999999999
5.065
5.0641
5.1754
5.038900000000001
5.2299000000000015
5.235600000000001
5.2537
5.400500000000001
5.1134
5.448899999999998
5.2281
5.4823
5.5275
5.5351
5.658900000000001
5.541
5.7468
5.5723
5.739199999999999
5.800500000000002
5.851999999999999
5.8256000000000006
5.526999999999999
5.7137
5.8649
5.918700000000001
5.9747
6.041100000000001
6.0177
6.1633
6.287000000000001
6.3103
5.9934
6.506400000000001
6.1561
6.116300000000001
6.270800000000001
6.152200000000001
6.3317
6.3988
6.3821
6.475100000000001
6.317800000000001
6.6437
6.558699999999999
6.4485
6.795
6.694500000000001
6.5601
6.7263
6.9584
6.8578
7.178000000000001
7.0728
6.912799999999999
7.009700000000002
7.0679
7.1595
7.233799999999998
7.1671
7.3083
7.199400000000001
7.471200000000001
7.422499999999998
7.228599999999999
7.551500000000001
7.277200000000001
7.199299999999999
7.501799999999999
7.3832
7.5192
7.5883
7.303100000000001
7.742900000000001
7.667899999999999
7.6977
7.7559
7.927900000000001
7.7357
7.943799999999999
7.706899999999999
7.9605000000000015
7.691500000000001
7.9572
7.746900000000002
7.972
7.848600000000001
8.1162
8.0176
7.8607
8.194600000000001
8.1849
8.1087
8.2136
8.4913
8.4116
8.455
8.384799999999998
8.3125
8.766000000000002
8.4331
8.586500000000001
8.6704
8.656999999999998
8.169400000000001
8.7024
8.802100000000001
8.8133
8.5547
8.7848
8.7681
9.125699999999998
8.964999999999998
8.803099999999999
8.9226
8.9703
8.9664
8.9099
9.2079
8.9585
8.9938
8.913400000000001
9.0274
8.9488
9.146
9.0105
9.2926
9.0073
9.0727
9.2596
9.287
9.0856
9.231
9.5204
9.2567
9.517600000000002
9.328400000000002
9.2853
9.3725
9.485300000000002
9.3081
9.4664
9.4739
9.258
9.6706
9.354200000000002
9.1209
9.462000000000002
9.7027
9.609000000000002
9.9055
9.8167
9.5189
9.5261
9.8494
9.5895
9.8
9.8925
9.7668
9.8009
9.8893
9.6947
9.8965
9.8255
10.1988
9.8815
10.0219
9.9094
9.8456
10.054200000000002
10.0955
10.0569
10.118
9.8373
10.4756
10.5299
10.2816
9.9404
10.4858
10.3172
10.389
10.3781
9.9884
10.3027
10.4013
10.3367
10.2794
10.2764
10.2963
10.383299999999998
10.388600000000002
10.2599
10.4275
10.1822
10.3601
10.383200000000002
10.4969
10.4848
10.474199999999998
10.6951
10.4076
10.8579
10.4404
10.4046
10.522300000000005
10.537800000000002
10.8739
10.459300000000002
10.57
10.505
10.7083
10.451
10.9754
10.9187
10.833599999999995
11.012400000000005
11.190399999999997
10.9389
11.020200000000004
11.117800000000004
10.775799999999998
11.074199999999998
11.012900000000002
11.1648
11.0193
10.978599999999998
10.956599999999998
11.166099999999997
11.106499999999995
11.2014
10.908500000000002
11.2238
11.231500000000004
11.089199999999998
11.274299999999998
11.3934
11.2831
11.2373
11.0821
11.638799999999998
11.0422
11.165
11.4811
11.1545
11.438999999999998
11.6641
11.3289
11.3673
11.685799999999997
11.636599999999998
11.5608
11.761
11.5809
11.4918
11.4708
11.533800000000005
11.288299999999998
11.380900000000002
11.6925
11.529099999999998
11.7259
11.7457
11.4607
11.8786
11.389699999999998
11.5187
11.734000000000002
11.827700000000002
11.9759
11.6653
11.9722
12.014899999999995
11.934700000000005
11.8249
11.8781
12.038
11.906999999999998
11.8286
12.0445
11.9363
11.047100000000002
11.801099999999998
12.180200000000005
12.1033
11.913599999999995
12.124299999999998
11.9101
12.1944
12.0318
11.6093
12.1382
12.057400000000005
12.0791
11.7884
12.2146
11.9285
11.692400000000005
12.1101
11.896300000000002
12.0363
12.0672
12.092600000000004
12.435800000000002
12.057299999999998
12.254900000000005
11.648599999999998
12.4986
12.4289
12.418
12.1222
12.2023
12.342300000000002
12.3308
12.5219
12.427500000000002
12.264399999999998
12.5526
12.646399999999998
12.0453
12.2865
12.5555
12.1179
12.359899999999998
12.6393
12.535299999999998
12.6383
12.5857
12.5837
12.1262
12.5925
12.7205
12.7504
12.5269
12.4331
12.539599999999997
12.4177
12.1909
12.2416
12.463500000000002
12.189000000000004
12.6148
12.6307
12.4771
12.536799999999996
