0.0
0.0
0.0
0.0
0.0
0.0
0.0
0.0
0.0
0.0
0.05
0.0
0.05
0.1
0.0
0.0
0.05
0.0
0.0
0.0
0.1
0.0
0.0
0.0
0.1
0.1
0.3
0.15
0.1
0.2
0.35
0.4
0.4
0.45
0.35
1.0
0.55
1.05
1.2
0.65
1.95
1.65
2.05
3.5
3.4
4.8
5.35
5.5
7.6
8.3
7.55
9.15
11.75
12.7
13.1
17.15
23.3
22.05
23.0
25.0
27.7
34.5
34.2
44.85
53.0
52.5
62.95
64.9
73.35
89.2
91.9
94.0
121.15
105.65
128.7
132.05
126.35
137.85
157.95
159.2
167.9
173.2
189.7
215.0
199.2
236.15
214.15
253.0
193.7
236.85
261.5
238.3
254.05
259.75
282.35
299.3
270.35
336.15
304.1
288.75
288.5
308.5
324.05
374.85
342.7
332.5
348.5
412.25
411.1
400.05
372.75
345.45
421.6
443.95
458.15
449.85
374.0
495.5
484.7
483.65
481.15
452.6
494.9
514.65
493.75
489.35
497.1
528.45
503.8
501.0
529.55
489.5
560.35
521.95
563.15
548.6
565.6
595.55
560.2
574.6
552.6
613.55
554.8
536.15
603.1
601.15
633.8
575.3
603.1
563.0
578.0
623.25
616.85
643.7
622.9
649.1
604.65
585.15
625.1
550.7
570.85
625.2
584.55
668.6
629.6
644.05
644.45
631.15
658.0
645.3
682.3
676.5
676.5
666.15
647.9
680.0
673.45
673.45
653.75
693.55
688.35
701.1
701.4
710.6
707.45
691.25
709.85
711.9
700.0
722.6
706.1
686.75
708.6
722.55
718.1
715.9
688.6
694.7
702.3
731.3
737.0
731.6
741.45
737.8
738.9
695.35
720.8
743.35
723.8
746.65
719.4
747.05
741.75
752.5
750.05
757.4
753.85
689.1
744.3
759.45
743.5
766.8
766.2
701.55
770.3
770.5
735.8
776.45
774.45
708.35
743.9
680.6
780.45
786.8
737.75
785.5
712.2
792.1
752.95
753.2
798.6
755.3
787.45
780.35
799.0
779.65
795.0
789.4
756.6
781.5
748.7
801.2
756.1
800.15
797.65
773.9
759.55
763.1
742.75
810.55
813.0
775.1
815.25
807.75
817.35
816.1
810.85
813.75
811.55
814.6
811.95
809.85
817.05
801.9
775.15
815.6
790.55
815.3
761.0
791.85
822.65
811.6
812.7
791.2
814.45
775.65
818.7
822.2
827.15
826.0
822.0
823.05
822.0
815.5
827.45
788.45
823.3
805.0
790.15
824.15
788.0
821.75
788.7
830.85
791.25
824.35
826.65
829.1
828.2
789.05
839.0
802.85
769.8
819.65
830.6
796.2
793.05
827.45
827.8
798.35
830.8
837.85
828.85
789.05
800.15
835.85
839.2
803.1
846.2
673.9
841.1
801.05
844.3
809.2
821.55
846.45
790.65
796.95
848.6
851.55
844.2
767.3
827.35
826.05
851.8
806.95
829.5
858.75
853.95
857.0
852.25
853.95
852.5
850.55
857.95
847.5
817.55
845.45
750.9
847.45
831.7
790.35
776.15
849.85
866.15
821.65
813.8
839.0
857.05
862.1
837.85
818.25
857.85
784.35
823.95
773.55
812.45
782.1
819.75
866.7
862.45
843.4
839.25
807.55
834.2
865.85
837.7
769.45
856.45
787.25
835.75
813.65
808.4
857.25
854.3
868.15
874.25
854.55
857.1
850.6
862.65
805.15
811.1
724.5
874.35
865.35
849.75
860.65
811.15
836.8
801.1
808.6
833.0
851.5
816.05
815.25
809.9
836.75
812.85
761.6
814.45
869.4
871.35
811.15
846.6
851.2
875.95
876.15
837.85
805.85
813.45
841.25
820.55
851.7
720.45
819.0
840.15
786.6
774.15
865.75
872.5
805.65
814.25
881.8
843.4
880.65
844.35
859.45
872.7
888.95
848.0
880.7
879.3
891.85
849.85
795.2
882.35
831.3
878.5
882.45
836.3
882.4
803.15
864.05
885.7
865.85
842.7
888.8
864.35
847.95
854.45
865.65
864.2
848.2
779.65
842.55
882.1
844.25
828.05
884.5
885.75
878.7
858.05
846.65
893.55
872.1
877.65
839.6
889.4
893.7
846.3
882.2
849.25
882.95
847.6
838.0
887.05
846.5
852.6
866.2
884.8
849.9
855.3
829.9
876.25
839.25
796.05
878.9
832.95
887.05
880.7
861.1
859.0
879.6
843.45
880.25
880.0
837.6
887.7
885.05
882.2
829.05
890.65
888.75
888.45
883.65
821.7
893.4
887.75
893.15
889.65
877.7
893.2
891.85
868.2
852.95
817.0
893.45
892.85
898.5
879.55
888.3
880.05
868.0
869.15
890.85
892.6
901.05
867.6
864.1
855.7
891.25
901.8
898.3
861.3
897.95
855.6
897.15
885.4
869.35
878.35
860.45
866.5
904.4
897.25
900.65
899.5
883.0
901.7
869.9
871.8
824.95
785.4
889.05
895.05
892.5
866.3
899.0
864.2
901.15
901.0
906.85
821.85
873.25
848.75
899.65
820.05
868.4
855.75
896.85
860.45
823.8
819.25
820.9
901.8
902.75
903.1
888.8
906.4
862.75
901.95
908.15
865.0
901.7
911.3
906.75
866.9
903.6
849.55
834.25
873.75
912.25
876.2
904.95
886.55
866.75
848.0
890.45
863.6
871.65
875.1
865.6
898.6
844.6
884.0
790.6
872.6
896.35
874.3
871.35
797.2
910.75
918.25
900.55
799.2
875.9
910.15
889.85
881.25
804.6
893.35
901.2
886.95
814.8
909.9
883.3
907.75
820.45
916.9
842.85
864.85
887.95
916.15
879.3
817.15
835.2
905.9
906.5
910.15
870.1
914.8
848.35
908.75
859.8
890.25
906.05
873.4
865.95
914.8
876.25
890.0
832.1
847.85
736.2
846.95
839.95
913.3
902.65
787.25
787.5
879.35
843.45
879.35
880.95
863.4
872.75
876.25
869.1
905.35
912.65
812.9
836.6
904.8
848.8
905.6
875.65
856.3
910.9
857.1
914.5
851.95
899.45
904.1
914.7
919.2
896.2
858.05
885.7
904.25
910.85
916.7
873.5
909.1
912.75
863.25
899.9
914.6
821.75
843.8
882.85
840.6
917.0
903.1
864.6
910.05
920.15
913.55
888.8
828.6
800.3
893.55
857.0
863.15
912.3
856.15
884.75
833.65
904.65
857.65
807.6
842.4
792.1
829.55
871.2
908.2
923.65
860.0
784.15
882.85
909.8
878.2
911.55
875.75
814.8
907.8
877.0
903.2
868.95
886.7
769.3
815.0
899.4
875.05
849.0
887.4
845.15
888.7
913.85
858.15
882.7
910.55
842.9
868.55
858.5
885.15
898.2
922.55
838.05
910.35
834.55
882.65
877.6
859.8
881.95
870.55
823.05
872.2
897.35
877.3
848.8
852.3
844.7
847.55
826.2
920.15
852.65
863.45
852.2
876.6
809.25
836.55
868.3
837.4
858.9
910.0
917.3
832.9
878.2
828.05
885.5
905.25
851.85
894.5
821.65
921.15
912.15
906.1
911.75
892.5
831.6
859.9
930.15
916.4
924.2
876.2
899.95
922.35
916.6
919.9
889.2
834.1
882.75
924.5
927.45
924.95
889.7
857.65
892.45
916.45
898.05
808.7
839.2
916.7
924.35
892.4
846.7
878.45
886.35
876.35
921.9
796.85
889.8
849.3
873.2
926.8
853.85
871.65
851.15
814.45
861.35
854.1
926.45
893.4
780.7
866.35
912.85
920.75
839.5
837.7
883.4
926.4
885.1
927.25
893.9
891.05
892.05
887.7
907.35
855.6
800.65
876.9
769.95
807.6
926.1
884.9
849.2
891.85
817.1
844.6
872.0
867.85
871.35
879.85
876.0
843.9
847.2
859.85
925.85
874.25
886.15
853.35
852.65
890.55
923.3
912.5
891.9
830.25
911.2
849.1
880.1
839.85
856.65
909.25
807.55
925.85
797.9
849.05
892.4
882.1
842.5
927.5
935.9
926.3
906.75
928.2
918.4
813.5
928.5
854.2
902.25
881.8
858.95
909.55
906.1
886.95
903.9
890.3
842.45
923.75
901.8
929.35
821.85
898.3
851.95
889.05
927.15
891.1
864.1
894.6
893.0
905.05
841.15
875.75
928.75
927.25
910.0
898.35
911.4
854.25
909.55
927.05
921.8
923.7
885.7
928.6
921.8
919.35
925.85
920.8
841.5
930.4
815.55
873.15
890.35
916.75
930.85
928.4
905.75
867.75
927.8
925.7
922.55
921.0
909.6
923.45
853.75
925.8
926.3
930.05
895.2
906.95
894.85
885.0
928.55
875.45
933.35
931.95
880.2
886.8
885.05
916.25
886.8
865.7
921.15
882.45
858.8
907.7
922.9
933.9
904.6
883.95
856.95
899.75
829.95
834.2
892.3
852.9
840.2
816.25
925.1
849.7
890.85
931.9
855.5
879.85
931.35
898.85
928.15
930.15
928.85
938.1
879.15
866.5
871.0
914.1
882.2
916.05
900.55
881.0
849.8
892.85
882.65
891.05
927.0
908.35
897.45
937.95
901.25
875.85
909.35
929.7
919.15
920.0
884.1
929.2
933.05
811.0
906.65
927.95
889.75
925.25
919.75
930.4
891.05
888.9
897.95
931.25
925.0
883.3
877.8
909.1
882.15
928.7
907.65
888.25
926.05
925.15
936.0
879.15
894.45
939.5
931.9
935.65
931.8
936.5
924.4
912.75
875.0
941.25
937.45
925.55
860.3
896.85
871.15
868.3
937.25
934.95
940.4
936.0
930.7
935.8
911.85
935.45
930.55
916.25
849.0
922.3
913.25
906.7
934.95
932.35
907.4
936.1
881.9
941.05
887.7
899.15
811.6
845.75
899.6
942.3
936.75
917.8
892.7
940.6
938.45
939.35
908.1
931.85
900.65
907.3
935.75
934.8
943.0
942.65
932.3
864.4
939.25
886.1
935.5
898.7
939.35
939.3
940.35
938.95
897.15
891.65
927.15
910.7
867.05
825.2
899.3
925.55
934.1
898.95
940.9
889.05
864.2
946.95
934.6
910.3
910.9
909.3
943.2
937.4
944.4
939.35
930.2
943.85
929.7
942.25
925.75
930.95
932.55
910.85
904.05
850.75
921.4
934.55
874.95
934.2
890.1
889.6
932.95
908.1
941.8
935.65
858.8
933.15
936.65
938.6
939.95
910.0
932.2
901.15
873.25
873.75
906.45
940.15
926.2
908.8
859.7
874.45
901.3
868.55
934.1
910.5
937.8
939.7
944.0
881.85
902.25
942.3
941.55
944.2
889.4
935.9
919.9
922.45
871.95
912.7
885.25
939.55
934.35
937.35
924.8
936.25
942.2
946.65
942.9
940.1
944.65
942.85
943.85
920.65
900.6
943.15
912.0
936.55
906.75
945.3
946.1
929.05
897.35
945.1
900.9
950.65
945.55
927.75
936.35
943.95
941.8
942.75
917.1
907.2
906.85
943.35
942.0
910.1
926.0
945.5
901.5
912.7
936.2
922.3
942.0
946.85
901.55
945.1
937.1
943.75
942.35
944.35
941.95
941.5
924.95
893.7
923.5
937.55
888.25
935.8
941.6
936.75
942.1
925.45
942.25
895.9
945.8
895.3
952.9
938.4
907.15
924.65
947.95
908.25
946.6
946.55
944.95
943.1
945.85
940.65
942.6
936.85
947.7
944.55
900.45
949.55
944.85
943.6
911.9
882.1
942.45
919.75
898.55
926.2
948.0
947.95
910.05
874.05
911.65
942.7
942.75
920.25
913.2
884.7
934.95
911.3
945.45
900.3
909.35
922.35
916.4
945.45
946.2
947.95
943.85
945.35
840.3
923.4
950.0
948.05
944.1
945.6
904.1
946.95
932.65
938.65
909.0
944.3
942.45
949.4
950.05
937.35
908.9
946.55
908.4
848.1
947.5
918.1
945.45
945.9
952.75
948.4
941.75
936.15
945.3
945.1
907.45
941.7
941.5
949.9
924.85
881.7
936.25
928.75
946.05
933.7
930.15
948.8
924.8
946.45
938.8
940.45
946.9
905.75
877.5
894.35
879.15
942.6
818.85
905.85
907.15
914.4
857.85
870.45
917.75
941.25
918.15
906.0
897.55
938.6
892.65
902.95
884.8
901.0
944.2
894.55
907.9
944.45
939.65
925.8
945.15
872.35
858.65
898.8
888.75
908.65
944.95
913.5
908.65
941.6
886.85
925.95
946.75
781.35
913.15
944.85
940.05
927.95
939.6
913.1
861.95
865.2
941.85
938.5
940.05
874.2
833.65
943.0
931.55
889.5
890.9
875.5
893.2
925.75
942.9
918.1
832.9
935.1
919.6
917.5
907.55
886.8
929.25
882.6
946.5
957.2
945.3
919.3
878.55
945.15
949.7
931.6
913.9
929.5
951.55
953.7
942.75
929.9
946.0
937.9
911.95
942.45
947.0
919.65
937.2
933.05
948.2
948.95
949.75
951.5
949.75
945.35
941.7
942.9
921.45
954.5
937.85
935.4
916.05
936.65
951.9
951.4
893.25
946.85
952.3
921.75
950.45
907.1
955.2
