-406.12372329673246
-351.06806373304806
-323.28014503358895
-350.9603876264806
-349.64379738059904
-319.79108266414346
-330.868578753533
-336.2789533571546
-340.6845790469274
-331.37112129447394
-339.4892468021632
-311.30131161322777
-313.67115662042227
-330.62988562960544
-324.7649910217051
-287.3521422479893
-285.72880798147355
-266.98824889483586
-301.01784309024004
-263.8674286593467
-252.79818638557768
-257.8407788347827
-246.5366924281737
-245.3560113318948
-239.15999399076827
-224.9187456898332
-196.74000688259193
-207.26888917106209
-217.0882234075319
-160.60006158768718
-180.06214114398105
-170.98764774082676
-132.71373397129835
-121.46740534841376
-106.59537498729733
-115.68644475697843
-127.27004766086661
-50.07486875829281
-64.10397300935765
-71.04725273173591
-54.803996195029995
-52.974923079704084
-21.481007883848804
-13.26003405095266
15.541944240927993
100.08674697844677
63.87312578342056
91.15075782561992
126.25341518202875
111.85880656623196
156.7799492977529
121.79810789892936
187.78871427553537
198.87762944327469
223.76215808807348
292.137279403837
302.25879383432004
309.7103206702471
416.7396823415676
419.43557268332495
446.38518131346547
407.29089719185345
525.248080721002
467.07213606711684
549.2687852904239
591.8403978022346
590.5855089231642
590.2370359046267
607.5408062467669
665.4786022532134
682.8608334001888
554.7615910795688
548.5571945861348
793.1362899028811
731.174782794267
750.7757966549291
784.9845720227215
835.1581391646745
856.5924505268752
852.3614530213611
912.6207704742553
792.2596448378192
855.877503726083
884.6668036110817
835.6245752215594
911.0829006899427
1019.0567471885379
970.1632746694664
953.638431420588
1043.802038956032
982.1252058101442
1092.9329496851121
1166.0052833499653
1001.6990481656303
1170.0827356183238
1110.7157002829938
1086.8444355356755
1151.7520938444936
1127.980580461734
1113.9819863314913
1214.2013949537163
1256.839531441575
1169.7771795455458
1235.5336644301503
1238.0051772921602
1191.2957725488272
1313.5059873121222
1226.0770003908099
1255.1872417333636
1326.6881651301014
1289.9795398630235
1278.3156354020614
1139.513740676121
1275.7551396959554
1306.852153189956
1293.208761620464
1320.1504651912192
1317.5612776277706
1474.261189628455
1386.532168815966
1406.1259608390233
1371.5781124855655
1447.7514884119837
1482.5381103295917
1375.7244772975894
1415.7274185838708
1329.6769752225423
1520.1795971511842
1386.6080882183421
1489.7606874454787
1514.9692871161249
1515.5532959384357
1559.4262928547807
1556.0766437310945
1602.8048969526965
1522.3926730495764
1594.4865586394246
1596.8252209829911
1649.0747801901812
1640.0358270322686
1583.6119098037914
1710.3806770873948
1641.9757942918757
1714.5907159632104
1669.687535518242
1650.3070233516798
1736.2239504979054
1595.6554341680237
1747.8273526644666
1715.323159821258
1734.035086043216
1709.109241827773
1775.7899206360194
1747.2590262662138
1475.3478527925663
1824.4051372941817
1838.418374573403
1796.6900401215978
1730.2862430354314
1801.0493770137896
1844.7883342411453
1773.7142129897147
1842.077469259913
1862.5376197546877
1858.835386160723
1818.984608866512
1871.1262353110826
1813.8134908546647
1931.1813566339747
1810.6796384965223
1790.4926461759671
1911.1542035632283
1877.0823284080113
1919.4317384064386
1909.939476737769
1890.0035978419698
1951.351731430955
1957.213827235842
1927.8296381375317
1963.499754736272
1952.1983279361393
1946.805889433296
1935.3409898653667
1970.7250767913633
2017.8664477484774
2008.2265963900063
2011.4943560265758
1973.9442702056579
1987.7539729578614
2034.1775913277793
2067.424522315428
2036.6421845426187
2063.224476056814
2112.3529119275095
2112.938456083987
2057.885243429992
2092.240400633726
2083.197422979446
2027.4059005853153
2039.5702537279376
2134.2952196248575
2002.159091841798
2038.6384493732178
1977.2276303945048
2120.045478881946
2140.490025711221
2017.8151035334545
2096.316688354179
1969.3365985013165
2105.476821071029
2147.3543423190595
2096.5686816922803
2187.242591635658
2112.513410450247
2090.9692893084057
2167.5069598339014
2045.0246054654622
2189.222317792836
2202.307781778616
2024.383874844351
2209.0978315890143
2242.736350507102
2140.692919702935
2209.9040590747795
2192.2543887863208
2252.166410079363
2235.6365747154496
2230.156002303796
2230.6191174037253
2265.2669352196613
2277.544529398766
2119.504200791699
2273.7049149487807
2314.594984430917
2288.1617918749776
2277.606988717748
2222.4375174947404
2259.0461774271803
2318.54077127151
2302.440673027473
2281.4008086512063
2202.334572709659
2332.010123577863
2182.239182692468
2303.7809906192447
2314.156796471491
2254.7700756307213
2314.7589284283686
2340.669406608022
2385.029804775654
2266.5448886908744
2330.6107220014464
2351.860214054153
2321.2064816188804
2282.959605638929
2412.861311140076
2414.074535622777
2404.8374688757613
2312.598745954904
2390.786938609649
2290.2226573465136
2337.8654406693677
2455.3839867051893
2313.6612493627263
2410.857806949313
2349.9960805233495
2436.3627445100274
2379.110978872676
2360.08844620381
2400.621192986352
2468.3694128092934
2475.9933043731553
2458.370008751782
2480.784443930605
2518.2555181593157
2548.694180972386
2440.853984268466
2426.7487398890785
2490.1485667592183
2506.3910628094295
2508.4685173325643
2498.3247992230076
2539.8751523536102
2593.6084299935906
2540.4428353367066
2530.2207551256565
2535.0973837114284
2548.178388903302
2550.2996475173736
2410.3768724496895
2504.9297671099343
2490.268252306605
2459.9928914911097
2410.6993171123895
2466.6167208531015
2578.709360945535
2552.379921435322
2567.20166148256
2595.102973867887
2542.0302623378475
2560.2097660209506
2625.1670606299826
2518.5117653224297
2643.0215233151584
2581.6123235078007
2577.9077078184177
2652.398732972512
2667.04521393896
2621.277571569146
2631.2062690539933
2461.4838350476853
2632.427382130629
2556.716236133071
2661.7949135564613
2692.0192756924935
2431.662748626716
2531.2179213857044
2674.7106082321634
2692.1745471859404
2538.531359747725
2638.421780596932
2649.58117604259
2716.6845723232304
2735.592581281273
2716.381278905051
2705.819754090854
2643.4596350846455
2721.8269270661904
2728.809197235648
2715.068598525676
2714.344911635513
2726.3853430142913
2735.0105848918697
2746.414860343187
2730.1455330476797
2766.9744660567094
2736.697858409654
2637.004243588275
2750.5172451424314
2731.2300978777516
2795.3824686611165
2773.802427609227
2818.5596663963106
2785.0249871398523
2718.7069781120526
2682.5257109767017
2812.950016894212
2743.456056558199
2845.0875835179495
2787.4730978315724
2835.924877508858
2863.3627810751373
2802.542388558614
2806.515276946079
2788.650211465471
2743.37297135729
2835.0104769850027
2867.5973998212135
2896.086553235704
2851.8080960798334
2871.737822502997
2855.196558014054
2868.424486805431
2826.7324448793793
2844.7552100537478
2829.389562356719
2900.5572668759496
2893.891153558551
2867.9231674341
2888.940872509074
2812.3578091726076
2863.25479230241
2882.5848305917216
2892.2497092573662
2853.2627332194315
2895.820856570273
2853.9547539172795
2929.877789010351
2793.0740841332276
2897.268337917887
2796.054682307441
2882.582433031634
2892.8645490102326
2883.6345152730937
2890.152255346554
2942.514619951901
2917.9326974094383
2894.70905709649
2967.6140331786364
2939.75073813997
2920.8661118227174
2905.0292136075536
2964.234056639123
2955.047384092745
2972.626837025435
2945.7316348297627
2911.7571085363666
2936.5356446996384
3043.1843750533785
2805.2648916092126
2893.4493537818253
3010.7823357756565
2927.8225185329175
2991.987874766892
2877.1069467836514
2967.1343489362516
2993.9167997514887
2998.543752425465
2853.7953611773933
3017.7102803272037
2931.479544939117
3010.0290132474174
2985.6451587920433
2972.8135795456164
2998.0941563926
2966.5438946335794
2997.879643291598
3014.7257935998696
3005.2824223606885
2881.615284192782
3044.8126265419955
2979.5636314969984
3044.8288706493177
3030.3881906921797
2989.5923730427967
3019.4451218371883
2959.416121634326
2957.231868837488
3025.737932683952
3032.5265309635515
3056.2147455757163
2867.327760161334
3048.8489889512957
3037.612162847164
3028.4150694227415
3067.194881979104
3055.891004191116
2893.1775427701027
3039.8812777389344
3011.1987078867514
2955.3944918585603
3053.0984666071913
3019.1636280675307
3084.499411658132
3027.051159979471
3099.0145824445626
3023.9686340494436
3106.5949660832675
3006.7962478367035
2988.549123514428
3081.5211535764806
2940.1353211614623
2957.936484548311
3061.7197350738306
3082.9691107695076
3005.628628256662
3101.276211268247
2927.102624367879
3096.984199999164
3068.9639768415846
3092.269341271161
3065.151856127779
3100.463276968615
3056.7846791801244
3084.3557255202472
3055.3793037741425
2982.667306291004
2999.6520264777937
3052.2717855222536
3118.6270292460677
3045.464096117356
2927.6141883031464
3033.4993888386093
3016.3564736926796
3096.84068467837
3087.0319054487345
3109.878644490008
3090.677206764761
3022.1675863731775
3105.231222955911
3120.2427943670614
3105.7851369930436
3056.209824953411
3058.3949184422954
3120.2078341208194
3116.3375319974316
3104.0124658518826
3094.993613168659
3082.7384927980697
3107.793019152696
3152.526523073053
3117.0224675669765
3004.4442727690553
3137.2546647437343
3123.6116019575456
3115.549841027024
3109.343325935383
3109.9170267336604
3077.4478104227965
3074.048210238531
3150.548786772201
3164.050671404675
3142.899263294553
3110.2682802780228
3139.841819736849
2923.371176366037
3177.368827353882
3140.2094815796886
3152.9557201524904
3145.1631008038908
3154.362785227083
3125.620995368543
3160.4786436961213
3162.048159427117
3140.7248660616574
3125.4259949831862
3122.2839881128066
3170.1070536161924
3061.069057600745
3207.5491760650953
3132.4565541185484
3167.9335153610837
3174.414607053644
3054.620331835421
3226.46435069467
3165.7153267520575
3170.348034752741
3188.009845933848
3198.3694452462164
3266.795316550096
3258.961545685419
3206.6984496394107
3212.5512304502904
3192.117990986001
3241.4721255986387
3216.5128439297678
3216.6660185776736
3227.5150601321047
3228.588155184021
3238.5918245124703
3215.2201603847057
3197.874932067409
3172.3583410404594
3214.639392441605
3229.638540946191
3195.305429204908
3248.1840906584375
3238.8687641566744
3158.4099365982042
3230.897335660605
3253.271661738023
3281.0096995702615
3263.1172648293386
3329.096525599346
3224.6518299655886
3206.977611961629
3267.237912759745
3235.3406370895927
3215.1767156307096
3193.5169794425155
3245.2187811640383
3285.2302229956854
3309.7537174865465
3262.283610332125
3225.913972891135
3242.2770930001984
3320.7776722207323
3268.522987250739
3280.529406672661
3259.1721171648624
3186.9347780961307
3163.1182832305067
3208.9374129402113
3145.7895934950916
3257.8797535101403
3283.346621100318
3080.296030657545
3298.590081668409
3241.483597562817
3280.807598481101
3281.369571795428
3285.6800169533576
3240.7249980489055
3270.564398257482
3337.5144227131
3286.727019792762
3263.6317681037394
3287.4476995758123
3266.783217581916
3306.9087412522254
3211.866212021562
3327.3428651217937
3313.858776248707
3069.4183963239493
3359.0457565064776
3346.556603639322
3267.404817897464
3350.2211297734734
3325.8121212264073
3335.350119225807
3314.3570248035735
3269.2601397593653
3270.2235381058586
3297.745712218806
3206.4579399697736
3294.943726981255
3146.876919354487
3334.0760681702245
3308.4296877486804
3316.0198679229084
3365.017505318517
3328.3911428308843
3272.1263551741145
3386.409410632117
3339.8662174196324
3401.368280712463
3397.244612118343
3314.360186057387
3330.805815795587
3387.13534969365
3345.3003884480904
3313.601977317593
3350.487233510618
3192.359945878834
3362.547580846015
3356.2975818614987
3369.558181375697
3328.627181745207
3317.786729610668
3330.67343687869
3283.8050487586333
3361.7734274989207
3349.6580374943924
3412.4305633417107
3394.3783035014144
3390.8397216349367
3327.337176063361
3384.5391224125733
3380.25414943325
3411.1588911975364
3318.2022133013947
3320.355573235741
3430.630883655397
3416.4763637521464
3411.7798940628722
3225.481563775137
3445.5463297489687
3445.509843699582
3418.0703220385194
3251.8361132292907
3312.96695553791
3416.5875059425207
3452.087542151917
3332.8442374884717
3466.3216580080525
3467.4901412677564
3425.8032935375004
3159.4646897057037
3423.132161420404
3457.705701986488
3508.379306864783
3400.5898413136283
3454.28827484527
3364.482723912107
3435.0685491701106
3383.485743765309
3391.8154984353314
3390.484135681566
3454.4109915712156
3489.780977921856
3380.850371065051
3419.308222311197
3459.723855684547
3432.0524123078985
3418.2028747009244
3322.5494105453845
3365.9174792595413
3446.3334777605464
3429.440616182959
3487.9656082545553
3472.2620963754625
3440.5635354200167
3403.627555049397
3452.3601061492495
3448.921675557325
3475.593227626071
3467.574039828772
3419.277287546396
3466.305681090014
3475.519076252127
3452.3976113423
3347.5313376982094
3497.5387220420225
3441.437791389219
3472.903151952466
3466.0744221024024
3407.507438564279
3491.645405086713
3459.8614565133676
3487.1697631773764
3459.72574019776
3438.7991818572855
3467.0866610711214
3523.0650772415115
3462.8699180503622
3464.735922653159
3450.805361731868
3326.8509999510215
3467.9823942035773
3334.4820544809095
3328.4263004574505
3499.8356882343496
3468.6864635302904
3524.013743547057
3299.129284427512
3505.3752688489853
3472.1743984953355
3518.959155136609
3460.337871585324
3527.384698972923
3484.3503245239685
3524.645901434076
3527.7409959830343
3256.7708140670597
3484.966649055823
3555.69860338313
3450.9912002875526
3411.0190348436763
3529.2963762925674
3561.511666815313
3473.205074187486
3541.0838948035685
3446.9936470484618
3386.2151612655157
3519.370225034608
3435.752987567367
3574.481171832221
3613.5153663374413
3559.3367414760482
3439.795432306797
3564.5969523078675
3472.5711194901282
3529.8461914480367
3542.987851943288
3479.078049490273
3505.1324681508695
3531.138396667056
3532.1578216288412
3464.6925433722377
3449.5812956975014
3619.190184516135
3542.8843361995555
3547.941819460843
3633.137357538075
3371.6669876721307
3585.6077602253727
3602.290349868525
3546.807307306344
3572.752043063375
3550.8203122705063
3590.726075619398
3582.003731101856
3629.7551359678773
3637.1505114967754
3632.878586627668
3546.962364080551
3581.6500842062933
3583.5791562202403
3543.7673680421685
3439.987996142554
3611.127413025975
3440.754904619274
3622.965318601489
3613.382419306122
3605.977248345493
3580.215349886103
3612.4788789003906
3643.8805472391723
3630.3658886977078
3489.9452799810424
3620.889742105503
3654.2330817299326
3564.4761805735347
3652.8912257614634
3630.4637683401147
3614.683746023952
3657.269803524715
3635.890404821216
3590.9301611022556
3605.516556123863
3618.068777570642
3639.085424040079
3566.347712833228
3594.860450730309
3602.245311113876
3629.385744395543
3505.429227347772
3623.1352535984197
3564.39977309674
3524.1754851328405
3510.7451951389144
3546.4959944557913
3608.6494987714586
3662.348274862871
3460.110715680506
3597.6807512766413
3592.813609747582
3616.8712621186774
3518.346322153205
3644.3690746475113
3608.6287569987544
3571.6474941798942
3673.3187341752177
3628.1061192242496
3661.1661741325015
3571.500076057657
3562.8164102265887
3648.085375680006
3642.0981467623096
3627.774232872539
3574.7474206058396
3673.7852223984823
3736.896282614506
3629.2274532947094
3628.065534691884
3648.4424256536126
3666.121762151907
3675.3351531664375
3488.4962412685854
3656.537735388921
3612.7751860546596
3606.8717564044455
3649.73236982423
3617.9897703993643
3589.339530656752
3275.5830629827333
3684.599329477328
3642.6105196235135
3538.924097037108
3658.884976788756
3664.588035063754
3711.9131094429454
3647.379101058622
3651.110519432612
3722.5448107693787
3686.5023101938336
3660.928057099306
3699.9527738164697
3747.6046072609884
3715.813421474171
3666.427137916676
3539.912947477992
3721.1317711587144
3480.473652350486
3653.8933872366506
3738.075376804443
3650.226359130088
3686.404628626019
3723.151254038982
3627.2993357445966
3423.505941586095
3733.4942484700077
3664.733498051263
3706.9177353095133
3663.6892403833895
3550.515414268643
3681.3019923135444
3719.6597675968137
3714.570406239384
3684.6108978379066
3695.6455432397247
3407.5263274546805
3747.0015608718154
3712.080810357255
3772.6793941344404
3747.3944735074233
3674.4922275189965
3708.768356806352
3629.6653349590038
3555.90490547452
3757.11610987928
3774.595396846323
3727.3167006255508
3695.3346246637766
3706.834880624637
3726.966038478536
3765.4529131133577
3765.7428888974855
3566.8823012504713
3613.1094865179793
3783.8231678224206
3751.065407909549
3781.807513893492
3744.0220525369527
3836.6359398546274
3730.056027975005
3762.1150317880138
3797.5150455983085
3841.4380162897987
3810.5224959860725
3821.6081378137824
3749.901307766082
3824.340421384971
3841.855895279082
3619.523110946222
3837.009225761706
3788.6035495570513
3680.1118070681355
3722.449358089826
3816.2353800393103
3744.898140492131
3729.7871316907062
3742.5998794790685
3763.0350132258077
3781.290263972123
3817.2815987293952
3804.610281972766
3724.5389888545965
3631.0756539030103
3813.251410784121
3785.5333542973954
3814.3937861657264
3826.7652466833606
3808.103733955052
3760.6712299184996
3837.7403930664464
3794.6431423439585
3825.4785770839308
3784.0789354037697
3638.5258421289195
3767.591176265002
3807.0383223196213
3633.3625778850155
3840.2189894151406
3832.4840119846617
3834.4626816608097
3658.7234807968644
3762.846223150618
3762.035072527999
3801.7242672712164
3784.1011578826538
3760.841127532054
3757.73110044349
3802.3679963565655
3656.7769870293823
3604.0882094244603
3849.958137519291
3798.2455544778268
3857.219104262606
3887.419711160675
3723.702781358811
3665.614716091589
3697.328781818252
3830.9035001457355
3770.662144955255
3666.3782037162528
3656.913451997749
3809.7943304560094
3892.5971558157644
3800.3665218890355
3933.902935355709
3871.0594573436306
3892.4371498052524
3848.958483574637
3799.7024867819864
3837.2869513053956
3805.6348029591477
3834.116749601417
3672.7073845899927
3789.824924771987
3872.5149465382174
3686.5246226670606
3820.577942012353
3905.962426781493
3835.4842480135057
3818.9981770285317
3838.2066050328453
3886.849763639026
3806.1038466609243
3864.0530907865673
3811.7828142737912
3848.8770363695503
3864.310954653364
3906.042445584883
3882.2282179606327
3786.1549804516444
3718.4296780371674
3817.752939487119
3846.1273519421898
3588.517478994875
3795.257985680124
3887.01017430548
3915.708503074585
3892.0058678788882
3871.233723943369
3677.6095318869898
3835.6308081140464
3849.9291665187534
3928.2914283387154
3870.0347654937527
3852.21448711828
3941.8883208150683
3864.8955428178706
3842.233619293677
3902.731003895494
3764.155960727184
3866.2311077091535
3902.5949654235787
3880.3493015134313
3889.910386573153
3796.9576155309232
3837.946800543533
3826.711605480955
3786.0754014360964
3897.6368906752346
3837.4009744967457
3894.066108095028
3754.2190414299703
3852.584599171781
3892.2671148725385
3868.6256745942874
3846.740389251782
3880.541989954437
3870.95060215075
3841.3380049810353
3880.1496175828934
3832.283453465591
3815.5802964325667
3907.9666860898806
3879.089959955368
3901.5294193476902
3753.3521171142356
3939.107726832264
3677.0175139750972
3863.285258357678
3886.708165130143
3889.1043724567016
3846.560725639412
3883.067436454579
3917.973505656083
3921.837401639967
3906.2846941967937
4027.1243935232756
3943.7730709707503
3867.055430732687
3883.3954759706894
3955.3566427446376
3928.082690413902
3868.680615450753
3925.579963304738
3972.0420279766486
3944.8592695910047
3823.8132652816066
3931.7850325981904
3921.6188635149274
3927.477968384769
3858.7923151387795
3880.4291485445074
3933.810175111161
3927.675919536187
3907.002584691244
3965.78743934745
3959.142802310033
3849.96125139688
3875.2036731586195
3960.4974725840307
3824.0907764859135
4063.9119028420164
3804.785082479217
3640.5362262706394
3891.5492827677253
3919.2174995969267
3931.5764645783725
3922.090089548965
3849.4334854813
4015.526506762513
3944.571006357917
3874.680316938701
3912.3937632872135
3967.8238761281355
3966.2276189379386
3919.4907829667777
4053.722570032277
3870.3750294960823
3958.4009913929767
3998.7998570763025
4006.3412409712423
3831.4011902221564
3988.558313923154
4041.46617769367
3885.771156270856
4028.5745199367957
3978.04530730881
3959.3074014499725
3978.680333859176
4040.39396488708
3984.222078028359
3918.343209165397
4069.923483678026
3803.119082752778
3948.7896294824322
3989.285136227866
3903.7243734966446
4030.74953510702
4059.324371695728
4043.1308307015374
4001.491585514194
4010.039216716752
4024.8090748065188
3983.993897535393
3938.6277263748575
3967.883560673493
3860.330308531745
3802.3716904805615
3999.630988179814
3961.8027344464253
3901.1459636116315
4036.302150340557
4029.318148705056
3839.185747202733
3839.5562566249014
3949.079377937068
3999.0083979494702
4045.2268752419523
4105.129714086301
4074.5970538619067
4063.4139691993223
4065.366850058831
3972.6880220624976
3995.7415747379755
4067.0470901845997
4014.656796556753
4106.958275476476
3912.4762952058386
4036.8112383365865
4073.194677121121
4024.114562447622
4133.87503883309
4025.9174937316784
3850.49960581747
4025.211651958451
4010.905253997388
3931.1885479106772
3945.2924779063787
4037.002463175645
3810.075471475257
4035.7563723252147
3888.2276775712717
3966.9668345721548
3813.1884543002734
4057.4834509632055
4083.2264563471217
4048.5112351699486
3952.417877853971
3942.636214629599
4018.867125407602
3996.412802464439
4076.8413827641198
4071.795741820876
4089.2806973137485
3913.343119077287
3937.0591537310875
4030.6993295022125
3977.5464100363956
4014.206767809188
4084.612872309105
3997.892160342465
3938.7036020474143
4031.8172433768186
4060.764132676636
3935.5587119740135
3995.776733476232
3973.999816493297
4036.9524545401155
4040.3070949789267
4094.832730509848
4092.216579530341
4091.4846920587966
4074.028700890148
4074.6915327816423
4163.091276807034
4066.0082755440208
4110.850638065786
4081.8656169797678
4041.594412548574
4062.267080371392
4047.9069962185035
3996.8784039364327
4039.588366431257
4043.791613227639
4075.1108308178505
4113.708139782654
3825.8765746965064
4063.7205828299593
4082.130639937107
4086.9660831482784
4085.930360360663
4046.4041448633043
4142.991463264317
3901.2355705666682
4051.682757839711
4057.850650789436
4064.7307750373343
4094.396500605818
4173.160627194893
4048.3388686766257
4032.962638479373
4044.2840749442557
4058.8121808186247
4156.67558277902
4102.361315153886
4129.790162530858
4048.57537121845
4043.788844889494
3971.829931695747
3859.7542403664893
4042.608617447092
4056.7255731185533
4044.3410744757794
4100.472207283508
4174.524463337448
4136.1699909026665
4033.9446553567504
4114.635202342837
4065.114153359503
4096.160113383176
4113.973497510107
4082.0907327517766
4063.944468378707
4080.76060622523
4127.238656055682
3977.1469130842934
4095.3150829472215
4090.1338156028237
4162.164784766961
4170.621428529996
4118.260711012137
4108.797385894356
4118.035599852974
4125.120458674531
4088.887371161196
4132.451547526771
3923.108275748162
4041.0211761052938
4142.889279203309
4080.926427354585
3892.4496129673594
4007.2990410140965
4177.04443992967
4142.833672448907
4132.472704706472
4152.829558972095
4188.5440715158675
3940.8070940524253
4107.091346364989
4129.109353711758
4150.385827663332
4106.708769389637
4107.450130671678
4147.849557511801
4135.638292065221
4134.564460937639
3918.1656815183924
4136.37321546868
4113.478856269549
4118.814459506226
4152.69088685125
4032.0273769563837
4125.535014319839
4177.254565117944
4162.380552131881
4183.981758633194
4121.702946560116
4083.154014650388
4107.564170383588
4167.056307430935
4047.231154548277
4178.246421950756
4155.514682782149
4099.385063357024
4106.600412207138
4094.5920557726386
4166.24748458688
4162.393915912948
4065.5585875846073
4121.802087321439
4106.822804271188
4171.014281077039
4153.598026824946
4103.442822321037
4061.1184026582946
4179.776267496306
4169.4234420702105
4163.622627594213
4141.290092204026
4208.000605956224
4148.209741643534
4009.971205051511
4133.523641643702
4077.3117614766757
4159.985549796524
4090.4250171563276
4193.757727793162
3957.7801407553475
4149.45409558726
4084.784702496459
4013.0848578581035
4176.098257398995
4132.490584007045
4163.595638500043
4187.305974814442
4128.513921767907
4152.045333769557
4140.210111509428
4209.633525583976
3868.194020191456
4123.827954323136
4164.175646614832
4111.550168239877
4139.694442362347
4191.35757143056
4244.591363180915
4176.913896613058
4086.040319032738
4029.836283809833
4220.711723033088
4201.108864783902
4083.269125419186
4096.964349460266
4167.568048143483
4158.7748591988975
4158.96589353916
4253.676394108453
4185.125233158111
4119.282082058702
4187.586169582569
4119.7191576126515
4141.11501222705
4166.0991088643295
4109.263202513042
4147.958744953701
4168.471559890169
4231.815396375659
4241.797062972326
4171.1461417344635
4175.41191932069
4197.947773385533
4141.281821968479
4165.48207024886
4142.657114951864
4191.5803528875995
4016.7727268055946
4148.629634142529
4109.396328387542
4080.644554560884
4289.0440004811935
4234.534236591172
4111.358166867105
4200.309720814627
4179.523992436034
4220.887871823949
4103.431533443715
4202.110277530452
4157.155452885046
4264.0411066258475
4140.885972946477
4244.226681357728
4214.465585978136
4200.4100574052845
4182.174598749716
4175.798823902942
4218.34769180938
4256.4305983932745
4234.5938362943625
4213.178976129828
4217.439906986521
4257.180953925055
4076.92539173682
4295.466495507355
4237.755969515134
4229.149895386611
4273.897651456861
4239.138126505956
4286.274462750737
4256.890602418142
4187.655811191253
4212.217756893331
4188.373793114447
4219.974648373328
4234.447221948414
4181.986986617702
4032.857662901559
4126.064415093817
4248.567819290987
4199.245944283657
4253.734470082918
4299.375357874441
4183.258950247703
4199.049621672001
4300.6401561313305
4251.331164172844
4260.328029291794
4277.705018002598
4236.217744653804
4261.89468911686
4190.537879276589
4273.969995978686
4184.489965602826
4152.497970523858
4282.660839799863
4269.024689170778
4228.669031689023
4270.2057689981075
4166.933279187206
4220.797421068469
4217.403464673846
4222.310799507935
4293.797336013527
4339.955399661122
4271.078032426465
4192.579091810446
4342.2719251019535
4207.175670731897
4275.877811705225
4216.395994056514
4233.8277720498645
4212.918138142909
4240.2646453704565
4339.497372575051
4200.659846694378
4140.003561261676
4154.935620908098
4189.983074175447
4274.330812461341
4233.628759484431
4275.171211282985
4236.600056040954
4280.54175367881
4140.719433984262
4213.135021072165
4329.794617101085
4259.677722299351
4162.806947348188
4240.791994446909
4286.129215976737
4250.925076689855
4217.665636078209
4275.783442788403
4300.779932313673
4182.250446504078
4305.1600209964445
4279.83418378169
4232.526934097701
4162.864058932685
4272.088550098139
4291.09074167366
4274.734786148913
4225.484512538048
4309.817906520381
4247.899981755
4259.367613955822
4223.769948866435
4268.740984795682
4318.2609521333925
4072.9657050294213
4028.7063984836373
4304.870126667463
4274.615941728809
4275.277722021736
4057.41083215694
4273.033401124261
4356.144809074202
4314.461099958394
4188.549345817901
4246.188875608449
4200.274049803962
4280.476854894575
4312.236077236912
4333.075067766438
4317.868266908085
4368.413577819703
4364.0357204216
4378.908353120835
4233.579600157249
4316.103615583053
4295.830627514674
4139.2843109071655
4321.510509551704
4252.688643349676
4240.772290313742
4274.4066365876715
4289.547067170572
4295.966220769786
4348.857624547011
4233.3055641772025
4251.098945761913
4344.172263775028
4282.026002119982
4334.492406123231
4278.45099096505
