0.8144329896907216
1.0380434782608696
1.0581039755351682
0.990909090909091
0.7304964539007093
0.7926829268292683
0.810126582278481
0.8143459915611815
0.848404255319149
0.8779527559055118
0.8172757475083057
0.8333333333333334
0.793918918918919
1.0439276485788114
0.8614718614718615
0.882183908045977
0.7040816326530612
0.8637873754152824
1.0891089108910892
0.8434504792332268
0.7373737373737373
1.0107816711590296
1.308880308880309
0.7926267281105991
0.8259493670886076
1.0872727272727272
0.8566037735849057
0.8466898954703833
0.9903225806451613
0.8858131487889274
0.9376947040498442
1.1595744680851063
1.2316176470588236
0.7337278106508875
1.093189964157706
0.8050632911392405
0.9194139194139194
0.722972972972973
0.8711340206185567
0.8490566037735849
0.8614609571788413
0.8614130434782609
0.7987804878048781
0.9962546816479401
0.806970509383378
0.8725
1.2402597402597402
0.9266503667481663
1.048
0.8269794721407625
0.9245810055865922
0.7784810126582279
1.0385674931129476
0.8558558558558559
0.8641114982578397
0.7909604519774012
0.8322784810126582
1.1173708920187793
0.9258064516129032
1.0939947780678851
0.8994413407821229
0.891640866873065
0.8712121212121212
0.8403141361256544
1.032418952618454
0.8393351800554016
0.8759398496240601
0.8023598820058997
0.9340369393139841
0.8162650602409639
0.7588235294117647
0.7818791946308725
0.9334811529933481
1.053030303030303
0.8474178403755869
0.8081761006289309
0.711864406779661
0.7383419689119171
0.7959697732997482
0.873015873015873
0.7102137767220903
0.8497267759562842
1.006872852233677
0.9328537170263789
1.1274131274131274
1.1103896103896105
0.9626436781609196
0.6676829268292683
0.717948717948718
0.8711340206185567
0.8376623376623377
0.9856115107913669
1.1148325358851674
0.6919642857142857
0.8315789473684211
0.8114754098360656
0.7921052631578948
0.9654178674351584
0.7952755905511811
0.9025641025641026
0.8055555555555556
0.714765100671141
0.9716312056737588
1.341736694677871
0.949238578680203
0.876750700280112
0.9339622641509434
0.8974358974358975
0.5759162303664922
0.8445121951219512
0.9125
0.9838709677419355
1.1792717086834734
1.0433526011560694
1.069060773480663
0.9429347826086957
0.9017341040462428
0.9344262295081968
1.1165413533834587
0.8421052631578947
1.0874035989717223
1.175
0.9860724233983287
0.9665551839464883
1.203448275862069
1.2283236994219653
0.9622641509433962
1.0
0.8987341772151899
0.7160493827160493
0.8503401360544217
0.9368029739776952
0.914396887159533
1.1660516605166051
0.9863013698630136
0.8303571428571429
0.9814814814814815
0.8991228070175439
1.0658682634730539
0.9937304075235109
1.5467625899280575
1.6956521739130435
0.9490196078431372
1.2331838565022422
1.2373417721518987
1.169291338582677
1.1799163179916319
1.184782608695652
1.3452380952380953
1.2686567164179106
1.447098976109215
1.1853035143769968
1.6042780748663101
1.0806451612903225
0.9924812030075187
0.8968253968253969
1.231939163498099
0.9659574468085106
1.7411167512690355
1.403061224489796
1.2149532710280373
1.3141361256544504
1.2670157068062826
1.5221238938053097
1.2619047619047619
1.6021505376344085
1.06
1.1168831168831168
1.893491124260355
1.6826347305389222
1.5808383233532934
1.5732484076433122
1.5714285714285714
1.4184397163120568
1.2585034013605443
2.198019801980198
1.6721311475409837
1.5986842105263157
1.5584415584415585
1.372093023255814
1.8709677419354838
1.9649122807017543
1.53125
1.5408163265306123
0.9290780141843972
1.456896551724138
1.518987341772152
1.816326530612245
1.6610169491525424
1.6304347826086956
1.65
1.7634408602150538
2.0
2.2125984251968505
2.0350877192982457
2.1333333333333333
2.425531914893617
1.9396551724137931
1.6732673267326732
1.7547169811320755
1.7410714285714286
2.30188679245283
2.0
1.9576271186440677
2.185840707964602
2.356589147286822
1.5208333333333333
1.8429752066115703
2.217391304347826
2.0602409638554215
1.826086956521739
2.275
1.991304347826087
2.966292134831461
1.8529411764705883
3.1846153846153844
2.315315315315315
2.7613636363636362
2.3684210526315788
1.838235294117647
2.3469387755102042
2.244186046511628
2.4444444444444446
2.606060606060606
1.9836065573770492
2.76056338028169
2.1690140845070425
3.1052631578947367
3.032258064516129
3.046875
2.816666666666667
2.03125
3.1176470588235294
2.8225806451612905
1.819672131147541
2.9344262295081966
3.7857142857142856
3.7142857142857144
2.9
2.5961538461538463
4.226415094339623
2.0
4.08
3.8043478260869565
3.3617021276595747
1.849056603773585
2.847457627118644
2.604651162790698
5.5
4.386363636363637
3.42
3.1296296296296298
3.558139534883721
3.310344827586207
4.837209302325581
4.117647058823529
3.95
3.276595744680851
2.871794871794872
4.1891891891891895
5.625
4.25
3.638888888888889
4.526315789473684
3.4705882352941178
4.682926829268292
4.891891891891892
5.055555555555555
6.119047619047619
5.232558139534884
4.857142857142857
5.088888888888889
6.852941176470588
7.75
6.705882352941177
5.71875
5.758620689655173
6.0
7.909090909090909
9.117647058823529
7.44
6.206896551724138
6.3076923076923075
8.7
6.64
7.142857142857143
9.447368421052632
11.615384615384615
9.35483870967742
8.5
7.533333333333333
9.928571428571429
9.071428571428571
10.241379310344827
11.62962962962963
15.130434782608695
10.0
14.142857142857142
10.225806451612904
9.076923076923077
12.285714285714286
8.607142857142858
11.166666666666666
10.115384615384615
12.03225806451613
13.708333333333334
11.892857142857142
15.208333333333334
13.185185185185185
10.458333333333334
22.714285714285715
15.458333333333334
14.958333333333334
18.181818181818183
15.357142857142858
11.678571428571429
17.625
16.391304347826086
15.0
20.2
14.074074074074074
14.928571428571429
18.16
20.181818181818183
14.178571428571429
15.074074074074074
18.04
17.846153846153847
15.181818181818182
19.666666666666668
24.25
18.458333333333332
19.272727272727273
22.791666666666668
24.333333333333332
20.703703703703702
17.185185185185187
25.5
22.416666666666668
18.285714285714285
21.08
24.73913043478261
26.91304347826087
21.0
29.44
21.96153846153846
25.423076923076923
28.666666666666668
28.09090909090909
34.80952380952381
32.68181818181818
28.192307692307693
28.5
29.041666666666668
34.82608695652174
33.083333333333336
28.8
28.047619047619047
34.72727272727273
30.11111111111111
30.73913043478261
29.142857142857142
32.57142857142857
28.0
34.09090909090909
31.391304347826086
34.31818181818182
34.95652173913044
35.45454545454545
34.1
33.08695652173913
27.923076923076923
33.333333333333336
34.333333333333336
37.76
40.22727272727273
39.0
36.34782608695652
34.916666666666664
40.69565217391305
40.75
39.38095238095238
39.09090909090909
44.45454545454545
44.95238095238095
54.5
41.47826086956522
40.45454545454545
48.18181818181818
52.625
57.86363636363637
49.5
37.64
47.13636363636363
54.5
47.916666666666664
48.333333333333336
55.22727272727273
57.72727272727273
68.47619047619048
58.76
49.791666666666664
44.8
61.458333333333336
64.38095238095238
59.9
54.5
71.3
63.25
61.04347826086956
50.142857142857146
57.8
66.5
57.476190476190474
67.0
61.285714285714285
71.95
61.68
52.04761904761905
71.23809523809524
52.857142857142854
66.72727272727273
65.54545454545455
62.666666666666664
62.63636363636363
70.28571428571429
72.55
69.36363636363636
66.27272727272727
63.77272727272727
72.33333333333333
68.25
72.85
68.75
71.23809523809524
73.3
72.9
70.31818181818181
67.1
60.95238095238095
70.61904761904762
62.95238095238095
70.8
71.15
69.0
69.75
63.55
69.28571428571429
65.0
57.476190476190474
59.55
56.0
62.9
60.76190476190476
68.65
67.5
59.15
58.857142857142854
62.65
57.15
59.0
60.5
63.76190476190476
63.5
72.75
58.65
58.35
58.15
67.55
54.666666666666664
58.6
70.35
68.6
67.57142857142857
71.9
62.65
57.19047619047619
64.25
54.095238095238095
60.63636363636363
56.65
55.8
56.666666666666664
52.2
52.2
56.04761904761905
53.0
48.65
59.333333333333336
46.9
49.6
46.95
43.15
41.3
44.8
46.7
45.15
47.5
39.4
39.1
52.8
45.9
43.285714285714285
48.35
47.35
40.85
47.45
45.55
43.55
46.15
35.45
41.75
37.95
39.95
38.35
35.45
36.1
34.6
34.95
29.75
36.4
33.85
29.0
26.15
32.6
26.15
30.0
34.05
31.6
30.55
35.1
36.05
35.6
32.3
32.55
29.1
31.4
29.4
32.4
35.45
29.35
28.9
30.15
31.6
29.142857142857142
25.7
25.3
26.6
29.65
25.5
29.65
28.0
29.75
27.0
25.0
23.85
26.65
26.7
30.6
23.75
24.35
22.25
24.8
20.75
22.0
24.35
21.35
26.25
30.4
23.85
24.6
25.9
23.0
27.95
24.75
23.5
24.5
22.7
22.45
26.15
26.25
22.7
24.5
28.15
22.15
20.75
21.0
20.25
22.25
23.25
24.85
25.1
21.9
22.0
20.6
20.65
24.2
19.25
21.05
25.9
24.85
21.75
21.0
20.75
20.5
21.05
16.8
21.25
20.05
21.0
20.6
18.45
20.2
19.15
20.0
21.6
22.9
24.05
21.75
19.0
20.9
21.1
20.45
19.05
19.9
21.35
23.65
23.1
19.8
26.5
23.6
22.15
23.35
23.25
28.1
25.85
30.4
31.1
29.4
29.75
32.05
28.1
26.95
26.9
29.05
24.75
27.2
28.3
26.85
25.05
28.25
21.45
24.75
27.3
26.95
26.55
28.6
29.55
24.3
21.65
19.6
20.0
20.7
21.2
24.4
24.05
25.9
28.3
31.35
32.7
31.0
30.25
36.85
39.6
29.9
32.2
32.65
37.6
38.25
37.25
34.35
37.65
34.85
39.5
41.4
36.2
36.75
33.0
34.45
33.2
35.35
30.85
32.5
30.9
35.0
29.6
25.5
27.15
32.2
31.85
29.8
33.75
28.95
34.45
32.8
30.2
32.1
35.45
34.55
33.35
33.5
29.3
30.75
34.25
35.5
32.55
36.7
32.15
32.95
29.55
35.6
29.35
30.55
29.6
28.5
26.95
24.05
28.9
27.15
29.7
30.75
23.15
25.7
25.95
28.0
25.25
23.45
27.3
21.4
25.45
27.6
27.3
29.55
22.0
20.8
23.75
21.85
22.85
23.3
22.75
22.3
20.45
23.45
22.5
24.5
23.2
22.0
22.9
22.75
24.45
24.9
19.95
22.55
21.75
25.5
22.8
19.05
17.65
19.7
21.9
17.15
19.9
19.25
17.75
17.0
21.7
18.7
16.7
17.35
16.6
15.15
16.95
19.05
19.0
17.3
19.1
17.4
20.55
22.45
26.9
24.3
19.85
23.95
21.95
20.8
24.3
26.85
27.05
26.85
28.7
26.15
27.0
26.45
26.7
26.45
27.35
28.7
26.95
31.85
34.6
31.3
30.0
31.6
28.15
30.05
26.05
26.35
25.45
24.35
26.3
27.0
26.85
24.5
26.05
28.35
29.25
27.7
26.2
23.2
25.85
26.85
24.65
23.15
25.8
22.05
24.4
22.9
24.05
21.55
24.0
24.85
22.25
23.15
22.35
22.2
21.2
20.45
20.2
22.05
22.3
19.55
16.8
21.85
22.25
21.65
19.75
24.05
23.45
22.7
24.8
23.8
24.6
29.5
26.15
22.95
29.05
27.85
29.45
31.2
27.85
28.0
30.3
26.25
26.25
26.15
30.25
28.35
25.8
28.1
29.1
31.2
26.5
23.7
31.0
27.45
24.55
30.75
29.65
30.9
35.75
34.55
30.25
32.2
30.85
25.8
27.1
25.55
22.95
25.7
24.8
26.1
24.25
24.75
29.85
28.55
29.4
24.5
28.45
27.5
26.9
27.2
27.55
29.3
27.05
29.55
30.5
28.35
28.1
25.55
25.35
28.5
25.05
25.65
29.15
26.9
26.6
27.6
28.55
25.6
31.6
33.25
30.0
26.7
26.8
28.5
28.15
26.05
23.0
23.4
23.6
25.55
25.85
21.95
24.15
24.2
22.85
23.15
23.15
22.75
20.7
23.2
21.85
21.85
21.4
20.85
21.3
17.55
19.5
17.25
20.15
17.15
18.35
18.25
17.45
18.4
19.45
17.5
17.85
19.3
23.4
23.5
25.05
23.9
22.55
20.05
17.9
19.4
20.65
17.6
20.45
18.85
19.5
17.4
17.7
19.85
18.85
18.35
23.05
20.8
17.55
24.05
20.05
21.2
18.35
18.15
23.15
18.65
19.05
22.8
23.65
25.4
24.25
22.7
22.15
25.2
22.2
24.1
23.0
22.3
26.25
25.05
22.6
21.9
21.2
18.35
22.7
21.5
22.75
19.4
19.5
20.45
22.25
22.2
24.4
20.6
22.35
26.65
23.6
24.45
23.5
26.45
24.7
26.0
22.9
22.45
20.95
23.25
22.05
24.3
25.15
26.25
32.25
29.05
31.1
26.55
24.65
23.7
29.15
26.3
23.05
23.4
30.55
34.4
32.3
33.35
28.7
27.7
28.3
36.3
31.85
34.8
35.75
34.0
33.1
28.2
34.4
31.8
29.35
28.05
25.4
29.5
30.1
32.3
31.05
27.8
32.65
28.95
26.8
27.55
30.8
33.75
34.7
35.45
29.2
28.1
26.65
26.5
27.7
29.85
22.05
26.35
31.85
29.3
28.85
31.05
28.3
27.2
32.65
27.0
26.45
25.65
31.45
27.4
28.1
32.6
24.45
29.7
27.6
27.15
23.95
25.05
28.0
28.7
27.25
26.15
27.1
21.35
21.4
20.95
20.2
22.0
19.6
26.2
22.6
23.8
21.65
21.9
20.65
20.7
18.9
19.05
23.1
24.4
25.6
29.3
24.25
22.45
19.45
17.2
19.55
17.85
20.35
22.2
16.25
16.75
16.05
17.55
15.3
17.7
19.4
21.35
19.0
17.65
18.25
20.15
19.5
17.0
21.5
17.35
20.65
24.3
20.8
22.1
21.85
22.9
24.9
20.25
20.5
23.15
23.65
25.6
25.55
26.2
22.1
21.6
20.3
21.1
22.95
21.0
20.5
23.0
23.2
21.7
25.9
23.7
22.45
23.25
19.9
21.2
23.5
22.4
18.75
23.05
18.75
20.7
19.15
20.4
20.6
16.45
19.05
16.85
16.75
19.4
17.05
15.7
18.25
18.3
20.85
20.6
19.3
17.8
18.15
19.2
15.3
16.3
18.5
17.55
20.65
20.55
20.4
18.2
17.75
17.1
16.8
16.2
19.35
21.5
17.35
23.95
20.45
24.0
21.6
20.35
20.7
21.65
21.15
19.3
17.9
20.6
24.7
22.4
20.85
24.15
25.1
24.0
22.25
28.45
25.85
28.25
27.5
28.4
25.1
23.15
25.95
27.55
26.95
21.75
25.15
18.85
24.05
24.55
32.85
32.05
32.45
28.65
29.65
31.25
28.7
25.45
28.0
23.95
30.65
32.0
34.3
34.3
28.9
34.15
37.3
31.1
28.7
31.1
31.0
31.35
29.3
28.45
31.3
30.0
36.2
31.0
29.75
30.25
27.5
32.9
32.35
32.95
27.85
29.4
34.8
38.05
34.0
38.2
31.1
33.65
35.9
33.45
29.25
30.45
30.15
27.8
25.85
29.8
28.3
25.95
24.4
27.65
23.8
26.1
26.0
24.35
21.0
22.55
25.4
22.4
20.45
22.6
21.95
22.7
22.75
23.95
22.2
21.75
20.8
19.35
25.8
24.4
22.65
26.45
28.0
26.35
22.8
27.7
27.25
24.0
25.7
31.3
25.05
26.35
26.35
26.1
30.0
33.7
31.4
33.5
38.35
24.95
31.55
33.65
33.05
32.55
27.25
36.0
31.2
28.75
32.4
28.0
29.1
25.3
24.8
26.9
29.25
29.3
25.05
21.4
22.05
22.7
21.7
23.9
21.5
19.5
20.9
18.05
22.0
27.25
21.8
25.75
23.15
21.15
22.55
27.4
25.9
24.5
25.5
23.9
23.55
22.3
20.75
22.95
23.95
20.45
21.5
19.2
19.75
19.2
22.1
23.1
19.1
20.1
20.2
22.75
24.8
24.0
26.4
28.45
23.4
21.15
21.05
17.2
19.65
21.5
18.4
17.4
15.85
17.8
18.3
18.35
17.25
17.0
19.15
15.7
19.8
15.65
21.7
19.25
24.6
23.0
18.55
16.9
20.7
23.1
19.35
18.9
20.6
21.95
18.0
18.85
19.3
18.0
19.85
25.65
26.15
21.9
21.7
23.5
22.4
20.9
23.65
23.05
21.1
24.3
22.5
18.4
20.25
18.75
21.35
22.45
23.95
23.2
22.15
19.4
23.05
26.55
23.75
23.4
24.05
27.55
23.9
20.8
22.8
19.05
21.15
22.95
23.45
30.25
21.5
22.8
23.05
23.15
23.45
21.7
17.7
20.75
18.9
17.65
18.95
18.15
19.25
21.8
20.85
20.45
20.3
