1.2008032128514057
1.2627118644067796
1.4816753926701571
1.2151394422310757
1.3005181347150259
1.313868613138686
1.1169590643274854
1.0727272727272728
1.1131221719457014
1.2409638554216869
1.4044117647058822
1.1814946619217082
1.0633484162895928
1.3438735177865613
1.2882882882882882
1.1942857142857144
0.9848484848484849
1.1083743842364533
1.1347150259067358
1.37
1.0305676855895196
1.235632183908046
1.0
0.8369098712446352
1.277533039647577
1.4146341463414633
1.2145454545454546
1.434959349593496
1.2091836734693877
1.2233502538071066
1.1946564885496183
1.0046728971962617
1.3347457627118644
1.3366834170854272
1.0034364261168385
0.8865546218487395
1.0396825396825398
1.0881057268722467
0.7578347578347578
0.9206349206349206
0.9838056680161943
1.3103448275862069
1.5707762557077625
1.1482758620689655
1.1973684210526316
0.9835526315789473
1.0662460567823344
0.8409090909090909
1.0125
1.1379310344827587
1.1762452107279693
0.8867924528301887
1.1494661921708185
1.173913043478261
1.1447963800904977
1.1855203619909502
1.066147859922179
1.1746724890829694
1.0818181818181818
1.6432432432432433
1.1841004184100419
1.0777027027027026
0.9177489177489178
1.2751937984496124
0.9669421487603306
1.1329113924050633
1.060200668896321
0.8815028901734104
1.1047904191616766
1.2449799196787148
1.2074074074074075
1.0970464135021096
1.0255474452554745
1.1072664359861593
1.0406504065040652
0.9182389937106918
1.4251012145748987
1.288888888888889
1.2226148409893993
1.1806167400881058
0.9385964912280702
0.8708333333333333
0.7959183673469388
1.0348101265822784
1.0254237288135593
0.8821917808219178
0.8458781362007168
1.0377358490566038
0.6490384615384616
1.2175141242937852
0.8913857677902621
1.1528662420382165
0.9333333333333333
1.2040816326530612
1.1972602739726028
1.0152439024390243
0.9862068965517241
0.9463722397476341
1.1428571428571428
1.1188405797101448
1.1465201465201464
0.9021406727828746
1.1948529411764706
1.290519877675841
0.8886010362694301
0.75
1.0957446808510638
1.206896551724138
1.241509433962264
0.9793103448275862
0.7455621301775148
1.0586206896551724
1.0532915360501567
0.9411764705882353
1.1243093922651934
1.2162162162162162
0.8746928746928747
0.8611111111111112
1.0552147239263803
0.9109792284866469
0.8953846153846153
1.0816993464052287
1.2579617834394905
0.912751677852349
0.8776758409785933
0.8793103448275862
1.1048158640226629
1.075075075075075
1.0697050938337802
0.9645776566757494
1.0
1.1152737752161384
1.0
1.096514745308311
1.1295681063122924
1.1403508771929824
0.9578947368421052
1.0875331564986737
1.1021505376344085
1.106267029972752
1.2420212765957446
1.1627358490566038
1.1228070175438596
1.2044817927170868
0.9468085106382979
1.2321899736147757
1.0724137931034483
1.1802721088435375
1.2679558011049723
1.3159509202453987
0.9320113314447592
1.2256410256410257
1.2234432234432235
1.2027491408934707
1.2964285714285715
1.2899159663865547
1.2483443708609272
1.2540192926045015
1.224561403508772
1.3992248062015504
1.3838709677419354
1.2779552715654952
1.0202702702702702
0.9397163120567376
1.1779359430604983
1.2328244274809161
1.188953488372093
1.5016835016835017
1.404494382022472
1.1384083044982698
1.0333333333333334
1.2018927444794953
1.126984126984127
1.3717948717948718
1.3403361344537814
1.3662551440329218
1.3846153846153846
1.0107913669064748
1.4327731092436975
1.4871794871794872
1.1397849462365592
1.2946428571428572
1.3004291845493563
1.2927756653992395
1.5044642857142858
1.5083798882681565
1.3346456692913387
1.7880434782608696
1.4122448979591837
1.350253807106599
1.1636363636363636
1.4372093023255814
1.1761363636363635
1.5244755244755244
1.3085106382978724
1.528735632183908
1.192090395480226
1.1846153846153846
1.5317460317460319
1.5396825396825398
1.5635359116022098
1.4108108108108108
1.2335329341317365
1.331578947368421
1.5
1.507462686567164
1.7151898734177216
1.625
1.5379310344827586
1.1712328767123288
1.3508771929824561
1.0347222222222223
1.7054794520547945
1.3106060606060606
1.1782178217821782
1.8507462686567164
1.46
1.2857142857142858
1.5454545454545454
1.6774193548387097
1.5163934426229508
1.0625
1.631578947368421
1.5121951219512195
1.5647058823529412
1.1858407079646018
1.5918367346938775
1.7007874015748032
2.1666666666666665
1.0714285714285714
1.3833333333333333
0.8734177215189873
1.5308641975308641
0.9278350515463918
1.7456140350877194
1.643835616438356
0.8970588235294118
1.3983739837398375
1.2083333333333333
1.1733333333333333
1.4375
1.511111111111111
1.5070422535211268
1.1910112359550562
1.4054054054054055
1.4606741573033708
1.1666666666666667
1.1523809523809523
1.1111111111111112
1.1494252873563218
1.075
1.0963855421686748
1.608695652173913
1.457142857142857
1.3263157894736841
1.1494252873563218
1.4852941176470589
0.89
0.8699186991869918
0.7413793103448276
0.9523809523809523
0.9438202247191011
2.0681818181818183
1.2407407407407407
1.9146341463414633
1.1967213114754098
0.8214285714285714
0.9210526315789473
0.5918367346938775
1.1492537313432836
0.8607594936708861
0.9315068493150684
0.9411764705882353
0.8412698412698413
1.2741935483870968
1.3409090909090908
1.4186046511627908
1.5714285714285714
1.2941176470588236
1.2162162162162162
0.8974358974358975
0.855072463768116
1.625
0.8688524590163934
1.0
1.0869565217391304
0.6216216216216216
1.2115384615384615
0.4
0.7755102040816326
1.5454545454545454
1.0819672131147542
1.0476190476190477
0.85
0.972972972972973
0.6037735849056604
0.4528301886792453
1.2222222222222223
1.4102564102564104
0.9833333333333333
1.641025641025641
0.9787234042553191
1.125
0.9193548387096774
1.0851063829787233
1.2647058823529411
0.4772727272727273
0.5686274509803921
1.5833333333333333
0.7105263157894737
1.6578947368421053
1.1875
0.5
0.5434782608695652
1.1568627450980393
1.3414634146341464
0.6341463414634146
0.8571428571428571
1.0303030303030303
1.24
1.358974358974359
0.9333333333333333
1.3243243243243243
1.725
1.4
1.5666666666666667
1.0731707317073171
1.641025641025641
0.5853658536585366
2.2666666666666666
1.4473684210526316
1.375
2.076923076923077
0.8461538461538461
1.4864864864864864
1.4
1.411764705882353
1.0909090909090908
1.35
1.6136363636363635
2.6666666666666665
1.4324324324324325
1.6388888888888888
1.1428571428571428
1.121212121212121
1.0
2.3421052631578947
1.0571428571428572
2.4516129032258065
1.875
2.4814814814814814
2.0
2.0
2.5483870967741935
1.5142857142857142
1.9
2.033333333333333
3.225
1.3333333333333333
2.4705882352941178
1.9090909090909092
2.3142857142857145
2.2333333333333334
3.8666666666666667
1.1764705882352942
2.6
2.4285714285714284
1.9210526315789473
2.176470588235294
2.7419354838709675
2.0294117647058822
2.6666666666666665
1.1142857142857143
1.8857142857142857
2.2758620689655173
4.166666666666667
4.375
3.607142857142857
2.903225806451613
2.7058823529411766
2.7142857142857144
4.857142857142857
2.46875
2.21875
4.172413793103448
3.9642857142857144
3.257142857142857
3.5
5.424242424242424
3.84375
3.59375
3.5625
4.214285714285714
3.515151515151515
4.45945945945946
3.9714285714285715
2.9615384615384617
4.228571428571429
4.481481481481482
6.115384615384615
6.0
4.083333333333333
5.71875
5.518518518518518
6.2592592592592595
6.314285714285714
4.615384615384615
7.258064516129032
5.090909090909091
8.566666666666666
7.038461538461538
9.066666666666666
7.642857142857143
6.423076923076923
6.458333333333333
9.714285714285714
4.655172413793103
8.2
6.0625
8.571428571428571
11.166666666666666
7.206896551724138
9.73076923076923
10.75
11.89655172413793
9.181818181818182
10.92
9.866666666666667
10.346153846153847
13.392857142857142
10.0
10.041666666666666
11.423076923076923
11.535714285714286
9.5
7.148148148148148
15.2
12.869565217391305
10.387096774193548
16.708333333333332
11.038461538461538
13.147058823529411
20.952380952380953
11.482758620689655
24.523809523809526
14.12
16.48
16.37037037037037
17.137931034482758
15.28
12.653846153846153
13.590909090909092
15.375
17.96153846153846
19.357142857142858
18.045454545454547
22.625
23.0
25.26086956521739
19.185185185185187
25.476190476190474
16.53846153846154
27.076923076923077
22.291666666666668
24.043478260869566
19.03448275862069
25.608695652173914
27.458333333333332
21.818181818181817
21.818181818181817
36.76190476190476
30.12
26.96153846153846
27.045454545454547
26.047619047619047
40.333333333333336
29.48
32.32
27.5
32.04545454545455
24.28
25.608695652173914
31.47826086956522
33.34782608695652
33.32
32.208333333333336
31.772727272727273
37.42857142857143
37.52173913043478
30.125
33.34782608695652
37.416666666666664
35.0
41.84
43.31818181818182
44.142857142857146
43.91304347826087
44.541666666666664
39.22727272727273
39.708333333333336
46.65217391304348
50.333333333333336
49.96
50.04545454545455
48.59090909090909
44.666666666666664
43.59090909090909
53.23809523809524
52.86363636363637
71.75
56.34782608695652
64.77272727272727
57.61904761904762
67.5909090909091
59.80952380952381
53.69565217391305
65.0
67.6
65.1304347826087
60.26086956521739
63.45454545454545
75.125
60.1
71.05
75.38095238095238
69.8
70.66666666666667
83.35
69.36363636363636
68.48
60.869565217391305
81.8
77.55
76.04761904761905
92.38095238095238
84.1
84.66666666666667
88.68181818181819
87.04761904761905
90.85
70.72
84.28571428571429
77.95238095238095
97.36363636363636
84.61904761904762
78.33333333333333
80.2
89.8
100.35
103.04761904761905
87.0
88.15
92.85
95.95238095238095
87.2
94.6
97.3
97.61904761904762
91.85714285714286
103.6
105.85
98.71428571428571
101.1
108.6
112.7
109.3
117.65
115.3
145.4
134.9
127.9
141.0
138.5
150.3
148.1904761904762
151.1
146.71428571428572
146.7
142.0952380952381
143.75
136.6
131.7
139.8
149.42857142857142
154.05
142.25
154.15
141.2
151.75
149.05
148.6
150.55
143.3
151.1
135.8
150.8095238095238
133.4
131.8
140.05
135.75
133.1
122.35
110.0952380952381
111.9
112.5
110.7
115.6
115.35
111.2
115.9
112.35
101.4
102.45
94.6
83.2
85.85
93.2
86.42857142857143
90.95
89.25
85.3
85.15
71.65
80.5
74.5
72.45
75.95
74.8
63.65
62.3
60.45
66.1
64.1
63.6
61.05
61.65
59.85
51.95
51.85
53.23809523809524
51.15
50.75
49.85
49.0
45.4
44.4
42.4
48.95
50.9
42.55
45.55
50.9
45.75
42.25
43.2
44.5
43.15
40.55
42.5
38.85
43.8
41.4
39.25
37.5
42.25
38.1
41.35
36.8
37.55
37.35
40.3
34.85
45.05
33.5
38.3
33.95
31.05
35.55
31.25
32.35
32.6
32.85
34.8
30.2
36.1
30.15
33.4
28.5
28.6
29.6
28.95
29.6
29.3
31.4
28.55
27.7
28.3
23.2
24.35
30.1
28.55
27.3
27.3
25.8
29.4
25.6
27.8
27.75
30.75
26.4
30.7
30.2
30.05
30.8
29.65
28.7
27.65
31.65
28.3
28.6
27.3
26.0
24.55
21.05
26.5
22.0
21.95
23.05
22.2
19.8
21.3
25.35
23.7
25.15
22.7
25.0
25.5
22.75
24.0
25.15
26.25
24.4
23.35
26.75
26.35
24.35
23.85
21.55
24.9
22.9
24.15
18.4
20.0
23.85
22.1
25.0
22.1
21.75
24.85
24.85
21.571428571428573
23.8
23.05
21.35
21.6
21.25
25.0
26.7
25.35
23.95
24.2
24.95
19.85
26.75
26.3
26.8
27.7
27.6
25.15
26.75
21.8
24.4
23.95
26.3
23.85
24.65
22.85
26.15
28.8
25.1
23.05
24.4
24.4
24.0
24.5
23.9
22.2
26.0
22.8
26.45
20.95
20.85
20.65
22.2
20.7
20.95
22.9
20.047619047619047
18.55
19.25
20.75
20.0
21.1
17.1
19.75
23.15
21.3
20.4
19.55
18.65
19.8
18.65
21.55
19.85
19.7
21.15
18.6
19.95
22.38095238095238
22.8
22.3
25.25
20.6
18.45
21.85
18.75
19.25
20.9
18.65
21.4
27.55
23.35
23.0
26.05
25.5
24.65
23.8
21.2
21.75
22.05
23.95
22.35
23.45
22.45
20.9
22.1
20.523809523809526
19.55
18.75
19.2
17.4
16.3
18.35
18.2
20.55
21.5
20.6
22.55
19.75
23.1
20.35
22.1
22.45
18.85
21.5
19.65
19.6
20.55
20.55
22.0
19.35
19.5
21.6
22.15
22.0
25.25
22.65
24.4
24.75
25.9
22.95
21.55
22.8
22.2
24.35
21.25
23.4
26.1
24.55
27.85
26.35
35.35
31.3
28.55
31.4
34.35
35.3
35.6
27.95
28.15
33.05
32.9
35.55
27.95
26.35
25.85
28.75
25.8
25.95
24.15
25.75
23.3
21.85
21.25
21.3
23.2
18.35
19.95
19.25
18.35
18.0
17.7
19.2
16.85
18.55
21.05
17.45
21.0
19.714285714285715
19.85
18.1
15.8
15.15
15.5
16.2
14.5
13.3
12.9
12.55
13.55
14.1
16.2
13.05
14.2
14.1
16.1
15.3
14.15
14.95
18.95
17.65
19.9
17.55
22.1
18.65
20.4
22.45
17.3
12.55
16.25
13.7
13.6
16.05
19.2
17.6
17.95
21.3
18.95
22.5
18.1
18.25
16.35
17.15
19.45
20.05
17.95
18.95
19.45
19.2
18.75
17.4
20.35
20.15
29.1
26.65
26.45
26.5
23.3
27.5
26.85
26.1
27.15
24.55
22.4
26.4
23.9
24.5
26.85
22.95
28.6
25.6
22.25
26.9
27.15
28.1
29.15
29.05
24.45
24.3
25.25
27.2
25.2
25.0
19.2
19.15
29.05
24.25
23.95
23.8
21.25
22.4
26.8
28.5
32.75
31.55
30.55
28.65
31.95
34.05
30.2
31.05
26.3
27.7
29.75
27.8
26.0
26.05
24.5
26.7
27.55
27.3
26.25
30.45
24.1
24.5
23.05
22.85
25.25
28.45
26.85
25.1
29.2
27.55
26.25
27.8
25.85
30.15
31.8
26.5
22.95
23.0
21.55
24.6
20.7
21.95
22.1
19.5
23.3
22.7
20.15
25.8
23.85
20.6
18.35
21.4
22.25
20.05
20.75
21.35
21.7
21.85
23.6
25.0
21.65
24.0
22.1
23.55
21.2
21.2
22.95
19.2
22.95
24.3
17.65
22.6
25.85
22.9
26.8
26.75
29.0
23.35
25.05
25.3
26.6
24.85
24.35
29.9
27.7
24.3
25.1
25.35
23.1
22.85
22.8
23.75
20.45
21.25
22.1
19.85
18.95
22.8
20.9
25.65
26.0
24.2
26.5
25.45
23.55
24.6
20.5
21.55
17.35
18.55
20.95
18.45
19.75
23.45
17.25
19.4
20.55
22.05
16.05
19.3
19.65
22.7
21.85
22.4
24.55
23.95
19.7
25.85
23.0
26.8
26.55
32.55
33.85
30.85
33.55
34.95
33.2
33.9
31.7
32.55
31.05
29.15
27.9
31.65
32.2
26.85
28.95
28.35
25.25
27.3
27.4
26.15
26.6
25.6
27.65
27.2
25.7
23.1
21.75
21.95
24.1
21.75
26.3
23.95
23.25
23.05
30.1
26.2
29.25
25.45
24.4
25.45
24.85
28.2
28.15
25.5
23.5
28.85
22.9
24.4
21.65
23.9
25.9
26.9
29.65
29.65
28.4
25.25
24.4
22.75
20.0
24.5
29.0
29.2
30.75
26.95
33.5
34.6
33.25
31.55
29.2
30.15
31.05
27.15
29.95
28.1
26.8
32.25
31.35
28.45
25.3
28.8
29.65
32.75
29.55
26.6
28.6
23.5
24.35
24.8
25.05
28.85
24.05
28.95
30.15
26.4
29.2
23.85
24.6
22.15
23.7
21.15
23.85
21.6
21.55
25.65
20.65
24.0
23.3
23.7
25.0
23.0
25.65
23.15
26.1
24.7
22.5
25.35
25.55
27.25
24.6
21.2
23.65
23.05
19.15
19.6
17.5
19.75
21.25
23.85
20.75
19.05
19.7
15.05
14.25
18.65
16.7
16.5
17.45
19.4
21.7
18.45
19.8
23.0
20.75
17.5
20.85
23.45
21.6
18.35
18.25
26.85
22.4
22.25
24.65
25.95
24.85
25.5
30.5
32.3
32.25
26.15
25.2
23.7
23.35
18.05
23.15
25.05
19.2
27.55
24.15
22.05
24.15
23.95
23.25
25.7
24.9
24.2
17.05
18.75
21.55
22.3
22.05
25.9
25.65
28.5
27.8
26.45
25.1
29.6
23.3
24.9
28.65
24.9
28.05
28.4
31.6
29.45
30.3
27.95
23.4
19.5
19.6
20.2
21.0
24.35
21.0
14.6
16.5
17.05
19.2
18.15
18.0
19.6
19.15
17.25
17.6
19.65
18.15
20.0
20.7
18.2
19.35
17.05
19.45
18.35
18.45
21.25
20.45
16.3
18.0
19.4
21.7
17.95
17.65
19.3
20.25
19.1
23.35
20.45
21.65
19.7
21.15
18.7
20.0
21.45
24.0
27.45
24.95
28.15
26.75
25.85
29.55
30.05
28.2
29.55
25.35
25.2
25.9
23.1
23.7
23.75
24.8
24.7
21.65
22.15
22.55
22.4
21.2
27.6
25.35
26.1
27.95
24.25
25.05
25.75
22.15
26.9
31.1
27.9
27.05
30.55
29.05
34.0
28.761904761904763
30.5
27.75
25.1
27.45
25.65
28.2
27.05
29.4
29.75
26.55
24.8
23.75
27.55
24.7
24.75
29.6
29.85
29.95
27.6
28.65
26.8
26.95
23.6
24.55
26.65
32.15
28.05
27.85
32.05
31.0
26.0
22.95
27.65
22.2
21.95
26.35
22.2
23.2
24.5
24.7
25.55
27.35
28.45
23.0
20.35
23.5
28.25
23.45
26.65
26.15
22.15
27.2
