-53.719902491776764
-87.6030172461292
-93.92974654268447
-81.55304453880507
-102.19414191695125
-144.42504767047305
-113.45465659425368
-123.83937211712667
-81.13368547036185
-124.25761500650623
-71.11792527262044
-75.41584901203174
-75.28643998423289
-77.34601259417317
-73.32364436286963
-107.10907245250895
-95.45718848448436
-94.38065804498656
-106.1708377886016
-65.8760187463218
-93.38708689605389
-109.56934259166803
-90.14747309417342
-83.98232839909467
-86.4878059095691
-86.00696957048976
-65.80999041070922
-59.203797019037
-93.06630524334874
-94.66591086079804
-74.79145969967111
-67.28337111318505
-78.60466357999974
-96.00725546965305
-51.70137415929728
-72.94748437504833
-69.93947493518294
-66.66101183439406
-52.067692736338714
-53.145947305318586
-77.58906117408686
-87.15049625009615
-66.38658465514855
-68.61960846465507
-80.10376478676626
-63.56777231926318
-51.037533783215814
-60.50870936593043
-62.17652870192696
-83.32946689093936
-57.835895879002
-60.399551482772296
-52.8033094627146
-78.98460525142447
-63.386509671153426
-67.83507869756937
-52.78877481418139
-68.92233852130312
-51.732239603920185
-55.88435363199739
-70.42095662680545
-45.774108878153164
-63.089689835683906
-57.28034693375954
-53.44254703675368
-53.80117661107887
-42.4729573696736
-36.650926088546974
-38.17376228050066
-49.379816260515916
-48.608890517641
-58.59615757967461
-47.636753250967175
-44.03744949608085
-50.76534747488768
-42.25496678327181
-50.897282240907266
-36.52036609470027
-43.99004755771764
-53.09837468349752
-56.45085454090316
-48.86598802208748
-39.0262529939673
-39.01141554752535
-42.7591773145098
-31.841317296818936
-34.173908796007616
-37.007791213982536
-57.53628339423979
-28.256895714359263
-41.585520872779114
-30.478651207115064
-33.351262801905975
-29.374280098397463
-33.063031909273306
-30.077770642172055
-29.93220412295581
-29.83170882395025
-31.8777814076693
-31.506006871789545
-34.3095777255594
-23.001262994024422
-34.345725421162115
-28.517941809585388
-20.217995384926173
-30.484908725596107
-26.362409066398094
-34.59420723818844
-24.43182414325358
-29.55992477248643
-26.07414995971469
-32.529776635853516
-26.56924998994591
-16.691574356376275
-15.255008450810745
-25.35693794967243
-18.09082678550866
-24.35056503795286
-22.363111911689032
-20.853744718515365
-20.865612447311484
-19.97146526952718
-19.572600703252693
-22.43855713436193
-16.548492146336265
-22.232413794282394
-17.07558188701671
-12.017876407286925
-15.461616376946074
-12.342263684737283
-14.6121330440826
-15.76116529387834
-14.084455856605718
-10.923322315158218
-12.985793712108206
-17.339912954957438
-22.703687902692874
-5.658225527164194
-8.241975680942657
-8.798979201558458
-3.672051985905998
-8.034743040030033
-9.63245804524734
-7.366866204891557
-4.893218735336062
-4.949684748582345
-8.353479061817833
-9.453108912737513
-3.7265119878936788
-6.517909660366136
-5.65440956186882
-7.1605777623578994
-12.254828394026786
-1.0865048227498506
-9.517819478020177
-5.05177741028646
-0.1314281963709347
-0.8904400622745566
-2.0599698426302933
-3.4393364194392473
1.9429469166230355
-0.575134709515817
3.29267723022345
-1.6592694296975976
7.013011555767686
0.8876199016723779
7.138029665956652
5.242366601499012
-2.98248763171429
4.2497599189411295
7.478961411473506
7.213563996496359
6.686582357247466
5.058338903004107
7.832845065681923
10.617289149911064
5.594156303039838
11.878876054695633
10.871963901612077
11.668581852494201
12.295647316625736
11.701345011830657
17.509971481087188
17.858959204329416
18.77236618583692
19.300167535245215
20.370700672622853
19.291335479285674
22.0116305093062
19.955906576395904
23.095116835772178
24.12328797193192
23.009703588372872
27.928886471947724
25.18384048616281
24.787218078879036
26.961751247069643
24.889880455927127
27.624583795091045
29.78500288137458
29.01893807321188
33.45797498686638
34.49973669497507
30.786080579514543
36.291912350217665
36.748269231818675
39.49897281067043
39.67734269492102
45.990353964377086
40.677950923124854
37.63279467510429
43.98512122548065
45.07567236207868
42.19794140057217
52.382283436671536
48.16238637883897
45.1236263949179
45.209561713062485
50.104890317128934
68.37821054890998
50.632529283907495
53.65712455146781
63.04516308076172
63.321689669200794
56.50449136573767
60.72437130718749
68.76568155717524
60.940888823435
70.69302509430892
65.47259264947661
65.37381590206428
64.70713385399021
81.55071613597522
79.46822763705931
72.36832023881823
90.73426788892709
91.49747379666707
63.45068652221776
92.32314078225077
92.97394870146634
77.73752810536327
121.54450700641485
88.56596191115845
87.29834105924682
100.10956635937144
96.42882244806928
80.05430684549876
83.71645356382061
92.83016116046376
79.41021839368447
101.46679753866547
91.63339938602562
122.10078390027827
106.22013416318045
84.65757380936708
101.6118765042434
122.07240224426698
91.36390067460984
96.6722362079601
111.51835679029845
137.61906352601724
99.00387095828793
114.77315450139962
133.3671394347171
132.39616623376955
147.0665177962582
112.19424897249519
125.49722536123335
166.9965453166017
133.1943711893646
117.85523969390242
129.20265939254392
158.07440616234658
155.43882909961172
143.4450453047178
199.3715726264645
184.19033773122413
167.85646895175628
140.5218482281544
194.00545105907005
224.4153842923051
128.31249989877372
196.88527677627545
171.49158408233777
180.00049414843585
155.97276836675715
210.54454459252472
179.55168347904933
203.5041898335185
211.66991556161761
173.7864558717382
171.015175656824
241.83544645512063
177.76722698552143
249.2688040621933
212.01488267608042
187.1238700534996
224.1759872515983
238.19073218125212
198.8097411818388
241.5983579344459
217.79013050085206
241.39137592541556
190.65696261945166
211.05698266594575
272.05706237940456
233.4118119154324
224.27159598125778
241.23180988818896
289.5597415532761
235.96514987018654
345.50949559714763
249.62906408247838
230.39740156057542
221.7987358159878
236.18560769302593
270.68612255757597
271.03309793293727
362.7584241720522
249.55372669650453
283.7166608959598
261.71565163879677
285.9281675860374
282.66897853706956
278.58510366773066
314.74720131935334
296.5110842518521
330.0902445722727
310.4257991580686
395.8058384655869
320.52581330769686
378.43749557999433
443.1788698421409
311.4019966108392
342.53280341831834
350.2100605185755
366.9566350446284
406.54543063285183
302.03455425489483
294.4775132849026
396.48751646598544
348.2290505337448
390.61911669334745
380.1519740319216
347.2524303556502
323.5427877951251
348.9272569758818
361.19813871255315
470.88580972212685
303.1275114427851
422.01883898802
386.80227492204745
471.1869283541944
460.6177066441783
367.8681817644258
446.2693680826103
432.40046356688003
411.87947176124123
410.43264229247984
470.0952974178741
424.5147237969024
394.4275338362182
482.0223170894302
493.096680277484
448.1307513783864
544.5057426431424
534.68158799764
420.5723578356269
420.84399598893253
511.12458623115396
394.9985742190531
558.8654772206576
457.04033203487114
433.3401859174677
593.1531176348334
545.6991043083807
595.1294325926149
649.3888930780738
539.1371868700118
500.34153544045535
585.5503892137752
519.9007503365235
521.3434694145792
477.21149815058254
629.763479444907
623.0581491039285
583.6619078587986
614.7929527834492
616.272646447191
582.1325463162698
544.6065615200615
614.9857675908904
577.5437225799332
629.8736384166682
640.5059431006777
533.6432030384478
682.2273519554353
569.7555898347636
708.5624938149459
755.6714498179912
858.3997618304442
715.3016719964216
654.8729812581523
796.2204930592542
694.1230286384867
741.9229165313419
644.605603667239
799.3421542174427
632.967509589426
820.120714474373
662.8153434279452
737.9795018972561
826.4558222684587
773.0063794862876
838.8788093350249
849.153708497389
716.5769396240781
786.5520419981142
689.7344563309864
739.6959683939104
863.9336106023914
817.1510855409089
912.9947884156646
975.0960778012104
918.0334792092888
997.410966779602
965.7557221364384
865.7906654507484
824.2399513123426
1006.2525053710808
903.642646749757
921.2532541654158
890.8388442282636
919.739307053476
823.6970585432405
769.9148311334932
1176.2676606300302
987.9475494832335
914.4842472930584
1082.1371494291866
942.7432385611289
861.8810952759342
1364.5170808017351
946.2572481944418
1350.5903257171053
1031.4124204600166
1016.7633706366574
1020.3161453570712
1066.7949568133606
1001.0006242245447
1001.3024124408998
1097.7820469159449
965.0247915915724
1136.4559680461875
1093.3184105949194
1301.8917164322024
1259.6439730983755
1182.6854267779893
1184.2769870122459
1164.9847497763735
1407.6643466536025
1060.5121979280016
1251.1143129162724
1239.7159680861444
1403.743493949925
1207.0809743433135
1513.9484936009976
1418.7949569242674
1318.5693377793427
1269.849697421704
1612.5498397086053
1365.4510874942937
1326.5468870789873
1386.62894958511
1352.1864132060593
1474.3107641936701
1342.2905685785781
1432.8725746945572
1254.325072947918
1444.8013838603204
1307.154143078685
1394.8638634623242
1530.7078577530033
1484.80799331748
1425.5091764372505
1340.562144147997
1519.642724218595
1630.959368114117
1540.8752152112095
1410.4465257235559
1546.2295837246256
1524.7782022421115
1388.7881594914743
1486.8492708009608
1561.1232340118522
1666.9154491476645
1632.466227777893
1566.5437401663642
1552.8277752669562
1407.134023258839
1549.6583989328137
1653.2597270146382
1595.106351953101
1634.352941635162
1574.839699102226
1478.48877986161
1665.5372230113098
1845.9930057069862
1619.3866679449295
1948.3250452394307
1583.8805456065309
1814.0896424846485
1743.901802027965
1866.1291929694933
1883.2417830808
1666.9361918627433
1891.2178325412067
1924.9713325718735
1834.6317494210136
1743.7130080753993
1785.7911867300427
1892.284161321303
1841.4676188882033
1914.091133686424
1913.0826092432894
2028.4042097246627
1937.7841314218347
1938.4454245647175
1799.122633969748
1813.5943384163393
1742.495321359829
2110.2147299377157
1964.9602998960104
1987.3062876411773
2088.8432738080164
2091.7944290779105
1949.2745545564017
1998.3093504709452
2075.0808066956
2134.6595263944973
1653.1652526928724
1975.4454179334007
1996.4653273185493
2167.487843450489
2134.3744481350345
1909.4194789058847
2004.1699619087497
2134.5475760794907
2211.446533565847
2266.786866007878
2015.815351726449
2091.722317373876
2169.461124856483
2155.759875932339
2234.924457339941
2250.016727461055
2365.63645947203
2130.1586746470443
2213.6817845044184
2360.4836927447113
2370.050817428352
2159.8010922977414
2271.667572163365
2389.2735705922037
2334.227177434529
2344.85188656688
2434.7473845771533
2372.7705717260114
2474.1435519348533
2393.070555120456
2366.719135223674
2487.6865420877825
2444.2426637045282
2504.4207345745253
2463.0408900764064
2514.8331146020746
2397.181116096092
2481.0280857933403
2387.2753490808936
2525.111012210319
2524.8499955740463
2458.1422193772696
2479.7705034227806
2517.3110240774636
2552.986301438614
2570.9549738765563
2573.733510841834
2562.186272048988
2600.9173291259103
2585.107305235314
2576.6973770117092
2592.0885322592935
2564.144019543349
2538.328719663234
2517.7277547424815
2534.5130895167435
2608.970338753568
2606.1728788336154
2623.4864849346027
2608.6645678039213
2579.353620492605
2563.356870072244
2473.3447996724476
2603.0246257321946
2597.672171930343
2604.3470991142767
2622.0530847412083
2615.3277464302178
2627.6839706904684
2636.6901645767302
2617.559278939135
2624.780858232066
2632.1596346181677
2573.2863619947293
2615.480734405098
2620.6990536632084
2646.300031802243
2506.302491951421
2643.7262833479463
2632.019544853075
2630.422477526064
2638.541919380767
2632.414773248751
2644.6836925456523
2646.745737387274
2639.4301891619953
2599.7547215099953
2647.868825074505
2642.66302468259
2646.9020457379734
2647.5315146330786
2650.641619065521
2660.249335391164
2656.794827218564
2661.340384030679
2670.473067084346
2668.82096973786
2663.1253564940316
2672.5851475267295
2560.1673889315557
2668.2664905518964
2668.9194362414864
2669.2258161924765
2682.4488423326434
2671.8118922076155
2686.33833295899
2681.644400561863
2680.5562934594045
2696.3491815706884
2684.372343746939
2703.6399008915387
2710.8369542887253
2705.445313248451
2696.1354433552133
2712.028486592563
2713.2472448411936
2709.21255292897
2715.8691645259123
2721.1235017377658
2724.215030827146
2726.5492916294565
2735.5007029305034
2734.7540622567467
2731.55514102699
2740.7658830333544
2729.8549520325646
2741.6543962274945
2740.276880091721
2747.376639708872
2748.9258694390346
2755.503961554891
2748.4719912624537
2756.1951902516835
2749.5631511861243
2761.098428419184
2747.9259321289655
2750.619101151637
2762.3472498680485
2756.5861125914544
2754.425336283583
2764.8636077803753
2766.0412349052062
2779.718147441611
2777.344162473373
2780.628876398513
2772.0463390712994
2785.855919915275
2777.122242450563
2773.836228418363
2786.650146917621
2786.0880016946476
2790.407916203511
2788.7613624439878
2800.877743208652
2785.168365608415
2783.4649552262626
2786.9875906354164
2783.42792425748
2787.7934814931796
2802.2814535767025
2800.2195750752753
2799.490624367177
2795.4874884725855
2798.6235631132085
2806.626472743728
2808.8623323121064
2808.390762972377
2813.1814908370793
2824.616324064374
2816.056048389779
2829.016779935091
2827.5855645385063
2825.896079094204
2820.3489601419883
2835.763624795828
2824.1703793043043
2828.4019394535326
2831.47509928094
2829.794640287818
2832.2780666675594
2833.195931164848
2700.137005283216
2825.97337346809
2816.9526328610586
2827.4373823977016
2825.0195910636476
2821.0849191627476
2822.034019948611
2835.3191621762917
2816.7981641949937
2830.933595307474
2843.624842023741
2846.063593651192
2851.7886684475134
2842.995572916452
2847.157083738964
2851.0729751721137
2856.139805740918
2849.0914866284634
2854.4376062056585
2855.7542684481036
2852.1062675792864
2856.3727661507123
2868.823813138457
2857.557130671969
2857.634097042769
2865.9487225858106
2857.7147443621784
2868.4133056568876
2858.5054619064504
2863.14397182889
2848.6080448990692
2860.6571793103553
2867.1996758880146
2864.259750737697
2872.483166152293
2871.7331643840516
2869.532708764351
2882.1724979622513
2880.8493091167393
2745.9546047622216
2880.51457128471
2882.018906033663
2883.372246416295
2883.8683172556734
2890.359615628028
2888.8059554434285
2889.1816175285794
2891.8369480217943
2890.03716632879
2888.292640915256
2890.876112718878
2892.361524202091
2889.925699306971
2893.254453026412
2893.9899295936675
2898.292336871076
2900.844592420986
2903.919879239213
2905.0382005829483
2910.401672237322
2901.2709369791287
2910.2072536777096
2911.469394813834
2910.9118500785366
2917.834546572771
2915.009192525544
2917.1634564787355
2914.746878234477
2912.742914642619
2911.248033181705
2917.4936889089145
2913.872023135349
2918.508666110186
2916.492883018328
2921.890392286878
2914.9103159930673
2918.976902201014
2921.38691689406
2920.8140102673315
2916.011596700855
2922.8849269998423
2920.928295037535
2923.54957158068
2925.0476688930985
2927.9994087661316
2930.846697172316
2788.729333485377
2930.324576184737
2926.3891658410885
2929.1444370658664
2927.0113522439847
2929.9323601120896
2925.349239308639
2930.279487926719
2928.202654559921
2930.8170099573094
2927.4257613025184
2928.9789460446045
2934.3988941358693
2932.7484545021525
2936.474142473763
2937.1173594603183
2935.66938049372
2943.7748215085094
2938.432557508332
2945.899094701303
2938.877683020532
2811.0016369550995
2953.9612714263108
2949.2826580833125
2952.539620994514
2944.3154021445876
2948.2346447316163
2950.8087357315917
2943.842043990513
2948.1971679977332
2945.50205751466
2947.068873625471
2947.2341024362127
2955.9279397173373
2953.43988180284
2958.6223000396085
2956.859637754962
2960.8882811258068
2831.721299129106
2948.580561979582
2951.8282623713408
2949.1606213465666
2948.553013785612
2947.6228559299443
2947.7782805059346
2948.510065959679
2942.481493515253
2944.16656356231
2952.910395625674
2811.227579532141
2946.0148931626595
2946.966769839385
2942.635644277331
2941.1039427143533
2945.2650124066326
2950.303482654381
2947.990875618864
2953.4536061974077
2959.879907990232
2955.2205009880126
2955.720901467969
2844.739852244352
2961.435762431257
2960.8156926947986
2958.4231536155703
2957.319995262733
2958.4563987444826
2967.9917031188897
2961.135121823237
2964.4398375934334
2961.450034614641
2969.247858852928
2970.5157821658877
2970.2169784208054
2973.2096986888305
2976.4266971016405
2974.263704623618
2975.2174655716517
2979.145169376185
2981.3998500910466
2981.783244784151
2861.456048943667
2983.075713173872
2977.144382335828
2862.1001245339107
2977.299958961841
2973.7735395767086
2977.961867929363
2981.177701164509
2982.066814309504
2989.2512466683947
2986.9477940342904
2991.5629806246943
2990.8406352739858
3003.0521815009643
3009.362267043829
2997.1712926508785
3003.482007803858
3006.929968616113
3009.1972983826063
3005.4498935942474
2999.752788441857
2999.7081062248453
3002.356163745094
3012.5102795171433
3008.412020792056
2996.965957813814
3002.238457672891
2998.5028785630248
2996.168056727614
3003.317601773581
3007.391637915661
3000.7390940321884
2999.21004983554
2997.700795717453
2996.4290046856568
2999.552830208742
2992.0986034074385
2993.0468945835482
2873.707021078376
2993.8249447546686
2993.3190967987784
2994.74136398611
2995.9978647065736
3002.540070082324
2998.8557911084936
2995.9530714841967
3000.4330005061693
2993.7354282385613
2999.660897404673
3004.3710711609583
2861.951479131915
3005.787421638337
2997.093439895136
2999.776931316317
2994.5437015240386
2989.47829606728
2989.2391200139145
2988.353479001045
2869.447019023685
2989.6756827298273
2990.77749743967
2986.0645152745074
2989.9877838543034
2991.1925595151733
2986.624053458921
2994.838254831619
2993.2710387227116
3003.334531579598
2996.49148475603
2999.0520240230508
3000.8126434295796
3004.4571618997848
3010.1738865192447
3010.091682104264
3011.860863193263
3018.1567735699177
3019.543588605122
3014.1546383040627
3017.7672531567473
3009.0138307721854
3003.980751025572
2993.790546793989
3005.7829471256655
3000.4063694939755
3013.2924246192724
3014.6787907394896
3011.91935918944
3012.5372209941866
3022.047739374238
2900.8382869449397
3016.9220756863174
3017.075269057511
2900.211505682374
3017.164745060135
3014.325845518941
3022.302079817463
3018.365701896754
3026.9007680997693
3014.011434365701
3025.557783647352
3024.9552825855735
3026.476278166015
3030.6234925187264
3022.3040689020504
3022.610994233763
3042.1165832713627
3043.9232721186218
3041.6780922075677
3031.6020952314784
3041.0194858494547
3038.4929140120635
3042.501612890056
3040.4292225983236
3040.76055252495
3035.5495241967296
3036.129679255373
3038.026535978264
3036.623768860679
3037.6421604841466
3042.4374742928985
3040.206390138337
3045.5550820667077
3045.5284662304666
3045.3144420606995
3047.4425946417873
3051.532363769101
3046.840632887461
3044.7433891006963
3052.6666452262384
3049.0310944685107
3053.173427112088
3044.892290781394
3046.964319066166
3044.7979844377123
3043.7465006544417
3038.679750301656
3038.222098990304
3048.53712198811
3053.576140468326
3050.3841136861156
3050.8549942046157
3047.299476051735
3049.0928118428014
3052.525518926281
3060.369794837117
3055.419432905708
3062.203049763789
3059.6024934878224
3060.9790991860236
3065.428902185203
3066.736017681227
2937.5717176948956
3047.264809084901
3056.880388968024
3055.8457765777666
3054.5928010941025
3052.4893395922195
3055.3142911345553
3053.5257208426856
3051.631428474733
3053.8088819060877
3061.9169502203217
3056.252857408843
3061.624398886552
3056.122253369336
3057.0221602749953
3065.896920533786
3059.9899872761916
3053.231474901599
3061.407030778756
3065.5439458220694
3067.034949449067
3063.898207745116
3069.1898052468664
3059.7377536669587
3059.114351896166
3064.4165365887848
3061.2583070149417
3062.79692472853
3067.5168618812268
3060.6928704579814
3054.5813485457343
3062.251295382649
3057.9234787766477
3054.0531689013806
3049.622492946334
3053.9171911433286
3053.5052261837295
3056.066907909077
3059.6608420652074
3058.5344332968134
3054.2743813238626
3056.4963406709016
3057.7668950691996
2928.2763768121486
3048.490525561152
3050.2393317317174
3054.9349280911633
3053.571587532852
3050.846454961837
3060.0036019656923
3056.8994398111663
3058.6847443947604
3059.5409069972397
3056.9446350887774
3056.686758087117
3062.854805113666
3055.527016427099
3058.5098083544663
3055.6361818831915
3058.781344216019
3062.6179478745207
3059.220674819397
3059.212682172074
3066.5131278170124
3060.2224333333947
3061.7660238811986
3067.0288842578007
3066.5694218103554
3065.2655398781735
3072.097238932979
3073.688438011154
3067.734966762178
3074.8983881569993
3071.1216574193077
3074.7608476309115
3072.6034538509266
3077.5332387245135
3075.793562547585
3077.0749997961825
3067.6880671326317
3071.4314658272147
3068.8837963410197
3074.315134342739
3067.7980843603395
3074.3799902558153
3065.4240407288585
3064.841159026112
3067.012633609127
3070.3772021886516
3071.175133529471
3067.466384268156
3065.689591425735
3070.86698892395
3073.143593677122
3075.0933288884717
3078.7181972920534
3075.5923202177223
3076.3719877828325
3073.410756935834
3079.4116633709987
3073.7805633837365
3068.253427393968
3068.239725063823
3070.301619863248
3072.1011245571067
3074.2913325702293
3070.988460785928
3072.8690904474033
3072.5660483109227
3072.4973942551487
3068.9480758000986
3073.2136748625244
3072.9073276834924
3074.827214257516
3080.412525881928
3078.9957009846435
3075.453036058002
3075.8201664508824
3081.329673677577
3082.7238222137257
3080.7889754418175
3081.479110940747
3086.170149043446
3086.056239116591
3086.6920550332766
3082.7926180339578
3093.436025431816
3090.8377106694415
3089.9689839366815
3087.2050959855324
3095.416167710903
3092.612775996943
3098.5900550420874
3096.893311027584
3090.998543140502
3088.8377560609447
3086.565267527213
3095.0443918724673
3089.4542223777107
3085.835633348686
3081.9991986075984
3091.2612817063946
3089.078908570705
3090.567397713324
3086.589046180228
3087.8830045130126
3090.3006515551942
3089.21443271274
3087.845944354113
3086.8750906965965
3083.018312508349
3090.1660516425654
3079.911679804646
3089.4566518954875
3080.7270318351766
3088.4469813858927
3086.8822976068045
3094.9419396340027
3089.9570060789333
3093.9057473955663
3096.051137537913
3082.4402601907996
3097.9782211821416
2976.4394114394577
3089.8103543549414
3094.3966319729225
3095.4510617735004
3095.754494264925
3098.0271219855217
3088.6199054829767
3097.5873267823163
3096.1527884829766
3091.30237300532
3099.749229761927
3089.969074950418
3096.03306233627
3097.510488585932
3095.9046243038947
3104.640953403212
3100.289466197987
3102.6648858201897
3098.155445638765
3092.079145256032
3092.1306382585162
3091.7634754294168
3099.111365766327
3102.115456716168
3111.341814036215
3105.571653515456
3104.239686255573
3110.700781456343
3112.2490379300853
3109.013017615043
3106.4079513151096
3112.3387419533988
3112.731243303474
3111.6586321438217
3102.220848107966
3107.988074712446
3103.8408632133505
3104.746464743329
3110.3213977432993
3109.444452777566
3105.837367327765
3107.4151317625447
3104.738517153917
3112.1842812943246
3114.8156908216706
3110.1458717099267
3103.6797515013322
3107.7354965171726
3104.048715668454
3110.06013111968
3107.6586085485137
3105.4846006192056
3104.3847615967434
3098.1580434520733
3103.559018733151
3106.902174418708
3105.436916154903
3105.2338958220325
3102.745295985962
3104.8750494488313
3106.0674013861335
3105.5133397815525
3101.7057950951203
3105.7428225637823
3102.854132638569
3108.624489227728
3101.2704734374997
3100.1754980284845
3103.4585476923494
3108.113767620927
3105.544451512681
3101.7147489915315
3103.204991174761
3104.5913584259906
3098.4325094169517
3103.382086996661
3104.1037904481864
3107.330862108755
3104.4408882427842
3102.0199029943888
3102.631200639245
3108.737923143544
3105.822689551845
3099.8030822957144
3100.9133885850397
3097.1092935399183
2979.3272452088204
3102.5809158532415
3102.296989398715
3101.1912667934807
3104.279425008027
3105.3279195050154
3102.6445083375233
3096.024859141575
3098.145550118879
3096.1580927531454
3103.4186638770175
3101.198372404018
3100.454160840462
3104.7289389741645
3096.7603900527047
3100.293343710727
3104.715274022218
3103.8451636716263
3103.546266119126
3104.1427971174994
3103.6145196346215
3108.543242279731
3106.242041085724
3108.4819362522126
3105.2925206538093
3111.9297109015674
3111.399038071827
3112.426128586091
3111.6076648399926
3110.6153605719123
3113.6773461769567
3110.5227965695212
3114.327024062409
3119.4370856969144
3121.1325851729835
3118.4232615025685
2995.411202835867
3113.875738954054
3107.4606508124252
3105.914618946107
3103.135210582991
3113.701900066432
3104.594085591381
3105.708461177989
3114.3841631365985
3113.5467687290297
3109.3624764032234
3112.012284549772
3113.955873728052
3107.0036204406542
3110.9642097601754
3109.8433877505586
3109.015766089461
3104.5168423336518
3109.24783974975
3111.0380477452095
3113.691085532678
3111.07067492483
3115.8353332007623
3118.305928572684
3117.0989170832427
3122.1549389051147
3127.892124179418
3117.8458907495205
3123.4877819596513
3119.485849705208
3117.961157138022
3117.961110013136
3123.4856710174636
3123.162702702057
3130.5181625816203
3129.367541757946
3129.497545238634
3114.4140843480677
3119.2960438921054
3119.7833722944706
3114.8803611747658
3111.6417380095454
3113.6020009058
3113.099776066914
3125.7867325424904
3115.79719555219
3112.9458213584185
3110.9018871445937
3109.3688167659466
3116.7867925036007
3111.9705236669697
3108.696618698344
3112.2679278016235
3106.0820378248727
3114.163662805712
3115.150750350592
3118.3386849032518
3113.5077923971558
3110.7288746331137
3119.93959751697
3116.0432859958028
3111.112450763222
3115.93313393788
3113.0559907776524
3118.540491411005
3115.890886594154
3118.165756506933
3117.5616021433857
3117.2703852990808
3113.662274736076
3118.048265165198
3116.934814717776
3113.714535365468
3111.415883909588
3116.964445328912
3113.0154215214375
3118.765350302442
3122.1507669952
3122.223437634126
3118.3715409076844
3116.1740991320485
3117.7373313349026
3121.1795474896676
3118.7355229336063
3121.9007761710027
3126.5780965094978
3130.70780582703
3131.726294069618
3121.9493649399005
3126.509745316183
3123.3129650130313
3128.608931835639
3127.9276328120523
3006.065235482382
3130.123437271344
3132.2649555777134
3128.374205098591
3122.5080160241823
3124.491546193288
3126.7646194377126
3121.613130001363
3124.613752725181
3125.8300558140972
3125.4571587345717
3123.424544643497
3122.059463806879
3119.073738153859
3123.5813431650845
3126.3057384257722
3132.431491858207
3123.770500041569
3127.128265233402
3124.6293908095167
3129.4312604877573
3126.957434455004
3122.8748999094255
3132.207228278156
3135.043152141586
3133.1373719550556
3133.9562857198425
3136.1520790091417
3136.953405516842
3135.531043841572
2990.7297825562596
3140.004400235909
3128.6808873545438
3130.9987497395223
3135.5122132278057
3135.6989068992825
3134.0507408417834
3130.40608251526
3136.7003681650444
3128.997984908896
3128.550890007741
3128.4051874865695
3125.509478096617
3129.930002095062
3129.2325113666
3133.1919547613234
3136.9947287434766
3134.194268505784
3134.9914731739855
3132.1007618100566
3134.0790033118305
3135.9978628324816
3127.494205080288
3131.683396488302
3127.5124386310226
3134.1702058867622
3139.672429599628
3137.0721711070373
3141.372827150666
3138.4745405010776
3139.857458591299
3137.5035744070256
3136.570730320677
3137.3801458009393
3135.760845351423
3135.8094920714507
3136.028473113099
3133.4040699494985
3124.395206419556
3130.4715562672063
3135.015209814789
3135.339484169358
3133.653216193872
3135.193744186704
3135.316463842979
3134.7222116001712
3133.838312641865
3138.8150421150135
3140.0868066944745
3135.3892933147517
3137.330531445789
3137.91862457806
3136.379312024442
