-53.129561876354025
-165.42111970404082
-132.54294878879497
-131.77527683042973
-105.04794373424117
-119.86223479574619
-115.6524934024855
-96.64499092050447
-125.19293185961055
-97.8564521964364
-114.07442535758233
-104.26705914700695
-132.12287442294368
-129.2292129205623
-83.9874908615458
-72.50543751230319
-88.41778091484335
-96.50686462644715
-93.59875228703481
-80.89415747897246
-73.57340045416295
-71.07644479921755
-77.52948430552323
-68.77891209785523
-66.7745669460092
-76.50604101691837
-74.60898013823464
-79.70450334147063
-88.11226971186515
-89.27731113986235
-90.50099092809239
-59.08188532380295
-96.66190529494061
-74.3813453818264
-54.58102058310576
-46.8205437235016
-72.66744074818051
-50.14333662761089
-55.59457279027618
-60.88943007705053
-81.47973681607368
-86.55281004824826
-66.59086667111197
-58.567324608420535
-61.804339293644006
-50.995416957527574
-52.7965563658554
-54.14293109958149
-68.84432604292141
-50.01021165760273
-53.64708360559999
-64.35712523348006
-52.22850795170391
-49.96409193846043
-43.1753045591911
-50.10418734074812
-41.43815561138144
-45.156709602927414
-48.0306115181443
-39.33085333772626
-48.45533023585936
-44.80174781384011
-46.09596127007823
-53.12835315758405
-46.203435124840844
-37.07456656335821
-44.66648046962251
-30.83044926634843
-40.265535269647465
-29.18735676723093
-32.852106141784056
-34.24977624802005
-24.729593940604822
-30.277294407595857
-29.606854992172735
-29.592460993142463
-28.579400701907442
-21.405052554583637
-16.675534593620096
-21.727095295630466
-22.55279462263464
-25.894622486721527
-20.257584349211946
-24.491259419552108
-17.63435896834234
-14.377478183572801
-23.552279753395897
-13.01880755954806
-15.322130961574207
-11.52436015326842
-13.909472034819554
-15.29855825454387
-11.410406304723175
-9.457695526415064
-12.68510300357736
-10.526588124648786
-8.107566493144843
-11.557668877558278
-21.967557859776452
-10.467949748008179
-13.297608889425655
-8.220546730518254
-9.480827315408218
-8.420374053540572
-8.673184868314651
-7.579508200800837
-7.4679378588457075
-2.564177051809461
-12.205580059010616
-4.601526980615799
-6.951549857463808
-10.576172769109727
-4.262969838833845
-1.608806672141614
-4.936434938066227
-3.80966382272745
-3.450106507170726
-1.3276393662786365
0.1547231971322018
-3.1473193694157673
-0.7004147240684803
-0.6940471229664222
1.5666679117832383
-3.424034316169539
0.8888245869166246
1.3040114180424192
2.1922921333931784
2.341240821762419
1.259842954769458
1.732664664193816
5.892203623425159
3.9274113397571186
6.540331266651924
1.915550057463277
6.423977133655656
4.623942138916545
6.8248382147405104
5.2776144969775896
5.830726119869038
9.012130515356768
7.566922023405574
6.96766709883546
10.093446203020317
9.987376207368063
9.989781543521563
12.228994114103722
11.249374762060606
13.04705099247531
10.827301088212883
18.385187973993386
14.367420601402271
15.45947759997988
18.42140591234121
13.875965918632858
20.26802973112636
14.650356758412233
19.942387360538245
23.384261740101376
17.589846635192693
23.379103806856516
23.39751387898406
24.981109407740572
23.619376648176384
24.658049143336964
25.41860879576262
27.162675856677367
30.048021541424806
27.60733884028762
29.3048995510669
32.07034616388966
30.525340321507123
34.142478218654546
32.74781493757818
40.077125119997206
33.82503898423516
36.96186810816499
42.70946771716468
34.681782318079634
36.7848470738156
40.70079361616263
38.98415297988542
42.09538552950668
41.08535883194476
46.53448601583059
47.30707598791574
53.13523061675276
50.05748064073609
50.0070915623003
51.84248389060075
46.99124551006381
53.90268401115077
50.94805140010707
61.013828842734064
66.59631447118095
59.41312411281799
58.873741574406935
60.684235982982486
55.19203592043636
70.09686263639792
67.90678343951859
57.76277410801165
63.919258412783556
61.42812369040075
70.7738357404756
72.30100895219385
75.38388706540438
68.03954424303002
71.32333565181759
74.29238725419695
67.56913460272803
84.18850169966971
87.01710215038992
98.21779073828391
88.74536971260098
85.71301538532401
88.84084592368339
92.24143109823038
86.42076715324582
100.08090394302654
87.58706871059191
110.76228269565179
100.98773958916532
124.8046706188245
117.28699405193342
107.60828582463017
118.79166449606421
133.32298770669604
116.61477176632357
120.20938511600474
108.93888306260803
105.21349364046596
155.37406923327595
139.48664265643578
130.49753383039396
162.7825023117283
145.89703910575662
148.7420594958534
146.60277331845515
168.0273478386368
174.08022154090904
179.64609927000177
170.9750856861045
155.79831449100632
182.21530187620172
170.5870984093361
178.16566331105787
196.40266912364345
236.6890500950208
205.42195595817458
219.73354770497681
154.0912708185033
280.0915226368452
226.24884736462297
219.95503453432693
221.51292800407134
256.5618788427721
215.61185360625996
286.19194233914226
267.91948797594307
278.18251334329057
292.86803290906647
251.42127069711157
271.0100230492868
305.3059165392074
268.50362537264897
328.1615864187125
403.4712145738104
298.3385581395651
315.6444504156621
283.0987459093644
301.9621339165328
364.0613244742608
366.6317103764584
345.7918813292546
484.992168460796
532.5362309339582
419.18278242649365
387.43570811988707
512.6117982454106
506.8914450256999
499.9190729745297
535.2442882992758
458.3766598560699
457.82090836207635
680.4377516954139
560.3725390095265
580.3949170575222
554.252575437019
569.0053565343123
507.64646757881064
547.7415276360614
584.061407446923
581.982596814586
656.8067243397177
450.10725620266135
601.188747843057
649.3007283795268
623.6137627782663
549.2156262677667
719.9955388774059
592.1848400222709
684.6205919021037
833.1910687301788
710.4114959800834
718.3242121349795
677.5625944840377
675.1917749591341
818.9575128574534
701.9393139224944
750.5965645023776
730.1447070722055
766.339890609259
683.9285975737835
820.9047809062795
700.0025045189217
722.460439162373
858.2498529484609
779.258307584453
963.2373734806265
819.2645021047238
877.5835957524966
1009.3486014289156
915.8505079075439
912.592464333723
937.9367837663495
943.1251955191865
836.2632368759852
1002.8944290288881
978.500153782506
954.2080861726025
843.2752398050203
993.0049501604421
961.7703617393397
974.5941692439684
942.1392813713319
1110.3044057324466
1015.2559241131804
1119.8784266054665
1077.8187706841468
1066.3618829651666
986.52024843076
1242.2011174717256
1037.4314172018537
817.6697736234877
1004.32102353615
1193.0064885950135
1026.3058929741567
1146.8460010829076
1224.46502129934
1213.1189567463475
1096.6035296899577
1280.8290338767833
1037.791545264308
1187.342408704275
1176.3240208433272
1180.306007078579
1216.8646197359867
1091.7093335131567
1233.5255400832423
1180.1031553488347
1127.8925656834413
1256.4975573878971
1230.4719436960472
1311.6552932319144
1276.6148597780077
1288.8791169476729
1350.3362282597584
1487.3594535429336
1396.6733090851149
1485.7017748884805
1358.177524573238
1305.1807984187253
1375.1917718686198
1416.5379447970897
1222.4633397927591
1177.0326204889918
1342.347423187101
1427.2589349341513
1574.5338222331486
1496.36193008923
1423.7835337803676
1332.0174767311485
1695.6180726478383
1296.9848443736053
1538.1522381445968
1508.5046374214005
1293.120834184367
1409.2752505243625
1637.2910382947541
1474.3145737844038
1440.7808891162276
1618.315827655366
1535.341580544407
1506.8670083901536
1600.8979624564874
1713.1347341812896
1494.8836907711107
1645.2464707785252
1327.762486663711
1566.7009556422402
1736.6577550891043
1464.1020768968494
1685.446496575746
1668.5900534251168
1644.0947175079834
1635.7403784170829
1633.939235192581
1607.2587203040837
1833.542992447957
1737.4019767747607
1750.519391804175
1692.2353291561299
1753.046236110897
1697.2527488773537
1801.4065902874142
1798.270623086693
1906.186252007732
1949.1384723274612
1809.3278457583492
1847.0502347449049
1831.8778094703669
1823.7167117960878
1734.405654019652
1682.044452523692
1799.2380383709772
1677.0109849811547
1956.065187111769
1891.1547235327805
1825.5743148890976
1912.4509655278573
1911.827106731703
2035.3264424450917
1948.561087197265
1765.583278342837
1729.1704907822339
1883.164778151949
2072.5230311545624
1913.3071447746677
1965.80960466542
1907.7314259388704
1989.7550678733276
1942.5252693261746
1981.5785386054672
1892.7472636727523
1928.1325071379042
2023.3731490856821
1918.1965589920705
1950.8395668281778
1985.0790115688017
2073.5157402020686
2071.0499205899982
2160.3665023764706
1916.0848076951036
2147.8001228454186
2149.9239987597057
2112.1464250749677
2169.4808101510457
2188.8066949083277
1903.4518568441965
2174.15210102825
2096.825063496804
2202.661108257632
2206.0289403562138
2225.163232760823
2127.542047231059
2233.923771491505
2165.843272736473
2194.3677681848594
2151.0367383386683
2080.8288927275185
2234.9059848289653
2261.516546070038
2229.711744210412
2213.2068713967697
2285.0688491117535
2237.9625525127367
2197.739075489195
2217.86909620795
2211.7028408417336
2263.630835576527
2225.5474465916295
2313.479917765374
2306.642422399084
2184.7001376677986
2274.049159541689
2271.406016005649
2224.4673787005613
2256.4803255059214
2353.2940114603375
2310.9221011459044
2272.289955159274
2249.221398451098
2330.6631238858017
2288.9024323608505
2343.3719042347025
2309.460462292498
2276.373701441741
2294.881568787232
2311.232633173705
2349.278959787127
2357.3270459918594
2356.6054687293836
2308.2053967809898
2325.6290137894457
2366.0984608236718
2367.18146159976
2346.464489306623
2394.2015893933813
2383.0388578629004
2356.6881470479952
2376.683450848585
2383.3105861571144
2393.1689303432217
2243.543991785215
2399.9726948130287
2354.2852528423596
2328.1973065829366
2330.752087744758
2404.137281474919
2404.258238814685
2407.0460713501616
2416.850915330794
2319.0230485889265
2412.991188500017
2427.8521550402234
2422.800925819517
2415.192110399288
2425.2730354327446
2412.923126143257
2410.560602937496
2432.165170354601
2433.7544652279475
2430.9588462045804
2344.0003190830075
2435.0395615356933
2446.3977726401595
2442.760348860491
2435.6780228017187
2395.7484074952627
2442.181057258097
2414.5610813381545
2457.338954590782
2453.4043840667837
2462.1528319913646
2472.8795743542623
2471.0631332870844
2484.118206738061
2473.632064972638
2482.3067729877157
2464.9948459493316
2500.9389204942827
2493.5894070905542
2498.878975021539
2500.357894738813
2502.6996783414534
2500.019394584983
2504.1555687117752
2501.4803921663347
2445.9187202285284
2510.475961132002
2513.666885790664
2394.351805530432
2516.02334867162
2514.8677421411994
2519.426210090635
2517.6508354809152
2529.2305220185663
2528.98978882274
2527.6464573619296
2536.8859316403004
2541.7004267864754
2560.32139591945
2548.7864904044477
2553.484443980039
2551.711479184022
2559.4721044573844
2567.29429766916
2568.8356549595846
2575.6597186471
2572.0242514795673
2578.4216622029912
2582.7203143660936
2583.5084957832482
2576.7499736197
2585.88352193233
2577.134505097466
2588.716032091094
2590.1731533735124
2587.1938218480836
2589.802800053591
2598.1307052055226
2604.471219252121
2602.0853972530495
2609.979789683327
2550.962409327684
2605.567074135209
2618.3272164403033
2607.25990561611
2623.217421340606
2617.9342333459667
2613.2665796061847
2623.488876384232
2631.6870413880342
2613.872221306499
2634.5211527141855
2631.5098731655826
2637.46290060848
2647.0141177565483
2632.7586354500063
2632.9546591691287
2644.9646656004593
2638.9937109353714
2639.1585703328633
2639.0711240138085
2642.542838433642
2645.989293364393
2655.483705708383
2589.9269776147366
2659.8006864211884
2656.7559431096556
2652.5071188394963
2651.8900742513883
2649.187392035773
2651.0621908650564
2645.3682918963045
2654.9207427882893
2659.265988522943
2659.209808742542
2669.627810140607
2673.772182710894
2669.872951574555
2669.52330795951
2670.3776253721035
2669.7489098853316
2667.0714756240277
2667.4868466258654
2677.046878421238
2672.955824948641
2677.327425226158
2681.319548784446
2682.6475958740257
2686.089338160185
2683.8254569049286
2690.15101190211
2701.7667706867114
2613.8035515906404
2696.9326170277773
2702.749531696385
2703.8441462322885
2689.6651817863044
2703.077944409598
2697.147301161562
2700.9379445814366
2696.175787149936
2709.9247877747525
2702.465053586783
2702.387180928703
2704.199675733202
2702.021988246286
2694.105157899413
2710.970939639838
2703.8739257109005
2711.9598582037665
2718.938115134387
2710.330411090822
2707.4088650671024
2715.964952895447
2714.0562436448586
2723.191766301011
2737.808526578738
2730.0117123258105
2733.4968185833623
2742.345594168522
2746.369322797345
2742.7586745679196
2754.0420236898185
2751.6342228396215
2753.3896475514944
2744.4452468226837
2762.101506174488
2759.1393282760555
2747.1394931223135
2756.4080431359116
2756.108780163343
2748.460417702224
2740.839626641901
2749.3987163824186
2751.4222383011074
2749.3733532564997
2746.6526104165946
2761.6083830740886
2762.1385338319287
2761.0298180148666
2760.6483885779567
2750.377261512748
2759.874907481986
2763.6198417585256
2761.947093889855
2764.3704781005918
2764.491069061631
2752.6388376298332
2770.534031757214
2761.0955847266823
2762.0816944035173
2763.6689879027676
2768.139073310163
2764.1659709230144
2773.4080217699293
2772.178487746573
2769.2044871616044
2777.3049247555437
2776.0875986236993
2782.997784772633
2781.5679459978614
2775.278134028161
2773.191994046313
2781.018344710908
2771.316870431745
2786.901348584078
2784.3930961440524
2788.712893335275
2794.039916547476
2802.5237403398587
2823.5972522834027
2824.110257380949
2826.579312253766
2828.2675619054294
2820.3032379502524
2820.8150821647837
2814.74071327012
2815.1150075399537
2813.4419346614986
2820.40721431714
2830.5812811440637
2824.6322508326884
2829.715085652405
2821.9129437553424
2820.2825236934214
2820.306556458815
2818.6761554807345
2815.9053377772407
2811.393002828063
2824.1389849289335
2828.1981816146504
2822.6762903840704
2829.120314986674
2830.1086189566477
2824.0383937727856
2844.5544125320985
2827.0795163848
2830.5250334767306
2835.8860976387195
2837.505607836072
2831.932455239904
2844.785225636973
2831.0811772948523
2836.7616179728366
2832.424322803132
2836.9568413750285
2843.794250435826
2852.374506927143
2847.6289128094113
2846.0474001479097
2852.975554101949
2850.97109567355
2845.5074967262153
2851.011321214013
2851.082229589633
2839.4557917506295
2840.0523153099157
2835.57899877668
2827.8459721031295
2836.9381200224425
2839.27920247822
2839.9531206465867
2832.1662711093095
2846.3517564320596
2840.7893086716495
2844.196534890375
2838.424040125915
2842.9539427452155
2846.527866223405
2841.0849916435645
2847.640003944988
2868.0129739103727
2870.94490650125
2862.758680040063
2871.7848674787324
2868.563309944807
2878.070557565288
2875.7970137130173
2876.009461175786
2874.8168921224915
2881.1475306606476
2894.548864763924
2888.2401100885345
2881.333190156052
2882.666597319287
2887.8361965867875
2886.539437863341
2879.1248288848824
2888.184592908031
2883.5135672933334
2884.290305444391
2877.55369021789
2884.7585668441875
2869.94903952784
2874.6857911144934
2880.763878993771
2877.2962354337456
2882.19621649401
2871.439850187008
2867.3209029092413
2874.9605234069563
2864.944153817574
2871.4797251816804
2866.1756975323483
2856.331482234894
2876.2335120252515
2867.1904703787272
2860.6713347662717
2858.8264622560423
2870.4868961052252
2860.1584727596287
2866.5740861960708
2851.6670710547137
2854.899077436296
2856.4879094914677
2859.173648793436
2851.7754599146197
2855.075030925769
2853.4264591267242
2862.0304234220466
2867.8519023476133
2862.6271313935963
2866.6097874310367
2858.3143289488403
2874.534974706421
2867.260524272305
2866.8603132360067
2883.641547833043
2890.5040006061618
2877.5623458820855
2888.7090307751255
2884.3291433658965
2881.5222647498913
2880.462660552507
2885.9199161706024
2885.918843963723
2887.1068263422003
2894.753322031077
2880.7493037629865
2883.221922116039
2875.8386133296653
2884.9725614670087
2895.970807005256
2902.151993504023
2898.8705761107376
2895.7326083354337
2890.1989940829585
2897.4253005914948
2897.695020740771
2884.051969801704
2886.510877151741
2892.092464923781
2881.31980314139
2869.340548994412
2880.854741950094
2891.6629027557606
2895.3211064947295
2897.9648474671194
2889.9152826790446
2896.4658241188454
2895.8473029116103
2908.5764253809875
2901.170382305544
2890.083437950346
2903.464346575626
2894.3309297696687
2891.192857188797
2899.0269907170004
2900.859800603904
2893.892796296492
2892.9633002991677
2900.725178942382
2897.5641874094217
2905.942474681464
2910.556585254406
2907.139830192401
2908.037608896352
2910.8486602132275
2912.0902490001636
2905.8150410568674
2896.357283912959
2907.1732068831802
2912.9419141181693
2912.265958682103
2903.643350842275
2914.948556818158
2927.8891911134806
2922.005800269185
2919.225951039174
2922.456148786324
2918.845739186846
2924.716874998702
2929.4690454013735
2928.6759032090454
2928.4009248127304
2925.245593678005
2920.692276479435
2929.0846537153534
2923.673572891902
2913.4513427233455
2916.880468550423
2928.9428088049217
2912.430739815881
2915.9233223820384
2923.3252128997988
2934.0856952650965
2940.268874933037
2928.8999009142
2925.737921064032
2934.9131152480813
2933.1138814221663
2945.5861807119845
2948.645025777143
2947.906546024652
2941.687055001185
2946.5339839458957
2948.751284539595
2937.8552562087766
2925.4209688946635
2924.2466058368113
2920.7926978978385
2926.9302808597267
2927.890151229414
2924.385408149122
2926.676342307466
2930.042938924048
2937.2352337316493
2930.974613039722
2921.2028281173307
2923.7947332380672
2939.6443807425535
2926.938808376574
2926.1960237461685
2933.969908546654
2947.3699867371315
2944.1869000821243
2957.7352021451406
2948.2563000606565
2943.4864249105267
2947.564830454249
2942.2646726937996
2947.3008064074356
2948.2458243775154
2946.9499743195793
2950.5821873518785
2965.802053288158
2961.6330912501526
2963.268093431127
2974.2742311559505
2972.0008482914554
2960.241409417229
2969.2988645709033
2952.6954669112497
2953.0401070775765
2953.6766313369712
2945.1567358632487
2955.036998792547
2963.6305713455577
2958.9574097653403
2953.9255460352238
2956.556814641522
2966.176667063747
2966.328723530468
2979.006439750152
2967.6122452667905
2965.038792777154
2960.2468381842255
2955.634995268595
2955.2617893121605
2966.8168339258614
2967.4072508843947
2962.7441461128565
2952.8306423750328
2953.8296164578087
2944.214744669724
2953.996158655794
2945.4054610275634
2950.017691409994
2947.5393675503133
2953.2239130868106
2954.720235519414
2955.651465026799
2942.6449980397297
2951.649281379511
2964.915923786283
2961.5883914199985
2963.7427111890643
2961.170558092016
2959.492835169185
2961.4675743520893
2955.301124802248
2950.40124002613
2963.5740214108
2967.553242221891
2972.007232673649
2968.676084031304
2970.178148663933
2975.0716037472384
2968.0167860796973
2981.5800492996746
2974.4661076691546
2971.7527733934066
2972.178728571698
2965.8734024115975
2951.1637602419696
2963.6746723162773
2973.6240131585646
2970.7978478477316
2964.326694715017
2970.9393459613157
2970.2011764864037
2958.662357953714
2969.6761503785187
2962.4635720661618
2963.7586437989917
2976.932839787639
2969.9396930795147
2965.308512864032
2981.8615900631426
2989.7023841774417
2986.253862728704
2980.5280111287016
2979.080874180323
2990.5702958973807
2969.7795534367515
2966.0715380518022
2961.624856992449
2965.2709399401892
2970.4502434683955
2965.325220037688
2966.8955397661566
2958.49244905459
2954.0134928652014
2958.7370177838134
2947.7978728818334
2951.7614241965102
2955.4810234823244
2958.0710844977957
2961.23356003888
2954.992748379747
2957.0918744805667
2964.8539607746293
2966.9465782119137
2962.490766335806
2969.9510589873107
2970.238795119402
2976.928268868215
2976.3516776275346
2974.669901868661
2966.226490813725
2971.823589429433
2983.285812041846
2991.7075082319984
2986.7732831314916
2984.511522372678
2993.546966509316
3004.1878742159797
3006.341603394245
2995.1357716669154
2999.3437979647306
2997.970421809296
2997.895760031849
2996.235680251068
3006.6357233013055
3000.336988828098
2984.535115424439
2982.857154122432
2979.719926385827
2983.4586317230655
2990.3306863394446
2988.9169818296486
2991.3587749614303
2983.120581129136
2982.429204556901
2985.4296280842213
2981.4300847578897
2988.1817031106466
2984.748983201886
2988.1474793135776
2984.247084029329
2989.7458076935945
2985.2781902994598
2987.13334955475
2986.6746333515425
2987.9155360146224
2982.1316585875024
2986.1051173110727
2985.7547207412126
2978.4847970992987
2973.494433973785
2978.65318594582
2978.7332168138173
2981.823737622425
2973.8280247287576
2978.8300774789786
2980.0388444864698
2972.223035277706
2970.685222332555
2983.23358450361
2979.1201199913694
2982.4224361695146
3003.5703013441375
3004.199083208208
3001.550663424148
3001.4629228912418
2992.4045220990774
3001.331969824155
2995.824591919363
2992.872023497859
2999.7176450970037
3004.3333464703455
2996.970493801954
2990.883757026618
2982.9063958549114
2985.5737733840524
2992.0738651934525
2995.634261054275
2982.0124877054213
2985.147157363513
2979.867197827547
2995.751543155277
3005.1325959762416
3000.50847365756
2993.5426306243216
2997.362920036396
2993.9036064156544
2989.6561453962904
2996.8272871981153
2997.4935413240146
3000.071340634409
3008.6361890081816
3006.637160524615
3008.5871653776953
3011.668098767469
3005.1704151216236
2996.7572932141707
2990.9659115634995
3000.389067285745
3007.8374634138604
3007.575236252527
2990.4323343168626
2995.1117155328725
2987.0640019380644
2984.0790369354813
2995.999550268502
2995.7923269231424
3000.247469662895
2986.5483484767938
3004.136851084942
3004.558099109491
3006.239427675391
3007.405974965034
3022.004489541347
3015.0675090510204
3007.478995311415
2877.305730091147
3006.08540273627
3005.2462704859236
3013.470357485441
3005.189100880994
3006.6682399550905
3004.148702396203
3019.028078523712
3018.2980840484947
3010.7184336944338
3001.9017434175244
3004.985462634156
3007.9978155203307
2998.0903179045577
2995.244993509884
2990.322292568428
2998.91337074945
2994.700311942144
2997.790857373097
3002.726151210064
2992.602708964737
2990.0484165383414
2998.7433011809803
2987.840353828675
2980.660692418331
2977.8349147244567
2987.553574549497
2986.116949850363
2979.757813229008
2993.3453209710424
3011.797395712269
3005.6851587661267
3003.453212020265
3004.3316712940396
3009.5662855973114
3010.958170686962
2999.7155636047796
3010.163676920093
3011.570508716125
3013.305905773278
3014.3043523521937
3024.4158609144624
3021.159442226649
3020.7100779370135
3023.055741248906
3024.755341748095
3017.901779592885
3021.6386299105316
3024.095021917632
3004.461859702621
3009.949970052785
3015.3154360618364
3002.7873502001976
2997.7949419704805
3011.9406086321924
3009.123927072974
2997.8378710006023
3005.288677695857
3010.8993810265083
3013.797216838898
3010.0117906043097
3019.925752817549
3025.4446584474567
3024.9050368004655
3011.810540953733
3011.601685074959
3016.6569108698486
3030.1329250782483
3026.174281537262
3024.8821475174245
3030.464576901003
3034.5312717782167
3040.6108860086974
3029.0373793475496
3025.2831107030424
3019.253340635948
3021.309870359797
3016.756033652754
3027.0536934857137
3044.0984748270566
3050.018019277329
3052.0556655690516
3049.057296674047
3043.25202669643
3037.287208470708
3042.315996005874
3047.358122958855
3040.6661329334765
3052.6601136317304
3045.7033253255972
3033.207898058069
3022.049893276294
3015.2724935078
3018.0038623518517
3010.9021570745717
3009.8589953101464
3014.69724603438
3018.6212496080734
3020.3045802000474
3012.154472549016
3021.4481993079307
3007.1174067418115
3011.7986264294364
3014.557493566005
3004.78800084706
3014.972410972146
3023.593450360678
3011.4386400749145
3010.7354954114903
3018.6437544265864
3018.0450256751856
3006.3623354110264
3015.612731998391
3004.8484335435805
3008.1076632990453
3015.0952710968522
3021.1613265975425
3026.153167928427
3019.2793908669987
3000.989086654716
2998.7733729492934
3004.9159349496686
3004.2778897225844
2995.8385936646364
2989.5617950760397
2997.991290715111
2999.98599637203
3004.551133772121
3008.7780338637594
3005.7834846824767
3010.93280835629
3006.277412401625
3001.985389758304
2998.234245367674
2994.228787171107
3004.8181954168685
3005.984819433253
3004.104438050649
3009.102196410165
3000.7427175473695
3012.4767977765587
3023.3907566467897
3022.275819182485
3021.6694054686623
3017.1822209328593
3025.1860902528488
3024.1622289672723
3034.426646206903
3035.2258394877836
3036.0713930966394
3034.6237688738256
3036.2940808634403
3040.69399085536
3029.527680867216
3046.1265662818305
3051.5093262611203
3044.4099677424283
2904.390571718879
3042.621508924383
3038.4190827093926
3031.4452247373697
3033.532933476202
3035.63206295133
3028.21906492323
3014.528466746949
3024.4391665536405
3023.465120064463
3016.4364473603173
3012.5709354404626
3012.8715449987158
3019.375607620399
3028.629984099108
3032.386560017163
3041.6913475719116
3028.639127005869
3026.372341764576
3023.51602625614
3033.9837023132527
3031.4737964743354
3038.093153065197
3033.371352437898
3039.0324960456064
3040.6946985551267
3043.5085538966805
3049.8263686793
3048.5236634546045
3058.2532176059785
3053.1713483501644
3056.2525661163663
3064.8216049878056
2914.6621380680817
3061.7446975093203
3051.6554860869755
3037.408012888835
3035.7081749482795
3041.5079846356043
3035.8846738782177
3035.695085348644
3038.8536152215734
3037.088353885264
3035.482991393109
3037.582711191147
3044.692237358403
3045.029216102186
3045.2550978581357
3049.579333283133
3050.9040022308936
3049.009773302002
3047.049027668011
3031.149494751139
3035.831995822121
3039.4495422401683
3032.8651801561364
3025.8936547557423
3031.645627295003
3036.8616829750154
3034.816959077425
3033.9651363469293
3028.9697901164973
3034.032084511964
3030.794086010031
3030.77335520635
3028.6617543846014
3022.196702815615
3020.844687472968
3029.0895600091726
3042.793564156109
3050.1351239773626
3044.902062294139
3038.435702021893
3037.1889051077565
3033.4275166558787
3035.4771984562367
3035.669904007862
3037.746969004961
3033.885817482234
3038.534271063636
3046.4702844022218
3038.6838134347254
3045.293856156939
3056.5406271074958
3058.3548042186535
3058.725897386412
3053.226999792644
3046.674138004656
3066.2317902139052
3055.084866789125
3050.056654426345
3046.2828595692918
3053.2387967975183
3057.5645163420927
3056.012740891171
3060.9596503951147
3061.1243164695707
3055.865108822609
3059.20055536024
3059.912464104522
3055.9593529022222
3058.1734309393805
3051.1249221680782
3051.050421394043
3063.4909294148647
3059.2406419356166
3057.59743772382
3048.854490869354
3053.518876514431
3054.8154367220513
3057.421933267564
3061.398512472714
3054.6712421426164
3045.6742165237297
3046.646221707461
3049.9051650456504
3050.312739698188
3048.4246444802825
3045.8999234228004
3056.83644836113
3054.1995135015836
3066.117136866523
3062.261360989579
3057.348871344257
3055.501653820621
3062.3685695005597
3067.867782776228
3061.000566903117
3067.387209744987
3059.0990533169165
3044.220131401599
3047.513465962197
3053.2430579243633
3053.3432337264567
3040.2215238397534
3047.124481162106
3042.4209404497346
3047.8928857524197
3050.2486744714743
3056.9869136606167
3063.4330397765066
3057.3368443815116
3048.3502350454246
3040.1848738689905
3047.782725178456
3042.7926767267677
3041.698269650194
3045.3146282967687
3040.101486959812
3041.4995305934312
3049.24193072038
3047.3370212255936
3052.089139049744
3043.8118435034316
3048.816299533096
3038.906700842684
2911.365500953
3049.8064686151456
3052.84151594981
3049.8811468178546
3054.7750883163835
3047.532513180651
3046.7107154558657
3036.8201536858996
3047.21903450231
3055.245797262136
3053.558167408536
3061.2900027764776
3058.992932367606
3049.584933504965
3048.6435781505616
3054.6447222109177
3049.747618184728
3067.211853677448
3069.499230799508
