25.1
42.88
57.19
50.89
47.62
43.29
42.88
45.27
48.09
47.75
39.33
37.76
43.96
42.3
40.31
37.77
29.61
29.96
29.41
26.18
26.88
29.05
26.89
23.77
28.56
27.96
22.81
24.1
23.62
25.91
21.63
13.62
18.82
15.37
6.48
7.21
5.82
3.97
5.69
6.25
4.62
5.39
7.03
5.55
11.46
12.34
6.16
6.6
8.26
10.47
12.79
11.33
7.53
5.68
8.57
11.14
10.61
10.78
10.1
14.8
17.17
11.06
9.88
13.26
13.91
14.05
14.17
12.95
14.79
18.67
18.56
13.97
10.21
9.05
7.78
8.42
8.24
5.93
8.1
7.53
5.34
8.66
9.58
10.03
10.15
9.86
10.23
7.08
9.2
12.33
11.4
13.02
16.03
17.42
15.84
12.18
14.21
19.89
25.88
24.07
23.69
25.11
21.33
27.51
21.87
13.1
17.03
17.95
21.25
21.02
19.2
15.77
11.01
12.85
12.65
13.32
13.69
14.58
15.12
14.34
11.39
11.76
14.45
14.06
16.88
19.25
22.66
23.56
18.93
19.04
22.27
19.27
16.64
21.86
20.85
17.03
14.6
11.28
11.57
12.04
12.55
11.36
10.45
8.33
5.99
8.35
11.97
11.09
12.56
12.37
8.86
9.73
15.73
16.16
9.79
12.62
12.97
9.33
9.43
7.61
9.04
10.02
10.27
9.94
5.53
6.31
8.34
7.74
8.18
10.97
11.69
19.41
22.06
12.86
10.83
9.6
12.36
15.34
13.66
12.14
8.75
13.3
14.07
13.44
15.65
11.62
10.53
9.35
12.84
14.81
13.28
14.32
17.5
17.9
16.66
16.63
17.04
18.38
21.17
21.21
16.16
20.49
21.78
15.68
19.01
24.39
24.34
23.69
23.03
21.13
18.8
19.37
20.97
21.36
24.12
20.24
14.48
15.43
22.09
24.15
16.37
19.03
25.37
23.04
22.84
26.53
28.75
27.99
24.95
23.89
23.58
21.42
20.85
20.54
20.74
24.71
30.76
30.24
24.13
27.18
25.17
20.06
18.06
13.43
14.31
14.53
15.09
15.72
11.91
8.87
11.69
11.99
10.54
9.98
7.78
8.39
7.17
6.42
8.73
11.1
9.68
7.22
8.47
10.05
8.79
6.57
7.23
5.97
5.64
7.66
6.97
6.04
7.26
8.8
8.79
8.47
10.28
9.94
7.68
7.2
7.05
9.56
11.7
9.92
9.24
9.98
12.63
13.25
10.11
10.83
10.92
9.51
11.86
14.84
12.1
14.67
14.38
11.69
14.16
16.53
16.01
11.58
11.23
12.15
14.44
16.51
17.78
14.99
13.35
16.04
18.03
16.9
15.15
17.77
21.09
22.46
20.97
18.18
17.94
16.07
14.52
14.93
16.76
19.13
21.17
21.23
19.45
17.67
17.03
20.02
20.11
19.37
20.71
20.04
17.44
16.61
17.9
16.71
16.93
16.88
15.12
20.35
19.33
15.23
17.37
19.31
19.98
18.73
18.85
18.69
17.4
18.88
16.89
14.84
17.34
15.4
11.28
14.69
15.94
16.31
15.51
13.0
14.41
16.54
20.19
20.63
19.99
19.85
20.1
18.58
19.63
17.41
14.87
16.48
14.54
13.15
14.42
13.6
15.97
17.83
14.25
14.61
15.74
14.35
11.56
15.53
16.46
10.9
11.82
14.51
14.39
11.22
9.62
9.38
8.38
8.84
8.32
6.44
7.93
11.55
11.49
9.79
10.2
11.22
11.84
9.23
10.48
11.93
9.15
11.74
10.98
9.25
13.17
12.72
11.15
11.59
11.58
11.68
11.35
11.98
13.47
14.26
13.98
13.92
14.26
16.51
17.73
16.29
13.91
12.29
14.79
14.95
12.46
14.26
15.75
16.22
18.36
16.69
17.31
19.72
17.35
13.92
13.9
15.79
15.32
16.55
21.17
19.79
15.01
15.88
16.15
14.3
13.31
14.03
15.39
19.62
19.76
16.38
18.52
16.43
13.95
15.82
16.9
17.93
15.93
13.82
18.63
20.1
16.4
15.8
16.42
17.71
21.39
20.02
18.96
20.03
17.24
17.0
18.68
19.18
18.07
15.69
16.8
18.63
17.08
14.79
13.0
14.72
16.49
17.07
21.33
19.78
14.47
16.75
14.55
13.0
14.88
16.97
17.73
15.53
16.13
15.6
16.92
18.18
21.6
25.87
23.73
19.19
23.98
23.21
19.45
20.5
18.77
18.51
18.49
18.32
16.17
15.17
14.37
16.24
14.82
14.83
16.12
15.38
14.02
15.27
15.18
12.98
17.44
17.47
17.02
18.69
16.47
16.54
17.16
14.78
17.1
19.51
14.29
14.35
14.39
12.53
13.81
12.35
11.59
14.04
15.57
13.62
13.04
15.3
17.49
16.92
17.31
16.5
15.76
14.9
13.26
17.16
16.51
10.68
13.76
16.33
13.26
14.53
14.06
11.07
10.31
12.64
11.5
11.1
11.14
10.51
14.66
14.27
12.04
13.17
12.32
13.56
16.83
14.98
14.34
16.02
18.15
16.74
16.5
18.14
17.74
16.17
13.98
15.43
14.02
13.04
13.66
12.42
13.32
12.7
12.17
14.01
16.95
18.12
