23.36
24.88
42.02
47.1
41.89
41.32
39.56
41.56
42.27
46.94
46.33
46.27
47.66
43.12
41.93
45.68
44.45
41.25
39.39
41.66
47.64
45.04
39.53
39.75
39.99
42.44
44.3
41.14
42.11
42.36
47.62
44.42
34.28
37.67
40.47
47.25
46.0
30.64
26.72
28.12
26.54
28.85
22.07
14.93
14.76
11.92
10.14
9.15
9.63
12.32
10.0
4.91
4.57
9.85
9.36
3.82
2.23
2.69
4.44
5.56
5.81
4.32
4.79
8.61
8.07
5.73
7.71
10.16
9.16
8.38
9.46
9.61
10.86
8.45
6.56
6.85
5.74
8.06
8.67
5.45
7.34
10.64
8.94
13.99
16.12
13.6
14.04
14.16
14.44
12.22
12.19
10.08
8.25
9.61
12.5
14.05
8.84
5.31
5.16
5.05
6.32
8.77
7.48
5.69
7.91
6.33
5.05
6.88
5.81
5.24
6.23
5.95
5.86
7.74
6.66
5.76
6.58
5.2
4.96
4.9
5.41
10.42
9.77
5.3
5.46
7.57
9.4
10.61
10.5
9.18
7.6
6.04
6.12
6.08
6.77
6.64
6.06
7.92
9.36
8.57
9.05
8.71
7.62
8.12
8.75
10.12
9.81
9.31
9.48
7.7
13.28
18.23
12.92
10.44
11.39
10.67
9.38
9.59
9.5
8.14
8.69
8.63
10.66
13.43
13.62
13.42
13.28
12.9
14.88
14.32
11.11
12.25
14.58
17.59
17.91
13.5
10.65
13.3
15.98
13.8
13.56
16.75
17.09
15.92
16.3
16.84
16.44
15.97
19.07
23.6
20.16
23.28
28.39
23.56
21.2
22.11
21.09
20.93
20.76
19.99
21.93
21.6
27.93
26.83
19.97
23.25
23.43
20.01
21.35
25.37
24.54
23.77
26.45
22.82
18.3
17.67
18.98
22.15
21.76
18.82
15.25
18.65
21.89
18.03
16.82
17.85
17.17
14.81
14.31
13.98
12.75
15.05
16.59
12.97
10.95
9.62
9.86
12.26
18.86
20.27
13.98
16.75
17.39
13.23
10.91
9.81
8.97
7.92
9.71
10.09
7.66
7.18
7.74
10.31
9.89
8.75
8.59
8.49
8.89
8.59
8.88
9.0
9.34
9.29
8.51
6.82
8.04
12.63
12.85
14.2
14.98
12.77
15.8
18.72
16.56
14.85
15.19
16.02
14.9
14.63
16.45
17.2
19.37
16.06
12.01
10.82
12.27
14.15
14.58
18.26
18.42
16.44
16.85
15.26
16.53
18.24
18.41
19.44
16.42
15.08
20.21
23.58
19.23
19.56
22.43
21.74
19.82
17.66
19.92
20.25
19.37
23.04
23.33
22.51
22.58
22.37
22.82
17.85
16.8
20.55
22.35
27.15
28.72
22.32
30.77
29.58
17.19
18.73
17.42
17.79
17.5
15.51
15.17
16.88
19.77
19.67
19.73
19.68
18.17
18.94
17.84
13.6
13.04
16.54
16.24
16.24
14.22
9.56
10.86
11.94
10.06
7.86
7.92
9.04
9.97
9.31
8.13
11.11
12.69
9.0
7.86
11.33
11.98
10.44
10.41
8.32
9.25
8.51
7.63
10.93
12.56
11.34
9.31
7.73
6.86
8.13
10.86
11.07
10.63
10.6
9.61
11.59
11.99
10.37
14.05
14.45
13.51
16.19
14.71
13.4
13.83
13.98
15.35
15.47
12.03
10.17
14.12
13.94
14.46
14.18
11.58
12.92
11.47
11.67
13.66
12.84
10.5
10.59
12.03
14.68
16.69
16.58
14.55
13.98
14.74
15.17
13.21
11.59
12.71
13.27
12.36
13.54
17.66
17.93
14.6
15.5
15.92
14.64
16.27
21.78
22.35
18.26
18.03
15.99
20.18
19.71
13.84
15.36
16.07
13.95
16.49
21.22
18.45
17.02
19.88
18.47
17.26
18.55
16.15
18.03
19.75
17.7
18.14
17.13
19.42
19.93
17.98
16.69
16.65
22.03
21.95
19.89
18.15
16.44
19.8
21.17
22.46
20.62
17.49
21.81
21.92
17.71
16.89
15.63
13.48
14.62
16.06
18.88
21.35
19.08
17.95
15.71
15.42
19.58
20.18
15.16
12.55
14.34
19.0
18.51
15.48
15.75
16.2
18.58
19.86
16.9
15.99
19.72
21.96
17.36
16.11
20.18
19.94
18.68
19.25
20.89
20.33
19.54
17.85
22.07
23.27
21.33
19.13
14.38
15.43
18.33
20.59
17.78
15.51
15.73
15.88
16.89
15.36
17.51
21.44
20.72
20.43
18.35
15.93
21.72
23.63
20.24
18.79
16.18
16.04
15.2
14.44
16.69
19.17
19.65
19.992553538182094
19.382097243537864
17.70089263787594
18.969326543860557
17.925691891841346
18.893491053459194
17.774159117801155
19.025639113601347
18.860119344299903
18.280285191594498
17.20268173005781
18.156526219119144
17.472681517612102
17.332783126006703
19.226922045296213
18.513833455241873
19.268083822426227
19.103927760701357
20.260975652899493
20.885729938797372
20.304171494649726
19.60363133152494
19.646206229848115
20.386313417833104
18.370241282654604
19.66575396237015
19.177106139917807
19.07508590061214
18.90018395589039
19.709372294326393
19.2913646355047
19.428156775396655
21.15323991701189
20.856476525357657
20.347068709866633
19.958660476435707
20.264173874183506
18.562514326544225
19.643866159101695
19.155454654932868
18.229696055586004
17.548546622394852
18.07552519161451
16.11208631714708
16.428267876003897
16.658198073897825
16.451566209669036
16.14668195250496
16.609953475024145
16.660283038535113
17.341076383158555
16.529127724799803
18.112238486581592
17.145882749073827
17.732121370391578
17.168980596882882
17.05649373327421
16.87645861398509
17.704638592421134
16.30004765937515
