45.52
48.9
59.19
73.21
77.1
76.27
76.58
76.32
68.3
60.03
51.76
50.34
52.51
42.37
27.94
25.71
38.57
41.68
40.34
30.5
22.27
24.9
16.74
9.89
11.49
16.34
19.72
19.44
15.21
7.08
7.63
11.34
10.3
14.31
14.68
14.53
18.56
16.81
14.0
9.43
8.58
13.91
16.11
9.71
10.47
13.29
12.75
14.62
13.36
12.96
12.83
16.58
20.37
18.01
15.42
13.12
11.54
14.62
19.98
17.83
32.0
39.59
25.15
19.17
17.58
16.64
13.15
15.24
18.95
15.82
13.1
19.48
19.05
13.71
21.6
27.66
23.22
21.35
19.75
11.54
11.58
12.24
15.88
15.75
9.36
13.24
12.62
19.93
31.53
30.11
22.4
19.29
21.0
15.64
20.53
23.13
20.68
25.66
19.49
16.41
22.82
30.22
31.45
19.8
23.66
31.84
22.07
16.46
22.71
23.63
26.06
19.24
10.05
16.44
18.43
20.03
15.54
15.22
15.29
9.57
12.22
14.01
13.03
13.55
12.71
17.78
16.33
12.97
25.24
26.63
20.33
21.41
23.85
18.2
19.09
25.67
18.26
11.88
13.76
19.45
19.85
16.35
13.82
11.17
19.25
26.96
27.07
27.83
20.91
15.51
18.52
20.27
15.99
14.86
15.71
13.52
11.74
12.15
15.14
13.11
8.9
11.97
17.91
18.4
11.52
7.64
9.49
10.09
9.9
13.06
18.75
14.57
8.86
9.83
8.84
10.95
13.52
9.61
6.99
10.13
8.81
6.43
13.68
15.18
10.81
11.5
10.39
9.68
10.47
11.2
13.71
12.66
15.58
15.75
13.87
14.79
9.92
12.78
15.34
16.57
14.25
5.96
7.09
10.63
8.73
7.03
7.47
7.53
9.15
10.55
9.26
9.18
8.57
10.25
10.6
9.09
10.08
9.91
10.62
16.3
20.34
24.76
21.48
14.5
20.49
24.34
25.74
24.44
30.27
28.19
29.63
29.37
24.92
20.25
8.4
12.6
13.16
8.73
13.49
25.29
26.18
18.7
17.26
15.3
19.8
24.01
15.66
10.68
11.44
10.79
15.77
22.2
18.84
19.48
24.24
28.78
23.53
16.4
13.92
15.68
20.82
19.81
15.81
11.83
13.08
11.93
13.43
16.3
15.69
20.3
23.39
18.98
20.02
17.21
18.71
22.76
20.29
20.86
18.67
13.73
14.39
15.57
13.23
14.42
12.42
9.18
11.06
12.4
16.15
21.88
16.93
10.47
12.77
13.62
8.66
10.09
18.3
20.72
17.77
19.61
20.8
18.5
15.88
15.04
13.46
13.52
18.26
22.66
21.29
13.89
19.17
23.58
12.95
11.11
24.3
26.75
15.35
15.24
14.77
9.56
13.54
13.48
9.47
10.44
11.73
11.93
10.91
10.57
15.23
16.85
13.68
16.89
15.1
10.79
14.54
14.48
9.39
8.58
12.9
10.76
10.2
10.82
13.88
14.79
13.45
14.76
15.24
17.13
15.57
12.94
17.15
22.09
19.5
13.4
8.62
14.49
13.26
8.39
12.99
16.91
15.84
15.03
14.26
11.76
14.02
17.77
16.95
18.31
22.21
21.53
17.45
13.82
11.9
13.67
16.22
18.24
20.68
19.56
18.66
21.45
21.83
15.71
9.59
19.33
19.94
13.21
11.01
9.72
12.87
14.47
20.04
16.48
12.82
14.05
12.86
19.57
32.58
25.26
15.4
17.6
18.93
20.95
22.61
19.68
16.51
20.34
18.65
15.88
10.92
6.24
8.84
9.13
14.18
17.94
12.85
18.81
19.15
10.68
12.84
13.76
13.06
15.89
15.32
15.87
16.85
14.01
14.48
12.53
12.83
14.58
13.56
18.27
17.32
10.32
11.78
12.64
12.71
13.05
10.19
9.58
9.36
12.26
14.97
16.25
18.49
21.33
19.8
18.72
15.27
17.58
19.12
17.22
17.33
12.89
13.94
12.34
14.39
16.16
12.18
9.11
8.14
9.67
9.74
9.9
11.22
9.51
9.36
11.1
13.37
9.93
5.05
11.66
21.26
17.68
17.97
19.33
13.83
15.13
20.82
25.62
19.96
16.71
12.43
8.56
13.2
18.38
17.59
21.44
24.29
19.53
20.21
21.85
23.24
22.34
24.13
21.77
15.43
16.35
21.9
19.88
19.18
34.43
31.17
17.27
23.14
19.52
15.84
22.47
18.59
19.36
17.81
13.85
11.37
10.53
17.8
17.26
12.32
18.02
22.08
26.55
29.41
32.42
33.88
24.54
22.72
29.55
32.71
29.02
32.81
31.35
25.46
31.87
38.62
31.25
34.06
35.81
34.19
32.56
25.22
39.32
40.33
34.85
43.39
39.07
31.74
35.0
33.96
32.8
37.29
41.12
32.71
24.51
34.08
38.53
35.54
29.05
24.56
33.97
34.78
28.86
26.84
24.59
23.65
22.31
27.11
29.72
25.72
29.5
29.05
24.51
26.52
39.56
46.44
41.12
37.69
46.48
47.91
41.58
43.76
40.33
45.85
49.24
50.51
54.28
58.8
57.52
49.02
54.71
63.75
58.66
57.49
74.49
80.45
76.21
70.17
59.93
63.52
71.31
85.24
86.74
