44.88
63.44
64.99
62.56
85.4
77.95
63.49
70.99
88.71
95.12
96.2
80.99
37.72
18.18
18.34
11.25
10.58
14.83
11.5
13.76
16.72
15.18
24.41
29.44
32.45
46.54
51.34
41.34
22.36
20.17
23.3
12.48
14.97
21.76
14.74
12.54
15.52
16.17
19.8
12.75
5.61
6.11
7.78
10.61
11.52
11.88
12.26
12.9
12.31
10.23
10.13
9.61
9.02
10.72
10.8
7.64
7.07
11.59
18.95
23.78
25.86
20.21
15.34
15.73
14.93
15.25
11.26
13.49
21.63
20.99
15.88
13.17
17.65
17.66
14.08
13.49
18.98
24.05
18.88
19.17
18.14
14.91
14.87
20.79
18.15
15.95
21.33
18.01
21.45
22.24
14.3
21.74
23.62
17.61
17.44
17.85
18.35
14.19
12.89
15.32
18.94
19.84
20.69
19.15
14.11
16.13
18.52
14.06
11.14
11.79
19.19
21.74
16.11
24.22
36.02
30.52
23.1
21.76
19.42
18.35
22.03
27.3
23.82
22.25
22.25
19.23
17.22
25.07
27.4
20.24
15.39
12.98
14.1
15.11
19.61
21.88
19.68
15.27
19.23
18.94
14.04
13.8
16.83
21.71
18.88
15.76
14.96
16.84
19.86
16.58
22.99
25.1
20.09
21.37
21.1
24.98
30.32
26.56
18.62
23.14
31.18
38.22
35.69
25.26
22.63
24.39
25.2
26.74
23.42
21.4
27.66
27.25
21.56
23.74
26.98
23.37
21.37
25.05
21.52
21.41
30.65
25.6
18.68
20.4
22.83
23.0
28.12
30.02
24.39
18.48
14.15
14.36
18.11
22.01
29.73
26.22
15.75
18.44
21.05
17.3
23.18
23.85
15.49
17.01
15.04
10.46
15.85
17.86
13.93
24.39
26.67
23.16
23.23
17.87
20.56
21.43
20.46
19.88
16.55
15.64
14.82
18.5
17.73
16.9
15.2
12.11
11.75
10.04
12.02
11.9
11.09
10.24
10.3
12.78
14.44
15.07
12.72
7.84
12.45
15.2
10.04
9.31
8.18
6.4
10.98
11.36
10.11
11.23
10.48
9.18
8.91
10.63
9.57
9.01
10.46
12.78
12.63
11.8
9.22
7.72
9.05
8.56
8.81
9.99
10.3
10.88
18.32
18.2
10.84
9.72
9.86
12.54
11.09
9.84
11.12
11.73
9.17
9.67
13.82
13.67
11.4
10.12
18.22
21.86
16.83
10.34
7.25
7.94
8.86
10.13
12.04
12.8
8.22
5.55
9.58
9.76
8.46
10.34
8.86
8.54
10.49
10.58
9.05
12.5
12.84
11.56
18.22
16.95
9.67
11.68
13.21
13.71
13.38
10.18
8.33
7.37
10.88
12.28
10.9
8.54
6.66
7.6
8.76
13.17
11.99
10.09
15.9
17.08
12.3
9.79
11.52
10.9
15.81
18.24
11.81
14.49
16.19
11.57
7.56
6.84
10.05
9.48
8.13
9.15
12.28
11.26
8.34
11.54
11.72
11.24
12.58
12.12
10.93
12.5
14.05
10.13
8.19
12.26
12.22
8.36
9.71
9.77
6.9
5.66
9.76
12.86
9.69
10.63
10.24
9.75
10.05
9.92
11.4
11.76
13.21
13.74
13.27
11.83
9.11
6.82
7.44
10.26
17.64
17.36
9.16
7.29
6.88
11.86
16.33
12.18
6.98
6.23
10.91
15.05
13.04
10.24
7.75
10.15
15.16
14.57
13.15
10.02
12.28
17.49
16.07
11.68
9.73
11.08
11.25
11.35
15.71
18.27
15.36
14.51
15.88
13.7
14.27
16.33
15.33
11.81
9.58
14.55
16.63
17.78
19.26
20.28
23.71
20.03
17.41
17.98
21.97
25.95
23.33
18.42
18.38
16.28
15.48
18.66
14.85
14.21
17.67
16.13
20.22
26.64
30.65
25.57
16.42
21.51
26.65
25.27
18.97
14.45
16.79
18.49
23.08
22.17
17.71
25.79
25.06
16.82
17.81
21.26
22.59
21.81
24.75
25.75
20.52
19.83
18.34
19.27
21.75
19.17
20.86
21.85
28.34
33.6
24.43
21.06
25.56
21.82
19.74
22.11
18.97
18.61
21.95
28.01
25.25
27.91
40.37
33.22
33.47
32.84
21.36
26.15
25.27
21.8
23.63
35.08
35.44
26.37
26.67
22.18
18.16
19.86
27.88
27.68
23.78
29.71
29.42
22.0
25.07
27.21
21.5
25.51
32.19
28.07
31.44
34.85
32.94
35.49
34.28
29.76
31.17
33.38
36.51
39.24
32.82
34.69
33.9
28.44
27.66
27.49
28.5
29.34
27.13
24.31
31.9
32.79
23.99
24.92
29.59
29.36
35.25
39.28
34.4
32.43
27.85
33.18
36.41
26.16
24.17
27.45
38.02
37.49
25.19
31.38
50.04
46.63
26.77
31.92
41.03
35.0
36.51
36.08
34.82
33.3
29.8
32.45
32.46
35.45
37.16
35.13
36.14
30.32
27.51
29.75
28.74
33.93
46.58
42.27
31.87
38.38
36.38
35.73
39.38
39.3
38.77
38.68
39.36
35.1
31.42
31.97
34.46
46.6
45.56
38.98
42.21
44.84
46.87
40.74
