-1.4284531367139284
-0.7271229387043691
0.339803910755561
1.1540099083849458
2.301666820259722
3.7975167124062654
4.872043910695731
6.207486292945808
7.861732790155769
8.544166334479112
9.006415138713542
7.2878309594777075
3.727053421451117
1.3855006719637606
0.707981323633564
0.0996631274315409
0.0749380581891367
0.7490043358942586
0.7767707005157214
0.9986605359359828
0.9688820278123884
1.0346656663324336
1.4489689454054675
2.343936295200093
3.150877479518739
4.269796306258462
4.797677702875292
3.0026054419763657
1.1950904420162127
1.2688138564651672
1.6617785786660773
1.4555719916534735
1.3128301557831232
1.5742512488534828
1.0767204273042632
0.3888614878166819
0.3888215241675383
0.4035588919203712
0.2684546330772756
-0.0040089391041887
0.1745331526839987
0.4444925715532616
0.7387142906528004
1.1310909537818652
1.0250643884920014
0.7861560952533302
0.8099803087792549
0.7609582287886246
0.6965090494644971
0.9224861302375884
1.437678575411684
1.3812570130654875
0.9566118988510148
1.025856005543954
1.4069184402864716
1.6174207206080764
1.763055912185759
1.8636833953438456
1.644185991134095
1.466324908163412
1.3307273956647792
1.3939084893204532
1.0350219838452304
0.5568202140565722
0.9045885950438723
0.9444847415376496
0.7671572442532473
0.7150330899187888
0.6991387808068785
1.0043358510855744
1.2628745690205527
0.9183940980718128
1.020426967951449
1.1988265572411338
1.0637533540736626
1.3377188368957385
1.215832915149867
1.1082348323936424
0.879039616319638
0.4075258267288233
0.2611447346630682
0.4118026674992507
0.7512735866205827
0.4327117999694714
0.7080576654213485
1.6558873644859051
1.5437732578953165
1.2562787546283685
1.3015582053357968
1.0747719572004133
0.872564522997125
1.2519046894852417
1.532017646683269
1.6019604204755689
1.3233417859886103
1.060582499238623
1.4703435447037303
1.6265015118107384
1.8452401824212816
1.5287676113214814
1.435764244508218
1.6752928689665354
2.0521139720266848
2.173045966940235
1.6740762506868003
1.91477901838628
2.171512803610716
2.06629532542144
2.049976659295636
2.5364521182147577
2.627216394839097
3.1222623806241803
3.3671279479791862
3.1872149896185107
3.4119111903652115
3.16463235735798
3.129383456923207
3.2731289776192374
3.027452888020146
3.2338877159368065
3.5348254272407384
3.189865490769584
3.02725456184143
3.326537126826318
3.303952875394058
2.8524277477560087
2.4785663024437508
2.5357875123321283
2.639761598682101
2.326089751926661
1.9666718280090385
1.90904704162787
1.8106141237361004
1.813569915830075
1.9635425564109812
1.749435418666673
1.7608116940753311
2.1150653246693025
2.071854019283458
2.2976523561125144
2.3290853646475496
2.010531729253415
2.484210185850466
2.689701341526724
2.456067131117257
2.2365098989913297
2.3507829018303656
2.496036508585523
2.202828103364315
1.9917123412328908
1.7890528850633798
1.9127369962453136
2.6573963091917414
2.9168632402072654
2.782922097682598
2.719507377656711
2.752144443634655
2.608495848647781
2.262529778739609
2.266342541428556
3.328763354607036
4.128516476474775
3.539340077687937
3.102191188646658
3.1118510412998948
2.882125756390608
2.9649179305004405
3.047923355426577
2.855249811570532
3.1220551715527223
3.2879587098520826
3.1527402062404093
3.142800021457532
3.224330032521323
3.243522317368707
2.8030115613982685
2.579926237848136
2.9390694601620693
2.98021316361863
2.906941437967616
2.9334739204658704
2.7918982867388618
2.790068464301288
2.7705581694108714
2.326575652056814
2.3435095695621264
2.802843873661909
2.578647252360533
2.004811939695009
1.9147241914154531
1.987105648309432
1.9270662872190496
2.0449913959390065
2.1594476560403355
1.9524315145836737
1.8582009430349693
2.151140384279268
1.9010186916629883
1.5445276426963843
1.781682576722876
1.9957338373617484
1.8918814716743
1.6966716574290954
1.5888877337079073
1.560484866241735
1.9639895189023853
2.005542981591637
1.836818219074764
1.9018066566648355
2.129976839302588
2.4511092481561843
2.5224570639509705
2.6377180527129127
2.4803601996452245
2.577579722935046
2.5711774834980985
2.429150004772721
2.3825687817084344
2.429456562087063
2.5007670963325785
2.206060257718089
2.2344412368874345
1.9630352708308585
1.8980787276680784
1.9289086040379897
1.502998405892359
1.16560392022483
1.369289434819038
2.064628635287028
2.402225776458234
2.0335927011074104
1.765850731633564
1.9130366518482125
1.7811926612891305
1.6472624678929249
1.892060610601673
1.636496928374206
1.1870221843052553
1.2554322242189686
1.4865364275909991
1.5268358241412865
1.636780994167371
1.4202388862357365
1.043532180312351
1.231702364599223
1.2244469670458311
1.3983515404844689
1.450870836327124
1.2953377536063926
1.1942453270393356
1.1294421774759604
1.4053831140930748
1.5458993274864492
1.4740787540819342
1.3716920753694657
1.475386402770917
1.577655821180344
1.6849630427992082
1.442447247762604
1.017184651275373
1.1717991467572764
1.160150690710958
1.1417545118101098
1.6473336880490406
2.116255538777475
2.0578647314395924
2.116055830250638
1.8256244049934067
1.5928400372418017
1.4747869792054795
1.180387603691177
1.439339584955556
1.8763741798735976
2.083923058052153
1.9622253268569123
2.109403726803586
1.8867890363515905
1.373787452085547
1.517101938473825
1.8178147961963789
1.7112908630534411
1.560467154381311
1.2630504223951668
1.3881730296713672
1.5215595614130009
1.3499560758876346
1.6258148607696672
1.425849829303459
1.1803962955590674
1.252919569844002
1.3383316278769737
1.6010979003938612
1.681361306558283
1.708122035471939
1.5124038164054627
1.5251990972571745
1.5574992326659245
1.4711791315543792
1.6768017327312028
1.534573504035785
1.4356427026473768
1.7357173636948071
1.9498019552291987
1.6109850012171578
1.277211013166221
1.5011195442375498
1.4843901535582245
1.5169069025291202
1.5803895134358117
1.4622897841470957
1.714840611962433
1.861555602347216
1.4314865077759904
1.2413291179697372
1.080753287752274
1.1963551154883043
1.3755363026497955
1.0046098781006003
1.2141221600060403
1.6836984802405757
1.6595481065214923
1.5598938296273934
1.882128568019687
1.953526806985538
1.5241973293352775
1.3610378297120604
1.6215514524475614
1.6430277177628636
1.562527109702864
1.1768152998728183
1.1587317963064985
1.4259944354827154
1.5339420459662012
1.7035031567060797
1.6918149422720947
1.713462469235877
1.9616591479590448
1.987188534411763
1.7787666265140267
1.8939024556945097
1.888635936336309
2.0886422824558157
2.084144993921378
1.668189841749454
1.513874995332966
1.4246735120202882
1.6481303499329691
2.0179278892600623
2.013130583729042
1.8831989357356764
1.6917108488617298
1.4153909623177328
1.5960293668809162
1.726761320900681
1.624706910465678
1.4524348269487013
1.3317175409292543
1.3284608599665142
1.4980089651353417
1.655521138003089
1.4850473830734243
1.527920007019762
1.4920571197200052
1.33835932435103
1.4054573940747332
1.3298464919366828
1.1634293718983528
0.9847394207324316
1.2281413715161964
1.6003341416467918
1.492420348076194
1.5016592525633958
1.7058794827507364
1.7203217106102828
1.674811233189014
1.7336390601307143
1.4975869808625129
1.3767832615204758
1.4932932917704238
1.5605204576866305
1.330844494026524
1.1114021355957917
1.227703900367212
1.6367823671446908
1.9194706312683332
1.619370075450005
1.7945742289551465
1.9338881196217157
1.5975154061737953
1.5816523561820768
1.718638857854056
1.8533905171054403
2.0516020846488074
2.020865143774043
1.92376495363756
1.7233524845994364
1.4734608470298456
1.668478340203699
1.9511075963420184
1.9703523965323733
2.0558362527285734
1.7319849428434793
1.6938230850992144
2.1168458138489403
1.917794024494915
1.922715778494927
2.407625576789689
2.285417169579528
2.2857154409760376
2.320348621585352
1.9517790371588348
1.9183812977601644
1.984227508933789
1.8148378866915291
2.1574615905690946
2.5576985908574112
2.5784765677093007
2.161300541426347
2.0017442598930533
2.500404222114978
2.4030524641273106
2.4193186228595867
2.372912371642734
2.493665505601549
2.531680929019569
2.077608351030279
2.153765452946936
2.267165059372839
2.1557158726726544
1.9703839286102671
2.136313385864301
2.8991374196848465
2.964153868590941
2.7198694638480934
2.6017007733524418
2.278926878897633
2.482002698634695
2.8546358259538933
2.4570188222875213
2.320793558253236
2.3456352136220704
2.3502142424287937
2.637322325645312
2.920161918804596
3.0312583020187303
2.6958535659989984
2.7684481414979003
2.889777221153293
2.664861809118428
2.7148043120739374
2.5410205263528347
2.149471029607509
2.36123039456371
3.05424454059733
2.881428544273818
2.729618322768647
2.826699895663068
2.251778555403681
2.1450558050808737
2.2807444626490314
2.3812596970960387
2.882299696313713
3.204790600462983
3.266477819734212
3.0343634568866555
3.0915546457850382
3.114396057895952
2.955542163382741
2.660457809460549
2.770570055596857
3.3889264507962182
3.2841584976523683
3.1168599860981727
2.8601218155034123
2.7155431613473446
2.755450377193278
2.864954471967966
3.0400634148243677
3.1802479495185945
3.3776890367131998
3.821850992710739
4.006366467474772
3.743133649704626
3.385499460735668
3.465744968739364
3.601721029905408
3.38849910263314
3.255639600744056
3.0310792418719097
2.895885868777915
2.9749813181236413
3.255183153709241
2.8806573861149847
3.1802307909476166
3.5877451170787094
3.0521671095162777
3.376199176391074
3.63350709087782
3.050189770127532
3.2143435295509017
3.1335255504970614
2.5070109622691747
3.0597762942091897
3.490000392297211
3.4599803504523208
3.14889608121742
3.1805563019839487
3.308689827525417
3.479959309701436
3.8812979908777225
3.644404319182716
3.598343057658489
3.6144580235648234
3.4547038408790263
3.5383740593275275
3.7303142817373898
4.042507041084332
3.837847757582316
3.248449866197943
3.0295728482305297
3.5064753037749505
4.26255383689444
4.1594661853469495
4.15311515607268
3.703820645127466
3.78740816174656
4.667846943865853
4.534645802392874
4.302251828377897
3.8379535292084377
3.355112934046635
3.7071791394554743
4.155337026741464
4.146089913185202
3.544084485837584
3.4469160659006497
3.9752234635301904
3.866768736798404
3.643079071787685
3.729309855943931
3.903030694055143
3.9297915998627504
4.229839742379398
4.313743282950403
3.6180535680532393
3.5271802554160114
4.152782618285821
3.782586169146791
3.471458443595944
3.910890807959205
4.149351035004968
3.940217959222337
3.655188787522701
3.5835444881380294
3.4309061978474307
3.3867409497840857
3.5892298540179413
4.1006734188298335
3.672054063604116
3.3950728872386846
3.88159366423576
4.1353631862830005
4.166212656390104
4.152401621405318
3.854682991560346
3.605983406564194
3.832456294658464
3.929234487259465
4.500934738111564
4.516016166351165
4.249201539335904
4.418060721324792
4.248141193309494
3.9965107038117793
3.965019584653677
4.032299031191278
3.892510724052989
3.74556655831936
3.706119828907231
4.061349882706474
4.257935683291766
4.151982047597747
4.51442558501114
4.551483275519265
4.623977823070131
4.947909033166861
4.550770470175563
3.9373832448234896
3.8194734135172825
4.209410085710491
4.315723356662561
3.9841843561246177
4.210656439004675
4.657346734541082
5.130609359332477
5.206293781714297
4.866014948588523
4.410966145586957
4.367446951202945
4.733475507394086
