-0.8801503583822605
-0.6500753814020938
-0.1015188109522794
0.4794174483019226
1.2734134091800398
1.6829224607898512
1.8627134412309443
2.1514298036526114
2.90459212011521
3.971597505469906
3.8720196255726687
3.826322237764067
3.91220714166098
4.357880839426773
4.341029962497593
2.919020449226401
1.7121243195343805
1.5388922640166571
2.049117414043495
2.640073592006604
3.482823353913615
3.9966428636424336
4.138611486196868
3.891408860249076
3.6334234363841857
4.9067799759896165
5.239693951161285
4.062984005923915
3.77766403319077
3.7116713824331855
3.3068349997846367
2.6233710722420334
2.1089988443652263
1.5039490597202758
1.380814171999585
1.078732915059634
0.766526432317807
0.8998752952912286
1.0863803880881866
1.927017971911468
2.3559135148575
1.4861872157830598
0.7429475569794942
1.0191081541530775
1.3247693765543975
1.0118096982440865
0.9366334094206392
2.475437655376294
2.5665743132332914
2.0486101560539707
2.520386012536638
2.1633880460790302
2.4773805159248257
3.460024558087968
2.624956377218913
1.3514637599796986
2.070096221257194
2.8031173080045484
2.98009700227273
3.2665467305607567
3.5339997555868963
3.444934826318814
3.343436290589125
3.5481482769123835
3.7314764262176183
2.6396016531023063
1.4478995454727916
1.2708428059612231
1.299371177570808
1.4232191922851885
1.3120906060996214
0.9597950120370576
0.7882542644456864
0.878426591436621
0.548694794648781
0.4412491701084693
0.96942706350964
1.1110950207373969
0.8890951809783345
1.0051334035066195
1.1198681299211226
1.3185866389124912
1.5817374735415004
1.646705122346452
1.385868984156569
1.1459058835903233
1.126892813622825
1.1421375179672395
1.3474787773900003
1.464395243869444
1.4828850894802463
1.6219754906852677
1.8487004680153705
1.647961699178952
1.450795558002681
1.023074750045265
0.6475136273270198
0.973277659364219
1.023150484522334
1.1809607434498606
0.8656975158214759
0.8359890870815966
1.26231168693151
1.2437346937775968
1.3404320538599377
1.3078910428684518
0.7673156286986783
0.6246120426647965
0.4993750907474082
0.2478564689946868
0.3485874739334897
0.2954469011647894
0.5459000794342136
0.4417460868350297
0.2892228317828806
0.6441416053282887
0.6815043748933561
0.8071079277226012
1.1549777218386876
0.6133478969955217
-0.0862797875132189
0.0645539731890265
0.2388165897282722
0.1737490423166438
0.3009514061044501
0.2931360509971027
0.2796351705999418
0.4632798135521501
0.4335002282411036
0.2740148344459114
0.6143534591275207
0.4992294483335087
0.4967497965475338
0.9165533327121752
1.0438401481837676
1.1126350499775532
0.992786348954
1.395216125715729
1.3409651338958866
1.0206915641626582
0.8224920360051563
0.3430234296575989
0.3958016712387007
0.5665518919146009
0.4278585126622448
0.3202421367315955
0.603418768729442
0.8689774914326672
0.9422699135783916
1.1097230818794894
1.0068056847573568
0.6005498509594484
0.5069656647495457
0.7214123872585628
0.6940951412088965
0.8544795136004701
0.8185091700555754
0.4387099550961491
0.6214606563821473
1.122373731601609
1.0434225051062966
0.5234263876551976
0.1363043280112134
0.3634762123474602
0.4599227392837884
0.3739582863465698
0.4226670750750543
0.4348466196692711
0.3406755513207962
0.1997077027630788
0.6258928570273617
0.8795549616328011
0.5426541622931396
0.2966077200233478
0.3158618976702362
0.065827223656046
-0.3197474891103661
-0.4159649227276522
-0.350992641043672
-0.2145821041838754
0.0097028496111078
0.1256807619962878
0.0857109987987043
-0.038443274917393
-0.0885282194546976
0.0474185217151197
0.1497322357520693
0.0624441767492824
0.096112556242118
0.4211086546001827
0.4927685928247152
0.2005312590996173
-0.2012938309589317
-0.2923428719324529
0.3200870703117628
0.6827652522317106
0.2423839802736372
-0.075537178653631
0.0170410793684007
0.3922854654652951
0.2132050232813935
-0.1982997229313398
0.3681700476846883
0.2310752923632913
-0.152407836405226
0.0241257013565419
0.2153932993697103
0.5045777936371585
0.3586963595297351
0.3585763963921897
0.2237915636086239
0.1153946759459316
0.06980606804413
-0.1424941767340615
0.1443023899415475
0.3600651595361647
0.1694023737297217
0.0152334794043982
-0.152817591587481
-0.0333272219165856
0.3797303886097799
0.5948941416419207
0.4523131477920073
0.0823721819708492
0.0515178984154839
0.3523027890192406
0.403812644992849
0.5344297067637614
0.70037429355988
0.435256302027397
0.4283428180863021
0.399760701035645
-0.22943020439764
0.0959062088852449
0.7028426267221878
0.4384838191570865
0.3685476252396631
0.1625289365020504
0.0068369546362698
-0.0402052447544839
0.1603713212644591
0.3485534916242294
0.3959478203677261
0.5914872350304125
0.688801876265662
0.5800617072043183
0.2508633488500672
0.3721777006410093
0.8578342625210272
0.5646845720167978
0.3407064304736185
0.1945834227767314
-0.1455634294388267
0.1212654656781268
0.072248871374279
0.0098475760632673
0.1218743794770429
-0.0369141562632893
0.2782762046683473
0.6082307749563953
0.2536469079441186
-0.3186448993134037
-0.1871059751885383
0.1688933225266025
0.2050307903458646
0.2821299492242963
0.2004725103675336
0.1648395027388584
0.4363799306869078
0.2696675816349235
0.0946058068064761
0.1619914883567532
0.4357112132343607
0.4966949025688638
0.1146627018981016
0.2149338319856287
0.5854620907163123
0.6632626137161989
0.3021230778590613
0.2445709833192861
0.1911294526332667
0.1348869142057308
0.4583497619975318
0.703471485895285
0.7139162517661741
0.4497596402271916
0.3787756821352288
0.395642964017413
0.0101696347127731
0.2658030415090806
0.4208982093796362
0.2656391028424177
0.4762573815210389
0.4362511112108534
0.4638400493086723
0.593496085736191
0.7876363242059458
1.2085213328190163
1.1162165896862637
0.5244816978767711
0.5703779857428379
0.5785818359648242
0.1989085344087101
0.507268721965796
0.6224382692865459
0.4959116369973665
0.5385547042059438
0.3291013808888098
0.2635324494514121
0.5041808028703496
0.2541008401380096
0.1694691420483458
0.7515940514797376
0.466215029033976
0.2320109761908181
0.6355427834867986
0.8080933818541769
0.7587353456108373
0.8283497077993556
0.9518339676177536
0.9570880383511364
0.8779602864378012
0.9332505977828214
0.8759007761952177
0.9569439423929168
1.1934955235572142
1.0939469259888714
0.9174416351833062
1.1431181800060235
1.3977669491556113
1.257211007295769
1.4283999292105116
1.3067780460724487
1.0438081087390496
1.3168784419079893
1.1626790959717994
0.7887161597597835
1.1447409435765707
1.4574296103414646
1.3645308621520185
1.3830198881323434
1.3633302802131706
1.1043915968735427
0.8769334906074515
0.8265742035324106
0.9135853613882844
1.1653336743396403
1.3225528191980596
0.986621535806562
0.8391285192892718
1.03338492002902
1.0337563564749737
1.012964692349844
0.8864972424246892
0.9294211042922796
1.270437523598622
1.2856899728551143
1.0862536241034864
0.909601893759567
0.9177421606397814
0.8341523093958879
0.8839060734350974
0.940840905835866
0.9443690259870436
0.9433157934409722
0.986206820140888
1.245863526874674
1.3038803128910064
1.0977364775909708
1.1080186955068398
1.1759526144867465
0.7818927407285403
0.5552982637135614
0.9574626270499508
1.4629030787901949
1.4897515460583326
1.625321199804347
1.3881586671422528
0.8350554692748383
1.1698535172293258
1.1728790042057802
0.9344657161376464
1.322382184805603
1.033120479830189
0.8105021483801416
0.9239247483065032
1.2562717889416757
1.37024067325746
1.156674899084716
0.9803244516929496
0.8779409242710469
1.3884547806042644
1.2508275491072849
0.8308457570997778
0.8445717889645714
0.4873712733177672
0.5252355219928645
0.9771938183799348
1.3028422395629191
1.415149403302543
1.124493367898871
1.3304730292202862
1.6053991931086702
0.9741001141151406
0.775214998662289
1.0643135693417078
1.279334726664516
1.03130820479942
0.769379790402835
1.009356259662564
0.8709650036305315
0.684367558042071
0.6500160501396186
0.2381555336130994
0.6120823071527632
1.4461048926561295
1.2336767972096316
0.8110747727316336
0.9180488493724264
1.3979961452545036
1.140622628354829
0.6050325637241374
0.6603610160081986
0.956004858932483
1.266494336545725
1.115371562708211
1.2692730666152416
1.1104122160877026
0.7232297324778023
0.8180972392915984
0.7629349724231683
0.5125773037331188
0.3321962283191357
0.3396396607322292
0.3682734043173556
0.8414917418336348
0.714333672371781
0.2276645688952581
0.5845353078541418
0.7479456955706635
0.5655171933596352
0.8120596355732408
0.7419119096114559
0.4477692053436625
0.6591913283273602
0.5219086745883069
0.4218013388057129
0.5769248108574832
0.4013120771424824
0.7921709901246311
0.8741322837964313
0.6626819431211978
0.469744322149219
0.7803333587859401
1.0978331244239186
0.8379548732442649
1.0794652687232484
1.107584061521618
1.0443086997577071
0.7545422948453457
0.5520457108589634
0.6541029366954709
0.6365724699958639
0.8196778128275066
0.8093874318395128
0.3514961697393504
0.3856010390213999
0.8307850151273268
1.109137089880459
0.8932956957322259
0.8660563851954864
1.0430311396744094
0.936374121191529
0.7653414430940679
0.4619353280746166
0.4643380049911579
0.715012645107019
0.7242138599204625
0.693573472612872
0.9109637528093072
0.6857529475381517
0.5638702885945637
0.8103743432048535
1.001459408708922
1.1131815743008235
1.2835807166710709
1.525394341930002
1.1911302993427777
0.933614342096778
1.430718529068277
1.666586510618162
1.1259159399209226
0.8019098868539394
1.4194844893362295
1.2975842141462337
0.8001872996104324
0.8262435416966687
0.9208682137318216
1.0734448121141924
1.1703928949224918
1.3244451480624315
1.348310573029088
1.4648386097286403
1.400282822874255
1.31104505787473
0.9618340431197376
0.4109614806685347
0.600247165576614
1.0787862483024326
1.1873044275202704
1.1812489287793262
1.1160017936227316
0.6322261258171915
0.5726735352723711
0.9622063480349138
0.7866065792392078
0.9094454587158224
0.7931656049593921
0.8313333683998968
1.217979440456603
0.7853525232578228
0.6631051540587203
1.072801401991344
1.1223658046189735
0.8873797037030084
0.8499044583156848
0.9237179681379608
0.9564115417216724
0.9621900017746244
1.0181202297105267
1.2143229848694788
0.9766571590733372
0.6850112909127057
1.1854385209133915
1.037423987218368
0.5421367404093179
0.7507140456903527
0.875327204422468
0.8193279175525068
0.4282766964367159
0.5769399319119679
1.0272441411762436
0.8314552679191607
0.7577082648810796
0.7845850369100159
0.9438216883237648
1.3355140067895237
1.4090923634720844
1.1344497481419795
1.053828142302355
1.1124171738060769
1.3444098968607527
1.034384672416903
0.1649732781584823
0.499940152746104
1.1226354273611954
1.017025325842748
1.0323050446228024
0.8059069553612891
0.845271043169168
1.1875939679570255
1.2263766658377342
1.3654568245915994
1.518750725310956
1.2592416141113447
1.2548367865259586
1.1665092155503145
0.7193945009885416
1.1536482065419746
1.5617843063321108
1.469182769103816
1.2276197124941115
0.9084726095204032
0.993592844680969
1.048505548453781
1.2114890151374222
1.722480330269918
1.9136988340026144
1.8438131139820395
2.070338541846113
1.9020194954971843
1.5417216334506616
1.3562278789489637
1.1902648290991933
1.1526485079267887
1.3032779644514323
1.918876068550294
2.049960629636969
1.760191252564728
1.854436518221396
1.813924890074326
1.417767696153221
1.5270864899460133
2.0529552674334326
2.094811079647501
1.5522066310353853
1.494620934777489
2.0441380466945422
2.24012185763582
1.9951072383153048
