-0.0318290532958474
0.6192956530713493
2.211973080923469
3.646227108108005
4.772001988608166
5.012590942666878
5.958314533401592
8.291862210871678
9.68932541580319
10.506139391251162
11.294324433284409
11.730125496371343
12.75674721866836
14.3775022307861
14.214406431519976
12.374881756688596
12.659073470096926
13.61745940968528
12.888451671212165
12.292931554383324
11.994962509305472
11.236497110810296
9.646038824793942
7.480467846456756
6.228096048516281
6.630712643306863
7.157443003586759
8.629182826966941
9.534869361871834
9.65369248065542
7.337551012677247
5.349583595006072
6.0060191130409954
4.75572199305986
3.3333339989781723
3.2965173013762192
2.57413371453642
1.8433123645704077
3.0138763334932666
3.301581635762716
3.0449189639379752
3.605235137611583
3.732104390077041
3.5888570188004136
3.8037746793547846
4.040892498776129
3.958255744168396
4.060142793065594
4.430114232101416
5.303629425532436
5.902749735479768
5.230034093613885
3.899961361127996
2.85954771753511
3.580964904322551
4.266043029427195
4.2909837691923824
5.172966940560088
5.813646429972659
7.004882553620283
7.205045482015238
6.401481631185005
5.98523550783081
5.534629226122048
4.5405994601503625
5.290561768317605
6.819591768322191
6.147870630901712
5.677618259724227
5.945942564222121
6.445851624650507
5.247899724028562
3.904753749784644
3.8924040971431935
4.017512879983568
3.990454826040077
3.808672321863913
3.5927424575328164
2.931641734146192
2.4456432178778336
2.842065623804288
3.7796077988157695
4.132176480820246
4.085041255355558
3.77278649371016
3.5669689801926103
4.0831194082508935
4.800573456356185
5.614986443579254
5.601964435119128
5.830371598129709
6.722099233735115
7.094988838680385
7.343802438203386
6.996575291827623
6.422753256146197
7.348833912338555
8.398512754177371
8.634613049160698
8.985926321913933
9.652332080431885
9.150042238242277
8.876893113952798
9.667899962537724
8.258959659146678
8.203360482095134
7.969588161068763
6.717405868511746
7.594509189266703
8.155096512569338
8.050261893819856
7.240653587544857
6.15098033881373
6.223161308657917
6.962479889516722
7.714576111761325
7.370259565290614
7.434870287472499
8.190336240529065
8.212387705416058
7.776583731809738
7.510954919455989
8.627038459456896
9.159294448952323
8.642935347202485
8.719186441314449
9.111066200638057
9.324383249597282
9.198949211165427
9.85913596564864
10.36088425095222
9.269860307870267
8.485159491238878
7.466747755484964
7.514720210086964
7.518256393182296
7.222023154974131
7.144136344565433
6.156219473904123
6.155155819007047
6.351023593746759
5.49011469821308
5.358071381362723
5.347125700462311
5.147150493211223
5.115319311748274
5.466027829681245
6.254573067871228
6.116526145537655
6.406004991989871
6.569135977955942
6.95738477011733
7.098359416380899
6.506385260671628
7.108289808529715
8.841919989066971
8.332594060280153
7.085704983120518
7.835050330049629
7.849227677966603
7.87976496885588
7.053600200959256
6.47224939273776
6.348543662979621
5.924820330320674
6.604297784355417
7.623308401888278
8.0692074042619
8.019617774595902
7.439855075875126
6.818535338899377
7.9196268137735615
8.049967341570587
7.981194095127147
8.08318374093349
7.527568410023844
8.375435365907112
8.769382826390233
8.529586682279232
8.247281272703521
8.554595487807857
8.660229799943227
8.389762267720052
9.396300977979068
8.919121879513314
8.604300746469708
9.125682225016815
8.932827810438106
9.399730207376845
10.268884253593193
11.023303077450814
11.019158376605915
11.250800201588472
11.619998790345733
11.15264379057593
11.718815366859582
12.363172481268418
11.63446674663034
11.268343320800128
11.291624355687237
11.312884782301564
11.930567760580232
11.678965822259524
10.967524805166493
11.652932094881123
11.311367812249657
12.149697344636806
12.24132182455875
12.489836307098766
13.361535608426502
12.54439213612379
13.992428487919662
13.84472358540905
12.938692937883056
12.766909003581215
12.492778122546255
12.932151529824536
12.138771347703702
13.404281530806095
14.84299572438586
13.359994339469768
11.995254410221817
11.988506833948916
14.429769466621616
14.684256298532286
13.220993754607475
14.273596268949428
15.766390752811684
15.46565226504497
14.384181818068685
13.93202607064074
13.401323275066222
13.343396987853346
13.179449314538642
12.592835211094656
12.936214777613332
13.68362917138089
14.146422902386703
13.91557304691692
12.886821878006677
11.98944355549871
11.893742954771003
11.38462856188382
10.56695280812943
11.304448405811524
11.773841549604208
10.798697516898164
9.682544497641416
8.418364272473191
9.113754191157376
10.49189368226348
9.14697431036124
7.956296635410653
8.094392792964841
7.215749108746565
5.604194974785584
5.43402488530155
6.554543123965857
6.785497717142967
6.220899707632819
5.21384826985129
4.745004050598819
5.195050789220063
5.553352212634261
5.850824470245741
5.002867682455376
4.689238146952398
5.291347085745994
5.288705940192435
5.650472488106727
5.766095484561555
5.315552679162718
5.48480830484346
6.204629877364459
6.6704960669170426
7.554925912988823
7.333849406616475
6.87897704503369
6.734493060891277
5.912705502396019
6.1588412093841
6.934763179685432
7.378716167503497
7.154866008515383
7.514044707205098
7.88275719498617
7.420218520700649
7.030648340738785
7.321303132050571
7.272503963539856
6.900807085385743
6.052682821413148
6.160403090791329
7.115853809991556
6.984328036012005
7.155362499079033
7.259098482913902
7.37160071145704
7.681250913065143
8.022559181129425
8.168025115949881
7.698113808360656
8.383160880897693
9.497851294591085
9.244913839660295
8.518474290202462
9.139078121891046
9.896414163425456
9.387979615002132
10.0006959333342
10.653601925529202
10.550018611400384
10.650246373640202
10.83939720694448
10.811966253503694
10.572417149685752
10.080238336518631
9.452790955490428
9.583796239895763
9.879473561922987
10.148470385520357
10.074665995286852
9.799316250700238
10.20724946884437
10.166148324505809
10.30479957972255
10.498958425652068
9.94020135040662
10.375490236884492
10.676031468156388
10.490594830095292
10.363355252430267
10.129492775143715
10.111483039034256
10.757628480184978
10.672629069881792
9.555690688204768
9.350870815245065
8.360311479841634
7.730878988600227
8.418329782340264
8.293483610824888
8.22306892171186
8.758170491503092
8.52540758470978
9.006365478597784
9.92952121439648
9.525178699832754
8.487832451279125
8.056180769132338
8.58719968541768
8.445566015048005
7.772246875841549
8.454540688045329
9.494378191947613
9.130374941939268
8.082333024758988
7.946545906862696
8.467677927559198
8.77925365252189
8.62788190904586
8.16178272212539
7.641717838454291
7.824696969564545
7.794174200107324
8.014693055059528
7.952518547825996
7.737284772093691
8.417303416074565
8.262922108804215
9.124804688472596
9.389429090631584
8.215767327848045
8.185033836331522
8.326017336479872
7.797790878438928
8.65987817047988
9.076041193119202
8.241820052550644
9.151504053512804
8.88363768821335
8.35212739073746
8.664475220284599
8.259373407001355
8.364387053420113
8.050212862825322
7.594023237106403
7.688379885441728
8.507737677274502
9.03813625838908
8.414980572186556
6.747421762535098
6.154545699301362
6.293383573477278
6.641685116690031
6.733583456168779
6.035156958574767
6.831734686715556
7.448794795020226
7.269162492995901
7.952923217545521
8.249886124305164
7.414677902192653
7.815127903447519
9.08054684630157
8.54068842215298
8.041160457013195
8.445384009103817
7.86475744581916
7.53049880658212
7.715393201277956
7.512708047818198
7.392784310179874
7.417617275103328
8.377260840124602
8.448373549647368
7.329271980984322
7.4980906373442835
7.666867246165114
8.248863501702168
9.12585203468428
9.230733504463249
9.781162121786013
10.22507052898926
9.4407410259464
9.87136919577519
10.114193906161024
9.77844159506584
9.920260539857868
9.677840436439972
10.323311655084746
10.751053688033483
10.34530432901178
10.413876384776954
10.676336565121812
10.268001081913424
10.582316578727353
10.444918020786105
10.239502155672248
10.54245953547817
9.948325994518148
10.068168865542107
10.37222550054584
9.759974810027265
9.418668948949758
9.662714598628405
10.085337853857512
10.232756349622116
10.301674100588576
10.49374928816976
9.867318748552124
9.88030074653762
10.451930208692891
10.452243724795318
10.561917482192532
10.333478558760945
9.743716356450385
9.428536792707728
9.55515641705455
9.211012041577291
8.86302212017015
9.277858797294485
9.431377423499264
8.708531345711714
8.743883686368951
8.99545074740802
8.191620200571132
7.852636868605374
8.711621945738681
8.883909271776794
9.488597925975796
10.494901566025897
9.40325946722126
9.412219004280493
9.971052146427802
9.421342785202263
9.632218641055648
10.010471170376675
9.638301988854034
10.056178340742695
10.753197337291088
9.641382747104478
8.655913056793073
9.01630661321979
9.515788668628833
9.2425336537346
8.683246666239254
8.644410613184732
9.445367076513191
9.934892329382542
9.722430659538412
9.570593194614624
9.305267319420576
9.356177235864044
9.638888260923862
9.089376557580588
9.069490214855074
9.933280607752987
9.39301899682738
9.297691178325248
9.35580226041184
9.246609982221646
9.390367775269508
9.64885569028822
10.106299774504164
10.28017058030992
9.997842458013857
9.76710566825197
9.403118092695276
8.877944338479981
9.221102961235305
10.087494285895865
10.373583563536473
9.376325707721072
9.095462300990462
9.724782426702175
9.970480964451877
9.610565306432331
9.585300213421856
9.163737477718689
8.639882485666535
9.013934262065415
9.433612321380844
8.939469998445107
8.800506232891578
9.902524190722964
9.96234765953809
10.272532506445332
10.086143119784523
9.717376817036254
9.958143456099064
9.70042223531402
9.37874003777479
9.141352634677151
9.444467585711047
9.502916507558307
9.80695106129609
9.851045983865022
9.059272521180866
8.44981091813924
9.1713976349595
9.671469367751149
9.731592614710143
9.549571903468738
8.23776158162893
8.172671848705116
8.823569863301081
8.933623800036449
10.212237192393031
9.956642056815552
9.18565921039658
9.464974050274243
9.060471920669778
8.427081628572111
8.158360896241367
9.219494523928155
9.242050334560894
9.354161780107376
9.94178553273813
8.915272012490863
8.618387896907073
8.431860038606006
8.988982268263289
9.520037756663228
8.797505716468144
8.838370269103804
8.886477277031258
8.892047103089364
8.777668655886306
8.281468370007433
7.710543327678782
7.933496140830153
7.867357527130713
8.290348703331558
8.43640689882536
7.613369798119297
8.423981451458861
9.327997626945503
9.065417788347627
8.474297782015007
8.617021008226509
8.8032305640167
9.255421870662364
9.948374985155109
8.991982402784593
7.902269516844756
7.905208194468047
8.512402584882475
9.094582441443666
9.1254264416418
8.450505452967082
8.546751651469458
8.160280762642623
7.873071376476282
8.576788487569715
8.349540407815685
7.703837478942286
7.585810540159725
8.556922215979464
8.50644737335753
