0.1000000014901161
0.050000000745058
0.0
0.0199999995529651
0.0199999995529651
0.0199999995529651
0.0
0.0
0.0
0.0
0.0
0.0
0.0
0.0
0.0
0.0
0.0
0.0
0.0
0.0
0.0
0.0
0.0
0.0
0.0
0.0
0.0
0.0
0.0
0.0199999995529651
0.0599999986588954
0.1000000014901161
0.0799999982118606
0.1199999973177909
0.2199999988079071
0.3199999928474426
0.4600000083446502
0.7599999904632568
1.0800000429153442
1.5
1.600000023841858
1.9800000190734863
2.440000057220459
3.200000047683716
3.900000095367432
4.400000095367432
4.460000038146973
6.099999904632568
7.420000076293945
9.539999961853027
12.100000381469728
14.640000343322754
17.200000762939453
19.780000686645508
20.440000534057617
22.1200008392334
22.040000915527344
23.559999465942383
27.36000061035156
30.71999931335449
31.36000061035156
30.86000061035156
31.68000030517578
31.5
30.71999931335449
31.700000762939453
34.0
36.91999816894531
41.77999877929688
44.65999984741211
49.41999816894531
53.93999862670898
56.220001220703125
58.08000183105469
60.2599983215332
60.619998931884766
58.040000915527344
55.040000915527344
49.86000061035156
43.959999084472656
37.18000030517578
28.780000686645508
21.540000915527344
17.3799991607666
13.720000267028809
11.420000076293944
8.65999984741211
6.599999904632568
4.860000133514404
3.9800000190734863
3.4600000381469727
3.0799999237060547
3.0799999237060547
3.0999999046325684
3.5799999237060547
3.799999952316284
3.3399999141693115
2.619999885559082
2.680000066757202
2.440000057220459
2.5999999046325684
2.4600000381469727
2.700000047683716
2.5999999046325684
3.400000095367432
4.320000171661377
6.239999771118164
7.900000095367432
8.859999656677246
9.859999656677246
9.479999542236328
7.880000114440918
6.679999828338623
7.78000020980835
8.0600004196167
4.760000228881836
1.600000023841858
0.0
0.0
0.0
0.0
0.0
0.0
0.0
0.0
0.0
0.0
0.0
0.0
0.0
0.0
0.0
0.0
0.0
0.0
0.0
0.0
0.0
0.0
0.0
0.0
0.0
0.0
0.0
0.0
0.0
0.0
0.0
0.0
0.0
0.0
0.0
0.0
0.0
0.0
0.0199999995529651
0.0199999995529651
0.0199999995529651
0.0
0.0199999995529651
0.0599999986588954
0.0599999986588954
0.0399999991059303
0.0799999982118606
0.1400000005960464
0.2599999904632568
0.3000000119209289
0.3000000119209289
0.4399999976158142
0.5799999833106995
0.7200000286102295
0.8999999761581421
1.3600000143051147
1.7999999523162842
2.2799999713897705
3.5
4.21999979019165
5.900000095367432
8.140000343322754
10.84000015258789
13.300000190734863
15.960000038146973
18.899999618530277
21.36000061035156
26.780000686645508
31.0
36.2599983215332
39.52000045776367
45.060001373291016
55.09999847412109
66.30000305175781
78.16000366210938
88.41999816894531
96.31999969482422
94.54000091552734
90.1999969482422
82.9000015258789
78.4800033569336
78.58000183105469
76.87999725341797
69.63999938964844
58.68000030517578
45.68000030517578
31.979999542236328
21.81999969482422
14.960000038146973
13.0
11.4399995803833
9.4399995803833
7.539999961853027
6.239999771118164
7.619999885559082
8.4399995803833
9.020000457763672
8.399999618530273
7.980000019073486
7.78000020980835
7.460000038146973
7.960000038146973
8.319999694824219
7.960000038146973
7.599999904632568
6.739999771118164
6.420000076293945
6.360000133514404
7.239999771118164
8.180000305175781
8.579999923706055
10.15999984741211
11.0600004196167
10.31999969482422
10.220000267028809
9.5600004196167
8.319999694824219
8.680000305175781
9.0600004196167
9.68000030517578
9.640000343322754
8.520000457763672
9.4399995803833
10.420000076293944
9.960000038146973
10.65999984741211
10.739999771118164
11.15999984741211
12.380000114440918
13.220000267028809
13.279999732971191
14.399999618530272
16.559999465942383
18.31999969482422
23.299999237060547
34.18000030517578
48.18000030517578
54.900001525878906
56.29999923706055
60.060001373291016
64.5999984741211
56.7400016784668
49.2400016784668
51.2400016784668
50.29999923706055
46.93999862670898
41.540000915527344
42.84000015258789
40.68000030517578
36.02000045776367
33.040000915527344
28.21999931335449
26.18000030517578
26.76000022888184
28.399999618530277
31.34000015258789
28.07999992370605
22.07999992370605
17.15999984741211
16.0
18.420000076293945
18.700000762939453
15.140000343322754
14.779999732971191
15.579999923706056
16.399999618530273
15.5
14.979999542236328
13.5
13.15999984741211
14.380000114440918
16.559999465942383
15.600000381469728
14.699999809265137
14.140000343322754
14.0
12.380000114440918
11.460000038146973
15.5600004196167
20.86000061035156
23.0
23.700000762939453
23.6200008392334
24.26000022888184
23.3799991607666
22.239999771118164
25.420000076293945
26.65999984741211
23.13999938964844
18.940000534057617
18.040000915527344
18.15999984741211
19.399999618530277
19.799999237060547
20.440000534057617
20.739999771118164
21.899999618530277
21.940000534057617
18.76000022888184
16.579999923706055
13.5600004196167
10.100000381469728
17.68000030517578
34.099998474121094
58.380001068115234
66.62000274658203
69.08000183105469
63.63999938964844
61.15999984741211
62.68000030517578
64.36000061035156
67.86000061035156
85.76000213623047
89.16000366210938
75.62000274658203
55.400001525878906
42.34000015258789
31.84000015258789
27.020000457763672
22.8799991607666
17.81999969482422
15.84000015258789
13.0
9.380000114440918
6.539999961853027
6.619999885559082
6.699999809265137
8.15999984741211
9.300000190734863
13.520000457763672
14.239999771118164
17.84000015258789
14.220000267028809
12.359999656677246
12.859999656677246
12.699999809265137
10.31999969482422
8.899999618530273
8.680000305175781
7.739999771118164
8.359999656677246
7.260000228881836
5.840000152587891
5.599999904632568
8.100000381469727
9.020000457763672
8.0
8.720000267028809
12.279999732971191
17.700000762939453
25.780000686645508
30.979999542236328
29.899999618530277
24.86000061035156
22.71999931335449
25.479999542236328
24.57999992370605
19.84000015258789
20.979999542236328
24.700000762939453
23.34000015258789
19.65999984741211
15.920000076293944
17.68000030517578
20.059999465942383
18.700000762939453
16.579999923706055
18.940000534057617
22.8799991607666
21.65999984741211
14.979999542236328
8.4399995803833
7.940000057220459
9.100000381469728
9.279999732971191
9.359999656677246
12.779999732971191
16.940000534057617
23.399999618530277
29.1200008392334
46.86000061035156
71.12000274658203
93.0
92.26000213623048
89.27999877929688
99.4000015258789
106.87999725341795
101.23999786376952
91.63999938964844
84.0199966430664
72.5999984741211
52.880001068115234
35.900001525878906
29.979999542236328
22.780000686645508
14.399999618530272
9.460000038146973
9.9399995803833
9.140000343322754
9.899999618530272
10.18000030517578
10.220000267028809
10.140000343322754
7.179999828338623
6.039999961853027
9.600000381469728
12.0
10.65999984741211
8.65999984741211
7.239999771118164
6.340000152587891
5.980000019073486
4.440000057220459
4.5
5.380000114440918
8.140000343322754
8.039999961853027
5.980000019073486
3.7799999713897705
4.179999828338623
4.960000038146973
5.059999942779541
5.28000020980835
7.78000020980835
8.739999771118164
9.199999809265137
11.5600004196167
14.100000381469728
13.779999732971191
13.800000190734863
12.079999923706056
12.640000343322754
15.600000381469728
15.699999809265137
15.880000114440918
15.9399995803833
16.860000610351562
20.71999931335449
28.26000022888184
38.220001220703125
43.13999938964844
46.459999084472656
49.97999954223633
52.93999862670898
56.02000045776367
53.58000183105469
42.41999816894531
37.36000061035156
38.959999084472656
43.959999084472656
46.5
48.220001220703125
40.93999862670898
34.380001068115234
28.71999931335449
34.20000076293945
32.08000183105469
34.279998779296875
36.380001068115234
38.540000915527344
41.63999938964844
38.220001220703125
33.47999954223633
25.63999938964844
26.280000686645508
24.700000762939453
18.899999618530277
13.539999961853027
14.300000190734863
14.420000076293944
12.039999961853027
9.979999542236328
9.220000267028809
10.68000030517578
11.380000114440918
10.859999656677246
8.680000305175781
7.440000057220459
7.199999809265137
5.880000114440918
5.599999904632568
6.380000114440918
7.21999979019165
6.820000171661377
5.21999979019165
4.460000038146973
4.71999979019165
5.300000190734863
8.819999694824219
12.220000267028809
17.139999389648438
30.15999984741211
46.619998931884766
51.36000061035156
43.43999862670898
41.34000015258789
43.20000076293945
41.20000076293945
36.36000061035156
29.84000015258789
26.020000457763672
25.15999984741211
26.559999465942383
28.479999542236328
36.63999938964844
46.0
53.68000030517578
47.459999084472656
52.27999877929688
59.58000183105469
57.59999847412109
51.93999862670898
43.79999923706055
40.13999938964844
34.91999816894531
32.599998474121094
25.920000076293945
25.57999992370605
23.31999969482422
20.76000022888184
18.8799991607666
14.539999961853027
9.81999969482422
6.699999809265137
6.900000095367432
6.980000019073486
10.300000190734863
16.219999313354492
16.31999969482422
13.5
12.420000076293944
14.100000381469728
13.5600004196167
14.539999961853027
13.140000343322754
10.079999923706056
7.21999979019165
7.400000095367432
12.079999923706056
14.31999969482422
16.520000457763672
16.440000534057617
18.84000015258789
17.799999237060547
15.100000381469728
13.760000228881836
19.600000381469727
18.780000686645508
19.020000457763672
25.020000457763672
36.41999816894531
38.2400016784668
45.52000045776367
44.34000015258789
40.2400016784668
38.13999938964844
40.619998931884766
39.540000915527344
37.459999084472656
33.70000076293945
32.13999938964844
27.239999771118164
21.31999969482422
19.1200008392334
18.13999938964844
20.700000762939453
22.520000457763672
18.700000762939453
14.9399995803833
13.399999618530272
14.479999542236328
13.140000343322754
16.0
17.200000762939453
14.640000343322754
13.899999618530272
22.420000076293945
25.13999938964844
25.280000686645508
21.5
16.700000762939453
10.779999732971191
8.920000076293945
14.5600004196167
22.979999542236328
37.400001525878906
45.13999938964844
52.119998931884766
46.86000061035156
40.09999847412109
38.959999084472656
40.79999923706055
48.619998931884766
50.220001220703125
45.34000015258789
38.86000061035156
41.70000076293945
37.880001068115234
40.060001373291016
36.81999969482422
38.86000061035156
34.099998474121094
40.70000076293945
42.119998931884766
34.58000183105469
21.299999237060547
18.700000762939453
17.239999771118164
13.859999656677246
11.31999969482422
10.9399995803833
10.720000267028809
10.779999732971191
8.920000076293945
6.420000076293945
3.7200000286102295
3.0799999237060547
4.820000171661377
6.840000152587891
8.4399995803833
8.180000305175781
8.739999771118164
10.739999771118164
14.140000343322754
12.15999984741211
9.899999618530272
10.65999984741211
17.559999465942383
22.280000686645508
21.5
22.600000381469727
25.5
28.920000076293945
33.15999984741211
37.15999984741211
45.20000076293945
46.959999084472656
44.81999969482422
42.27999877929688
46.880001068115234
49.43999862670898
45.220001220703125
38.91999816894531
34.220001220703125
27.18000030517578
21.700000762939453
19.26000022888184
23.020000457763672
27.520000457763672
27.5
23.739999771118164
26.31999969482422
28.6200008392334
24.81999969482422
21.36000061035156
16.299999237060547
13.279999732971191
14.140000343322754
15.600000381469728
18.399999618530277
17.65999984741211
16.860000610351562
16.579999923706055
14.920000076293944
14.960000038146973
13.34000015258789
14.380000114440918
13.899999618530272
14.279999732971191
14.359999656677246
16.15999984741211
28.700000762939453
38.900001525878906
46.58000183105469
42.52000045776367
36.63999938964844
34.5
28.440000534057617
21.34000015258789
15.640000343322754
14.140000343322754
13.84000015258789
15.220000267028809
18.07999992370605
23.200000762939453
24.31999969482422
28.780000686645508
28.34000015258789
33.63999938964844
44.63999938964844
46.86000061035156
51.79999923706055
54.36000061035156
51.86000061035156
44.68000030517578
42.5
33.099998474121094
22.700000762939453
14.420000076293944
9.359999656677246
7.579999923706055
8.619999885559082
13.34000015258789
18.520000457763672
25.100000381469727
25.700000762939453
20.299999237060547
14.079999923706056
12.119999885559082
9.100000381469728
9.300000190734863
8.539999961853027
8.039999961853027
6.800000190734863
6.840000152587891
6.079999923706055
6.28000020980835
7.320000171661377
8.460000038146973
10.65999984741211
13.079999923706056
15.359999656677246
24.239999771118164
28.200000762939453
32.060001373291016
31.739999771118164
32.619998931884766
44.560001373291016
61.81999969482422
80.37999725341797
82.81999969482422
83.41999816894531
90.5
103.76000213623048
103.1999969482422
86.33999633789062
75.83999633789062
60.65999984741211
39.5
21.739999771118164
12.300000190734863
6.579999923706055
4.059999942779541
5.71999979019165
9.81999969482422
15.15999984741211
16.860000610351562
14.9399995803833
14.84000015258789
18.459999084472656
17.65999984741211
12.0
9.65999984741211
10.699999809265137
13.720000267028809
13.779999732971191
15.079999923706056
16.0
19.459999084472656
20.18000030517578
16.15999984741211
13.539999961853027
10.220000267028809
6.960000038146973
5.900000095367432
10.0600004196167
17.040000915527344
21.100000381469727
20.040000915527344
18.65999984741211
14.920000076293944
14.479999542236328
16.219999313354492
19.520000457763672
18.479999542236328
16.639999389648438
13.68000030517578
12.0
9.760000228881836
11.460000038146973
15.460000038146973
19.0
22.57999992370605
23.5
22.239999771118164
25.76000022888184
27.81999969482422
22.81999969482422
18.440000534057617
19.07999992370605
17.639999389648438
15.260000228881836
15.100000381469728
22.18000030517578
29.600000381469727
29.200000762939453
26.020000457763672
23.76000022888184
27.86000061035156
37.0
47.7599983215332
63.15999984741211
64.62000274658203
50.380001068115234
37.880001068115234
35.400001525878906
36.43999862670898
38.0
45.34000015258789
50.380001068115234
57.7599983215332
55.81999969482422
46.36000061035156
33.540000915527344
25.6200008392334
20.6200008392334
15.31999969482422
13.640000343322754
19.959999084472656
25.21999931335449
24.420000076293945
23.020000457763672
21.81999969482422
19.520000457763672
16.059999465942383
12.260000228881836
10.619999885559082
10.020000457763672
9.15999984741211
8.359999656677246
8.600000381469727
9.760000228881836
9.779999732971191
8.579999923706055
9.539999961853027
13.380000114440918
15.199999809265137
15.619999885559082
14.81999969482422
14.699999809265137
12.800000190734863
11.9399995803833
13.4399995803833
13.960000038146973
14.100000381469728
14.720000267028809
13.119999885559082
10.779999732971191
9.380000114440918
10.920000076293944
15.68000030517578
17.059999465942383
19.920000076293945
20.520000457763672
24.799999237060547
30.18000030517578
45.400001525878906
55.400001525878906
66.58000183105469
70.41999816894531
71.86000061035156
74.23999786376953
66.9000015258789
54.720001220703125
59.560001373291016
66.5
62.63999938964844
47.84000015258789
39.52000045776367
34.099998474121094
30.57999992370605
24.920000076293945
20.71999931335449
17.479999542236328
14.15999984741211
11.539999961853027
13.979999542236328
15.859999656677246
17.0
16.600000381469727
15.5600004196167
22.479999542236328
27.0
25.799999237060547
20.479999542236328
14.31999969482422
11.239999771118164
8.199999809265137
8.0
10.020000457763672
16.760000228881836
17.399999618530273
19.86000061035156
18.0
19.6200008392334
20.979999542236328
19.21999931335449
16.559999465942383
14.359999656677246
12.140000343322754
8.739999771118164
9.34000015258789
11.81999969482422
16.920000076293945
22.5
22.3799991607666
19.57999992370605
14.600000381469728
13.119999885559082
10.4399995803833
10.979999542236328
13.779999732971191
15.140000343322754
14.979999542236328
14.460000038146973
14.720000267028809
15.260000228881836
16.059999465942383
16.18000030517578
16.540000915527344
18.739999771118164
22.68000030517578
26.239999771118164
27.84000015258789
28.71999931335449
29.440000534057617
33.880001068115234
36.97999954223633
39.43999862670898
40.02000045776367
42.15999984741211
45.459999084472656
57.060001373291016
70.94000244140625
67.22000122070312
49.70000076293945
37.59999847412109
36.880001068115234
40.119998931884766
41.459999084472656
44.380001068115234
42.0
38.97999954223633
31.65999984741211
28.020000457763672
25.299999237060547
24.26000022888184
22.700000762939453
19.040000915527344
16.3799991607666
16.459999084472656
16.84000015258789
16.899999618530273
17.799999237060547
15.5
12.279999732971191
9.68000030517578
10.079999923706056
10.199999809265137
9.779999732971191
9.539999961853027
7.599999904632568
7.059999942779541
6.940000057220459
7.239999771118164
6.960000038146973
6.739999771118164
9.279999732971191
11.279999732971191
10.9399995803833
10.960000038146973
10.520000457763672
8.680000305175781
7.019999980926514
6.260000228881836
5.880000114440918
4.860000133514404
4.960000038146973
5.559999942779541
6.320000171661377
8.079999923706055
10.5600004196167
13.619999885559082
16.799999237060547
303.9599914550781
563.1799926757812
684.5999755859375
667.6799926757812
600.02001953125
554.5999755859375
531.4199829101562
446.3200073242188
371.2000122070313
285.6199951171875
214.22000122070312
148.1199951171875
103.5999984741211
61.52000045776367
42.220001220703125
33.380001068115234
25.84000015258789
18.479999542236328
14.4399995803833
15.960000038146973
14.920000076293944
9.380000114440918
5.059999942779541
4.71999979019165
3.640000104904175
2.720000028610229
1.7400000095367432
1.8799999952316284
1.9800000190734863
1.7000000476837158
0.9399999976158142
0.5400000214576721
0.2599999904632568
0.1199999973177909
0.2599999904632568
0.2800000011920929
0.2399999946355819
0.2199999988079071
0.3199999928474426
0.2399999946355819
0.3000000119209289
0.3199999928474426
0.3000000119209289
0.3000000119209289
0.1599999964237213
0.2000000029802322
0.1199999973177909
0.1199999973177909
0.1199999973177909
0.2399999946355819
0.2599999904632568
0.1599999964237213
0.1400000005960464
0.3000000119209289
0.3799999952316284
0.3400000035762787
0.3400000035762787
0.1599999964237213
0.0799999982118606
0.2000000029802322
0.7599999904632568
0.8600000143051147
0.7200000286102295
0.4199999868869781
0.4399999976158142
0.959999978542328
1.0800000429153442
0.7400000095367432
0.6600000262260437
0.6800000071525574
0.6000000238418579
0.4000000059604645
0.2399999946355819
0.0799999982118606
0.0399999991059303
0.0399999991059303
0.0
0.0399999991059303
0.0399999991059303
0.0599999986588954
0.0199999995529651
0.0
0.0199999995529651
0.0599999986588954
0.0599999986588954
0.0799999982118606
0.0399999991059303
0.0199999995529651
0.0199999995529651
0.0399999991059303
0.0799999982118606
0.0799999982118606
0.1400000005960464
0.1400000005960464
0.1199999973177909
0.0799999982118606
0.0399999991059303
0.0199999995529651
0.1199999973177909
0.1199999973177909
0.2199999988079071
0.2800000011920929
0.3600000143051147
0.3400000035762787
0.2599999904632568
0.2800000011920929
0.2599999904632568
0.4199999868869781
0.5600000023841858
0.5799999833106995
0.6200000047683716
0.5400000214576721
0.5199999809265137
0.3799999952316284
0.4600000083446502
0.5199999809265137
0.5600000023841858
0.3400000035762787
0.2800000011920929
0.3600000143051147
0.4600000083446502
0.5600000023841858
0.5799999833106995
0.5199999809265137
0.4799999892711639
0.3799999952316284
0.5799999833106995
0.5199999809265137
0.6399999856948853
0.5600000023841858
0.7400000095367432
0.4799999892711639
0.4799999892711639
0.6800000071525574
1.1200000047683716
1.340000033378601
1.2599999904632568
1.5399999618530271
2.0999999046325684
3.2799999713897705
5.039999961853027
6.800000190734863
7.599999904632568
7.099999904632568
5.360000133514404
4.460000038146973
4.599999904632568
5.21999979019165
6.340000152587891
6.619999885559082
5.420000076293945
4.340000152587891
3.4800000190734863
3.039999961853028
4.0
4.519999980926514
6.139999866485596
5.699999809265137
5.559999942779541
4.579999923706055
4.820000171661377
4.539999961853027
4.460000038146973
4.960000038146973
6.579999923706055
8.300000190734863
8.9399995803833
9.18000030517578
12.579999923706056
11.68000030517578
8.699999809265137
5.699999809265137
5.619999885559082
5.480000019073486
4.539999961853027
4.0
3.2799999713897705
3.039999961853028
2.940000057220459
3.4800000190734863
5.5
8.0600004196167
11.9399995803833
16.280000686645508
18.1200008392334
17.260000228881836
14.899999618530272
11.31999969482422
10.979999542236328
11.539999961853027
12.84000015258789
15.020000457763672
16.81999969482422
19.520000457763672
24.76000022888184
30.920000076293945
32.18000030517578
33.86000061035156
41.15999984741211
53.18000030517578
61.02000045776367
59.31999969482422
53.220001220703125
50.540000915527344
47.31999969482422
45.81999969482422
41.2599983215332
36.02000045776367
33.86000061035156
29.899999618530277
22.959999084472656
21.280000686645508
22.07999992370605
23.31999969482422
25.65999984741211
28.520000457763672
28.86000061035156
28.020000457763672
23.13999938964844
18.1200008392334
14.239999771118164
13.31999969482422
13.359999656677246
12.199999809265137
10.300000190734863
9.699999809265137
9.420000076293944
9.100000381469728
9.31999969482422
9.020000457763672
10.34000015258789
13.65999984741211
20.5
23.600000381469727
24.13999938964844
21.700000762939453
20.959999084472656
22.3799991607666
26.479999542236328
27.739999771118164
28.07999992370605
26.3799991607666
24.040000915527344
24.559999465942383
25.36000061035156
28.34000015258789
27.299999237060547
28.18000030517578
28.040000915527344
24.26000022888184
20.0
21.299999237060547
25.920000076293945
27.21999931335449
32.439998626708984
31.299999237060547
28.739999771118164
24.6200008392334
22.440000534057617
22.799999237060547
24.3799991607666
25.6200008392334
26.600000381469727
26.36000061035156
26.540000915527344
27.21999931335449
26.299999237060547
27.059999465942383
24.600000381469727
24.600000381469727
25.13999938964844
24.76000022888184
24.239999771118164
24.920000076293945
25.440000534057617
26.200000762939453
27.15999984741211
33.939998626708984
38.91999816894531
35.439998626708984
33.119998931884766
29.040000915527344
29.0
29.34000015258789
32.63999938964844
30.07999992370605
27.31999969482422
26.5
25.780000686645508
27.76000022888184
28.1200008392334
27.700000762939453
25.600000381469727
23.739999771118164
21.059999465942383
21.479999542236328
24.34000015258789
25.520000457763672
23.280000686645508
19.86000061035156
16.700000762939453
16.399999618530273
15.420000076293944
14.859999656677246
13.979999542236328
15.0600004196167
16.100000381469727
16.920000076293945
16.700000762939453
16.81999969482422
17.1200008392334
16.299999237060547
15.699999809265137
15.199999809265137
16.780000686645508
19.07999992370605
21.86000061035156
23.899999618530277
27.68000030517578
30.15999984741211
36.7599983215332
46.560001373291016
47.27999877929688
45.2400016784668
46.5
49.2400016784668
50.7400016784668
47.86000061035156
42.900001525878906
38.2400016784668
35.65999984741211
32.84000015258789
30.479999542236328
30.059999465942383
29.68000030517578
29.81999969482422
29.1200008392334
31.68000030517578
33.18000030517578
34.380001068115234
36.70000076293945
35.97999954223633
34.119998931884766
34.7599983215332
37.7599983215332
39.2599983215332
38.63999938964844
36.47999954223633
33.959999084472656
30.8799991607666
27.68000030517578
26.26000022888184
25.15999984741211
25.0
29.459999084472656
31.299999237060547
32.52000045776367
32.220001220703125
33.7400016784668
32.36000061035156
32.7599983215332
31.3799991607666
31.21999931335449
33.099998474121094
34.91999816894531
37.65999984741211
39.7400016784668
39.47999954223633
34.7400016784668
33.36000061035156
35.13999938964844
36.900001525878906
36.880001068115234
38.2400016784668
38.380001068115234
36.720001220703125
33.220001220703125
31.1200008392334
29.65999984741211
27.459999084472656
28.0
29.440000534057617
27.520000457763672
23.739999771118164
21.920000076293945
22.15999984741211
23.0
21.239999771118164
19.739999771118164
18.799999237060547
20.540000915527344
21.299999237060547
19.559999465942383
19.0
17.940000534057617
16.440000534057617
13.979999542236328
12.4399995803833
13.279999732971191
14.5
14.779999732971191
15.960000038146973
17.059999465942383
20.200000762939453
24.059999465942383
27.63999938964844
26.399999618530277
24.8799991607666
24.940000534057617
23.07999992370605
21.71999931335449
22.899999618530277
22.34000015258789
20.8799991607666
21.100000381469727
24.31999969482422
25.63999938964844
22.920000076293945
20.940000534057617
17.579999923706055
17.0
16.540000915527344
15.079999923706056
13.380000114440918
12.0
11.920000076293944
12.760000228881836
12.640000343322754
12.119999885559082
11.619999885559082
12.399999618530272
12.800000190734863
11.979999542236328
11.420000076293944
13.399999618530272
15.279999732971191
16.1200008392334
16.020000457763672
14.779999732971191
14.039999961853027
13.859999656677246
14.359999656677246
14.800000190734863
15.399999618530272
17.360000610351562
20.799999237060547
23.68000030517578
24.899999618530277
24.3799991607666
27.57999992370605
29.86000061035156
30.940000534057617
31.84000015258789
32.68000030517578
34.7599983215332
36.65999984741211
39.400001525878906
36.58000183105469
34.119998931884766
32.84000015258789
35.040000915527344
36.43999862670898
38.040000915527344
38.52000045776367
39.13999938964844
39.68000030517578
39.959999084472656
39.09999847412109
37.93999862670898
38.27999877929688
38.13999938964844
38.41999816894531
39.31999969482422
39.619998931884766
38.93999862670898
38.84000015258789
37.040000915527344
32.220001220703125
30.780000686645508
30.100000381469727
30.459999084472656
30.920000076293945
30.13999938964844
29.5
27.36000061035156
25.84000015258789
24.57999992370605
25.15999984741211
24.420000076293945
25.399999618530277
25.399999618530277
26.18000030517578
26.34000015258789
26.8799991607666
28.200000762939453
28.84000015258789
30.520000457763672
31.059999465942383
30.86000061035156
