0.0
0.0
0.0
0.0
0.0
0.0
0.0
0.0
0.0199999995529651
0.0199999995529651
0.0
0.0
0.0
0.0
0.0
0.0
0.0
0.0
0.0
0.0
0.0
0.0
0.0
0.0
0.0199999995529651
0.0399999991059303
0.0599999986588954
0.0799999982118606
0.1000000014901161
0.1000000014901161
0.1400000005960464
0.2399999946355819
0.4199999868869781
0.5
0.5
0.5199999809265137
0.8399999737739563
1.1799999475479126
1.3799999952316284
1.7999999523162842
2.0799999237060547
2.240000009536743
2.9200000762939453
3.559999942779541
3.7799999713897705
4.739999771118164
6.199999809265137
7.039999961853027
9.380000114440918
10.81999969482422
11.859999656677246
13.4399995803833
17.540000915527344
21.34000015258789
25.76000022888184
28.479999542236328
33.279998779296875
36.959999084472656
39.619998931884766
42.7599983215332
57.47999954223633
70.54000091552734
80.5199966430664
87.0199966430664
90.33999633789062
96.4000015258789
94.91999816894533
79.31999969482422
61.380001068115234
49.58000183105469
34.0
23.979999542236328
18.31999969482422
14.9399995803833
12.15999984741211
9.5
9.81999969482422
9.899999618530272
8.800000190734863
6.320000171661377
5.559999942779541
5.460000038146973
5.320000171661377
5.260000228881836
7.199999809265137
7.019999980926514
6.679999828338623
7.599999904632568
10.699999809265137
10.100000381469728
6.679999828338623
6.28000020980835
6.579999923706055
7.119999885559082
6.960000038146973
6.800000190734863
6.539999961853027
5.960000038146973
5.460000038146973
5.440000057220459
6.380000114440918
7.760000228881836
8.960000038146973
8.899999618530273
10.9399995803833
15.18000030517578
17.440000534057617
21.8799991607666
29.239999771118164
40.27999877929688
51.47999954223633
70.05999755859375
101.63999938964844
121.5
136.47999572753906
131.94000244140625
128.94000244140625
107.77999877929688
82.12000274658203
52.93999862670898
31.26000022888184
18.65999984741211
13.420000076293944
11.18000030517578
8.739999771118164
7.800000190734863
7.900000095367432
8.100000381469727
6.699999809265137
5.78000020980835
4.480000019073486
3.640000104904175
2.940000057220459
2.740000009536743
2.539999961853028
2.640000104904175
2.5199999809265137
2.680000066757202
2.440000057220459
1.9800000190734863
2.559999942779541
2.380000114440918
2.2799999713897705
2.059999942779541
2.5
3.880000114440918
4.139999866485596
4.460000038146973
4.579999923706055
4.980000019073486
5.880000114440918
7.119999885559082
7.940000057220459
9.279999732971191
10.199999809265137
13.18000030517578
13.979999542236328
13.399999618530272
14.800000190734863
20.3799991607666
28.420000076293945
37.43999862670898
43.36000061035156
49.040000915527344
64.45999908447266
93.95999908447266
115.45999908447266
116.76000213623048
108.33999633789062
104.58000183105467
93.22000122070312
82.72000122070312
78.69999694824219
67.62000274658203
52.34000015258789
33.099998474121094
23.0
16.579999923706055
12.239999771118164
10.65999984741211
10.760000228881836
9.399999618530272
6.840000152587891
4.559999942779541
3.4600000381469727
3.680000066757202
3.619999885559082
3.400000095367432
2.9800000190734863
2.759999990463257
2.5799999237060547
2.140000104904175
2.6600000858306885
3.539999961853028
5.400000095367432
6.139999866485596
6.659999847412109
6.440000057220459
7.320000171661377
8.9399995803833
9.68000030517578
9.81999969482422
9.079999923706056
8.5
8.359999656677246
11.859999656677246
16.100000381469727
16.719999313354492
15.600000381469728
19.36000061035156
21.15999984741211
22.940000534057617
24.420000076293945
25.459999084472656
24.18000030517578
20.540000915527344
17.799999237060547
19.059999465942383
21.420000076293945
22.540000915527344
22.68000030517578
23.440000534057617
21.07999992370605
18.36000061035156
19.21999931335449
23.040000915527344
25.239999771118164
26.71999931335449
27.0
27.6200008392334
34.279998779296875
46.220001220703125
57.380001068115234
61.52000045776367
59.400001525878906
56.220001220703125
50.959999084472656
50.720001220703125
66.63999938964844
61.2599983215332
47.47999954223633
34.0
28.959999084472656
21.3799991607666
15.260000228881836
13.34000015258789
11.84000015258789
13.15999984741211
14.720000267028809
15.81999969482422
16.059999465942383
14.359999656677246
16.299999237060547
17.559999465942383
17.65999984741211
16.260000228881836
18.959999084472656
23.020000457763672
21.700000762939453
16.8799991607666
9.359999656677246
5.739999771118164
6.0
8.479999542236328
9.619999885559082
9.479999542236328
10.359999656677246
15.81999969482422
20.76000022888184
16.940000534057617
10.5600004196167
8.9399995803833
10.699999809265137
14.140000343322754
17.0
18.57999992370605
16.81999969482422
12.899999618530272
10.0600004196167
11.5600004196167
15.539999961853027
19.479999542236328
26.040000915527344
45.31999969482422
61.58000183105469
64.44000244140625
67.19999694824219
66.36000061035156
68.0199966430664
80.63999938964844
86.12000274658203
89.66000366210938
102.04000091552734
140.0800018310547
164.66000366210938
142.02000427246094
82.5
40.31999969482422
24.68000030517578
18.86000061035156
15.460000038146973
13.18000030517578
15.199999809265137
19.559999465942383
18.979999542236328
17.399999618530273
13.739999771118164
13.039999961853027
12.579999923706056
12.5600004196167
8.180000305175781
3.9800000190734863
3.0199999809265137
4.800000190734863
7.119999885559082
13.239999771118164
16.799999237060547
18.3799991607666
14.34000015258789
11.279999732971191
8.960000038146973
9.359999656677246
8.600000381469727
8.180000305175781
7.940000057220459
9.800000190734863
11.18000030517578
11.68000030517578
10.960000038146973
8.380000114440918
9.420000076293944
11.460000038146973
12.279999732971191
12.880000114440918
12.68000030517578
11.34000015258789
10.5
10.279999732971191
10.18000030517578
13.18000030517578
20.21999931335449
20.799999237060547
17.920000076293945
15.539999961853027
19.5
20.71999931335449
27.059999465942383
26.479999542236328
30.059999465942383
37.119998931884766
39.34000015258789
33.279998779296875
22.799999237060547
16.5
18.780000686645508
21.200000762939453
21.280000686645508
19.040000915527344
22.979999542236328
26.940000534057617
35.880001068115234
44.77999877929688
56.2400016784668
55.060001373291016
45.59999847412109
39.81999969482422
35.5
29.520000457763672
20.200000762939453
16.65999984741211
21.020000457763672
25.700000762939453
25.6200008392334
21.200000762939453
18.0
18.420000076293945
19.100000381469727
21.76000022888184
19.459999084472656
23.899999618530277
26.940000534057617
29.459999084472656
30.57999992370605
30.020000457763672
24.920000076293945
18.5
17.15999984741211
19.0
19.979999542236328
25.200000762939453
21.36000061035156
13.720000267028809
11.520000457763672
16.959999084472656
30.100000381469727
42.02000045776367
41.119998931884766
35.220001220703125
36.040000915527344
34.91999816894531
29.0
21.059999465942383
19.200000762939453
22.31999969482422
26.540000915527344
26.739999771118164
24.8799991607666
23.299999237060547
25.420000076293945
22.020000457763672
22.940000534057617
21.84000015258789
23.540000915527344
24.8799991607666
22.36000061035156
21.920000076293945
21.420000076293945
20.520000457763672
19.479999542236328
18.34000015258789
16.959999084472656
20.600000381469727
26.57999992370605
37.5
40.2599983215332
32.5
28.6200008392334
31.26000022888184
26.520000457763672
18.540000915527344
18.13999938964844
20.100000381469727
27.07999992370605
35.439998626708984
40.2400016784668
32.119998931884766
22.040000915527344
14.300000190734863
15.960000038146973
22.26000022888184
27.26000022888184
23.21999931335449
17.100000381469727
9.420000076293944
5.480000019073486
6.5
11.84000015258789
19.65999984741211
23.13999938964844
21.459999084472656
21.5
19.65999984741211
24.299999237060547
22.71999931335449
20.600000381469727
22.0
27.5
28.200000762939453
24.71999931335449
19.8799991607666
20.31999969482422
18.34000015258789
16.68000030517578
18.799999237060547
20.76000022888184
23.959999084472656
23.68000030517578
22.36000061035156
23.63999938964844
22.559999465942383
18.399999618530277
15.5600004196167
16.3799991607666
17.219999313354492
17.520000457763672
15.100000381469728
17.420000076293945
21.059999465942383
27.739999771118164
31.799999237060547
32.02000045776367
27.899999618530277
38.5
46.0
43.58000183105469
40.08000183105469
51.09999847412109
49.59999847412109
42.540000915527344
33.900001525878906
31.940000534057617
39.77999877929688
48.65999984741211
48.15999984741211
42.47999954223633
40.220001220703125
33.79999923706055
27.600000381469727
22.059999465942383
15.699999809265137
18.059999465942383
19.200000762939453
19.68000030517578
18.459999084472656
18.399999618530277
18.700000762939453
17.360000610351562
15.65999984741211
17.200000762939453
18.059999465942383
23.26000022888184
26.26000022888184
27.36000061035156
22.07999992370605
22.31999969482422
21.239999771118164
17.780000686645508
13.479999542236328
10.68000030517578
14.520000457763672
21.100000381469727
31.26000022888184
42.959999084472656
50.720001220703125
60.20000076293945
67.87999725341797
62.900001525878906
53.31999969482422
57.68000030517578
48.220001220703125
33.099998474121094
25.780000686645508
24.57999992370605
22.84000015258789
19.07999992370605
16.639999389648438
15.4399995803833
18.6200008392334
21.26000022888184
20.399999618530277
14.859999656677246
11.800000190734863
12.0600004196167
13.760000228881836
14.520000457763672
12.020000457763672
8.140000343322754
7.900000095367432
7.480000019073486
6.0
5.260000228881836
4.639999866485596
3.799999952316284
3.640000104904175
4.199999809265137
4.78000020980835
5.599999904632568
5.71999979019165
5.340000152587891
4.800000190734863
4.78000020980835
8.399999618530273
12.4399995803833
14.899999618530272
17.200000762939453
19.6200008392334
17.65999984741211
13.119999885559082
10.68000030517578
11.220000267028809
11.15999984741211
13.0
15.460000038146973
21.26000022888184
29.959999084472656
33.380001068115234
32.900001525878906
41.02000045776367
51.880001068115234
59.040000915527344
68.08000183105469
76.94000244140625
86.55999755859375
81.83999633789062
79.22000122070312
76.55999755859375
92.23999786376952
86.76000213623047
69.30000305175781
42.47999954223633
29.1200008392334
21.920000076293945
19.36000061035156
18.07999992370605
19.57999992370605
20.280000686645508
19.57999992370605
22.420000076293945
20.63999938964844
14.800000190734863
10.079999923706056
11.220000267028809
12.31999969482422
11.960000038146973
14.100000381469728
13.0600004196167
11.9399995803833
12.279999732971191
9.779999732971191
8.720000267028809
9.539999961853027
10.4399995803833
9.520000457763672
8.300000190734863
10.720000267028809
12.34000015258789
13.260000228881836
17.280000686645508
17.079999923706055
20.8799991607666
17.920000076293945
15.359999656677246
16.420000076293945
15.5600004196167
23.399999618530277
23.920000076293945
19.040000915527344
12.460000038146973
19.700000762939453
24.31999969482422
21.36000061035156
15.520000457763672
14.699999809265137
16.34000015258789
20.959999084472656
28.1200008392334
34.13999938964844
31.15999984741211
22.86000061035156
20.040000915527344
18.07999992370605
17.559999465942383
20.34000015258789
28.940000534057617
34.18000030517578
33.099998474121094
33.7400016784668
27.15999984741211
21.020000457763672
21.18000030517578
25.920000076293945
28.100000381469727
28.18000030517578
27.26000022888184
31.26000022888184
28.420000076293945
30.31999969482422
26.21999931335449
18.959999084472656
13.420000076293944
11.0
13.359999656677246
17.979999542236328
21.040000915527344
23.020000457763672
19.459999084472656
15.720000267028809
14.220000267028809
15.520000457763672
18.899999618530277
17.65999984741211
14.380000114440918
11.81999969482422
12.140000343322754
10.760000228881836
11.81999969482422
21.71999931335449
35.84000015258789
37.65999984741211
31.3799991607666
25.86000061035156
24.57999992370605
23.399999618530277
23.07999992370605
20.76000022888184
20.34000015258789
21.6200008392334
24.36000061035156
26.26000022888184
27.81999969482422
26.299999237060547
18.8799991607666
11.960000038146973
10.619999885559082
14.359999656677246
18.059999465942383
22.399999618530277
27.13999938964844
31.559999465942383
33.52000045776367
32.65999984741211
31.040000915527344
37.18000030517578
45.65999984741211
52.619998931884766
58.63999938964844
67.45999908447266
64.76000213623047
58.5
54.91999816894531
47.119998931884766
42.34000015258789
34.65999984741211
28.8799991607666
21.0
18.940000534057617
19.31999969482422
20.979999542236328
19.440000534057617
15.539999961853027
14.31999969482422
16.1200008392334
18.26000022888184
28.200000762939453
36.0
30.700000762939453
22.459999084472656
18.34000015258789
20.040000915527344
19.479999542236328
17.399999618530273
15.0600004196167
15.81999969482422
22.07999992370605
25.100000381469727
22.420000076293945
20.780000686645508
19.1200008392334
23.780000686645508
30.059999465942383
28.479999542236328
24.559999465942383
22.280000686645508
20.459999084472656
19.26000022888184
17.420000076293945
16.280000686645508
14.760000228881836
13.600000381469728
12.539999961853027
13.039999961853027
12.960000038146973
12.859999656677246
12.739999771118164
12.260000228881836
11.100000381469728
9.779999732971191
9.479999542236328
12.0
14.84000015258789
19.739999771118164
28.420000076293945
34.41999816894531
39.2599983215332
38.70000076293945
34.97999954223633
29.1200008392334
27.540000915527344
33.52000045776367
41.7599983215332
49.47999954223633
53.619998931884766
61.540000915527344
66.58000183105469
69.23999786376953
64.4000015258789
59.7400016784668
55.7599983215332
49.5
40.81999969482422
32.91999816894531
25.600000381469727
18.31999969482422
14.920000076293944
16.920000076293945
18.76000022888184
19.26000022888184
15.760000228881836
13.399999618530272
11.5
11.0600004196167
10.359999656677246
8.760000228881836
9.779999732971191
9.18000030517578
9.479999542236328
11.600000381469728
11.739999771118164
12.0600004196167
8.760000228881836
6.920000076293945
6.860000133514404
8.539999961853027
8.180000305175781
6.519999980926514
4.380000114440918
3.7200000286102295
3.900000095367432
4.800000190734863
6.400000095367432
7.5
9.399999618530272
9.760000228881836
11.260000228881836
13.119999885559082
17.059999465942383
20.8799991607666
30.13999938964844
46.119998931884766
67.63999938964844
76.30000305175781
68.9800033569336
60.68000030517578
59.84000015258789
52.380001068115234
49.86000061035156
49.7599983215332
47.58000183105469
39.79999923706055
36.41999816894531
38.93999862670898
40.59999847412109
38.65999984741211
35.459999084472656
36.84000015258789
40.02000045776367
43.380001068115234
41.619998931884766
40.959999084472656
37.70000076293945
37.43999862670898
28.899999618530277
19.399999618530277
13.5
11.619999885559082
10.100000381469728
9.65999984741211
9.880000114440918
9.239999771118164
7.579999923706055
6.900000095367432
7.039999961853027
8.15999984741211
12.140000343322754
17.239999771118164
20.31999969482422
21.600000381469727
21.739999771118164
19.299999237060547
17.020000457763672
12.68000030517578
10.539999961853027
9.079999923706056
11.65999984741211
13.5
13.579999923706056
17.479999542236328
19.899999618530277
19.68000030517578
19.1200008392334
20.739999771118164
21.57999992370605
22.020000457763672
22.07999992370605
22.71999931335449
21.780000686645508
21.780000686645508
22.040000915527344
20.3799991607666
16.84000015258789
13.5600004196167
12.34000015258789
11.81999969482422
13.720000267028809
13.479999542236328
13.0600004196167
14.760000228881836
15.260000228881836
15.460000038146973
17.079999923706055
23.239999771118164
26.979999542236328
28.34000015258789
26.200000762939453
25.700000762939453
26.81999969482422
40.18000030517578
50.47999954223633
48.18000030517578
39.720001220703125
39.84000015258789
44.2400016784668
43.93999862670898
43.5
47.18000030517578
60.43999862670898
70.30000305175781
69.37999725341797
66.94000244140625
80.0199966430664
89.80000305175781
82.22000122070312
64.94000244140625
46.220001220703125
33.79999923706055
28.739999771118164
26.739999771118164
28.739999771118164
26.959999084472656
21.100000381469727
19.899999618530277
16.479999542236328
16.760000228881836
14.579999923706056
12.18000030517578
15.119999885559082
15.539999961853027
13.359999656677246
10.619999885559082
12.279999732971191
13.619999885559082
12.239999771118164
9.739999771118164
11.520000457763672
13.279999732971191
15.880000114440918
14.199999809265137
11.119999885559082
13.0600004196167
17.280000686645508
19.100000381469727
17.860000610351562
18.420000076293945
19.700000762939453
18.299999237060547
14.380000114440918
10.520000457763672
7.800000190734863
6.119999885559082
5.340000152587891
5.099999904632568
4.139999866485596
4.239999771118164
4.519999980926514
4.639999866485596
5.239999771118164
6.380000114440918
6.800000190734863
8.739999771118164
10.34000015258789
12.68000030517578
14.119999885559082
13.079999923706056
11.4399995803833
10.220000267028809
11.0600004196167
10.920000076293944
11.779999732971191
12.5
17.200000762939453
25.479999542236328
33.7400016784668
42.77999877929688
50.79999923706055
57.58000183105469
64.62000274658203
67.05999755859375
78.80000305175781
92.27999877929688
111.33999633789062
105.12000274658205
81.77999877929688
62.15999984741211
55.36000061035156
49.63999938964844
42.97999954223633
36.08000183105469
32.15999984741211
29.059999465942383
34.279998779296875
36.91999816894531
36.20000076293945
29.299999237060547
21.239999771118164
15.720000267028809
13.65999984741211
12.960000038146973
11.520000457763672
10.100000381469728
7.639999866485596
6.599999904632568
5.559999942779541
5.539999961853027
4.699999809265137
3.839999914169312
3.380000114440918
3.880000114440918
3.859999895095825
3.900000095367432
4.199999809265137
5.0
5.739999771118164
7.119999885559082
7.659999847412109
8.300000190734863
10.779999732971191
10.960000038146973
15.220000267028809
16.8799991607666
15.300000190734863
12.34000015258789
11.720000267028809
11.720000267028809
10.520000457763672
9.039999961853027
8.380000114440918
8.079999923706055
8.880000114440918
9.539999961853027
11.140000343322754
11.81999969482422
11.779999732971191
12.640000343322754
13.380000114440918
12.9399995803833
12.399999618530272
12.779999732971191
14.039999961853027
15.84000015258789
19.68000030517578
24.780000686645508
28.200000762939453
28.440000534057617
31.540000915527344
42.47999954223633
52.34000015258789
83.45999908447266
112.9800033569336
138.6199951171875
148.9199981689453
153.9600067138672
157.89999389648438
155.89999389648438
148.8800048828125
132.52000427246094
105.41999816894533
91.91999816894533
64.27999877929688
49.2400016784668
40.41999816894531
30.57999992370605
19.739999771118164
13.199999809265137
9.640000343322754
7.179999828338623
6.059999942779541
7.0
6.159999847412109
4.739999771118164
4.21999979019165
3.559999942779541
2.359999895095825
1.8600000143051147
2.039999961853028
3.0199999809265137
4.420000076293945
5.28000020980835
4.960000038146973
4.400000095367432
5.28000020980835
5.0
4.239999771118164
3.4800000190734863
2.900000095367432
2.539999961853028
2.6600000858306885
3.140000104904175
4.039999961853027
3.819999933242798
4.039999961853027
4.039999961853027
4.800000190734863
4.920000076293945
4.599999904632568
4.199999809265137
3.7200000286102295
3.819999933242798
3.4600000381469727
3.3399999141693115
3.4800000190734863
3.819999933242798
3.5199999809265137
3.039999961853028
3.059999942779541
3.2799999713897705
2.880000114440918
2.4200000762939453
3.0799999237060547
3.119999885559082
2.9200000762939453
2.799999952316284
3.180000066757202
4.239999771118164
5.519999980926514
6.300000190734863
5.599999904632568
5.699999809265137
5.760000228881836
6.579999923706055
6.320000171661377
6.28000020980835
8.239999771118164
9.880000114440918
11.539999961853027
12.15999984741211
10.880000114440918
11.859999656677246
13.800000190734863
16.920000076293945
16.040000915527344
15.34000015258789
14.119999885559082
14.199999809265137
16.719999313354492
25.299999237060547
18.3799991607666
8.100000381469727
4.460000038146973
7.880000114440918
9.31999969482422
9.960000038146973
12.18000030517578
17.100000381469727
110.68000030517578
210.3600006103516
258.0199890136719
255.1000061035156
254.47999572753903
259.0199890136719
261.29998779296875
255.75999450683597
251.82000732421875
244.5399932861328
237.6000061035156
231.1199951171875
226.77999877929688
216.6199951171875
205.27999877929688
190.5
170.67999267578125
150.8800048828125
131.33999633789062
115.76000213623048
99.95999908447266
80.9000015258789
55.34000015258789
33.7400016784668
19.479999542236328
11.720000267028809
6.840000152587891
4.420000076293945
2.9200000762939453
1.899999976158142
1.2999999523162842
1.1399999856948853
1.159999966621399
1.0
1.0
1.0
0.8199999928474426
0.959999978542328
1.059999942779541
1.3600000143051147
1.1200000047683716
1.340000033378601
1.0399999618530271
0.7400000095367432
0.7400000095367432
1.100000023841858
1.3799999952316284
1.6399999856948853
2.0999999046325684
2.2799999713897705
2.0
1.1399999856948853
0.7599999904632568
0.5199999809265137
0.3799999952316284
0.3199999928474426
0.4000000059604645
0.4799999892711639
0.6000000238418579
0.5
0.4000000059604645
0.5
0.6200000047683716
0.8199999928474426
0.7599999904632568
1.0199999809265137
0.8399999737739563
0.6800000071525574
0.4799999892711639
0.3400000035762787
0.3000000119209289
0.2399999946355819
0.4399999976158142
0.8999999761581421
1.2599999904632568
1.659999966621399
1.7799999713897705
1.7400000095367432
1.7200000286102295
1.5800000429153442
1.7999999523162842
2.180000066757202
3.059999942779541
2.940000057220459
2.259999990463257
1.440000057220459
1.2400000095367432
1.4199999570846558
1.600000023841858
1.5
1.440000057220459
1.4600000381469729
1.600000023841858
1.7200000286102295
1.4800000190734863
1.1399999856948853
1.1799999475479126
1.2599999904632568
1.4600000381469729
1.9600000381469729
2.700000047683716
3.1600000858306885
2.9800000190734863
2.5199999809265137
2.3399999141693115
2.640000104904175
3.220000028610229
4.019999980926514
5.119999885559082
4.760000228881836
5.28000020980835
5.539999961853027
4.960000038146973
3.759999990463257
3.880000114440918
4.119999885559082
4.159999847412109
3.819999933242798
3.400000095367432
3.740000009536743
3.559999942779541
3.640000104904175
4.480000019073486
4.400000095367432
4.320000171661377
4.019999980926514
4.760000228881836
5.599999904632568
6.340000152587891
7.159999847412109
8.039999961853027
7.099999904632568
6.28000020980835
5.539999961853027
6.079999923706055
6.659999847412109
6.820000171661377
6.519999980926514
6.639999866485596
5.480000019073486
4.679999828338623
4.320000171661377
4.639999866485596
5.039999961853027
5.460000038146973
5.920000076293945
5.619999885559082
6.920000076293945
7.179999828338623
7.639999866485596
8.84000015258789
10.579999923706056
13.279999732971191
15.380000114440918
16.700000762939453
20.65999984741211
25.81999969482422
37.81999969482422
43.959999084472656
46.7400016784668
52.27999877929688
66.87999725341797
89.45999908447266
118.0
145.9199981689453
161.72000122070312
165.13999938964844
157.9199981689453
138.5800018310547
117.76000213623048
92.33999633789062
70.41999816894531
54.540000915527344
43.58000183105469
33.20000076293945
24.700000762939453
20.34000015258789
17.940000534057617
15.640000343322754
14.479999542236328
14.020000457763672
11.5
8.84000015258789
9.020000457763672
8.880000114440918
8.359999656677246
8.34000015258789
8.9399995803833
10.15999984741211
10.5
10.18000030517578
9.420000076293944
8.680000305175781
8.619999885559082
7.880000114440918
7.760000228881836
7.460000038146973
7.079999923706055
6.260000228881836
6.800000190734863
6.119999885559082
5.139999866485596
5.039999961853027
5.579999923706055
6.21999979019165
8.119999885559082
8.680000305175781
8.859999656677246
8.300000190734863
8.65999984741211
7.519999980926514
6.820000171661377
7.119999885559082
6.920000076293945
7.019999980926514
6.659999847412109
6.460000038146973
6.820000171661377
7.400000095367432
6.960000038146973
6.400000095367432
6.380000114440918
6.0
5.980000019073486
5.760000228881836
5.340000152587891
5.360000133514404
5.039999961853027
4.800000190734863
4.199999809265137
3.5799999237060547
3.1600000858306885
3.740000009536743
4.380000114440918
5.659999847412109
5.760000228881836
5.980000019073486
5.78000020980835
6.739999771118164
6.599999904632568
6.360000133514404
5.940000057220459
6.179999828338623
7.300000190734863
10.220000267028809
12.779999732971191
14.100000381469728
16.520000457763672
18.479999542236328
19.36000061035156
23.0
27.059999465942383
29.700000762939453
32.119998931884766
33.7599983215332
33.70000076293945
35.599998474121094
38.97999954223633
45.02000045776367
49.79999923706055
54.380001068115234
64.16000366210938
72.4000015258789
77.72000122070312
85.91999816894531
90.08000183105467
92.54000091552734
92.55999755859376
93.23999786376952
86.80000305175781
79.19999694824219
65.05999755859375
55.7400016784668
48.97999954223633
40.77999877929688
32.400001525878906
28.040000915527344
22.420000076293945
20.65999984741211
19.559999465942383
19.600000381469727
19.57999992370605
18.86000061035156
17.040000915527344
14.880000114440918
12.979999542236328
11.979999542236328
10.619999885559082
9.359999656677246
8.220000267028809
7.5
8.239999771118164
8.0
7.920000076293945
7.21999979019165
7.179999828338623
7.340000152587891
7.179999828338623
6.619999885559082
6.559999942779541
5.900000095367432
6.400000095367432
6.019999980926514
5.739999771118164
5.699999809265137
5.920000076293945
7.400000095367432
9.020000457763672
8.859999656677246
9.0600004196167
8.619999885559082
8.15999984741211
7.920000076293945
8.359999656677246
8.84000015258789
9.9399995803833
10.65999984741211
11.920000076293944
12.260000228881836
14.100000381469728
15.65999984741211
16.700000762939453
17.139999389648438
17.65999984741211
18.100000381469727
19.84000015258789
22.239999771118164
23.239999771118164
24.63999938964844
27.280000686645508
27.479999542236328
27.479999542236328
28.479999542236328
30.6200008392334
32.20000076293945
37.2599983215332
40.2400016784668
43.7400016784668
43.63999938964844
43.97999954223633
46.02000045776367
47.560001373291016
47.86000061035156
46.41999816894531
47.880001068115234
47.86000061035156
46.02000045776367
44.720001220703125
43.540000915527344
43.47999954223633
40.880001068115234
39.5
36.68000030517578
34.86000061035156
33.540000915527344
33.08000183105469
31.920000076293945
