0.0
0.0
0.0
0.0
0.0
0.0
0.0
0.0
0.0
0.0
0.0
0.0
0.0
0.0
0.0
0.0
0.0
0.0
0.0
0.0
0.0
0.0
0.0
0.0
0.0
0.0
0.0
0.0199999995529651
0.0399999991059303
0.0399999991059303
0.0799999982118606
0.1000000014901161
0.1599999964237213
0.2000000029802322
0.5
0.4399999976158142
0.5
1.100000023841858
1.4600000381469729
1.8200000524520876
2.0199999809265137
2.440000057220459
3.200000047683716
4.360000133514404
5.0
5.480000019073486
6.840000152587891
7.579999923706055
8.15999984741211
9.5
11.0600004196167
13.0600004196167
13.199999809265137
13.140000343322754
13.359999656677246
14.65999984741211
17.1200008392334
19.479999542236328
21.299999237060547
26.600000381469727
31.3799991607666
35.959999084472656
38.02000045776367
45.08000183105469
52.459999084472656
57.7400016784668
59.040000915527344
66.63999938964844
62.81999969482422
57.86000061035156
58.2400016784668
58.7599983215332
53.459999084472656
49.47999954223633
42.97999954223633
37.619998931884766
32.81999969482422
23.920000076293945
19.63999938964844
17.040000915527344
13.600000381469728
11.899999618530272
11.960000038146973
11.399999618530272
9.600000381469728
10.460000038146973
11.199999809265137
11.460000038146973
11.619999885559082
11.100000381469728
10.460000038146973
8.640000343322754
8.0600004196167
9.239999771118164
10.220000267028809
9.9399995803833
8.319999694824219
8.399999618530273
9.5600004196167
9.300000190734863
9.65999984741211
9.579999923706056
11.640000343322754
13.479999542236328
14.600000381469728
16.3799991607666
16.18000030517578
17.940000534057617
23.86000061035156
32.279998779296875
44.040000915527344
58.84000015258789
78.0999984741211
103.58000183105467
117.6999969482422
124.86000061035156
116.58000183105467
97.33999633789062
70.44000244140625
53.959999084472656
35.880001068115234
23.1200008392334
14.140000343322754
10.359999656677246
8.260000228881836
7.260000228881836
7.300000190734863
6.480000019073486
5.440000057220459
4.920000076293945
6.659999847412109
6.039999961853027
5.019999980926514
4.71999979019165
4.420000076293945
4.099999904632568
4.940000057220459
5.300000190734863
5.079999923706055
4.039999961853027
3.619999885559082
3.559999942779541
3.759999990463257
4.300000190734863
5.880000114440918
7.980000019073486
8.119999885559082
9.15999984741211
9.460000038146973
10.0600004196167
8.699999809265137
9.460000038146973
10.380000114440918
12.979999542236328
15.039999961853027
15.380000114440918
16.260000228881836
19.68000030517578
23.420000076293945
25.31999969482422
29.6200008392334
40.93999862670898
51.63999938964844
63.36000061035156
84.0999984741211
110.36000061035156
135.24000549316406
141.02000427246094
128.6199951171875
103.86000061035156
77.0
51.97999954223633
32.41999816894531
18.63999938964844
14.5600004196167
14.520000457763672
14.300000190734863
11.199999809265137
8.260000228881836
6.260000228881836
5.960000038146973
6.300000190734863
5.119999885559082
4.119999885559082
3.799999952316284
4.559999942779541
5.059999942779541
6.380000114440918
7.739999771118164
7.239999771118164
6.900000095367432
6.679999828338623
6.519999980926514
5.699999809265137
6.039999961853027
5.940000057220459
5.820000171661377
6.239999771118164
6.860000133514404
7.119999885559082
8.100000381469727
8.34000015258789
8.520000457763672
10.0600004196167
9.81999969482422
10.420000076293944
12.65999984741211
13.859999656677246
15.539999961853027
18.84000015258789
22.020000457763672
21.700000762939453
19.979999542236328
20.200000762939453
23.020000457763672
27.739999771118164
33.36000061035156
38.47999954223633
41.18000030517578
44.08000183105469
40.97999954223633
35.459999084472656
37.959999084472656
44.68000030517578
50.2400016784668
52.880001068115234
54.880001068115234
55.720001220703125
55.86000061035156
53.58000183105469
45.68000030517578
43.15999984741211
45.41999816894531
39.70000076293945
30.440000534057617
23.5
23.239999771118164
24.459999084472656
28.34000015258789
24.739999771118164
21.76000022888184
16.420000076293945
14.739999771118164
13.119999885559082
13.699999809265137
12.34000015258789
16.139999389648438
19.440000534057617
21.799999237060547
17.739999771118164
14.760000228881836
15.0600004196167
13.859999656677246
13.720000267028809
16.399999618530273
16.600000381469727
19.479999542236328
23.940000534057617
23.780000686645508
18.31999969482422
14.5
12.300000190734863
15.399999618530272
16.760000228881836
13.359999656677246
10.119999885559082
8.800000190734863
8.680000305175781
10.300000190734863
11.479999542236328
10.020000457763672
9.84000015258789
9.880000114440918
10.720000267028809
12.5
16.719999313354492
18.0
20.3799991607666
21.71999931335449
28.5
36.91999816894531
47.70000076293945
44.63999938964844
38.900001525878906
40.09999847412109
57.119998931884766
65.45999908447266
66.5
82.13999938964844
87.73999786376953
73.86000061035156
59.36000061035156
46.20000076293945
32.36000061035156
20.420000076293945
17.899999618530273
15.199999809265137
11.140000343322754
8.260000228881836
7.840000152587891
7.639999866485596
6.920000076293945
7.739999771118164
10.079999923706056
12.619999885559082
14.15999984741211
18.899999618530277
23.18000030517578
25.040000915527344
22.420000076293945
22.780000686645508
24.07999992370605
26.100000381469727
26.280000686645508
23.57999992370605
23.520000457763672
25.399999618530277
27.020000457763672
21.5
17.479999542236328
13.859999656677246
11.800000190734863
10.800000190734863
12.359999656677246
15.0600004196167
16.6200008392334
16.059999465942383
17.979999542236328
26.040000915527344
34.2599983215332
35.599998474121094
33.959999084472656
35.20000076293945
36.880001068115234
32.97999954223633
28.65999984741211
27.84000015258789
33.65999984741211
35.119998931884766
32.779998779296875
28.65999984741211
31.15999984741211
34.220001220703125
29.200000762939453
19.440000534057617
13.880000114440918
12.239999771118164
9.380000114440918
9.699999809265137
15.18000030517578
21.18000030517578
20.200000762939453
18.31999969482422
22.86000061035156
27.899999618530277
26.520000457763672
22.540000915527344
17.780000686645508
12.5
11.619999885559082
13.199999809265137
17.15999984741211
19.36000061035156
20.76000022888184
21.739999771118164
25.65999984741211
30.979999542236328
34.52000045776367
38.59999847412109
39.81999969482422
41.959999084472656
41.959999084472656
52.959999084472656
79.16000366210938
93.27999877929688
100.76000213623048
93.0
79.80000305175781
67.22000122070312
47.29999923706055
29.520000457763672
19.979999542236328
19.100000381469727
16.84000015258789
14.34000015258789
15.039999961853027
15.4399995803833
17.84000015258789
19.979999542236328
22.399999618530277
19.920000076293945
16.139999389648438
10.100000381469728
7.119999885559082
5.579999923706055
6.920000076293945
8.079999923706055
7.599999904632568
5.920000076293945
4.559999942779541
3.3399999141693115
3.319999933242798
3.740000009536743
3.900000095367432
4.679999828338623
5.800000190734863
6.119999885559082
8.260000228881836
10.260000228881836
12.5
14.68000030517578
15.140000343322754
12.81999969482422
10.84000015258789
10.300000190734863
11.600000381469728
11.039999961853027
12.18000030517578
13.31999969482422
17.360000610351562
19.34000015258789
20.920000076293945
25.979999542236328
26.5
20.459999084472656
13.720000267028809
10.640000343322754
11.460000038146973
13.699999809265137
16.059999465942383
24.979999542236328
42.41999816894531
56.060001373291016
60.52000045776367
51.720001220703125
49.7599983215332
55.15999984741211
58.36000061035156
58.15999984741211
48.31999969482422
44.91999816894531
56.86000061035156
62.7599983215332
55.27999877929688
44.65999984741211
36.63999938964844
33.91999816894531
31.18000030517578
22.200000762939453
15.65999984741211
12.399999618530272
11.0
10.539999961853027
12.119999885559082
12.300000190734863
11.859999656677246
12.579999923706056
15.18000030517578
16.639999389648438
16.920000076293945
15.640000343322754
13.760000228881836
13.539999961853027
13.779999732971191
15.779999732971191
14.479999542236328
12.020000457763672
11.4399995803833
14.420000076293944
15.600000381469728
17.020000457763672
15.399999618530272
18.040000915527344
18.459999084472656
21.34000015258789
22.15999984741211
23.020000457763672
27.899999618530277
37.68000030517578
46.900001525878906
46.43999862670898
53.52000045776367
56.5
54.400001525878906
50.58000183105469
50.84000015258789
53.220001220703125
50.86000061035156
42.86000061035156
40.2599983215332
40.93999862670898
32.86000061035156
35.52000045776367
34.86000061035156
26.6200008392334
16.459999084472656
14.640000343322754
14.979999542236328
15.600000381469728
15.239999771118164
14.81999969482422
13.65999984741211
13.539999961853027
14.960000038146973
19.040000915527344
24.5
21.479999542236328
16.34000015258789
16.059999465942383
15.18000030517578
14.9399995803833
17.260000228881836
23.440000534057617
25.299999237060547
22.0
16.760000228881836
20.239999771118164
25.600000381469727
28.36000061035156
26.200000762939453
25.15999984741211
21.420000076293945
15.399999618530272
13.4399995803833
14.5
14.739999771118164
14.15999984741211
12.140000343322754
10.579999923706056
9.779999732971191
9.84000015258789
10.359999656677246
10.960000038146973
11.65999984741211
13.739999771118164
20.540000915527344
29.0
36.70000076293945
38.81999969482422
33.02000045776367
28.100000381469727
26.979999542236328
26.020000457763672
22.07999992370605
26.1200008392334
30.81999969482422
32.15999984741211
29.559999465942383
29.280000686645508
32.20000076293945
30.18000030517578
31.81999969482422
31.21999931335449
34.47999954223633
30.280000686645508
24.76000022888184
19.86000061035156
24.3799991607666
33.20000076293945
34.15999984741211
35.68000030517578
33.68000030517578
31.059999465942383
29.36000061035156
30.21999931335449
34.279998779296875
32.7599983215332
27.81999969482422
19.1200008392334
15.100000381469728
16.31999969482422
19.18000030517578
19.15999984741211
18.239999771118164
13.600000381469728
12.880000114440918
12.460000038146973
12.640000343322754
13.0600004196167
14.359999656677246
16.059999465942383
17.8799991607666
16.100000381469727
16.139999389648438
18.020000457763672
22.559999465942383
23.799999237060547
21.799999237060547
30.799999237060547
36.720001220703125
41.84000015258789
47.43999862670898
51.09999847412109
57.18000030517578
76.73999786376953
87.04000091552734
87.05999755859375
68.68000030517578
46.2599983215332
31.31999969482422
26.3799991607666
22.18000030517578
19.420000076293945
19.559999465942383
24.63999938964844
24.63999938964844
20.07999992370605
13.640000343322754
13.579999923706056
17.34000015258789
28.780000686645508
29.959999084472656
25.020000457763672
17.6200008392334
18.07999992370605
20.15999984741211
28.36000061035156
29.5
38.15999984741211
34.97999954223633
34.15999984741211
29.799999237060547
34.29999923706055
50.2599983215332
48.08000183105469
31.6200008392334
16.739999771118164
14.100000381469728
12.34000015258789
9.800000190734863
11.119999885559082
18.520000457763672
18.239999771118164
12.31999969482422
7.019999980926514
6.559999942779541
7.260000228881836
9.18000030517578
10.899999618530272
11.0600004196167
14.539999961853027
17.559999465942383
20.18000030517578
22.920000076293945
24.84000015258789
26.8799991607666
27.81999969482422
28.420000076293945
25.13999938964844
17.399999618530273
11.84000015258789
13.960000038146973
16.479999542236328
19.920000076293945
18.899999618530277
14.899999618530272
12.220000267028809
13.65999984741211
16.0
13.399999618530272
8.579999923706055
7.179999828338623
7.739999771118164
6.980000019073486
5.460000038146973
5.5
6.860000133514404
8.300000190734863
9.119999885559082
11.0
12.520000457763672
14.859999656677246
13.880000114440918
12.140000343322754
10.899999618530272
10.0600004196167
9.460000038146973
9.0
9.960000038146973
115.6999969482422
223.0800018310547
287.1400146484375
279.739990234375
268.0599975585937
251.0
223.44000244140625
205.47999572753903
181.9199981689453
156.75999450683594
136.77999877929688
126.05999755859376
105.4800033569336
90.62000274658205
84.4000015258789
63.68000030517578
32.20000076293945
11.779999732971191
7.159999847412109
5.71999979019165
4.5
3.880000114440918
3.819999933242798
5.340000152587891
6.519999980926514
5.739999771118164
4.139999866485596
3.359999895095825
3.0999999046325684
2.680000066757202
2.640000104904175
2.799999952316284
2.319999933242798
1.940000057220459
2.0799999237060547
2.259999990463257
2.039999961853028
2.2799999713897705
2.0799999237060547
2.0
1.440000057220459
1.3600000143051147
1.7200000286102295
2.299999952316284
3.859999895095825
4.880000114440918
3.900000095367432
2.359999895095825
1.9600000381469729
1.6799999475479126
1.4800000190734863
1.2999999523162842
1.3200000524520874
1.5
1.9800000190734863
3.440000057220459
4.21999979019165
3.880000114440918
3.2799999713897705
3.240000009536743
4.099999904632568
5.599999904632568
4.78000020980835
3.200000047683716
2.680000066757202
2.559999942779541
2.059999942779541
2.619999885559082
3.319999933242798
5.21999979019165
5.039999961853027
3.660000085830689
2.539999961853028
2.319999933242798
2.200000047683716
2.8399999141693115
3.140000104904175
3.2799999713897705
3.240000009536743
4.420000076293945
5.619999885559082
6.559999942779541
5.21999979019165
3.2799999713897705
1.9600000381469729
2.059999942779541
2.0799999237060547
2.3399999141693115
2.900000095367432
4.400000095367432
4.659999847412109
3.5799999237060547
2.6600000858306885
3.619999885559082
8.539999961853027
11.9399995803833
14.640000343322754
14.239999771118164
11.65999984741211
9.739999771118164
9.779999732971191
8.460000038146973
7.260000228881836
7.940000057220459
10.65999984741211
15.119999885559082
14.739999771118164
11.779999732971191
8.819999694824219
7.579999923706055
7.099999904632568
10.4399995803833
12.260000228881836
10.539999961853027
9.140000343322754
7.960000038146973
7.639999866485596
6.199999809265137
5.039999961853027
4.519999980926514
3.859999895095825
3.839999914169312
4.28000020980835
4.840000152587891
3.880000114440918
3.119999885559082
2.8399999141693115
3.0
3.440000057220459
5.21999979019165
7.039999961853027
7.380000114440918
8.859999656677246
13.34000015258789
17.979999542236328
67.72000122070312
122.3000030517578
154.05999755859375
160.6199951171875
172.94000244140625
181.1199951171875
174.0399932861328
159.63999938964844
124.9800033569336
83.73999786376953
59.220001220703125
37.70000076293945
23.18000030517578
16.280000686645508
13.800000190734863
13.020000457763672
13.4399995803833
14.4399995803833
15.920000076293944
18.07999992370605
15.859999656677246
12.34000015258789
10.199999809265137
8.479999542236328
8.579999923706055
7.519999980926514
6.159999847412109
4.880000114440918
4.360000133514404
4.559999942779541
4.579999923706055
6.28000020980835
6.659999847412109
7.480000019073486
7.599999904632568
6.559999942779541
6.039999961853027
5.880000114440918
4.820000171661377
3.920000076293945
2.259999990463257
1.7599999904632568
1.600000023841858
1.600000023841858
2.039999961853028
2.440000057220459
2.4800000190734863
2.720000028610229
2.9600000381469727
3.680000066757202
4.420000076293945
5.820000171661377
6.920000076293945
7.0
6.800000190734863
5.019999980926514
4.579999923706055
4.940000057220459
5.900000095367432
6.599999904632568
8.720000267028809
12.640000343322754
17.979999542236328
20.899999618530277
19.979999542236328
18.600000381469727
17.360000610351562
15.800000190734863
16.700000762939453
17.0
16.68000030517578
18.200000762939453
21.8799991607666
25.26000022888184
26.81999969482422
27.600000381469727
27.059999465942383
24.239999771118164
22.65999984741211
21.18000030517578
21.040000915527344
20.540000915527344
23.420000076293945
26.6200008392334
31.76000022888184
43.79999923706055
48.7400016784668
48.63999938964844
44.959999084472656
39.63999938964844
32.47999954223633
29.920000076293945
29.100000381469727
30.71999931335449
32.15999984741211
34.97999954223633
30.280000686645508
24.68000030517578
22.600000381469727
23.200000762939453
24.68000030517578
26.100000381469727
21.739999771118164
15.960000038146973
11.34000015258789
10.380000114440918
11.020000457763672
11.84000015258789
10.960000038146973
10.15999984741211
10.779999732971191
13.34000015258789
13.479999542236328
14.420000076293944
21.65999984741211
26.81999969482422
27.68000030517578
27.979999542236328
28.239999771118164
31.459999084472656
30.07999992370605
27.959999084472656
29.040000915527344
30.520000457763672
33.47999954223633
34.779998779296875
32.47999954223633
28.420000076293945
29.8799991607666
29.6200008392334
27.3799991607666
27.020000457763672
28.020000457763672
28.700000762939453
28.6200008392334
26.420000076293945
24.280000686645508
20.040000915527344
16.200000762939453
14.300000190734863
14.380000114440918
16.299999237060547
19.299999237060547
21.65999984741211
23.440000534057617
21.71999931335449
20.34000015258789
16.84000015258789
14.619999885559082
14.15999984741211
13.479999542236328
15.039999961853027
18.399999618530277
22.299999237060547
21.700000762939453
21.81999969482422
20.07999992370605
19.940000534057617
19.940000534057617
21.63999938964844
24.200000762939453
27.34000015258789
36.5
40.41999816894531
39.0
35.47999954223633
33.439998626708984
31.600000381469727
31.68000030517578
41.59999847412109
51.2400016784668
59.52000045776367
61.400001525878906
66.16000366210938
67.58000183105469
69.30000305175781
58.18000030517578
41.13999938964844
32.099998474121094
29.71999931335449
26.34000015258789
21.520000457763672
16.65999984741211
13.399999618530272
14.800000190734863
18.280000686645508
18.459999084472656
16.440000534057617
12.880000114440918
11.9399995803833
12.739999771118164
15.720000267028809
14.460000038146973
12.84000015258789
10.779999732971191
8.960000038146973
8.720000267028809
8.079999923706055
9.859999656677246
10.0600004196167
9.720000267028809
8.800000190734863
8.720000267028809
9.399999618530272
9.31999969482422
8.579999923706055
8.899999618530273
10.979999542236328
15.979999542236328
17.899999618530273
17.139999389648438
15.760000228881836
15.479999542236328
21.31999969482422
25.18000030517578
24.86000061035156
21.020000457763672
18.940000534057617
18.71999931335449
21.13999938964844
24.18000030517578
28.420000076293945
34.599998474121094
39.959999084472656
42.02000045776367
43.65999984741211
51.720001220703125
52.7400016784668
50.5
43.47999954223633
42.81999969482422
43.63999938964844
44.84000015258789
51.36000061035156
58.7400016784668
57.86000061035156
54.41999816894531
50.02000045776367
45.2400016784668
43.31999969482422
40.2400016784668
37.20000076293945
28.399999618530277
21.559999465942383
19.18000030517578
19.18000030517578
20.559999465942383
21.3799991607666
22.040000915527344
20.940000534057617
16.600000381469727
15.899999618530272
15.5
12.5600004196167
10.119999885559082
9.720000267028809
11.760000228881836
12.0
13.84000015258789
15.100000381469728
15.920000076293944
16.760000228881836
16.639999389648438
17.440000534057617
18.31999969482422
18.540000915527344
17.479999542236328
17.239999771118164
18.020000457763672
19.0
19.1200008392334
19.280000686645508
20.81999969482422
27.040000915527344
29.57999992370605
26.57999992370605
19.36000061035156
18.36000061035156
18.520000457763672
16.799999237060547
15.359999656677246
14.140000343322754
16.760000228881836
18.440000534057617
18.36000061035156
18.520000457763672
18.76000022888184
15.779999732971191
13.359999656677246
14.020000457763672
17.0
18.36000061035156
19.18000030517578
23.5
25.65999984741211
28.18000030517578
27.36000061035156
27.540000915527344
30.739999771118164
31.57999992370605
29.0
29.84000015258789
37.900001525878906
46.380001068115234
50.97999954223633
55.34000015258789
60.79999923706055
69.63999938964844
70.23999786376953
71.23999786376953
66.37999725341797
58.900001525878906
43.040000915527344
32.41999816894531
27.280000686645508
27.540000915527344
29.280000686645508
29.21999931335449
23.26000022888184
17.15999984741211
12.739999771118164
11.34000015258789
10.65999984741211
11.579999923706056
12.279999732971191
15.239999771118164
17.719999313354492
18.81999969482422
19.65999984741211
17.8799991607666
15.359999656677246
15.4399995803833
15.420000076293944
13.920000076293944
11.960000038146973
11.9399995803833
12.960000038146973
12.100000381469728
12.460000038146973
13.600000381469728
14.020000457763672
13.0600004196167
12.359999656677246
10.81999969482422
11.239999771118164
11.300000190734863
12.5
12.9399995803833
12.539999961853027
11.960000038146973
11.520000457763672
11.460000038146973
11.020000457763672
13.020000457763672
15.520000457763672
16.239999771118164
14.739999771118164
13.239999771118164
13.640000343322754
14.800000190734863
16.6200008392334
16.940000534057617
18.0
19.280000686645508
22.200000762939453
25.420000076293945
28.1200008392334
32.13999938964844
39.02000045776367
45.63999938964844
49.68000030517578
49.93999862670898
47.900001525878906
48.70000076293945
51.77999877929688
56.43999862670898
58.41999816894531
56.2599983215332
56.459999084472656
56.040000915527344
54.540000915527344
55.09999847412109
57.97999954223633
55.77999877929688
48.81999969482422
40.220001220703125
33.880001068115234
30.3799991607666
26.020000457763672
23.34000015258789
21.100000381469727
19.100000381469727
17.8799991607666
17.420000076293945
17.280000686645508
20.799999237060547
22.920000076293945
20.81999969482422
16.81999969482422
15.81999969482422
13.239999771118164
11.119999885559082
10.079999923706056
9.199999809265137
7.960000038146973
8.220000267028809
8.9399995803833
9.640000343322754
9.18000030517578
9.359999656677246
10.100000381469728
12.0600004196167
14.34000015258789
15.460000038146973
16.579999923706055
16.020000457763672
13.5600004196167
13.220000267028809
11.739999771118164
9.720000267028809
9.31999969482422
9.84000015258789
11.239999771118164
13.4399995803833
14.5600004196167
14.220000267028809
13.31999969482422
14.600000381469728
19.959999084472656
26.200000762939453
28.07999992370605
28.81999969482422
27.399999618530277
27.280000686645508
24.520000457763672
20.559999465942383
17.239999771118164
17.31999969482422
18.31999969482422
15.9399995803833
14.739999771118164
15.260000228881836
16.200000762939453
18.26000022888184
21.059999465942383
22.6200008392334
24.6200008392334
28.8799991607666
33.84000015258789
39.65999984741211
47.93999862670898
54.27999877929688
58.43999862670898
64.54000091552734
74.0
86.23999786376953
85.30000305175781
71.69999694824219
58.91999816894531
51.93999862670898
49.65999984741211
47.09999847412109
46.63999938964844
50.459999084472656
48.63999938964844
44.380001068115234
36.97999954223633
30.07999992370605
30.540000915527344
29.3799991607666
25.440000534057617
19.700000762939453
16.239999771118164
13.199999809265137
12.760000228881836
13.739999771118164
15.020000457763672
14.18000030517578
11.760000228881836
11.15999984741211
10.300000190734863
10.15999984741211
8.739999771118164
9.079999923706056
10.15999984741211
10.34000015258789
9.640000343322754
9.020000457763672
8.800000190734863
9.4399995803833
10.140000343322754
10.140000343322754
10.619999885559082
13.68000030517578
17.200000762939453
18.57999992370605
18.559999465942383
19.57999992370605
21.739999771118164
20.86000061035156
18.8799991607666
18.76000022888184
18.34000015258789
18.76000022888184
18.1200008392334
20.84000015258789
23.200000762939453
26.3799991607666
28.8799991607666
30.1200008392334
31.34000015258789
31.86000061035156
31.200000762939453
32.13999938964844
31.13999938964844
26.280000686645508
21.07999992370605
20.420000076293945
21.979999542236328
24.3799991607666
24.63999938964844
20.780000686645508
19.07999992370605
19.26000022888184
17.31999969482422
14.039999961853027
12.880000114440918
14.899999618530272
17.100000381469727
18.899999618530277
18.459999084472656
16.260000228881836
16.540000915527344
17.200000762939453
17.920000076293945
19.399999618530277
19.459999084472656
18.0
17.979999542236328
18.459999084472656
16.700000762939453
15.520000457763672
14.260000228881836
15.279999732971191
16.81999969482422
16.65999984741211
16.34000015258789
17.0
18.780000686645508
19.76000022888184
23.459999084472656
29.059999465942383
35.599998474121094
37.43999862670898
38.18000030517578
40.400001525878906
52.0
60.380001068115234
65.0
62.720001220703125
58.91999816894531
57.560001373291016
52.2400016784668
48.540000915527344
48.13999938964844
49.900001525878906
49.34000015258789
46.31999969482422
42.43999862670898
42.720001220703125
39.880001068115234
38.13999938964844
35.540000915527344
32.08000183105469
27.780000686645508
22.280000686645508
18.479999542236328
16.520000457763672
14.720000267028809
12.539999961853027
10.800000190734863
9.9399995803833
11.140000343322754
14.0
16.739999771118164
17.81999969482422
18.239999771118164
16.559999465942383
16.559999465942383
17.0
17.600000381469727
15.899999618530272
15.260000228881836
15.520000457763672
15.0
15.520000457763672
18.979999542236328
19.899999618530277
19.21999931335449
17.579999923706055
15.800000190734863
14.720000267028809
12.65999984741211
12.0
13.0
13.859999656677246
14.18000030517578
12.479999542236328
10.81999969482422
10.15999984741211
10.31999969482422
11.260000228881836
12.640000343322754
12.239999771118164
11.460000038146973
11.079999923706056
12.100000381469728
11.579999923706056
10.479999542236328
10.600000381469728
11.579999923706056
13.100000381469728
14.0
14.600000381469728
14.65999984741211
15.81999969482422
17.559999465942383
19.440000534057617
24.0
28.3799991607666
32.900001525878906
35.08000183105469
37.5
42.560001373291016
50.0
63.68000030517578
78.37999725341797
88.05999755859375
93.37999725341795
93.77999877929688
88.91999816894531
81.27999877929688
74.68000030517578
63.97999954223633
54.15999984741211
49.52000045776367
46.20000076293945
43.20000076293945
38.68000030517578
31.520000457763672
25.81999969482422
25.459999084472656
26.280000686645508
26.0
22.71999931335449
19.63999938964844
17.68000030517578
15.5600004196167
13.720000267028809
12.380000114440918
12.34000015258789
12.84000015258789
12.100000381469728
11.4399995803833
11.380000114440918
11.15999984741211
10.5
10.079999923706056
9.739999771118164
9.31999969482422
9.039999961853027
8.5
8.880000114440918
10.0
9.760000228881836
9.899999618530272
9.479999542236328
9.399999618530272
10.300000190734863
11.039999961853027
10.699999809265137
10.84000015258789
11.039999961853027
12.079999923706056
12.539999961853027
13.720000267028809
