0.0
0.025000000372529
0.0199999995529651
0.0
0.0
0.0
0.0
0.0199999995529651
0.0199999995529651
0.0
0.0
0.0
0.0
0.0
0.0
0.0
0.0
0.0
0.0
0.0
0.0
0.0
0.0
0.0199999995529651
0.0199999995529651
0.0199999995529651
0.0199999995529651
0.0199999995529651
0.0199999995529651
0.0799999982118606
0.0599999986588954
0.0799999982118606
0.1000000014901161
0.1800000071525573
0.2399999946355819
0.3600000143051147
0.5400000214576721
0.8199999928474426
1.0199999809265137
1.7000000476837158
2.640000104904175
3.119999885559082
3.4600000381469727
3.660000085830689
4.820000171661377
6.380000114440918
8.65999984741211
10.279999732971191
10.619999885559082
11.65999984741211
12.520000457763672
13.760000228881836
16.0
18.84000015258789
21.71999931335449
25.84000015258789
30.21999931335449
33.439998626708984
37.380001068115234
41.2599983215332
43.119998931884766
43.220001220703125
46.70000076293945
47.560001373291016
46.91999816894531
45.77999877929688
44.70000076293945
43.93999862670898
46.20000076293945
45.459999084472656
43.91999816894531
40.97999954223633
33.97999954223633
27.15999984741211
19.86000061035156
14.119999885559082
11.18000030517578
8.960000038146973
7.860000133514404
6.320000171661377
5.260000228881836
4.960000038146973
5.320000171661377
4.480000019073486
3.4800000190734863
3.660000085830689
3.940000057220459
3.4800000190734863
3.0999999046325684
3.680000066757202
3.740000009536743
4.079999923706055
4.840000152587891
5.980000019073486
7.699999809265137
8.84000015258789
9.579999923706056
12.079999923706056
13.739999771118164
14.859999656677246
16.5
19.07999992370605
24.13999938964844
28.020000457763672
31.21999931335449
32.34000015258789
34.58000183105469
41.400001525878906
47.959999084472656
47.220001220703125
46.47999954223633
47.91999816894531
51.459999084472656
55.900001525878906
55.65999984741211
54.84000015258789
49.31999969482422
41.86000061035156
36.459999084472656
30.280000686645508
25.059999465942383
19.34000015258789
16.1200008392334
12.31999969482422
9.899999618530272
7.420000076293945
5.840000152587891
4.260000228881836
4.079999923706055
3.5199999809265137
3.140000104904175
3.1600000858306885
3.240000009536743
3.380000114440918
3.140000104904175
2.700000047683716
2.299999952316284
3.440000057220459
3.799999952316284
3.380000114440918
3.5
4.21999979019165
5.300000190734863
6.079999923706055
7.400000095367432
10.140000343322754
13.020000457763672
16.520000457763672
17.639999389648438
17.360000610351562
18.5
19.799999237060547
23.68000030517578
25.36000061035156
23.459999084472656
23.200000762939453
26.5
29.8799991607666
34.70000076293945
37.7599983215332
41.77999877929688
40.220001220703125
23.520000457763672
7.539999961853027
1.159999966621399
2.0199999809265137
6.360000133514404
5.579999923706055
11.899999618530272
17.3799991607666
21.71999931335449
37.13999938964844
45.47999954223633
54.79999923706055
61.81999969482422
66.80000305175781
69.08000183105469
68.13999938964844
68.33999633789062
66.33999633789062
68.33999633789062
68.66000366210938
65.55999755859375
53.84000015258789
42.619998931884766
32.060001373291016
20.18000030517578
13.81999969482422
9.800000190734863
9.260000228881836
7.900000095367432
6.039999961853027
5.340000152587891
4.920000076293945
3.759999990463257
4.21999979019165
4.840000152587891
5.21999979019165
6.179999828338623
6.639999866485596
9.0600004196167
9.399999618530272
9.619999885559082
9.300000190734863
9.18000030517578
8.5
8.9399995803833
9.380000114440918
8.960000038146973
8.100000381469727
9.600000381469728
15.640000343322754
19.6200008392334
18.65999984741211
15.84000015258789
21.059999465942383
28.559999465942383
34.779998779296875
34.47999954223633
40.27999877929688
50.34000015258789
53.70000076293945
57.459999084472656
71.69999694824219
74.36000061035156
68.69999694824219
57.09999847412109
43.34000015258789
35.040000915527344
29.559999465942383
21.780000686645508
16.520000457763672
16.559999465942383
16.719999313354492
17.979999542236328
18.71999931335449
16.059999465942383
12.9399995803833
8.899999618530273
9.81999969482422
12.0
18.13999938964844
21.18000030517578
18.86000061035156
15.15999984741211
14.880000114440918
17.139999389648438
17.68000030517578
17.940000534057617
18.959999084472656
19.899999618530277
20.559999465942383
20.86000061035156
19.3799991607666
18.700000762939453
17.31999969482422
16.940000534057617
17.479999542236328
18.780000686645508
21.0
22.299999237060547
23.100000381469727
20.959999084472656
23.15999984741211
27.26000022888184
37.86000061035156
46.720001220703125
47.91999816894531
45.0
42.34000015258789
39.34000015258789
40.02000045776367
36.5
32.279998779296875
25.63999938964844
24.84000015258789
22.299999237060547
19.399999618530277
15.4399995803833
17.579999923706055
16.860000610351562
20.65999984741211
22.799999237060547
19.559999465942383
15.960000038146973
16.81999969482422
18.020000457763672
25.6200008392334
27.520000457763672
24.520000457763672
20.6200008392334
19.63999938964844
20.239999771118164
21.899999618530277
23.31999969482422
25.399999618530277
25.459999084472656
25.07999992370605
26.21999931335449
26.100000381469727
27.13999938964844
32.439998626708984
28.6200008392334
26.280000686645508
23.780000686645508
20.26000022888184
17.559999465942383
18.07999992370605
19.63999938964844
19.8799991607666
22.07999992370605
23.3799991607666
25.81999969482422
27.5
29.26000022888184
35.959999084472656
43.70000076293945
57.18000030517578
63.58000183105469
62.91999816894531
53.79999923706055
47.18000030517578
41.59999847412109
35.47999954223633
27.479999542236328
21.31999969482422
16.780000686645508
12.779999732971191
10.4399995803833
9.300000190734863
8.760000228881836
8.380000114440918
9.640000343322754
9.220000267028809
10.0
9.9399995803833
10.640000343322754
9.34000015258789
9.239999771118164
10.31999969482422
11.420000076293944
11.119999885559082
10.020000457763672
10.5
11.84000015258789
11.420000076293944
12.380000114440918
14.380000114440918
20.780000686645508
24.799999237060547
28.65999984741211
30.799999237060547
30.81999969482422
32.279998779296875
40.65999984741211
45.09999847412109
52.13999938964844
56.619998931884766
64.58000183105469
68.13999938964844
61.86000061035156
52.31999969482422
43.900001525878906
36.63999938964844
29.540000915527344
24.520000457763672
25.399999618530277
25.420000076293945
21.5
19.36000061035156
19.239999771118164
20.559999465942383
20.18000030517578
19.71999931335449
14.699999809265137
12.420000076293944
13.15999984741211
14.880000114440918
13.140000343322754
10.100000381469728
10.5600004196167
12.899999618530272
15.68000030517578
16.200000762939453
15.0600004196167
13.960000038146973
13.279999732971191
14.0
19.479999542236328
22.81999969482422
25.31999969482422
26.739999771118164
25.100000381469727
24.399999618530277
25.479999542236328
32.08000183105469
35.29999923706055
32.52000045776367
28.780000686645508
26.739999771118164
27.940000534057617
26.600000381469727
23.559999465942383
23.18000030517578
24.920000076293945
28.420000076293945
34.2599983215332
39.41999816894531
34.560001373291016
22.780000686645508
13.34000015258789
11.020000457763672
12.260000228881836
11.84000015258789
12.699999809265137
13.100000381469728
16.700000762939453
17.219999313354492
15.68000030517578
13.15999984741211
14.880000114440918
17.440000534057617
20.700000762939453
29.81999969482422
44.380001068115234
58.09999847412109
71.36000061035156
71.18000030517578
74.68000030517578
81.04000091552734
76.55999755859375
50.36000061035156
29.18000030517578
19.84000015258789
18.459999084472656
20.84000015258789
28.15999984741211
25.899999618530277
20.1200008392334
14.399999618530272
11.699999809265137
10.119999885559082
9.539999961853027
8.579999923706055
7.579999923706055
6.760000228881836
6.579999923706055
7.980000019073486
9.84000015258789
10.699999809265137
10.199999809265137
10.68000030517578
12.739999771118164
19.700000762939453
23.1200008392334
25.040000915527344
20.459999084472656
14.199999809265137
13.5600004196167
13.880000114440918
12.239999771118164
9.640000343322754
9.260000228881836
9.119999885559082
9.279999732971191
10.34000015258789
13.81999969482422
17.6200008392334
23.57999992370605
27.26000022888184
30.520000457763672
33.099998474121094
42.220001220703125
54.41999816894531
67.54000091552734
73.68000030517578
74.41999816894531
68.18000030517578
58.20000076293945
57.86000061035156
56.040000915527344
49.81999969482422
45.619998931884766
42.58000183105469
30.920000076293945
21.68000030517578
17.360000610351562
14.760000228881836
14.579999923706056
12.68000030517578
12.5600004196167
12.859999656677246
11.699999809265137
8.4399995803833
6.920000076293945
6.619999885559082
8.039999961853027
8.9399995803833
7.559999942779541
8.84000015258789
14.100000381469728
16.079999923706055
17.299999237060547
16.18000030517578
14.640000343322754
12.279999732971191
11.640000343322754
11.279999732971191
11.979999542236328
13.039999961853027
15.260000228881836
15.119999885559082
18.5
22.6200008392334
23.36000061035156
26.040000915527344
35.060001373291016
35.47999954223633
29.57999992370605
24.959999084472656
26.26000022888184
25.15999984741211
22.07999992370605
22.63999938964844
26.76000022888184
29.799999237060547
35.68000030517578
43.93999862670898
44.2400016784668
48.27999877929688
51.560001373291016
52.5
45.43999862670898
38.77999877929688
36.2599983215332
41.880001068115234
43.18000030517578
35.81999969482422
40.34000015258789
43.2400016784668
40.720001220703125
37.900001525878906
33.65999984741211
31.100000381469727
30.459999084472656
34.540000915527344
28.979999542236328
21.0
13.84000015258789
15.380000114440918
14.359999656677246
12.720000267028809
8.319999694824219
5.71999979019165
5.059999942779541
5.400000095367432
8.4399995803833
10.399999618530272
10.779999732971191
10.920000076293944
13.640000343322754
15.220000267028809
14.239999771118164
12.899999618530272
12.359999656677246
11.0600004196167
9.779999732971191
8.199999809265137
7.840000152587891
9.020000457763672
10.31999969482422
12.239999771118164
17.31999969482422
20.959999084472656
23.739999771118164
27.3799991607666
28.6200008392334
34.15999984741211
41.68000030517578
47.47999954223633
37.400001525878906
27.239999771118164
28.239999771118164
34.779998779296875
39.34000015258789
41.47999954223633
39.47999954223633
40.81999969482422
44.560001373291016
47.2400016784668
44.31999969482422
41.52000045776367
42.79999923706055
54.20000076293945
54.13999938964844
45.29999923706055
33.220001220703125
22.059999465942383
14.31999969482422
11.619999885559082
12.920000076293944
14.760000228881836
16.68000030517578
13.5
9.779999732971191
7.059999942779541
10.31999969482422
11.420000076293944
12.739999771118164
11.079999923706056
10.239999771118164
8.100000381469727
8.34000015258789
7.460000038146973
8.039999961853027
8.800000190734863
10.539999961853027
12.739999771118164
14.539999961853027
18.020000457763672
19.15999984741211
23.780000686645508
22.21999931335449
21.399999618530277
20.200000762939453
21.739999771118164
23.799999237060547
29.6200008392334
33.08000183105469
43.02000045776367
51.79999923706055
52.09999847412109
41.7599983215332
32.540000915527344
26.700000762939453
26.13999938964844
29.280000686645508
31.920000076293945
32.29999923706055
33.63999938964844
29.34000015258789
25.13999938964844
24.299999237060547
19.700000762939453
15.640000343322754
12.84000015258789
13.100000381469728
13.65999984741211
17.079999923706055
19.31999969482422
21.440000534057617
18.5
17.0
13.5
13.5
12.239999771118164
12.739999771118164
12.100000381469728
11.81999969482422
11.380000114440918
12.039999961853027
19.559999465942383
25.31999969482422
23.280000686645508
20.059999465942383
21.65999984741211
29.540000915527344
145.5800018310547
257.1199951171875
309.1199951171875
294.3999938964844
265.1600036621094
223.5800018310547
189.5200042724609
145.5
117.55999755859376
100.26000213623048
79.13999938964844
58.41999816894531
40.959999084472656
28.65999984741211
21.5
14.739999771118164
12.5
9.920000076293944
6.420000076293945
4.699999809265137
4.199999809265137
3.259999990463257
4.239999771118164
4.539999961853027
3.680000066757202
2.200000047683716
2.200000047683716
2.4200000762939453
2.119999885559082
1.4199999570846558
1.2400000095367432
1.100000023841858
1.2000000476837158
1.4800000190734863
1.2799999713897705
1.4600000381469729
1.899999976158142
2.259999990463257
1.8799999952316284
1.7599999904632568
2.1600000858306885
1.7599999904632568
1.2200000286102295
1.1799999475479126
2.039999961853028
2.180000066757202
1.8799999952316284
2.2799999713897705
2.6600000858306885
2.559999942779541
1.8600000143051147
1.8600000143051147
3.240000009536743
4.960000038146973
6.059999942779541
4.800000190734863
4.579999923706055
6.21999979019165
5.760000228881836
3.859999895095825
2.619999885559082
3.220000028610229
2.4800000190734863
2.359999895095825
2.440000057220459
2.240000009536743
2.440000057220459
3.240000009536743
3.920000076293945
3.9800000190734863
3.299999952316284
3.180000066757202
2.9600000381469727
3.180000066757202
3.2799999713897705
3.4800000190734863
4.239999771118164
5.980000019073486
9.079999923706056
8.4399995803833
7.920000076293945
8.5
8.800000190734863
7.119999885559082
5.179999828338623
4.320000171661377
8.899999618530273
14.579999923706056
21.520000457763672
18.63999938964844
12.18000030517578
8.760000228881836
8.600000381469727
7.800000190734863
6.539999961853027
6.159999847412109
5.159999847412109
4.539999961853027
5.28000020980835
7.400000095367432
9.899999618530272
13.0600004196167
12.84000015258789
11.279999732971191
9.81999969482422
9.640000343322754
11.279999732971191
10.779999732971191
10.479999542236328
10.239999771118164
10.5600004196167
10.640000343322754
13.039999961853027
14.0600004196167
13.539999961853027
13.300000190734863
15.5
18.280000686645508
16.799999237060547
23.26000022888184
30.200000762939453
40.41999816894531
48.540000915527344
67.36000061035156
114.0199966430664
147.8800048828125
159.44000244140625
145.4199981689453
135.52000427246094
128.8800048828125
107.4800033569336
76.0199966430664
51.08000183105469
33.81999969482422
18.959999084472656
10.199999809265137
7.300000190734863
5.78000020980835
5.039999961853027
3.319999933242798
2.400000095367432
2.5799999237060547
4.320000171661377
6.039999961853027
7.179999828338623
8.100000381469727
12.520000457763672
13.0600004196167
11.479999542236328
9.720000267028809
10.760000228881836
10.020000457763672
11.239999771118164
10.199999809265137
9.859999656677246
10.31999969482422
8.819999694824219
5.900000095367432
3.819999933242798
4.039999961853027
4.420000076293945
4.559999942779541
5.900000095367432
7.300000190734863
10.300000190734863
14.4399995803833
13.199999809265137
10.100000381469728
8.779999732971191
8.880000114440918
9.34000015258789
8.420000076293945
7.440000057220459
6.579999923706055
8.399999618530273
9.920000076293944
9.4399995803833
7.960000038146973
8.380000114440918
9.220000267028809
10.0600004196167
10.34000015258789
11.399999618530272
11.84000015258789
10.960000038146973
11.9399995803833
14.9399995803833
16.6200008392334
17.31999969482422
17.84000015258789
14.960000038146973
15.199999809265137
18.71999931335449
26.239999771118164
35.58000183105469
43.720001220703125
47.43999862670898
54.15999984741211
53.93999862670898
52.20000076293945
59.400001525878906
65.83999633789062
66.87999725341797
69.54000091552734
61.7599983215332
52.060001373291016
43.47999954223633
39.59999847412109
37.119998931884766
32.0
27.34000015258789
20.959999084472656
16.639999389648438
14.779999732971191
13.899999618530272
14.100000381469728
16.799999237060547
18.280000686645508
18.07999992370605
17.219999313354492
15.119999885559082
14.039999961853027
14.420000076293944
13.079999923706056
11.760000228881836
10.399999618530272
9.920000076293944
10.020000457763672
9.5600004196167
8.960000038146973
9.68000030517578
8.899999618530273
7.679999828338623
6.920000076293945
6.960000038146973
8.239999771118164
12.920000076293944
14.920000076293944
13.84000015258789
12.020000457763672
13.5600004196167
14.84000015258789
15.34000015258789
16.020000457763672
16.700000762939453
25.200000762939453
33.099998474121094
34.540000915527344
37.13999938964844
51.540000915527344
67.30000305175781
71.31999969482422
72.91999816894531
70.87999725341797
58.7400016784668
47.29999923706055
39.68000030517578
36.65999984741211
34.41999816894531
36.900001525878906
35.540000915527344
32.36000061035156
27.420000076293945
24.57999992370605
22.71999931335449
19.15999984741211
16.479999542236328
16.700000762939453
18.420000076293945
24.200000762939453
25.920000076293945
26.5
27.040000915527344
29.36000061035156
27.920000076293945
22.13999938964844
13.779999732971191
10.300000190734863
11.039999961853027
10.760000228881836
9.960000038146973
8.520000457763672
8.479999542236328
8.65999984741211
8.84000015258789
8.399999618530273
7.679999828338623
7.679999828338623
8.84000015258789
9.31999969482422
9.859999656677246
9.359999656677246
10.579999923706056
10.81999969482422
9.5
8.220000267028809
8.579999923706055
8.479999542236328
7.900000095367432
8.220000267028809
8.100000381469727
46.81999969482422
107.16000366210938
151.24000549316406
165.72000122070312
169.39999389648438
174.1199951171875
162.74000549316406
135.16000366210938
119.72000122070312
121.9000015258789
110.87999725341795
92.31999969482422
69.5999984741211
50.459999084472656
34.0
23.07999992370605
15.68000030517578
10.880000114440918
7.71999979019165
5.579999923706055
5.059999942779541
6.139999866485596
6.679999828338623
6.5
5.0
4.340000152587891
4.659999847412109
4.019999980926514
3.240000009536743
2.4800000190734863
2.4600000381469727
2.759999990463257
2.2799999713897705
1.940000057220459
2.240000009536743
3.0799999237060547
3.619999885559082
4.679999828338623
5.940000057220459
6.440000057220459
5.0
5.679999828338623
5.880000114440918
5.340000152587891
3.859999895095825
2.740000009536743
1.899999976158142
2.0199999809265137
1.899999976158142
1.8799999952316284
2.4800000190734863
2.9600000381469727
3.0999999046325684
3.0799999237060547
3.220000028610229
3.220000028610229
3.180000066757202
3.059999942779541
3.4200000762939453
4.099999904632568
5.239999771118164
7.099999904632568
9.539999961853027
10.84000015258789
11.300000190734863
10.619999885559082
11.199999809265137
10.960000038146973
10.279999732971191
9.65999984741211
7.440000057220459
6.079999923706055
5.400000095367432
7.260000228881836
8.460000038146973
9.960000038146973
12.0
15.720000267028809
17.5
17.780000686645508
17.979999542236328
15.960000038146973
12.359999656677246
11.920000076293944
13.199999809265137
14.100000381469728
16.200000762939453
20.0
20.65999984741211
19.26000022888184
17.81999969482422
18.31999969482422
24.6200008392334
30.520000457763672
36.77999877929688
34.2400016784668
26.5
22.520000457763672
13.9399995803833
6.0
0.9399999976158142
1.9800000190734863
2.880000114440918
3.799999952316284
3.5999999046325684
3.440000057220459
18.0
34.58000183105469
48.18000030517578
44.93999862670898
42.7599983215332
41.400001525878906
44.08000183105469
49.720001220703125
59.58000183105469
66.54000091552734
75.19999694824219
78.87999725341797
79.45999908447266
78.5999984741211
79.76000213623047
73.4000015258789
62.2599983215332
55.09999847412109
53.31999969482422
50.43999862670898
41.2400016784668
30.540000915527344
24.239999771118164
21.3799991607666
18.13999938964844
15.5600004196167
12.859999656677246
11.5
10.18000030517578
9.5
9.279999732971191
9.960000038146973
9.800000190734863
9.140000343322754
9.220000267028809
8.9399995803833
8.539999961853027
8.180000305175781
8.399999618530273
9.260000228881836
9.960000038146973
10.739999771118164
12.020000457763672
10.68000030517578
8.960000038146973
8.199999809265137
7.679999828338623
8.979999542236328
8.140000343322754
8.15999984741211
7.940000057220459
8.4399995803833
10.0600004196167
11.039999961853027
11.720000267028809
11.65999984741211
12.199999809265137
11.420000076293944
10.600000381469728
9.039999961853027
7.840000152587891
7.039999961853027
8.020000457763672
9.31999969482422
9.760000228881836
10.579999923706056
13.619999885559082
16.979999542236328
18.200000762939453
18.399999618530277
19.86000061035156
22.700000762939453
77.27999877929688
131.5
152.74000549316406
151.4199981689453
151.1999969482422
140.0
125.04000091552734
114.33999633789062
100.3000030517578
86.5199966430664
75.0199966430664
57.59999847412109
41.70000076293945
30.76000022888184
24.68000030517578
19.700000762939453
15.0600004196167
11.4399995803833
9.600000381469728
9.960000038146973
9.899999618530272
9.479999542236328
8.680000305175781
7.71999979019165
7.940000057220459
7.78000020980835
7.0
6.619999885559082
5.980000019073486
6.059999942779541
5.860000133514404
5.960000038146973
6.099999904632568
5.71999979019165
5.519999980926514
5.579999923706055
5.920000076293945
5.900000095367432
7.579999923706055
9.31999969482422
10.020000457763672
10.039999961853027
9.399999618530272
9.0
9.520000457763672
10.220000267028809
10.5
9.300000190734863
7.440000057220459
6.300000190734863
5.21999979019165
4.519999980926514
4.380000114440918
4.5
4.539999961853027
5.059999942779541
5.599999904632568
7.320000171661377
9.279999732971191
10.34000015258789
10.239999771118164
9.640000343322754
9.15999984741211
9.579999923706056
9.960000038146973
8.899999618530273
7.320000171661377
6.599999904632568
6.760000228881836
7.760000228881836
8.420000076293945
7.480000019073486
7.260000228881836
7.579999923706055
10.81999969482422
14.460000038146973
15.199999809265137
13.859999656677246
13.199999809265137
15.399999618530272
18.86000061035156
20.940000534057617
23.86000061035156
27.84000015258789
33.20000076293945
37.47999954223633
39.86000061035156
41.86000061035156
46.70000076293945
52.97999954223633
58.540000915527344
68.66000366210938
76.36000061035156
78.77999877929688
71.72000122070312
64.91999816894531
65.22000122070312
65.13999938964844
60.65999984741211
54.5
48.81999969482422
44.119998931884766
42.36000061035156
39.70000076293945
36.52000045776367
31.07999992370605
28.31999969482422
25.239999771118164
20.520000457763672
17.399999618530273
15.260000228881836
14.720000267028809
13.020000457763672
12.260000228881836
12.239999771118164
13.199999809265137
13.020000457763672
12.859999656677246
10.899999618530272
9.920000076293944
9.079999923706056
9.5
11.68000030517578
11.699999809265137
10.920000076293944
9.420000076293944
8.720000267028809
8.0600004196167
7.400000095367432
6.820000171661377
7.199999809265137
7.360000133514404
7.78000020980835
7.21999979019165
6.21999979019165
6.840000152587891
8.0600004196167
9.84000015258789
10.399999618530272
9.979999542236328
9.119999885559082
7.699999809265137
7.300000190734863
7.820000171661377
8.0
8.100000381469727
8.539999961853027
8.220000267028809
7.840000152587891
8.399999618530273
9.18000030517578
9.84000015258789
9.880000114440918
11.460000038146973
12.9399995803833
14.979999542236328
16.34000015258789
19.899999618530277
21.84000015258789
25.76000022888184
29.399999618530277
32.52000045776367
35.15999984741211
39.540000915527344
42.70000076293945
45.20000076293945
52.52000045776367
62.7400016784668
77.08000183105469
85.69999694824219
93.5999984741211
92.9000015258789
89.5
88.72000122070312
84.0999984741211
73.69999694824219
62.36000061035156
54.65999984741211
49.720001220703125
42.77999877929688
34.47999954223633
28.1200008392334
24.399999618530277
19.459999084472656
17.059999465942383
17.540000915527344
17.260000228881836
15.020000457763672
12.81999969482422
10.81999969482422
8.680000305175781
7.420000076293945
6.760000228881836
6.0
6.059999942779541
5.820000171661377
6.480000019073486
6.619999885559082
6.599999904632568
6.5
7.239999771118164
7.699999809265137
8.34000015258789
9.34000015258789
10.460000038146973
11.68000030517578
11.81999969482422
11.140000343322754
9.0600004196167
8.380000114440918
7.980000019073486
7.71999979019165
6.5
5.28000020980835
4.21999979019165
3.740000009536743
3.700000047683716
4.340000152587891
5.079999923706055
5.420000076293945
6.179999828338623
6.599999904632568
6.860000133514404
7.619999885559082
8.119999885559082
8.279999732971191
8.0
7.71999979019165
7.880000114440918
10.100000381469728
12.359999656677246
14.619999885559082
15.4399995803833
16.200000762939453
17.459999084472656
20.600000381469727
22.420000076293945
23.979999542236328
24.040000915527344
25.200000762939453
28.13999938964844
33.13999938964844
39.65999984741211
47.79999923706055
55.5
64.5
68.86000061035156
73.5
79.13999938964844
83.9800033569336
82.76000213623047
80.41999816894531
71.5999984741211
61.86000061035156
54.59999847412109
48.36000061035156
43.91999816894531
40.27999877929688
38.86000061035156
34.119998931884766
28.799999237060547
26.31999969482422
24.1200008392334
22.86000061035156
23.5
24.780000686645508
22.8799991607666
20.739999771118164
19.15999984741211
19.200000762939453
19.84000015258789
19.5
16.81999969482422
13.960000038146973
12.880000114440918
12.100000381469728
11.859999656677246
10.68000030517578
9.479999542236328
8.960000038146973
9.199999809265137
9.84000015258789
10.81999969482422
11.239999771118164
11.420000076293944
11.880000114440918
11.420000076293944
9.699999809265137
9.65999984741211
9.380000114440918
9.380000114440918
9.619999885559082
9.920000076293944
9.760000228881836
9.699999809265137
9.0600004196167
8.5
8.34000015258789
8.279999732971191
8.5
8.720000267028809
8.739999771118164
8.899999618530273
9.399999618530272
10.18000030517578
10.119999885559082
10.68000030517578
11.84000015258789
13.039999961853027
13.520000457763672
15.0
18.0
19.020000457763672
20.940000534057617
22.6200008392334
23.71999931335449
27.76000022888184
31.34000015258789
33.619998931884766
35.619998931884766
39.7599983215332
41.060001373291016
43.060001373291016
46.02000045776367
53.2599983215332
57.36000061035156
60.86000061035156
62.7599983215332
65.26000213623047
69.31999969482422
71.26000213623047
71.77999877929688
69.5199966430664
67.26000213623047
61.68000030517578
53.220001220703125
45.77999877929688
39.15999984741211
35.68000030517578
33.060001373291016
30.040000915527344
27.1200008392334
24.84000015258789
22.040000915527344
20.739999771118164
19.700000762939453
17.899999618530273
16.920000076293945
16.200000762939453
15.420000076293944
14.880000114440918
14.100000381469728
13.800000190734863
13.199999809265137
