-632.2799072265625
-609.9884643554688
-581.335693359375
-542.4129028320312
-517.209716796875
-493.2367858886719
-466.1167297363281
-441.8307800292969
-401.5506286621094
-380.2950439453125
-348.90802001953125
-317.0626525878906
-300.92071533203125
-289.16912841796875
-261.8912353515625
-231.9698638916016
-206.6493377685547
-188.57000732421875
-163.43348693847656
-132.90139770507812
-101.27172088623048
-69.69763946533203
-40.995059967041016
-16.985063552856445
18.462474822998047
43.50284576416016
82.5933609008789
123.0287857055664
160.29405212402344
193.16900634765625
240.8878326416016
293.0220031738281
336.3115234375
382.3025512695313
427.4632873535156
477.2178039550781
519.1531982421875
556.9921264648438
600.9814453125
632.2596435546875
653.143798828125
686.9581298828125
710.4354858398438
757.0368041992188
777.2377319335938
804.46533203125
823.6458740234375
847.825927734375
870.9476318359375
897.329345703125
924.7059326171876
947.9251708984376
970.5654907226562
995.496826171875
1011.8477172851562
1035.164794921875
1053.2440185546875
1062.821044921875
1079.661376953125
1097.0203857421875
1114.5970458984375
1127.3370361328125
1139.1741943359375
1147.9722900390625
1142.686279296875
1158.272705078125
1181.3934326171875
1198.674560546875
1216.6173095703125
1228.7132568359375
1248.6302490234375
1264.9456787109375
1271.451904296875
1280.6878662109375
1292.679443359375
1299.974365234375
1291.2113037109375
1291.5025634765625
1292.10498046875
1293.2203369140625
1292.97607421875
1286.32177734375
1277.4659423828125
1274.65087890625
1268.4122314453125
1271.834716796875
1273.8153076171875
1243.6832275390625
1234.727783203125
1232.7742919921875
1268.16845703125
1270.6768798828125
1286.7962646484375
1300.096923828125
1310.665283203125
1312.9844970703125
1318.4989013671875
1289.182373046875
1297.7652587890625
1308.3148193359375
1351.2344970703125
1353.1256103515625
1361.3431396484375
1366.81640625
1375.060791015625
1385.032470703125
1395.76953125
1408.397216796875
1378.3822021484375
1379.719970703125
1232.973876953125
813.690673828125
605.6319580078125
496.0248718261719
598.6513061523438
311.5511779785156
-74.0545883178711
-244.2117156982422
-216.68833923339844
-200.59947204589844
-187.6234893798828
-175.36598205566406
-166.14093017578125
-287.0728759765625
-380.8591003417969
-391.1708984375
-344.5916748046875
-315.6063537597656
-287.8663024902344
-259.16455078125
-238.8491668701172
-213.91978454589844
-188.17767333984372
-171.4249267578125
-154.27423095703125
-130.9486846923828
-104.6467056274414
-77.57882690429688
-59.02375793457031
-46.246726989746094
-23.218971252441406
-10.324074745178224
4.455350875854492
17.940710067749023
38.54420852661133
68.34276580810547
88.61001586914062
116.86383056640624
151.8710174560547
199.54173278808597
241.34585571289065
272.6684265136719
319.6347351074219
377.2079772949219
425.6676940917969
472.78851318359375
519.9779052734375
580.9517211914062
639.4568481445312
671.4695434570312
701.21826171875
738.7849731445312
781.6236572265625
826.4105224609375
888.4584350585938
921.9682006835938
955.0943603515624
1001.0923461914062
1042.7259521484375
1069.9808349609375
1109.90576171875
1176.031982421875
1223.43212890625
1252.646240234375
1303.75634765625
1351.3212890625
1379.66455078125
1395.97900390625
1445.7696533203125
1481.7232666015625
1511.1083984375
1525.4693603515625
1543.253173828125
1554.0745849609375
1571.14599609375
1591.8074951171875
1625.0614013671875
1668.638916015625
1711.0333251953125
1754.9447021484375
1790.5374755859375
1832.666259765625
1871.0457763671875
1894.9158935546875
1873.9937744140625
1844.49462890625
1822.3900146484373
1804.05908203125
1823.47998046875
1811.13720703125
1789.602783203125
1776.5614013671875
1725.556396484375
1645.74755859375
1581.6734619140625
1544.3043212890625
1550.3162841796875
1546.265625
1538.31640625
1541.4195556640625
1548.0111083984375
1576.7762451171875
1585.1546630859375
1610.8782958984375
1628.6953125
1620.4598388671875
1624.6981201171875
1652.8829345703125
1692.982666015625
1716.47705078125
1724.9649658203125
1746.7325439453125
1754.30224609375
1764.5888671875
1776.3984375
1804.5643310546875
1834.362060546875
1853.8160400390625
1878.319580078125
1891.6611328125
1896.0230712890625
1900.9681396484373
1913.8387451171875
1920.18115234375
1935.0931396484373
1951.7783203125
1968.2952880859373
1973.5400390625
1977.31689453125
1991.947998046875
1999.9619140625
1989.0784912109373
1993.2119140625
2004.8505859375
2016.39404296875
2030.172607421875
2044.29248046875
2050.915283203125
2067.1474609375
2088.68994140625
2107.9560546875
2136.621337890625
2182.406005859375
2227.592041015625
2247.691162109375
2259.437744140625
2275.427734375
2274.704833984375
2157.17431640625
2095.979736328125
2151.9150390625
2199.172607421875
2234.1513671875
2250.972900390625
2255.788330078125
2256.00244140625
2192.271240234375
2191.95166015625
2185.45947265625
2228.607421875
2239.323486328125
2253.00537109375
2269.898193359375
2265.607421875
2254.06005859375
2246.65478515625
2250.775146484375
2264.6767578125
2272.191162109375
2230.5986328125
2232.46728515625
2237.582763671875
2278.070068359375
2275.6396484375
2271.35693359375
2268.962890625
2280.951171875
2291.7275390625
2304.167236328125
2309.95458984375
2307.08447265625
2310.1904296875
2311.797607421875
2253.153076171875
2238.6962890625
2303.111328125
2340.412109375
2344.66015625
2341.446533203125
2344.371826171875
2350.434326171875
2354.031005859375
2359.82568359375
2375.47119140625
2330.072509765625
2329.971435546875
2379.06005859375
2388.6376953125
2396.40576171875
2409.094970703125
2423.823486328125
2432.226318359375
2438.1298828125
2443.609619140625
2447.240478515625
2447.00439453125
2445.034423828125
2440.36328125
2436.757080078125
2463.498046875
2502.58349609375
2543.211181640625
2560.817138671875
2576.438232421875
2579.7314453125
2582.478515625
2590.05322265625
2569.701416015625
2578.762451171875
2624.004638671875
2633.12353515625
2627.0361328125
2611.902099609375
2565.48583984375
2556.791015625
2530.867919921875
2435.505126953125
2399.154052734375
2444.798095703125
2544.8955078125
2547.9130859375
2550.25634765625
2555.33984375
2563.826171875
2581.46240234375
2584.06103515625
2498.584228515625
2499.498046875
2530.3330078125
2577.4853515625
2582.195556640625
2596.722412109375
2599.3798828125
2599.61865234375
2472.2724609375
2412.211669921875
2466.9677734375
2412.239013671875
2188.927490234375
2202.70166015625
2523.31591796875
2528.140869140625
2551.778076171875
2605.4970703125
2611.551513671875
2621.430908203125
2607.768798828125
2626.066650390625
2665.3515625
2663.655517578125
2658.308837890625
2657.1181640625
2664.246826171875
2668.156494140625
2667.902587890625
2671.370361328125
2679.510986328125
2680.85009765625
2679.923828125
2663.667724609375
2667.3427734375
2684.940673828125
2684.87060546875
2634.642578125
2633.603515625
2584.76708984375
2230.6015625
1638.8558349609375
1020.7665405273438
1320.8826904296875
1772.879638671875
2061.624267578125
2166.132080078125
2458.4404296875
2690.413818359375
2674.5244140625
2687.001953125
2717.795654296875
2741.54833984375
2747.647705078125
2744.25341796875
2745.0126953125
2751.44384765625
2754.05126953125
2749.6630859375
2749.429931640625
2753.177734375
2751.310546875
2743.283203125
2735.287109375
2728.461181640625
2722.150390625
2715.6025390625
2709.24365234375
2716.1767578125
2716.314453125
2718.195068359375
2717.563720703125
2723.383544921875
2727.059326171875
2704.2998046875
2699.306640625
2705.443359375
2729.624267578125
2726.882568359375
2728.31689453125
2724.823486328125
2724.2001953125
2722.900390625
2718.611572265625
2721.031494140625
2723.34716796875
2733.18896484375
2733.02880859375
2730.20166015625
2726.1513671875
2728.840087890625
2733.346923828125
2738.0068359375
2739.7705078125
2746.156005859375
2748.719482421875
2752.100830078125
2752.8447265625
2758.725830078125
2763.497802734375
2767.068115234375
2766.89501953125
2766.86572265625
2769.738525390625
2771.508056640625
2774.044921875
2774.8447265625
2777.52685546875
2780.8994140625
2789.449951171875
2798.29443359375
2802.7373046875
2803.3056640625
2805.4326171875
2805.542236328125
2807.536865234375
2808.6025390625
2807.0849609375
2807.392578125
2807.782470703125
2809.453369140625
2812.005615234375
2812.295654296875
2809.880859375
2811.06494140625
2811.266845703125
2815.399169921875
2815.062744140625
2813.031982421875
2813.867431640625
2809.159423828125
2814.281494140625
2819.3125
2819.895263671875
2818.62060546875
2821.766357421875
2823.00439453125
2819.28271484375
2812.914306640625
2812.75634765625
2811.9072265625
2810.6455078125
2807.7275390625
2794.1064453125
2795.45751953125
2811.8564453125
2814.764892578125
2813.534423828125
2811.422607421875
2811.539306640625
2808.787841796875
2808.758056640625
2812.908203125
2815.37353515625
2814.1220703125
2808.10498046875
2807.49658203125
2808.6376953125
2812.5859375
2820.347412109375
2825.350830078125
2833.049072265625
2841.84912109375
2851.24755859375
2852.51123046875
2852.1357421875
2852.43310546875
2853.708984375
2853.060302734375
2851.0419921875
2846.916015625
2844.80029296875
2843.61376953125
2844.10302734375
2845.9443359375
2850.5673828125
2852.970703125
2857.244384765625
2856.036865234375
2859.740966796875
2821.946044921875
2818.7744140625
2857.023193359375
2853.4814453125
2855.089111328125
2853.0830078125
2852.4697265625
2850.295654296875
2849.9091796875
2850.5263671875
2849.915283203125
2850.732421875
2848.060546875
2846.798095703125
2843.907470703125
2845.94189453125
2846.722412109375
2849.974365234375
2856.522705078125
2857.782470703125
2855.17041015625
2856.56494140625
2861.737548828125
2859.384033203125
2858.8125
2856.5380859375
2854.33251953125
2853.828857421875
2857.013427734375
2859.975341796875
2860.608154296875
2860.672607421875
2860.2080078125
2860.40478515625
2861.066162109375
2863.634033203125
2865.314453125
2866.79150390625
2865.67626953125
2866.662109375
2870.63134765625
2874.796875
2873.5537109375
2856.468994140625
2857.4130859375
2856.22119140625
2877.88427734375
2880.636474609375
2881.326904296875
2881.827392578125
2882.03369140625
2883.56787109375
2879.5751953125
2875.698486328125
2875.180419921875
2874.606201171875
2877.277587890625
2880.703125
2879.5224609375
2875.8955078125
2873.50634765625
2875.008544921875
2873.0537109375
2876.334716796875
2878.513427734375
2876.551513671875
2876.418212890625
2880.270263671875
2886.035400390625
2886.503662109375
2884.30126953125
2881.6630859375
2876.29150390625
2874.618408203125
2875.262451171875
2879.84521484375
2885.669921875
2890.049072265625
2893.54052734375
2893.5751953125
2891.865966796875
2891.2333984375
2890.708984375
2891.802734375
2891.74365234375
2892.02978515625
2892.18408203125
2894.774169921875
2892.5341796875
2891.016357421875
2890.660400390625
2891.265869140625
2890.060546875
2893.216552734375
2893.0498046875
2889.375732421875
2883.83935546875
2876.17724609375
2874.08349609375
2875.323486328125
2873.7744140625
2814.695556640625
2571.3056640625
2270.852783203125
1969.2479248046875
2088.539306640625
2086.603271484375
2148.361328125
2331.869140625
2455.1728515625
2455.8544921875
2455.734130859375
2635.15185546875
2698.179931640625
2819.7158203125
2876.19677734375
2873.939453125
2877.146240234375
2883.62841796875
2884.829345703125
2884.768798828125
2883.76416015625
2880.989990234375
2880.47998046875
2882.531005859375
2885.667724609375
2888.957763671875
2768.866455078125
2769.91064453125
2769.984130859375
2830.5673828125
2890.478759765625
2891.277587890625
2887.1083984375
2884.427490234375
2824.640869140625
2824.808837890625
2823.876220703125
2827.908203125
2834.166259765625
2894.486328125
2652.785888671875
2652.538818359375
2834.029296875
2893.20068359375
2889.733642578125
2887.555908203125
2650.58935546875
2591.495361328125
2710.516357421875
2892.75634765625
2772.5341796875
2714.200927734375
2835.0537109375
2774.98779296875
2653.480224609375
2654.667724609375
2895.633544921875
2895.91162109375
2894.328857421875
2893.6513671875
2894.6572265625
2899.581298828125
2902.222900390625
2903.9091796875
2724.181640625
2723.2607421875
2844.369140625
2841.31884765625
2838.08447265625
2834.42529296875
2892.857421875
2891.87255859375
2891.960693359375
2892.99853515625
2894.90087890625
2779.534423828125
2719.882080078125
2780.44775390625
2783.114013671875
2848.550537109375
2908.825927734375
2909.743408203125
2911.5732421875
2851.5732421875
2850.007568359375
2907.98095703125
2904.078369140625
2899.661865234375
2776.374755859375
2713.310302734375
2711.5888671875
2770.195068359375
2774.072265625
2775.052734375
2716.4931640625
2778.008056640625
2478.347412109375
2235.826416015625
2354.070556640625
2410.1806640625
2588.94580078125
2648.631591796875
2706.938232421875
2646.350830078125
2708.756591796875
2830.156982421875
2892.425048828125
2894.314697265625
2835.475341796875
2776.980224609375
2777.889892578125
2839.119140625
2904.04541015625
2726.198486328125
2726.847412109375
2727.0576171875
2788.9033203125
2790.347412109375
2731.55615234375
2796.2578125
2677.787841796875
2799.894775390625
2921.782470703125
2922.80224609375
2920.864013671875
2918.977783203125
2917.082275390625
2913.904296875
2908.3583984375
2901.351318359375
2895.5087890625
2889.586181640625
2887.628662109375
2889.04931640625
2895.855224609375
2899.274169921875
2903.421142578125
2903.332275390625
2902.969482421875
2905.19677734375
2905.448974609375
2904.52978515625
2903.306640625
2904.08935546875
2906.7802734375
2847.9033203125
2849.15869140625
2728.93310546875
2729.38134765625
2848.2587890625
2842.63916015625
2839.44384765625
2894.417724609375
2835.59033203125
2838.73095703125
2902.36572265625
2905.514404296875
2907.645263671875
2906.998779296875
2906.562255859375
2905.1982421875
2907.65966796875
2908.62255859375
2910.69091796875
2910.19189453125
2909.347900390625
2907.412109375
2905.2548828125
2905.2783203125
2907.934326171875
2911.81689453125
2914.426513671875
2913.662841796875
2911.808837890625
2912.3427734375
2912.655517578125
2853.14208984375
2851.6142578125
2909.8046875
2913.091552734375
2913.054443359375
2912.70068359375
2912.478759765625
2914.49462890625
2915.5390625
2915.8515625
2855.725341796875
2853.46728515625
2915.718017578125
2918.633544921875
2922.631591796875
2923.95654296875
2922.68408203125
2920.426025390625
2857.7626953125
2857.028076171875
2856.9462890625
2917.338134765625
2919.014404296875
2919.90625
2919.156005859375
2917.67431640625
2852.94287109375
2851.2763671875
2849.551513671875
2846.67626953125
2844.841552734375
2845.257568359375
2907.135009765625
2910.135986328125
2851.053955078125
2851.40771484375
2852.2724609375
2914.034423828125
2910.57470703125
2906.6748046875
2903.9560546875
2844.3740234375
2725.400390625
2783.894287109375
2905.68505859375
2846.104736328125
2846.926025390625
2728.3759765625
2730.065673828125
2730.867919921875
2849.671875
2908.18603515625
2908.8994140625
2911.0302734375
2908.73876953125
2908.047119140625
2792.18994140625
2793.502197265625
2733.7880859375
2792.665283203125
2852.517822265625
2790.99755859375
2671.28271484375
2793.005859375
2792.953369140625
2909.859619140625
2909.658203125
2791.947509765625
2794.316162109375
2796.833984375
2861.16259765625
2924.1748046875
2926.378662109375
2807.1298828125
2806.386962890625
2867.49462890625
2806.724609375
2685.5048828125
2745.37646484375
2866.385009765625
2805.130859375
2802.772705078125
2920.871826171875
2918.1826171875
2857.0908203125
2856.411865234375
2914.349365234375
2853.0791015625
2850.10693359375
2789.304931640625
2851.180419921875
2853.489990234375
2854.751953125
2854.16748046875
2794.360107421875
2857.901611328125
2859.62841796875
2918.783447265625
2916.458984375
2913.12939453125
2792.156494140625
2789.28662109375
2907.898681640625
2910.696533203125
2914.66748046875
2914.76904296875
2914.9658203125
2914.874267578125
2915.298095703125
2859.139892578125
2859.274169921875
2856.858154296875
2914.274658203125
2911.869140625
2793.298095703125
2794.398681640625
2795.453369140625
2918.673828125
2921.444091796875
2923.181640625
2862.407470703125
2860.207275390625
2917.248046875
2916.251953125
2918.601806640625
2859.9013671875
2859.404052734375
2858.338134765625
2918.5439453125
2917.59912109375
2918.512451171875
2860.57275390625
2860.962890625
2801.258544921875
2861.333740234375
2923.89501953125
2926.408203125
2927.938720703125
2928.486328125
2928.716552734375
2928.656494140625
2929.055908203125
2927.67626953125
2928.06787109375
2867.927734375
2808.80810546875
2872.360107421875
2934.663818359375
2934.54931640625
2932.830078125
2930.9306640625
2930.6904296875
2930.663818359375
2931.9404296875
2933.373779296875
2931.857177734375
2930.316650390625
2929.738037109375
2928.20654296875
2927.038818359375
2926.5302734375
2927.421142578125
2927.08447265625
2926.09716796875
2927.156982421875
2924.806884765625
2923.132568359375
2924.343017578125
2923.787109375
2922.87353515625
2920.110107421875
2920.8525390625
2862.270263671875
2862.054443359375
2918.577392578125
2916.896484375
2914.184326171875
2914.1044921875
2915.42626953125
2916.2275390625
2915.11181640625
2916.47216796875
2919.45751953125
2919.166259765625
2917.472900390625
2917.703369140625
2919.23876953125
2919.488037109375
2917.96728515625
2916.626953125
2916.134765625
2914.158203125
2854.8046875
2856.077392578125
2916.469970703125
2860.234130859375
2803.5576171875
2804.211181640625
2830.38134765625
2676.1875
2567.642578125
2603.75341796875
2424.270263671875
2398.014892578125
2555.9189453125
2546.75244140625
2625.545654296875
2564.361572265625
2529.10302734375
2133.23193359375
1757.7991943359375
1394.805908203125
1230.32666015625
1152.129638671875
1071.7562255859375
861.6478881835938
725.9757080078125
700.821044921875
612.3429565429688
472.2226867675781
323.58380126953125
294.0020446777344
262.92999267578125
276.45135498046875
225.64682006835935
186.78387451171875
221.00537109375
271.54345703125
227.6766815185547
200.50421142578125
184.3936767578125
166.96075439453125
157.8369598388672
162.31668090820312
119.93196105957033
164.97393798828125
204.93234252929688
235.2244110107422
230.2697296142578
238.4790496826172
233.09490966796875
185.6422271728516
208.52867126464844
205.3926239013672
206.29373168945312
250.5972595214844
274.794677734375
257.4915771484375
182.11546325683597
152.08966064453125
169.0561065673828
330.9659729003906
405.78363037109375
387.8989868164063
379.1209411621094
307.27935791015625
258.0376281738281
278.2845153808594
374.9142150878906
375.8233337402344
403.9032897949219
298.4472351074219
403.1387023925781
537.6067504882812
648.5712280273438
584.8209228515625
604.634765625
664.375
578.8496704101562
520.966796875
460.51898193359375
562.6494750976562
810.59130859375
936.0985107421876
906.83251953125
1068.2647705078125
1337.5762939453125
1383.5087890625
1609.0042724609375
1711.0167236328125
1671.8363037109375
1529.5888671875
1553.0703125
1762.7913818359375
1688.4906005859375
1896.7869873046875
2090.389892578125
2292.822265625
2246.4404296875
2153.420166015625
2199.777587890625
2237.6669921875
2239.509765625
2184.466796875
2088.666015625
2174.346435546875
2332.157470703125
2268.645263671875
2338.891357421875
2351.858154296875
2429.1357421875
2371.138427734375
2477.369384765625
2538.124267578125
2393.918212890625
2374.205322265625
2476.604736328125
2589.030029296875
2663.965576171875
2569.558837890625
2434.538818359375
2438.953857421875
2478.630126953125
2593.7861328125
2653.63623046875
2613.061767578125
2673.73193359375
2616.07275390625
2514.5537109375
2578.964599609375
2700.0546875
2654.98974609375
2661.637451171875
2725.808349609375
2782.809326171875
2676.175537109375
2624.6708984375
2628.539794921875
2741.042724609375
2738.928955078125
2686.033203125
2690.521484375
2693.240234375
2641.172607421875
2646.06884765625
2820.3955078125
2823.34912109375
2828.147705078125
2833.0986328125
2779.6953125
2725.5859375
2727.81787109375
2781.33154296875
2835.539306640625
2780.86572265625
2784.16162109375
2844.609130859375
2845.9716796875
2845.869140625
2843.574951171875
2732.765869140625
2735.163818359375
2851.262451171875
2795.60302734375
2799.5625
2859.33935546875
2862.968505859375
2863.973388671875
2863.828857421875
2863.915283203125
2864.89990234375
2865.468994140625
2871.080322265625
2875.417236328125
2878.001220703125
2878.169677734375
2882.406494140625
2881.724609375
2881.6181640625
2882.9658203125
2883.324462890625
2884.391357421875
2884.58837890625
2883.296142578125
2882.686767578125
2882.69677734375
2884.135009765625
2886.2685546875
2887.94189453125
2891.946533203125
2896.5751953125
2899.14599609375
2900.693115234375
2900.91259765625
2900.48095703125
2840.814697265625
2841.234619140625
2901.669921875
2903.6142578125
2905.293212890625
2906.016845703125
2906.81591796875
2908.5634765625
2910.613037109375
2911.64697265625
2912.22998046875
2914.634033203125
2917.2392578125
2918.1796875
2918.537109375
2920.05029296875
2921.0439453125
2919.921142578125
2917.63427734375
2917.035400390625
2916.914306640625
2860.552734375
2860.23291015625
2857.341552734375
2914.888427734375
2917.198974609375
2919.709716796875
2860.639404296875
2861.490234375
2862.823486328125
2922.063720703125
2861.3076171875
2860.3271484375
2860.501220703125
2920.906982421875
2921.38427734375
2920.998046875
2920.01904296875
2921.094970703125
2921.861572265625
2921.872802734375
2921.495849609375
2921.689453125
2924.25439453125
2924.6298828125
2927.606201171875
2929.5205078125
2930.337158203125
2928.488525390625
2868.375
2869.01806640625
2931.572509765625
2932.373779296875
2932.607421875
2931.919677734375
2931.7431640625
2932.230712890625
2932.33935546875
2932.8017578125
2933.69189453125
2933.211181640625
2932.936767578125
2932.820556640625
2931.1552734375
2932.104736328125
2933.428466796875
2933.916015625
2935.82373046875
2875.8232421875
2876.41162109375
2934.875
2934.0595703125
2935.28564453125
2936.1142578125
2937.10693359375
2937.6416015625
2937.43505859375
2936.119140625
2936.400634765625
2937.0556640625
2936.5751953125
2936.033203125
2935.497802734375
2936.399169921875
2938.293701171875
2939.233154296875
2879.2861328125
2879.30615234375
2878.965087890625
2938.376953125
2939.41650390625
2940.5283203125
2941.3408203125
2941.3486328125
2940.37939453125
2939.362548828125
2939.71337890625
2941.1396484375
2941.1875
2940.583740234375
2941.408203125
2941.802490234375
2942.23193359375
2942.7119140625
2943.355712890625
2941.997802734375
2942.611572265625
2942.571044921875
2942.3203125
2942.900390625
2943.265380859375
2944.134765625
2942.34814453125
2941.820068359375
2942.761962890625
2941.87646484375
2821.043701171875
2820.357421875
2880.233154296875
2940.679931640625
2941.914306640625
2941.481201171875
2942.54833984375
2941.891357421875
2941.7958984375
2941.09521484375
2941.68212890625
2941.1162109375
2942.432861328125
2943.30126953125
2943.83837890625
2883.48583984375
2885.365234375
2885.642822265625
2947.822265625
2947.33935546875
2947.68896484375
2948.7919921875
2950.94091796875
2951.90185546875
2950.88623046875
2950.10302734375
2950.6474609375
2949.72900390625
2949.491943359375
2949.8154296875
2950.013427734375
2890.0302734375
2891.005859375
2950.994140625
2951.558837890625
2951.24072265625
2952.964111328125
2954.616943359375
2954.6611328125
2953.220703125
2953.047119140625
2893.468505859375
2894.568115234375
2954.318115234375
2952.615234375
2953.529052734375
2952.589599609375
2952.439453125
2951.5400390625
2951.159423828125
2952.468505859375
2953.038818359375
2953.340087890625
2954.488037109375
2954.419921875
2954.8388671875
2953.52490234375
2952.82177734375
2952.738037109375
2952.33447265625
2950.8056640625
2951.871826171875
2952.485595703125
2953.357421875
2953.59814453125
2952.91259765625
2953.125732421875
2954.215576171875
2954.49658203125
2954.016357421875
2952.809326171875
2953.363037109375
2952.98095703125
2953.11865234375
2952.343505859375
2952.128173828125
2951.8515625
2892.930908203125
2892.851806640625
2953.235107421875
2951.03271484375
2949.615966796875
2949.28369140625
2949.70166015625
2889.249755859375
2889.418212890625
2888.64599609375
2949.947265625
2950.7763671875
2950.789306640625
2949.082275390625
2949.545654296875
2949.296630859375
2948.686279296875
2947.015625
2947.436767578125
2947.6796875
2947.833984375
2948.287109375
2948.83935546875
2950.154296875
2949.859130859375
2949.935302734375
2949.571044921875
2950.349609375
2949.995361328125
2948.483642578125
2949.59716796875
2890.012451171875
2829.993408203125
2891.10693359375
2891.2607421875
2951.0693359375
2950.677490234375
2829.201904296875
2827.889892578125
2827.102294921875
2947.685302734375
2948.192138671875
2948.870849609375
2947.9677734375
2947.4345703125
2887.53369140625
2887.955078125
2889.111328125
2828.592529296875
2888.580322265625
2949.489990234375
2949.456298828125
2949.5810546875
2949.87255859375
2949.95458984375
2950.27197265625
2950.935546875
2951.072509765625
2950.164794921875
2949.5986328125
2950.458984375
2951.294677734375
2950.5908203125
2950.3662109375
2950.81591796875
2953.52490234375
2894.271484375
2894.73876953125
2893.78662109375
2954.6259765625
2955.9541015625
2955.9931640625
2956.19970703125
2957.0
2958.51025390625
2958.62060546875
2957.909912109375
2896.8486328125
2896.287841796875
2896.373046875
2895.92041015625
2957.6845703125
2957.786865234375
2956.98583984375
2956.632080078125
2957.61572265625
2958.684326171875
2898.3212890625
2898.3232421875
2958.85693359375
2959.546142578125
2959.759765625
2958.653076171875
2957.445068359375
2958.008544921875
2897.046142578125
2896.6591796875
2895.33154296875
2955.936279296875
2956.878662109375
2958.102294921875
2958.609130859375
2958.83349609375
2958.1865234375
2958.33935546875
2957.79248046875
2835.9521484375
2774.5859375
2774.859375
2957.007568359375
2956.431884765625
2955.257568359375
2955.9033203125
2957.59375
2959.207763671875
2959.146484375
2958.7666015625
2959.101806640625
2958.05126953125
