-680.4694213867188
-648.10693359375
-618.20263671875
-582.4547119140625
-540.0032958984375
-512.07861328125
-479.146484375
-457.4723510742188
-427.2704772949219
-406.9849243164063
-374.9983520507813
-352.47125244140625
-317.1044616699219
-301.455078125
-273.84307861328125
-242.03292846679688
-208.5758056640625
-170.57388305664062
-124.61799621582033
-66.20472717285156
-40.65235900878906
-9.028403282165527
8.157126426696777
44.2313117980957
73.83743286132812
118.9419937133789
184.8513336181641
234.5469512939453
255.6436767578125
294.8657531738281
327.3953552246094
371.9006652832031
429.2090759277344
452.1914367675781
474.6968994140625
516.7394409179688
556.512451171875
638.8904418945312
665.3026733398438
703.1666259765625
731.233154296875
701.5072021484375
812.5105590820312
915.085205078125
910.4755249023438
898.2859497070312
934.8171997070312
938.3258666992188
1037.1314697265625
1064.55224609375
1073.79443359375
1111.9013671875
1163.12548828125
1199.654296875
1232.247314453125
1291.093017578125
1321.299072265625
1294.0291748046875
1271.7674560546875
1310.364013671875
1429.194091796875
1504.1790771484375
1538.4853515625
1566.67138671875
1614.4368896484375
1679.8125
1696.30322265625
1646.5428466796875
1570.578125
1573.36328125
1525.1865234375
1525.447509765625
1486.00537109375
1494.45849609375
1511.6702880859375
1538.6695556640625
1555.6485595703125
1583.7415771484375
1580.7869873046875
1575.1689453125
1574.07080078125
1610.3399658203125
1620.8798828125
1634.88916015625
1676.3511962890625
1694.62060546875
1698.759521484375
1723.9937744140625
1749.8360595703125
1767.6136474609375
1763.3865966796875
1779.2171630859375
1774.0498046875
1808.6480712890625
1847.61279296875
1801.6416015625
1809.12841796875
1811.81201171875
1844.743896484375
1894.2974853515625
1924.498779296875
1937.7841796875
1964.6402587890625
2004.8587646484373
2075.8115234375
2109.54345703125
2138.10009765625
2160.14892578125
2181.851318359375
2216.955810546875
2251.779052734375
2271.6162109375
2321.246337890625
2379.3310546875
2402.373779296875
2395.29248046875
2400.5927734375
2372.394287109375
2332.8837890625
2287.45849609375
2233.366943359375
2192.99267578125
2188.670654296875
2197.102294921875
2199.7470703125
2205.994384765625
2232.707763671875
2248.134765625
2252.45068359375
2258.79150390625
2259.0537109375
2259.60546875
2216.816162109375
2231.0087890625
2225.428466796875
2262.922607421875
2286.462890625
2279.876708984375
2259.3076171875
2272.55126953125
2280.377685546875
2300.81005859375
2309.724609375
2313.4833984375
2357.873046875
2368.513427734375
2386.67333984375
2396.316162109375
2408.7197265625
2413.3095703125
2427.817138671875
2447.554443359375
2467.38916015625
2488.405517578125
2500.195556640625
2516.552490234375
2529.3994140625
2537.8037109375
2548.08642578125
2568.94287109375
2590.47509765625
2604.060546875
2604.360595703125
2571.289794921875
2580.061279296875
2612.712890625
2619.212158203125
2647.70947265625
2639.3564453125
2643.2822265625
2635.974609375
2625.871337890625
2619.06494140625
2597.4609375
2595.67041015625
2588.788330078125
2596.37890625
2593.760009765625
2550.415283203125
2550.03759765625
2586.1064453125
2568.75
2569.453125
2574.360107421875
2588.610595703125
2596.443359375
2604.152587890625
2606.595947265625
2599.673828125
2598.153076171875
2592.98388671875
2593.753173828125
2597.39208984375
2615.215576171875
2584.070556640625
2592.42236328125
2604.918212890625
2663.01025390625
2679.159912109375
2639.94677734375
2642.834716796875
2641.61083984375
2683.995361328125
2685.779296875
2690.15087890625
2709.61474609375
2719.786865234375
2727.835205078125
2732.254150390625
2740.0
2747.100830078125
2751.494384765625
2755.184326171875
2756.22998046875
2762.944091796875
2767.86865234375
2769.441650390625
2770.519287109375
2771.873779296875
2773.27001953125
2776.827880859375
2779.24365234375
2780.157470703125
2782.01806640625
2786.123046875
2794.563720703125
2798.28125
2804.232177734375
2807.87744140625
2809.749267578125
2815.357177734375
2823.1796875
2833.874267578125
2840.12744140625
2841.796630859375
2839.71728515625
2838.908447265625
2842.107421875
2850.476318359375
2849.528076171875
2846.5380859375
2845.851318359375
2846.927490234375
2844.7978515625
2840.3193359375
2836.472412109375
2835.371826171875
2841.61572265625
2848.048095703125
2850.103515625
2851.2373046875
2849.943359375
2852.458984375
2854.945068359375
2857.9765625
2858.114990234375
2862.94873046875
2809.676025390625
2746.3203125
2546.13720703125
2148.83447265625
2140.78759765625
2391.385009765625
2775.6015625
2841.514404296875
2781.527587890625
2780.625244140625
2846.081298828125
2788.55029296875
2218.284423828125
1826.8941650390625
2203.4150390625
2715.261962890625
2849.563720703125
2735.3740234375
2743.216796875
2624.1962890625
2558.884765625
2556.123779296875
2801.146240234375
2807.90966796875
2814.340087890625
2819.42822265625
2887.094482421875
2896.14599609375
2899.581787109375
2902.65869140625
2902.22802734375
2902.2080078125
2905.232421875
2908.452392578125
2912.516845703125
2918.10595703125
2927.14208984375
2931.09814453125
2925.459716796875
2912.330078125
2898.7841796875
2889.100341796875
2880.5322265625
2876.095703125
2873.044921875
2876.886962890625
2882.561279296875
2883.341796875
2882.5966796875
2878.150634765625
2879.463134765625
2882.196044921875
2884.929443359375
2879.2724609375
2876.633544921875
2879.796142578125
2884.718994140625
2890.309326171875
2899.126953125
2906.445068359375
2909.07568359375
2903.046875
2901.76318359375
2900.802490234375
2839.44091796875
2839.110595703125
2898.814453125
2900.196533203125
2903.06005859375
2906.5029296875
2910.956787109375
2911.31103515625
2907.438720703125
2906.063232421875
2909.21435546875
2911.73583984375
2913.457275390625
2909.705322265625
2908.19189453125
2908.0703125
2907.3369140625
2908.030029296875
2910.864990234375
2916.15087890625
2799.787841796875
2735.824951171875
2666.10009765625
2727.362548828125
2855.010009765625
2863.5087890625
2862.303466796875
2800.6708984375
2862.904296875
2866.819091796875
2930.513427734375
2869.21240234375
2866.358642578125
2925.859130859375
2927.27978515625
2870.750732421875
2870.514892578125
2935.044921875
2937.81884765625
2940.008056640625
2941.563720703125
2942.6806640625
2944.475830078125
2944.386962890625
2945.749267578125
2944.307861328125
2942.36865234375
2936.417724609375
2935.173095703125
2938.038818359375
2939.976318359375
2938.414306640625
2935.660888671875
2934.718505859375
2933.735107421875
2935.22119140625
2939.539306640625
2938.13525390625
2939.504638671875
2940.767822265625
2943.15478515625
2942.59033203125
2941.262451171875
2937.301513671875
2935.029296875
2937.150634765625
2940.4775390625
2942.384765625
2944.99658203125
2942.200927734375
2937.68505859375
2937.092529296875
2939.9345703125
2942.497802734375
2947.308349609375
2949.8525390625
2951.2890625
2951.19091796875
2947.9208984375
2944.946044921875
2944.3134765625
2944.173095703125
2945.157470703125
2947.112548828125
2885.241943359375
2884.503662109375
2882.4970703125
2943.4296875
2940.408203125
2940.478515625
2939.27099609375
2939.100830078125
2940.060546875
2939.773193359375
2940.000732421875
2939.395263671875
2819.032470703125
2758.50146484375
2818.760009765625
2817.672119140625
2882.51220703125
2885.3955078125
2952.718017578125
2953.094970703125
2951.976806640625
2952.199462890625
2890.7880859375
2888.700927734375
2887.49658203125
2948.99072265625
2947.052734375
2946.855224609375
2949.35400390625
2953.2490234375
2951.3408203125
2949.982177734375
2945.699951171875
2948.241455078125
2952.0556640625
2956.283203125
2956.058837890625
2953.725341796875
2948.611572265625
2945.86962890625
2948.671630859375
2955.0732421875
2958.412109375
2958.895263671875
2958.953857421875
2960.51806640625
2961.344970703125
2962.949462890625
2961.2900390625
2959.310546875
2959.2490234375
2961.2890625
2962.59130859375
2899.7880859375
2899.0830078125
2961.955322265625
2900.9990234375
2901.2607421875
2902.82373046875
2964.263427734375
2966.19384765625
2967.024169921875
2967.72314453125
2968.191650390625
2967.2568359375
2965.5126953125
2964.68505859375
2966.093017578125
2967.7734375
2968.171875
2965.766845703125
2966.670654296875
2968.0673828125
2970.203857421875
2972.226806640625
2971.705078125
2972.364990234375
2973.96435546875
2975.766845703125
2976.423828125
2976.23681640625
2978.6826171875
2917.29443359375
2916.2099609375
2975.480224609375
2975.26708984375
2976.910400390625
2978.440673828125
2978.208740234375
2977.437744140625
2976.794921875
2975.108642578125
2973.7197265625
2972.7490234375
2970.292236328125
2970.361572265625
2970.988037109375
2971.206298828125
2970.79443359375
2971.0673828125
2972.428466796875
2972.309326171875
2972.851318359375
2974.149658203125
2973.43408203125
2974.31005859375
2973.938232421875
2973.478515625
2973.56494140625
2973.37744140625
2972.552734375
2970.97216796875
2969.48583984375
2968.548095703125
2970.151611328125
2972.9765625
2975.767822265625
2978.559326171875
2979.348388671875
2979.847900390625
2979.861328125
2979.126953125
2976.27880859375
2975.130859375
2972.335693359375
2969.8603515625
2968.908203125
2969.1796875
2969.007568359375
2966.8193359375
2964.867431640625
2964.97314453125
2967.1923828125
2967.953125
2967.557861328125
2967.091796875
2965.980224609375
2967.263671875
2968.90625
2909.6142578125
2905.957275390625
2902.259033203125
2962.51123046875
2961.9365234375
2960.277587890625
2959.4501953125
2958.409423828125
2958.5
2957.9501953125
2959.353515625
2959.81591796875
2960.87158203125
2961.10791015625
2961.9169921875
2962.5205078125
2962.9150390625
2964.446044921875
2967.216796875
2967.739013671875
2968.562255859375
2968.649658203125
2967.705322265625
2965.259765625
2963.957763671875
2964.0791015625
2963.3779296875
2964.111328125
2967.235107421875
2968.43408203125
2969.65869140625
2971.7490234375
2972.774658203125
2975.431640625
2974.89306640625
2975.74365234375
2977.371337890625
2978.54443359375
2979.52099609375
2980.318115234375
2980.298095703125
2980.793212890625
2982.486328125
2981.269287109375
2977.3115234375
2970.34716796875
2968.382568359375
2966.548828125
2964.5166015625
2903.495849609375
2906.689697265625
2969.802734375
2969.822265625
2971.666259765625
2912.221923828125
2909.98876953125
2906.940673828125
2965.7080078125
2966.30029296875
2967.064453125
2966.88623046875
2967.286865234375
2952.610107421875
2951.648681640625
2948.353759765625
2963.265625
2904.912109375
2904.04345703125
2844.107177734375
2902.751220703125
2962.491943359375
2962.531005859375
2962.107421875
2964.065673828125
2965.5869140625
2966.32958984375
2966.85302734375
2966.256591796875
2966.166015625
2964.294921875
2965.89501953125
2966.110595703125
2962.981201171875
2961.6650390625
2968.34619140625
2972.1015625
2969.496337890625
2967.255859375
2968.1220703125
2969.7939453125
2970.88134765625
2972.863037109375
2972.453857421875
2971.939697265625
2973.4111328125
2973.870361328125
2974.00634765625
2850.579345703125
2851.507080078125
2850.9482421875
2973.552490234375
2974.867431640625
2975.772216796875
2975.5400390625
2973.13916015625
2975.000732421875
2856.9208984375
2856.0771484375
2915.4365234375
2914.725830078125
2913.22802734375
2911.7802734375
2973.753662109375
2975.641845703125
2913.426513671875
2909.67041015625
2970.5029296875
2972.114013671875
2909.9501953125
2909.771240234375
2910.103515625
2971.387451171875
2972.57958984375
2972.634033203125
2974.17431640625
2916.106201171875
2917.3447265625
2914.765869140625
2973.819091796875
2916.514892578125
2916.45068359375
2917.59130859375
2979.505615234375
2982.9208984375
2983.46337890625
2981.89697265625
2981.031982421875
2980.1943359375
2980.05126953125
2978.6748046875
2978.782470703125
2979.917724609375
2941.51708984375
2941.659912109375
2981.444091796875
2980.150390625
2979.078125
2976.32568359375
2973.081298828125
2972.542236328125
2973.025390625
2976.0224609375
2976.679443359375
2979.294921875
2979.588134765625
2979.85498046875
2980.495849609375
2981.728759765625
2983.0849609375
2983.262451171875
2985.491455078125
2985.355712890625
2986.4296875
2938.283203125
2937.965087890625
2937.90869140625
2983.885986328125
2982.856201171875
2981.946533203125
2980.069091796875
2979.546630859375
2980.648193359375
2980.114013671875
2978.6591796875
2977.047607421875
2977.171875
2978.6923828125
2980.221923828125
2979.9453125
2982.210693359375
2984.78271484375
2982.898193359375
2982.14306640625
2982.207275390625
2983.048095703125
2982.498046875
2981.9140625
2982.114013671875
2983.74658203125
2985.797607421875
2987.024169921875
2985.1142578125
2983.991943359375
2985.4990234375
2988.469482421875
2989.84130859375
2988.423095703125
2987.360595703125
2987.5283203125
2986.675048828125
2985.017822265625
2983.845703125
2923.3251953125
2860.9638671875
2801.504638671875
2863.068359375
2923.36865234375
2921.996826171875
2980.93408203125
2922.5888671875
2922.214599609375
2920.31005859375
2920.467529296875
2981.05126953125
2980.83154296875
2981.077392578125
2983.763427734375
2986.679443359375
2898.409423828125
2900.50927734375
2927.43505859375
2988.246826171875
2986.162841796875
2985.68994140625
2986.34619140625
2986.078369140625
2988.109619140625
2989.921875
2991.31689453125
2991.30810546875
2989.5498046875
2986.256591796875
2985.38818359375
2984.90625
2925.697265625
2922.93603515625
2980.904296875
2920.13623046875
2920.145263671875
2920.568115234375
2922.164306640625
2860.571044921875
2920.0810546875
2876.36181640625
2907.090576171875
2915.875732421875
2856.231201171875
2853.9658203125
2909.158447265625
2968.665283203125
2911.625
2911.119384765625
2970.4365234375
2912.7470703125
2914.347412109375
2916.281494140625
2975.02001953125
2975.6103515625
2976.087890625
2976.64208984375
2977.108154296875
2975.521240234375
2976.1806640625
2979.7978515625
2981.254150390625
2982.620849609375
2982.3857421875
2983.742431640625
2984.29052734375
2984.524658203125
2984.74560546875
2986.861328125
2986.97412109375
2988.43505859375
2991.1552734375
2994.108642578125
2994.0087890625
2994.534423828125
2996.305908203125
2996.27880859375
2994.7734375
2993.37060546875
2991.626953125
2990.852294921875
2990.72021484375
2991.2451171875
2993.358642578125
2993.923828125
2993.3095703125
2993.12158203125
2993.419921875
2992.210693359375
2990.640380859375
2992.34228515625
2992.3974609375
2992.436279296875
2993.5576171875
2993.232421875
2991.24462890625
2989.947265625
2988.504638671875
2987.3994140625
2985.724609375
2985.7275390625
2985.726318359375
2984.476806640625
2984.389404296875
2984.47021484375
2985.060302734375
2987.44384765625
2990.484619140625
2989.947509765625
2988.73681640625
2988.5146484375
2989.023193359375
2989.892578125
2988.01123046875
2987.374755859375
2986.364990234375
2986.51025390625
2988.031494140625
2988.884033203125
2990.441650390625
2991.077392578125
2992.2333984375
2990.550537109375
2989.718505859375
2990.471923828125
2991.8134765625
2992.481201171875
2992.228759765625
2990.44287109375
2990.498046875
2990.715087890625
2992.128662109375
2990.93896484375
2990.2587890625
2990.4267578125
2990.216796875
2989.789306640625
2989.767578125
2991.7333984375
2992.089111328125
2992.205322265625
2991.8525390625
2992.754638671875
2994.266845703125
2994.103515625
2994.919677734375
2994.713134765625
2994.010009765625
2994.218505859375
2995.425048828125
2997.3984375
2998.675537109375
2997.439453125
2997.0439453125
2998.551513671875
2999.04248046875
2998.4248046875
2999.5439453125
3000.438720703125
3000.57275390625
3000.248046875
2999.26806640625
2998.667724609375
3000.367431640625
3001.578125
3002.568359375
3000.689453125
2998.66748046875
2998.093994140625
2998.96240234375
2998.613037109375
2996.118408203125
2994.84521484375
2996.1201171875
2996.7470703125
2996.605712890625
2995.909423828125
2995.050048828125
2993.702880859375
2994.41552734375
2995.702880859375
2994.11376953125
2993.913818359375
2993.608154296875
2995.208740234375
2994.788818359375
2994.2861328125
2995.10791015625
2995.22412109375
2993.93994140625
2991.769287109375
2992.04541015625
2990.34228515625
2991.5751953125
2994.068359375
2995.533447265625
2995.212890625
2991.76220703125
2990.08056640625
2991.12744140625
2989.630615234375
2988.9755859375
2989.344970703125
2988.5107421875
2989.013427734375
2989.249755859375
2989.362548828125
2989.586669921875
2989.544677734375
2989.15185546875
2988.7275390625
2990.683349609375
2991.813232421875
2992.928955078125
2993.34912109375
2992.9111328125
2993.043212890625
2993.3759765625
2992.585693359375
2992.816162109375
2993.035400390625
2993.470703125
2996.911865234375
2997.20751953125
2998.799072265625
2999.037841796875
3001.035400390625
3000.657470703125
3002.15869140625
3002.518798828125
3003.477294921875
3005.305419921875
3005.838134765625
3006.29052734375
3003.051513671875
3001.3603515625
3000.8359375
3001.52001953125
3000.2138671875
3001.197509765625
2999.0947265625
2998.482421875
2999.4033203125
2998.75537109375
2998.661865234375
2999.2880859375
2998.947265625
2996.521240234375
2994.7138671875
2994.664794921875
2992.2119140625
2993.291259765625
2992.449462890625
2991.62060546875
2992.8603515625
2993.712890625
2992.20166015625
2992.08935546875
2993.313232421875
2994.28662109375
2993.14697265625
2991.8583984375
2991.824951171875
2992.35693359375
2993.412841796875
2995.201171875
2995.752197265625
2997.364990234375
2998.82373046875
2997.1806640625
2996.92431640625
2998.3828125
2997.24658203125
2995.344970703125
2995.102294921875
2995.25537109375
2994.158447265625
2994.16650390625
2993.531982421875
2992.8291015625
2978.9306640625
2978.008056640625
2979.943115234375
2996.58349609375
2997.9794921875
2997.8994140625
2998.384033203125
2996.856201171875
2996.950927734375
2997.4169921875
2998.8466796875
2999.355224609375
2999.374267578125
2999.013671875
2999.421630859375
3001.047607421875
3001.66552734375
3003.77490234375
2999.078125
2492.7080078125
2058.062744140625
1981.206298828125
2107.39697265625
2141.182861328125
2192.57275390625
2338.602294921875
2402.4111328125
2292.399169921875
2053.707763671875
2351.761962890625
2314.9375
2399.7626953125
2554.700927734375
2781.98291015625
2753.45849609375
2836.993408203125
2919.67431640625
2956.983642578125
2809.878662109375
2752.56884765625
2707.994384765625
2839.5302734375
2897.054931640625
2943.601318359375
2973.092529296875
2974.171630859375
2950.21240234375
2950.759765625
2952.20458984375
2976.368408203125
2976.3271484375
2976.9287109375
2977.322265625
2978.734130859375
2979.983154296875
2979.6171875
2917.873046875
2915.68310546875
2977.366943359375
2976.23291015625
2977.457275390625
2978.108642578125
2980.109619140625
2980.6328125
2980.590576171875
2979.432861328125
2979.93603515625
2979.882568359375
2979.112548828125
2979.084716796875
2978.667236328125
2980.828369140625
2983.038818359375
2944.750244140625
2945.30615234375
2943.896240234375
2981.7509765625
2981.621337890625
2923.515380859375
2922.422119140625
2980.431884765625
2980.362548828125
2980.429931640625
2981.396240234375
2981.5244140625
2981.80615234375
2983.465087890625
2984.466796875
2984.198486328125
2984.23681640625
2985.38037109375
2985.5322265625
2985.732421875
2985.76220703125
2988.0390625
2988.7431640625
2988.425537109375
2988.732421875
2988.405517578125
2991.25927734375
2990.976318359375
2991.69873046875
2991.145263671875
2992.09814453125
2991.376953125
2990.332763671875
2989.5732421875
2984.158447265625
2931.10693359375
2924.28662109375
2900.83740234375
2935.2236328125
2890.249755859375
2896.636962890625
2897.357421875
2959.009033203125
2974.513671875
2990.850341796875
2997.642822265625
2997.535400390625
2996.898681640625
2998.2275390625
2999.878173828125
2998.6953125
2999.487548828125
2997.301025390625
2996.709716796875
2995.68115234375
2995.523681640625
2990.741455078125
2985.8994140625
2980.789306640625
2974.73876953125
2964.702880859375
2955.384033203125
2944.58251953125
2934.09716796875
2925.47021484375
2915.589111328125
2904.253662109375
2897.977783203125
2888.6337890625
2883.73779296875
2883.488037109375
2886.8447265625
2892.142822265625
2898.4619140625
2905.53564453125
2909.902587890625
2912.7890625
2918.820068359375
2924.640625
2929.219970703125
2932.90869140625
2938.062255859375
2941.342529296875
2943.444091796875
2944.793701171875
2945.77099609375
2948.4072265625
2950.79833984375
2953.6513671875
2955.015380859375
2956.629638671875
2958.465087890625
2960.968017578125
2961.127197265625
2961.563720703125
2962.351806640625
2963.1650390625
2962.3818359375
2961.24072265625
2961.552490234375
2962.92431640625
2964.195068359375
2964.66552734375
2965.420654296875
2965.212158203125
2965.223388671875
2965.618408203125
2966.382080078125
2967.153076171875
2968.675537109375
2968.67822265625
2966.87353515625
2966.41162109375
2966.778076171875
2967.416259765625
2968.5595703125
2970.82470703125
2972.83935546875
2973.85498046875
2975.544921875
2976.76416015625
2979.16845703125
2979.5283203125
2979.035888671875
2978.755615234375
2980.36865234375
2980.8212890625
2979.7294921875
2977.49365234375
2977.227294921875
2977.582763671875
2978.928955078125
2978.19189453125
2978.671142578125
2979.999267578125
2980.49560546875
2979.462158203125
2978.3271484375
2978.19677734375
2978.283447265625
2979.28466796875
2980.6025390625
2982.068115234375
2982.52490234375
2983.757080078125
2984.205078125
2983.441162109375
2983.80712890625
2984.331298828125
2983.639892578125
2984.732177734375
2987.80029296875
2989.303466796875
2989.7822265625
2990.7177734375
2989.4970703125
2987.45166015625
2987.369140625
2987.23779296875
2987.464599609375
2988.65185546875
2989.67724609375
2989.5078125
2989.859375
2990.15771484375
2989.719970703125
2988.211181640625
2989.510009765625
2989.8056640625
2991.4814453125
2992.767578125
2993.058349609375
2992.8798828125
2994.218994140625
2993.167236328125
2990.8193359375
2989.565673828125
2992.281494140625
2993.3701171875
2993.873046875
2995.158447265625
2994.30322265625
2993.052734375
2992.3935546875
2992.007080078125
2991.956298828125
2992.974609375
2992.812255859375
2994.263671875
2994.965576171875
2994.477294921875
2994.643798828125
2994.134033203125
2993.602783203125
2933.02099609375
2933.8125
2991.154052734375
2990.304443359375
2990.643798828125
2991.384033203125
2991.331298828125
2992.5244140625
2993.2197265625
2992.42626953125
2994.367431640625
2996.94677734375
2998.4267578125
3001.336669921875
3002.128173828125
3002.507080078125
3002.4130859375
3002.53125
3000.594970703125
3000.93994140625
3000.850830078125
2998.99072265625
2998.517578125
2998.491943359375
2997.412841796875
2995.448486328125
2996.6005859375
2995.444091796875
2995.131591796875
2994.97412109375
2994.201171875
2993.946533203125
2994.222412109375
2995.938232421875
2996.0849609375
2995.73193359375
2995.583984375
2996.649658203125
2997.701904296875
2998.071533203125
2997.123046875
2997.344970703125
2998.771240234375
2998.681640625
2999.2294921875
2998.8720703125
2998.016357421875
2998.788330078125
2999.1689453125
2999.441650390625
2998.19775390625
2998.07470703125
2998.363037109375
2999.62158203125
3000.242431640625
2999.786865234375
3000.14306640625
3001.347900390625
3001.7919921875
3002.431884765625
3002.53125
3002.43603515625
3002.511962890625
3002.725341796875
3002.715576171875
3003.091552734375
3002.035888671875
3002.58251953125
3002.81787109375
3002.358642578125
3002.44677734375
3002.000732421875
3001.181884765625
3002.296875
3002.46533203125
3001.852783203125
3002.02880859375
3003.625
3003.731201171875
3002.8388671875
3002.9814453125
3003.4619140625
3003.995361328125
3004.364013671875
3003.655517578125
3004.780029296875
3004.191650390625
3006.1357421875
3006.109130859375
3005.6142578125
3004.24072265625
3006.207763671875
3007.3330078125
3007.3271484375
3008.7626953125
3009.4658203125
3010.254150390625
3010.366943359375
3010.632080078125
3011.769775390625
3011.652099609375
3012.159423828125
3011.82275390625
3012.602294921875
3012.050537109375
3013.45849609375
3014.271484375
3014.863037109375
3014.685302734375
3014.030517578125
3015.0849609375
3015.614013671875
3016.91845703125
3016.23291015625
3016.6953125
3017.95947265625
3018.280517578125
3017.970947265625
3017.513427734375
3018.205078125
3017.232421875
3016.45458984375
3016.391845703125
3015.570556640625
3015.779296875
3014.2138671875
3012.2490234375
3010.751953125
3012.05224609375
3011.874755859375
3013.356201171875
3012.859619140625
3011.4765625
3011.06396484375
3010.718994140625
3011.94287109375
3011.7998046875
3011.2626953125
3010.338134765625
3009.8173828125
3010.252197265625
3010.32177734375
3011.281494140625
3010.44091796875
3009.521240234375
3010.1162109375
3011.23193359375
3010.3857421875
3010.33935546875
3010.519775390625
3010.376220703125
3010.255859375
3010.015869140625
3010.553466796875
3010.86376953125
3011.64599609375
3013.1015625
3013.5224609375
3013.27197265625
3013.3330078125
3013.4443359375
3013.93310546875
3013.335205078125
3012.851806640625
3012.796875
3013.850830078125
3013.605712890625
3014.02978515625
3014.934326171875
3016.451171875
3017.171875
3016.9912109375
3017.242431640625
3018.034423828125
3018.582763671875
3018.15185546875
3017.53369140625
3018.8955078125
3018.31494140625
3017.50244140625
3018.7177734375
3019.413330078125
3020.00439453125
3020.3291015625
3020.2861328125
3021.081787109375
3021.20751953125
3021.734619140625
3021.12158203125
3021.531005859375
3022.597900390625
3024.067138671875
3023.114990234375
3022.466796875
3021.500732421875
3023.615234375
3022.8818359375
3022.32177734375
3022.492919921875
3022.246337890625
3022.273193359375
3023.100830078125
3023.732421875
3024.505859375
3023.370361328125
3023.251220703125
