17.68
36.52
34.56
29.6
28.8
36.44
38.1
38.57
36.33
20.6
24.82
27.88
33.0
30.28
30.36
29.9
30.93
30.98
23.2
23.42
16.4
20.14
16.92
15.48
17.76
15.75
15.76
17.05
19.57
23.73
23.22
20.4
21.75
16.46
21.99
22.83
17.67
24.89
28.63
26.91
25.63
20.2
17.21
22.53
42.99
42.61
41.0
42.05
23.0
19.24
15.37
12.58
16.59
18.35
18.05
13.24
15.32
31.75
35.79
47.05
54.35
55.19
52.48
51.74
41.83
26.91
29.47
19.37
16.35
16.31
17.84
26.11
32.69
35.43
33.9
31.11
31.16
25.69
27.72
20.71
13.36
12.66
22.26
29.17
37.39
42.25
26.37
23.74
25.51
29.95
30.89
26.91
24.28
22.91
22.61
23.63
23.53
15.91
20.23
25.02
22.36
28.64
26.45
22.86
21.75
17.95
21.5
23.83
22.02
17.58
14.23
11.05
13.52
23.0
26.23
29.92
31.86
26.64
24.17
18.66
13.16
21.93
19.77
26.79
31.23
23.42
21.07
17.23
18.94
23.48
25.48
29.6
24.41
23.12
21.17
14.38
15.0
15.5
19.44
26.07
35.18
29.08
31.95
26.62
15.93
24.7
21.23
20.02
30.27
24.11
27.31
31.4
22.94
23.56
19.41
20.96
19.0
13.2
12.68
12.7
16.0
17.78
20.23
22.79
25.77
25.23
24.19
29.41
25.35
32.65
33.06
24.37
22.83
15.45
22.15
28.5
28.98
31.42
31.92
33.8
38.41
35.91
26.79
21.8
19.72
24.37
22.37
18.73
22.41
24.3
28.22
32.77
29.67
25.67
21.96
16.09
24.79
25.76
30.39
31.99
23.38
24.79
24.97
24.27
22.96
20.65
20.53
18.15
15.58
11.61
9.76
20.3
28.73
42.45
44.5
39.76
34.5
30.4
27.6
25.7
24.67
22.25
24.17
23.74
24.29
18.69
17.85
15.04
14.53
19.65
34.39
34.95
33.72
30.63
18.14
21.67
29.34
34.51
37.3
36.8
32.48
32.16
25.78
22.3
30.11
28.01
34.77
41.59
39.29
39.79
34.38
29.52
20.58
17.13
17.82
17.53
19.36
23.05
21.59
18.72
19.73
15.28
18.84
17.36
12.09
11.32
16.97
20.3
24.27
35.05
25.26
24.38
28.75
23.73
23.75
23.5
19.4
15.26
18.56
25.4
24.38
24.03
21.6
20.89
21.57
21.03
22.26
16.66
18.6
20.36
16.06
16.38
16.85
22.84
31.99
37.27
36.23
29.49
24.94
23.19
19.12
16.86
19.55
17.9
20.27
20.34
22.57
21.18
21.66
26.18
18.17
15.31
14.46
15.1
22.17
23.83
26.75
27.07
18.91
23.19
20.04
15.41
19.12
15.7
21.05
21.1
17.42
19.43
19.56
26.3
31.19
26.5
18.06
17.8
17.45
18.42
27.96
20.99
17.01
16.22
18.53
28.04
33.69
37.6
30.1
26.29
27.63
29.62
33.09
31.14
24.29
19.76
18.41
17.14
17.6
18.16
16.96
19.52
26.88
28.35
30.93
28.92
24.34
21.71
21.26
20.99
25.2
26.62
19.11
18.71
17.66
21.97
25.32
26.78
27.03
23.82
33.67
31.53
29.14
27.86
16.38
15.1
16.39
15.75
20.58
21.93
20.34
23.57
21.01
26.89
22.42
18.04
19.0
19.7
28.92
32.7
32.25
34.64
29.46
27.98
24.67
16.31
18.93
29.49
31.15
34.03
29.58
19.11
19.99
17.22
17.96
20.52
18.57
23.47
23.63
21.27
24.32
21.37
18.16
14.04
15.74
14.4
13.43
17.28
23.59
29.96
39.52
40.55
33.82
26.23
32.45
33.43
33.22
35.33
26.47
23.4
22.31
21.17
15.9
16.48
19.39
20.49
24.02
27.06
29.97
29.95
27.83
30.36
27.3
23.26
22.55
20.2
20.08
26.6
31.08
26.97
22.15
19.53
15.84
22.04
21.18
17.25
19.24
11.69
19.7
23.22
26.11
32.12
23.98
22.57
20.86
19.55
20.3
21.3
19.26
16.4
16.66
23.98
24.79
27.57
27.44
20.36
18.72
14.18
16.71
19.49
20.94
21.24
26.38
27.36
31.38
34.9
36.38
32.83
28.78
31.46
25.04
21.59
20.63
15.6
13.24
17.18
15.25
16.58
18.08
21.76
24.19
22.95
19.67
16.0
14.52
16.16
18.52
14.15
18.91
21.87
21.05
26.06
22.94
16.9
19.82
14.89
13.4
16.22
18.44
18.82
21.36
19.82
17.77
17.51
14.72
20.48
17.6
18.84
27.25
23.11
22.82
22.52
13.92
16.57
20.5
31.43
34.71
37.12
39.57
31.97
26.93
33.54
28.55
30.36
35.65
24.36
21.86
17.5
14.58
16.0
20.19
23.73
22.27
17.32
16.94
18.89
21.94
23.73
21.71
15.82
19.67
19.89
24.42
29.05
25.87
24.91
22.53
18.85
16.19
16.21
14.37
15.42
14.96
26.37
29.72
30.21
34.0
25.18
27.32
25.91
23.03
23.4
14.75
18.05
19.0
21.22
25.5
20.6
19.68
14.94
14.43
19.14
20.75
23.24
