1.16
13.92
12.413333333333334
21.9
30.97
28.28
28.1
17.04
15.2
21.94
32.57
46.64
45.64
36.93
28.25
18.22
15.36
14.23
18.61
16.99
18.76
21.93
15.8
16.51
26.29
36.53
42.49
48.32
37.73
27.95
21.57
18.27
17.8
19.45
28.49
24.35
30.26
30.06
21.69
19.68
14.39
17.68
21.56
30.89
32.34
33.27
34.32
38.19
33.42
30.59
30.36
16.98
15.6
15.7
10.35
17.32
17.63
10.51
9.78
11.13
20.13
25.26
31.23
25.89
22.62
35.34
33.84
31.76
30.62
24.12
28.24
36.93
44.87
39.15
34.02
32.39
29.15
25.78
25.82
25.14
24.02
22.13
25.71
23.86
17.77
26.25
21.15
16.5
16.61
9.09
15.15
16.06
20.1
22.02
16.75
15.69
14.51
15.85
21.81
26.82
27.55
25.3
17.93
15.75
23.33
24.66
26.11
36.8
31.81
31.37
29.49
23.69
25.42
32.89
40.2
34.55
27.62
21.18
26.27
30.79
31.27
29.85
47.01
49.23
55.18
60.71
31.29
23.61
15.11
14.66
17.98
22.13
24.42
21.48
17.59
23.4
27.94
27.06
32.05
24.78
18.93
20.18
14.21
13.0
16.21
16.49
16.94
16.99
16.23
12.25
17.21
17.93
20.31
26.35
32.67
40.23
47.47
43.98
35.33
32.74
25.02
22.11
22.97
22.18
18.49
19.2
22.91
22.85
24.99
35.0
33.25
32.43
35.08
26.66
20.06
16.52
15.35
19.81
23.93
30.23
27.12
20.1
30.98
28.18
37.73
42.15
30.73
33.46
24.14
20.54
20.39
21.62
29.41
35.48
38.82
34.65
28.66
22.92
21.1
16.42
18.14
21.7
21.29
19.99
23.95
24.95
28.07
29.52
19.97
16.02
17.64
27.21
34.53
38.6
40.39
36.73
42.15
44.85
37.25
33.65
24.9
16.16
21.94
25.91
31.06
37.35
36.8
28.61
28.63
28.59
23.23
27.68
20.26
16.56
19.76
18.53
25.91
32.15
33.71
31.53
24.73
16.28
15.29
19.38
16.27
19.72
20.85
21.99
26.47
26.51
23.96
19.97
16.05
18.56
25.25
35.31
38.7
34.1
24.93
19.16
20.23
19.46
24.35
18.8
15.15
21.56
19.26
17.33
22.65
17.45
17.79
21.44
18.32
16.72
23.14
30.39
31.95
33.39
27.98
18.13
27.16
29.91
24.93
35.43
31.5
26.68
24.87
15.8
10.54
11.9
14.1
18.91
16.69
20.02
23.85
16.96
22.78
22.75
22.32
25.37
19.6
16.16
16.27
24.09
24.09
24.21
27.33
20.94
24.33
29.11
20.78
16.94
21.83
18.42
20.57
24.16
19.42
23.01
24.12
21.86
25.26
20.38
26.42
32.39
28.66
38.42
35.42
31.88
27.24
15.51
16.91
20.65
27.9
28.94
28.89
27.16
18.93
23.64
19.0
21.28
23.36
19.75
19.28
15.15
13.71
13.99
13.76
20.33
25.73
30.1
30.05
26.05
22.17
21.1
21.11
22.19
21.87
18.25
21.33
15.66
14.53
15.01
14.93
21.87
22.6
21.93
23.87
22.9
27.85
35.1
31.81
23.92
22.04
19.04
21.29
28.73
27.62
25.42
28.91
21.51
20.94
22.2
25.49
28.73
32.23
31.48
21.18
22.03
18.9
16.09
17.97
16.75
23.56
25.79
23.86
31.35
22.95
26.19
25.4
16.33
19.22
15.82
18.79
23.7
19.92
20.76
30.41
31.16
35.6
35.83
23.65
22.4
23.86
22.6
24.57
21.82
22.3
22.69
20.81
17.06
13.95
17.55
19.15
22.83
21.34
21.54
18.81
22.74
24.56
18.31
18.29
16.09
19.35
19.8
26.14
24.24
18.01
20.42
13.71
17.06
23.71
26.67
37.02
33.04
26.62
25.26
17.73
24.32
26.77
24.13
27.19
20.51
19.15
17.14
16.7
18.52
18.39
20.57
18.66
17.92
20.51
19.11
17.44
21.92
20.68
23.26
27.43
28.2
27.58
26.09
20.76
17.89
16.96
15.22
18.54
12.84
15.72
25.67
30.95
37.14
37.83
30.37
26.74
26.37
31.22
32.61
33.41
33.76
26.1
21.12
19.96
20.61
23.67
30.45
30.72
27.63
27.97
23.89
18.55
21.96
20.39
27.57
29.73
25.37
27.46
18.86
18.87
18.68
15.78
17.4
14.68
17.3
23.56
23.98
30.14
33.63
26.24
23.07
23.83
17.38
18.56
24.51
18.4
18.77
21.09
22.42
28.97
34.26
37.66
36.98
32.14
27.8
19.7
15.56
17.36
21.04
26.2
28.57
24.54
20.61
21.36
22.68
29.38
32.65
31.48
29.89
24.61
19.87
18.62
20.06
21.69
22.41
16.75
15.56
15.37
23.9
33.43
36.5
34.94
28.92
29.47
25.31
27.04
23.83
19.12
20.06
17.99
17.34
17.41
14.35
19.36
22.15
24.68
30.11
25.72
21.4
15.78
14.74
14.0
15.41
19.3
22.7
26.46
26.09
28.07
28.88
25.08
25.86
25.15
16.05
15.1
16.35
16.05
23.04
30.71
32.22
30.95
27.57
19.92
21.21
