31.4
26.8
23.826666666666668
25.48
19.94
19.15
19.05
19.74
20.51
25.84
30.85
25.76
30.78
27.21
19.34
16.68
8.58
6.17
6.54
11.25
27.31
28.62
33.7
32.24
21.96
19.31
21.39
20.45
17.82
17.86
18.22
26.92
33.48
39.3
33.78
29.0
33.22
25.65
23.28
23.53
17.21
27.69
32.31
27.1
19.6
18.57
18.06
19.53
24.94
14.91
11.73
17.02
15.48
24.19
26.34
21.91
28.7
24.91
23.28
20.85
16.2
15.32
15.8
15.53
11.13
14.74
24.86
29.85
34.61
36.9
25.51
20.45
24.0
25.67
30.54
34.96
30.33
22.76
20.16
17.67
15.36
15.62
20.7
24.31
30.43
35.47
31.98
31.53
25.66
17.31
18.69
15.57
15.69
23.91
19.69
22.51
21.44
13.15
12.65
17.25
25.09
33.53
39.9
33.97
27.74
24.77
20.56
22.08
21.75
19.24
15.85
11.74
13.78
12.83
18.15
17.37
15.52
19.33
17.82
25.2
25.24
27.6
24.31
18.16
19.37
15.9
20.08
21.49
21.91
17.49
20.7
18.42
17.44
23.42
18.37
22.22
19.1
16.74
16.7
21.04
32.05
30.7
32.54
24.24
14.73
21.75
19.71
18.98
26.6
22.41
22.48
24.95
19.77
14.03
14.26
22.14
23.47
28.6
30.93
23.73
21.23
19.99
18.09
17.38
17.32
18.0
17.24
17.88
17.96
13.87
13.45
16.05
18.94
23.79
28.46
27.92
26.32
23.55
20.41
15.48
13.63
16.76
23.64
24.9
29.81
25.66
15.04
18.78
20.05
21.15
26.38
20.89
13.9
20.79
23.11
27.37
28.96
25.55
21.28
17.33
22.43
17.42
15.82
20.93
18.69
21.02
21.49
24.28
24.59
23.42
22.49
19.48
15.93
14.58
16.43
19.73
19.7
22.64
22.92
23.5
23.26
23.13
27.92
21.27
21.13
24.81
23.14
28.59
32.37
28.57
21.78
27.0
23.83
22.44
27.73
22.59
19.66
18.22
14.99
12.13
13.59
14.39
18.83
17.41
18.81
18.78
17.13
16.48
20.68
20.12
16.76
17.6
23.25
25.68
29.66
31.24
21.53
23.39
20.34
27.11
25.9
24.7
25.12
15.66
23.0
22.14
22.34
19.88
14.53
16.56
16.68
28.3
30.27
28.1
31.2
22.83
18.58
21.56
17.9
20.19
25.0
21.57
18.91
16.82
15.91
15.62
20.51
20.77
17.32
20.39
24.13
23.01
22.54
20.99
14.44
19.07
21.14
17.01
24.48
22.86
23.24
28.61
24.55
20.91
19.57
16.26
15.11
19.4
20.9
22.2
19.11
17.7
20.64
19.83
19.85
26.0
21.78
23.19
25.55
18.48
17.46
17.64
14.34
14.54
13.17
13.87
24.08
27.14
38.46
42.01
38.36
32.18
22.62
22.14
20.91
27.33
26.09
21.88
22.92
18.67
20.27
18.55
19.15
26.96
28.78
33.71
35.95
26.92
27.33
22.88
14.34
15.12
16.36
24.09
32.63
31.88
30.23
21.49
17.62
20.17
16.42
19.0
22.41
22.23
21.44
23.68
21.04
22.42
25.91
27.62
26.27
22.69
19.69
15.45
16.46
23.72
29.58
34.02
34.2
25.54
20.58
22.35
25.46
29.65
33.58
37.2
29.53
26.67
23.46
13.33
17.82
21.03
25.82
31.39
27.52
26.84
23.94
17.48
17.27
17.67
20.48
24.53
24.64
29.16
21.73
18.78
18.6
12.14
21.74
21.26
25.09
23.09
15.11
19.26
13.66
13.38
17.88
19.94
21.97
25.11
22.23
14.53
15.52
18.51
21.63
26.65
26.82
21.16
21.01
19.98
23.15
23.75
19.75
18.47
15.65
17.17
19.35
18.47
16.83
17.1
18.75
20.42
18.01
20.15
15.49
12.47
14.31
13.47
15.84
18.28
22.05
23.95
23.08
22.88
19.02
14.22
23.03
20.86
28.33
29.31
24.84
25.44
18.34
18.91
13.15
11.76
13.39
15.17
24.22
26.38
27.95
28.57
24.03
27.93
29.2
25.24
22.31
27.31
29.41
34.13
34.31
24.43
19.59
18.57
20.43
20.55
21.97
18.63
15.28
16.42
16.51
20.2
25.55
26.97
22.95
22.24
16.83
14.68
15.22
19.13
24.41
26.57
34.81
32.41
31.26
32.9
26.84
25.52
23.16
19.52
18.52
18.58
18.7
22.64
21.73
17.99
17.56
12.84
19.4
23.13
23.25
24.53
19.12
18.57
18.28
16.11
17.91
25.35
27.67
30.78
32.97
25.78
31.09
30.17
27.88
24.93
20.68
17.64
13.26
12.4
12.37
18.62
19.57
19.36
17.05
19.14
23.72
23.99
24.74
19.8
14.92
18.4
18.14
14.69
22.19
18.98
20.1
24.65
21.87
26.53
24.04
22.01
20.57
16.04
17.32
18.9
18.28
19.15
16.94
19.23
17.51
16.52
18.57
16.09
14.17
16.44
22.58
23.38
27.11
30.74
26.37
29.26
26.88
24.15
23.3
21.15
22.45
18.19
14.52
15.92
15.2
21.74
24.27
18.95
20.17
17.62
18.36
19.3
18.15
19.02
