0.3983119491658351
0.0688853737350849
-0.0253145514477678
-0.1378479997017829
-0.3315533684004234
-0.3668443452926496
-0.4098595137755974
-0.2983158231616454
-0.0830407759265916
0.1337934040156644
0.3149555592133625
0.3317753855273928
0.2931301464564332
0.339057150224555
0.3611654686309144
0.4194590290010099
0.4297888668343527
0.2912309441943767
0.3154443123907018
0.4305722816129434
0.5225755521790987
0.4975911824341155
0.4483479217928162
0.4619315381080299
0.6222145897825792
0.8733117159653738
1.0461744061132885
1.0407174641414672
0.8921705497968546
0.8335995344127599
0.7457227997969157
0.9271771434748862
0.8973883261716531
1.0464313358063233
1.0790302996607737
0.7984726858204252
0.6636377638232748
0.3744337409210325
0.2289553726666548
0.2283459476001135
0.2761564365228658
0.3865103649493561
0.6580301541726028
0.7710363675277238
0.8129257172741385
0.922929748332026
0.6767088639024618
0.5715953567755534
0.6512297505368311
0.6417654326453025
0.6688595276075887
0.7083649014635222
0.654365556028952
0.4817030481743403
0.5505356704249508
0.4880217550978225
0.5267642697793464
0.5853432884494524
0.446438007806787
0.3496719920484302
0.1575111942088753
0.0830800195807445
0.1240723549123017
0.4285133003635681
0.587346916981135
0.7695426639179442
0.8555884790850438
0.9986750667948706
0.9552860413078098
0.8387158956610006
0.7398404740463833
0.3850150247169703
0.4411471588917375
0.5190870766066413
0.6948744594249581
0.7984325227051647
0.7369533547694127
0.8574631853977468
0.8868496090432076
1.225977640272937
1.476243237614279
1.4103247070320792
1.353603884580247
1.1467046934500529
1.1200021575790062
1.1119147285345643
1.0937039754600948
1.0204496908637728
0.9296414774248848
1.0105909627760892
1.1358668596745765
1.0429227950857654
1.084966421602609
0.9165041398412244
0.8464873528742275
0.7735773372651862
0.6090703620034952
0.4955418904358453
0.5115203862989915
0.810203737523853
0.99294417985754
1.1268335885382863
1.0656266104927017
0.8003958233832642
0.6602016948922074
0.6577286307402855
0.6312324867748454
0.911878351900834
1.025207601548651
1.0902184400452828
1.3721920561524703
1.3704950955561048
1.3601007517703911
1.457898086924273
1.1868677212376413
1.0849479974279574
0.9949275285124262
1.0159208526602206
1.1048473412123907
1.2165152959526326
1.4786323389060765
1.2845791057289386
1.2528099258782666
1.2905522660598274
1.3485656739024594
1.5190552744313228
1.6001052364302637
1.4757819959658218
1.1755661821050791
0.9186687564395704
0.7172277051202499
0.8641262603242208
1.2568469997413734
1.581252714090046
1.8215007818700064
1.878711658256335
1.774794335923688
1.673650894646582
1.848052366942784
1.7114438861702934
1.6555887560112867
1.7471842150635668
1.3907567609332363
1.1941596744202665
0.9836661775035652
1.0295302948541851
1.288097163605075
1.504710146525726
1.6610575885551049
1.5985770490941382
1.3933665636936092
0.9689755535040456
0.8604887658202646
1.0058769102484064
1.3176549376531803
1.7881911784478677
1.8116604216510916
1.542613537670202
1.4995491931605045
1.4010539730217488
1.459129628101285
1.4332156504566718
1.121870182096495
1.3633450211899707
1.7307126691129713
1.9826809904373284
2.1950446196245723
2.036754579700887
2.0410062860430345
2.0152605081620014
2.380482748652397
2.3876100505834863
2.2992403251795435
2.3009132453386667
1.9357500279903224
1.9430547624715704
1.796175069004157
1.9520249941111327
2.24294734532182
2.5924104194681736
2.482969492864707
2.3685009320216195
2.200869881534892
1.7285769085724818
1.9147441394790576
1.8145163676179372
1.7390903143841925
1.8622576710655028
1.5483605035951788
1.3076482537819114
1.086334484933276
1.331842227080558
1.7293645838579843
2.023797291583417
2.3770465063022144
2.2499855444443693
2.2559477355199515
2.7276373725102485
3.030263480993475
3.1411214626808373
3.1960965239664265
2.542351069531611
2.105143751759784
2.045625847407217
2.05103533891718
2.2568294032608525
2.4815137409825723
2.3254586222988247
2.030728270571554
2.0844663529669454
1.782744790908187
1.605842426890919
1.7442155046087355
2.04459753125273
2.2482382472965496
2.288061870458815
2.0130272426647413
1.7547131897865995
1.6701639865989966
1.4708565765946358
1.5798286580359826
1.672888899674424
1.890782197645301
2.457986579693927
2.647421291209334
2.5189130271672395
2.1328634004114595
1.8098989332891375
1.9060537050410011
2.092331701917004
2.3412955109014177
2.5280270759910324
2.3955291726221613
2.324825185102028
2.426916797073745
2.461046070125325
2.6564257230158264
2.9260038325184548
2.741410683497511
2.840591016920888
2.510565372351061
1.897399961352483
2.004334533697859
2.128135364343923
2.714018000555401
3.2806230490084425
3.274796897152048
3.0240085670714296
2.655175118153613
2.376023191402742
2.343291405591684
2.449400618556107
2.308966505331984
2.284699776444399
2.1696442091264494
2.347676662760328
2.645288107390008
2.674261747480285
3.0260139909111627
2.732881075098033
2.468641294450104
2.4327714512589544
2.024458200859399
2.1401822833901347
2.7672204659028545
3.237101156475351
3.661635510800031
3.75631523176394
3.0834928289083154
2.689057416511571
2.6987186120671267
2.776370187700345
3.152975916261845
3.0266380731010014
2.89191250836956
2.737781811787338
2.3713418824128243
2.132414510251252
2.0555570387955275
1.8075703400514689
1.806736164412773
2.0287992416725404
1.6676533394141566
1.8569829757477727
1.921236238198192
2.187041589900837
2.748196635169323
2.7161925100501856
2.704092227652485
2.501347090638833
2.2676391115799057
1.999579303504281
1.9816791222831855
2.562503662104875
3.168203606529801
3.873196692882158
4.334611472966365
4.24886797098765
3.995601198657763
3.8390432265491623
3.783560059479838
3.254935982735664
3.131679302569058
2.870513830414257
2.5397197868314008
2.5128586041235508
2.1008783323685423
1.824412476635959
1.6198860152094796
1.9513043730973327
2.261627066411529
2.6964937081724414
2.9191055236238173
2.683237293445789
2.3801108055531226
2.445380732152667
2.6301401362502905
2.8342759803780364
3.22842156215145
2.852442448168539
2.6636794112581748
2.4942503693444134
2.0712096071141466
2.054566595985793
1.6280020487690845
1.4718711272458835
1.645844436715707
1.6261972071382351
2.053201557739637
2.1914964626316698
2.4451896406411766
2.615388391354746
2.848023568117481
2.99838810165601
2.7682553615513497
2.6919112251070305
2.5257271962434857
2.041819539144284
1.790101140858977
1.6887121852004072
1.6767680494277033
2.284544400756587
2.7472698351632574
2.71478469045073
2.7955590820767147
2.404116651953246
2.25359422407704
2.2877702690919786
2.417851480836981
2.7032454854398846
2.964956510607559
3.550874801662931
3.3298428252196595
3.4867693463745955
3.3901383182783733
3.003892228629801
2.816795822987158
2.8607983436457296
3.009940896568585
3.418778902722745
3.832999637112073
3.655045712690019
3.7931882484416017
3.448080504398204
3.223267853100733
3.34077898812259
3.512123147772862
4.099228428860005
4.658434956610554
4.936074351052109
4.592693666991582
4.060472342371404
3.3719054405732902
2.81704694664206
2.782397975840217
2.531501632456885
2.7555517677345858
2.856442259363833
2.562921226453939
2.9357752724059
3.419779252643855
3.778121622102634
4.224661839568639
4.330098327370468
3.851404053702376
3.2839954880260613
2.7568269697560286
2.467324922329935
1.9718655885129937
1.870677697072328
2.2593664581282065
2.499843597672836
3.1428477351397235
3.610844321297362
3.708820891442943
3.5776628999517186
3.128048898752512
3.154936298834352
3.081633908880185
3.653604195827172
3.9119671447521296
3.615605192482932
3.608168443264034
2.879797955580419
2.7707068836194493
2.7845996139782754
2.52078268004432
2.524756955901136
2.4210999928189856
2.1948764486487304
1.753761732260945
2.1205749230818847
2.3528901784450342
2.4954386750052557
2.999472028472357
2.68441702155523
2.7033388494154797
2.6706651926185394
2.7317229229399675
2.863538051845792
2.6855520906650514
2.772181471394453
2.987389054946222
2.9593478941116813
3.0212570046705345
3.2210501404273395
2.8935301275394214
2.805482066548061
2.775106762098863
2.4993426878124776
2.4714680194171184
2.0867144196684824
1.8690474269303248
1.7595294637172356
1.955433963663992
2.613215046828853
3.0985865221671656
3.2141310669604195
3.081295083834864
2.600502621802832
2.18769909943325
1.9151991455440844
1.887135283179351
2.665087616638072
3.0050121520274384
3.507922059855094
3.508495173493149
2.548338664901456
2.5286885475734704
2.7141488117276023
3.486282149929667
4.489619044099089
4.897821390690455
4.923380699146373
4.216337288378718
3.501827429785528
3.5359937151509
3.1120631204048776
2.973174318306089
2.9344482731525807
2.5915233193331084
2.395227445398044
2.532864278339071
3.156549384307391
2.5977947034125224
3.011705462735112
3.1435871753052904
2.992691980898655
3.212141094428248
3.0503608653554477
2.678441054193068
2.2174789895593
2.443498883485065
2.5736009629847647
2.943792629355229
3.2089736060636627
3.269629582393159
3.102062493945166
3.4428237540605573
3.087803606275484
2.8583513011844026
2.923391500720941
2.6107280992842026
2.7934100597686324
3.0721266590106797
3.021314241089176
3.043629676305727
3.451614921722755
2.984987348922462
2.8877286279809766
2.586968410947488
2.4204946293647644
2.894746370462441
3.217931767627407
3.673541208314633
3.172346582429603
2.89948824952695
2.4481247324717854
1.7143250041620632
2.199984760216547
2.2240698894620925
2.6547163704120296
2.8006612012487038
2.1136655545533403
2.3422815080880706
2.1086696442313366
2.333360848487235
2.8560692071309832
2.546959627690454
2.3850970012940667
1.8863620964216656
1.7103117632961142
1.6698011049139545
1.7712436472951674
2.2910577625148134
2.109416408532424
2.0855297531262877
1.819010290248456
1.6074814733333576
2.1725741948694908
2.2708179374380064
2.735195873120856
2.95760112228724
2.423390683076792
2.152127715041844
2.158871503825418
1.8863943514408836
2.3747147039978542
2.71388238671939
2.6381734973057416
2.78416925348417
2.3669703225549905
2.7318216226093366
3.0873581600712066
3.5469087583687324
3.88261182362426
3.766016137558952
3.477924277529992
3.231524597449329
2.850055540711967
2.775253713431224
2.4382534126238853
2.578923503878068
3.166061318673727
3.4424869012758115
3.717675692775909
3.2863253206477827
2.758126268531888
2.0817823736956127
1.7431602611341033
1.7252076840873578
1.3951028271397488
1.631929709955495
1.960400317599263
2.3317807789311518
3.147691139638008
3.4746092923821705
3.610103205281382
3.811094583069347
3.86174421467937
3.6006284734868457
3.423045950093358
3.105089025878357
2.6977978277145485
2.565233519265089
2.7272941770324057
2.576277115530029
2.314989738550035
1.9317484154090017
1.5870128800937602
1.4788513553758376
1.744258028980886
1.9344158368665036
1.8594439438034596
2.120830745031787
2.3893608142786515
2.9821304437929275
3.297897283259451
3.0066173578251902
2.7275671180053327
2.337848960703221
2.4395631134680085
2.495772896610745
2.380198424834484
2.388849738047823
2.4081632285704595
2.43906118523079
2.4072065980461788
2.468084397027031
2.545610663909021
2.823740758311967
3.3369516631553564
3.2516056973868483
3.3135601507237364
2.8841500525456207
2.6659879534570665
2.6821176094882526
2.422453104268228
2.2374708012544486
1.625092510999157
