-0.8927738965472065
-0.7731883313789055
-0.8399580949326494
-0.7260748251147794
-0.6187967382247305
-0.4819773636140943
-0.250610671968797
0.0047982094406951
0.1394036706867959
0.3392876226958547
0.4431367932066696
0.3695522889635556
0.5138583440746944
0.328516121214749
0.1976878242013893
0.1262098392801524
-0.0438511392520883
0.0287165112167159
0.1046139666219159
0.122975992098017
0.2535496172489068
0.4149560230262227
0.5199509984788451
0.6368804660410627
0.6073250808457975
0.4661186680256876
0.4385065458304005
0.6072007551234269
0.7530602430526642
0.8204725780345257
0.8583995732784695
0.6370420332782427
0.4926364873920139
0.4255798430730347
0.3806359258099278
0.3358762388404334
0.2885717035968136
0.4107954557052602
0.4165331157613421
0.5837545961373736
0.6754091440414076
0.6020926903040198
0.678487962669411
0.7050377526025509
0.8282367826589843
1.0179493467285132
1.0184968579160083
0.9214436826671768
0.7555185609859757
0.6446491450760995
0.6440954725717891
0.5934613848346073
0.5565048228242457
0.4114659902524054
0.3347056816184993
0.3803232907575459
0.3823495734968757
0.3771419516219083
0.4477469065608088
0.5380076722231341
0.6995526631435357
0.83387592371826
0.7565500399746362
0.9048169423262168
0.8358497534086149
0.7726268408134396
0.8351870599943443
0.5698947703752911
0.5867743459366042
0.5692403458540004
0.4733971160727581
0.4517192303119707
0.3600306743002759
0.2743218387648519
0.150039708334697
0.1272826957408497
0.3139333763433498
0.5612350561717742
0.8056173665151661
1.0280101388544456
1.0723405453937034
0.9639077259507364
1.1899971772691882
1.222243557226874
1.1584494695247578
1.1667733290999818
0.9935535908570634
0.7875630557539423
0.6616605458785846
0.7186800888898071
0.6698715512809317
0.7619198500554175
0.9001272890684975
1.016144813322256
1.131726077993966
1.0104309648004104
1.1398187757770075
1.041278733830026
1.1828702133772817
1.6066140023731608
1.4211787754417629
1.4329104170965845
1.050956449917862
0.7885573889768976
0.8818803165120613
0.7006012078279812
0.9042977906833002
1.3349842240424108
1.6467577830449804
1.9261655684368109
2.029072490657669
1.7789049339852716
1.59945361589532
1.6757651801921871
1.6122730926734534
1.4906817078257848
1.407927279072729
1.3334036584913502
1.193250573386443
1.0428415158398392
0.7991934992511925
0.6166237003850039
0.8349618600506434
1.0520419141814283
1.3309551598413674
1.4258472465599097
1.2119186263067998
1.1226313470283256
0.9671026248602032
0.8449661182459
0.9435027448292496
1.0684944738591406
1.2373578177607107
1.429722285463019
1.2712600309858442
1.1843918852050013
0.9191089783828976
0.8098910511153992
0.8723168247888233
0.7494678068248081
0.9022362612616124
0.902455741182589
0.9136587455871824
0.8811977964326381
0.9306497233077912
0.820130041105447
0.703416792690632
0.652676741708109
0.4010657062900387
0.3990562164374198
0.4339410884677271
0.5559538128838533
0.5842328075414754
0.6852638067037142
0.9280275893520994
1.078107674594048
1.3002181395599763
1.4747212555921356
1.4556033196753766
1.4279121805911934
1.335965347634495
1.069899421861027
0.8280149658320823
0.3503502913977939
0.1937070367979207
0.2046833648495733
0.2348828148739998
0.3889746671119429
0.3875543855438535
0.592031933203329
0.846319126532801
1.1494749644919895
1.4618271641155576
1.4314278096649122
1.4225754582752377
1.2432699291709322
1.0438375607963235
1.0626707515425935
1.1141100402914628
1.289096275965677
1.3195321355756766
1.363197017339277
1.2742717438263325
1.4126874377764511
1.381451957313692
1.3653195711655577
1.3401828083718146
1.2344551310962582
1.4397779181847
1.654887928022253
1.7740105986072998
1.798908489155871
1.8098117691786135
1.561078208534974
1.517588022325508
1.5474999499316544
1.4696600139964386
1.5319610201178278
1.5417425535127125
1.3781591980384895
1.1827673173145457
1.132462351984988
0.9723324263281296
1.112753963428385
1.350471889924289
1.4665507736020749
1.6462397797337291
1.5901831249405172
1.5947637762118478
1.199174122704557
0.9701492476658724
0.8072675178335962
0.583060642411122
0.7335961760323894
0.805823028203945
1.0609860533320332
1.0538802825751283
0.9534703006203028
0.8942014484707773
0.4868744849775186
0.4996397071705158
0.5832633773368778
0.5567673065337957
0.8203432818107009
0.7411860728562977
0.8434627897100497
0.8582361878135585
0.6956215696446051
0.8325530698884879
0.6696674450446869
0.7604927655576779
0.8218543515090133
0.8163053777730233
0.8468753109903712
0.8606000580579195
0.92753531197348
1.1927706756018672
1.4997993304417128
1.5387629311809132
1.634887674330707
1.4517372019383206
1.153796283649872
0.94298912493249
1.170690747079988
1.2771921548550602
1.6611284735551244
1.655362769086424
1.4687178976757684
1.332664315029146
1.04295841829634
1.3313950760074564
1.341132660304892
1.312648552489775
1.2373581803850262
1.2057810870857963
0.9773291891176906
0.9030769379952052
0.9157185992477812
0.6696380684696207
0.7420212752081616
0.8009745597534996
0.7482612132888498
0.5941373028161309
0.4531388819339945
0.1528037764916012
0.1784906118218093
0.5053201620509674
0.6642682173562516
1.0597939383909245
1.034034385603287
0.7716581880443252
0.8238241271982482
0.8934628758298263
0.913679964005685
1.0072420316480413
1.014960380976213
0.8145348250733255
1.0732458283087971
1.1987367768233137
1.0714748450246006
1.0586057060165035
0.8993979369492885
0.6914228336251503
0.7000671336535784
0.7216877756373438
0.8157651011394026
0.8480727135934575
0.9305354639819092
1.1068355240441003
1.0618706237073343
1.416245241956778
1.221380493618718
0.9711251789716776
1.0956260440500227
1.0701570375701377
1.4019249761660206
1.5391672282569744
1.389454752411876
1.2240528010733944
1.2001632293251467
1.6442356277878338
1.9485439283742192
2.179763241976613
2.2949111847620998
2.2836651568492483
2.0528975775540244
2.092319560432281
2.115371721617358
1.7398888038995566
1.7252399369524876
1.6204369411583055
1.6409143957825274
1.9126598557737235
2.0950011159486226
2.307138745150746
2.3722283167589078
2.266980699162227
2.159241131950437
1.7344977109127298
1.5274024503801291
1.326110017261596
1.3273622041177184
1.4970885245441183
1.454318628107498
1.489011931582383
1.350163865406928
1.1453935510141615
0.9227233464136656
1.1279665601173574
1.3628979276857236
1.69839466497848
2.077493224275386
2.072518909520152
1.7734362928244496
1.8512534652259864
1.564752960275057
1.300316759971543
1.69002499464354
1.5379890880307647
1.6329816499626508
1.4912451840200005
1.3761445208242091
1.1486470801620712
0.9282462354622116
0.8243671495480936
0.6474638768170436
0.6570640054215902
0.7877755209243241
1.027215884181351
1.1551615390393142
1.2322151141503754
1.068401561266524
0.9799845972562786
0.6192056268301158
0.4651135068985054
0.5494396404351117
0.9425218887915644
1.379529483910772
1.862110050627168
2.287574942402929
2.191145446978175
2.2617405443784246
2.0715789768775315
1.8655421469473763
1.6616423612644906
1.2617431138348525
1.3208415542189926
1.301954035107044
1.343852805817647
1.3560854764277075
1.3580896243523255
1.330755686963531
1.538079193810592
1.9946469889440133
1.92967385375846
2.0526763334488787
1.9986337797989224
1.6023809905272035
1.4402044104193434
1.2205226716386677
1.0782703653364991
1.3142918458808892
1.7859164079290115
2.173238273637238
2.47034902606015
2.496118511647801
2.1730067848540617
1.7968294719559947
1.599530105480955
1.6266336396699634
1.7697690950745788
1.9518459895865543
1.8938733387206133
1.709803709020868
1.5439102755598964
1.648188857531555
1.7863986012043755
1.854233123082652
1.842782129140672
1.522453269355239
1.2697704952989757
1.2200339942541152
1.337891376108263
1.677142055984991
1.949929123593816
2.047507835799091
2.0029984606640627
1.868476948901276
1.7461471762167489
1.8771017078790424
1.901038405528834
1.8072996301357769
1.9752222392531384
1.826629284572863
2.2373336443039644
2.6575386953561866
2.8145536560726625
3.146338348762632
2.9134341259635046
2.845641696341926
2.8029664632200406
2.344600840391581
2.2806047932115576
1.9134347131105935
1.7140177329052224
2.0231145601512064
2.017328028890065
2.3786525180050746
2.3116988501060733
2.221818376601375
2.3086844756921194
1.9111989186791956
2.052519240936393
2.5118957703569524
2.517268448711543
2.783168982876346
2.6802860178918606
2.136744117293329
2.177059523639875
2.293823495746796
2.4059788363154726
2.6425476048775103
2.428526868604072
2.411526511501852
2.2625496045310403
2.2032174505723354
2.0439776491927297
1.9392934080381428
2.1795525545939665
2.025837050395846
2.0334361586070315
1.6295455831150094
1.2188729288174025
0.9335625177577548
1.4174086300318138
1.8172209928306464
2.224373081292708
2.795885062647045
2.513203542293303
2.512134675527677
2.369091526386695
1.8667290363849736
1.8111761406605007
1.970627814701004
2.0855796214201976
2.317604084759889
2.060936600367099
1.6933319051324098
1.573847765394974
1.647445415060522
1.9535104415454188
2.412419352828568
2.496277883640082
2.317839129124589
2.316977650262859
2.126727135179988
1.952437387431165
2.190016092856644
2.333890157975107
2.642852154052077
2.675927945994015
2.6323890841066877
2.371397208677964
2.242358186158198
2.127504629540325
2.389982367656156
2.763718006720839
2.870656262369022
3.389122615051358
2.8829615307408467
2.392053764116597
2.062964394954697
1.6580579087036145
1.7210030914183418
1.6247882845098087
1.14072138700036
0.8430174773051178
0.802542613230941
1.4123581945044732
2.2542434498103363
2.786116025106026
3.1665897203954843
2.9124568619669087
2.506179470854931
2.414440885790617
2.049579202609972
2.2411049946715598
2.040003097123447
1.7687798664111292
1.8408559967857447
1.38864984467354
1.3670430360637942
1.258679040939168
1.398290655445195
1.4794069323626746
1.4906424168294905
1.9741154250491344
1.886139596244354
1.9761124339730896
2.441867824678493
2.5179671619951813
3.0854511865714405
3.5044087541668
3.373334888599219
3.069035341203195
2.725847250518713
2.42931666688054
2.6560560521241143
2.6453841389139345
2.1687031648447275
1.9963228140520408
1.7073419604936422
1.585213009343455
1.7057589502348849
1.9598883309180175
1.7490918624520566
1.7606217999135518
1.5936308294886203
1.1025391265708675
0.9497211551804224
0.8781900239489565
0.7502115091467867
0.8850302075481129
1.651986680435258
1.972608032272952
2.4565884339754835
2.6849881330977543
2.279454829624968
2.1833534216746813
1.9929633511704647
1.8366162061497369
1.7297820364651375
1.898419910972644
2.03179580131814
2.131307716095508
1.9792332669168184
1.9908084287101215
2.225678102413925
2.4159592322631145
2.7101414277551794
2.3439168943943662
1.9810037825633389
1.804915067320812
1.4818419829104337
1.659495702043336
1.602926660789776
1.4742498687107914
1.919776548825764
1.8779056703081336
2.171791009589811
2.198211974788858
1.9760563085922835
2.1528507622694906
2.231647532090968
2.557077368881832
2.922688533537268
3.1253344598334447
3.2030888346029798
3.100037035965903
2.863448453464988
2.7294745552094684
2.74689912707263
3.0763456624471712
3.512865724956123
3.366917780157741
3.5678475614286413
3.2906517515424047
2.789677909578222
3.119246097353549
2.817649404084777
2.608181532418954
2.496053081397479
2.093313625065708
2.202690454151382
2.312362277998831
2.1000958997055963
1.965335003965256
1.4798127413560795
1.197362469862082
1.1167132515267868
