76.14
72.56
79.62
85.24
78.51
72.46
62.46
51.33
43.71
42.29
33.44
30.92
29.59
26.52
25.89
24.84
25.54
25.72
28.48
27.79
30.82
27.99
27.2
23.83
21.57
19.96
20.91
21.81
20.59
18.77
20.14
19.07
24.97
23.82
15.55
19.41
17.42
18.68
20.45
19.84
15.82
13.01
18.72
18.06
16.2
12.55
17.41
13.85
13.83
12.94
12.83
16.59
13.7
19.01
11.86
11.67
14.56
12.1
15.8
11.41
20.23
18.48
20.76
19.53
18.47
17.19
13.45
18.79
7.53
13.37
12.04
15.99
14.14
16.48
18.43
14.29
14.08
7.63
13.18
11.61
7.26
9.8
10.72
9.06
9.32
2.46
7.91
12.0
11.46
15.28
9.7
11.49
9.22
13.28
9.19
10.93
10.74
8.95
9.35
11.63
7.74
11.3
8.53
13.66
9.25
12.3
15.07
11.11
12.21
10.65
11.07
10.62
12.22
10.08
11.76
13.25
9.79
13.49
10.02
14.18
15.81
17.45
11.67
7.96
13.44
8.21
11.96
9.74
19.7
21.04
18.72
17.2
14.2
15.09
14.16
14.75
14.53
14.57
10.16
12.02
18.25
9.15
13.09
15.72
10.77
10.99
11.36
15.36
12.76
15.05
11.31
12.03
9.39
12.68
12.24
12.64
13.48
10.97
12.73
14.83
14.0
14.11
20.19
16.79
15.8
19.55
17.95
12.78
10.08
15.32
13.12
14.86
10.67
15.0
14.37
9.72
10.0
11.66
11.14
13.51
11.13
12.03
9.78
12.34
11.71
16.29
10.1
16.1
14.76
13.94
12.6
14.47
16.3
10.72
9.39
15.84
11.1
17.01
12.61
14.68
15.0
14.1
15.21
14.06
17.91
11.48
15.45
13.88
13.31
13.85
15.83
14.19
12.02
16.63
17.38
12.84
16.81
13.52
16.01
13.09
14.42
15.19
16.21
15.53
17.33
16.92
16.35
16.55
13.29
18.38
15.87
19.04
10.02
14.9
12.99
17.74
18.15
16.67
16.84
15.9
12.93
12.2
14.11
14.26
16.11
14.69
19.94
13.56
14.24
16.35
17.1
14.64
17.28
17.17
17.18
20.95
17.91
16.96
17.88
17.27
17.48
13.69
14.95
14.41
12.55
13.41
14.91
18.31
17.61
16.15
15.26
11.84
10.21
18.07
18.02
10.86
16.33
13.57
18.0
19.84
19.5
16.59
18.65
17.51
18.62
17.64
19.08
12.93
18.83
17.41
16.37
22.17
22.13
18.0
18.8
15.43
22.58
18.14
13.25
14.76
15.41
18.6
16.08
14.75
17.11
11.85
16.56
13.19
16.54
16.77
18.25
15.37
17.92
15.2
16.93
19.73
11.68
15.19
17.5
19.28
14.18
19.11
20.6
17.23
14.36
17.0
14.65
16.92
12.47
14.92
18.67
17.86
14.54
17.67
16.05
17.54
14.82
16.21
12.37
14.47
18.61
14.38
12.71
11.98
15.37
16.04
13.69
14.47
13.22
12.29
11.2
15.84
14.74
10.73
12.99
19.22
14.34
9.89
10.85
9.69
10.32
7.55
12.57
10.05
10.84
14.28
12.12
11.19
17.1
14.59
13.95
12.69
10.3
8.58
13.87
11.32
9.36
15.35
11.39
14.14
9.17
8.75
11.88
13.49
8.66
12.16
12.91
8.31
13.52
12.45
12.06
9.1
11.96
11.79
14.67
14.25
14.28
12.41
15.41
15.04
13.84
13.24
18.05
12.85
13.3
13.79
16.3
16.14
12.48
9.73
11.48
15.26
13.66
15.61
13.4
13.0
14.94
14.59
19.01
16.47
11.24
16.06
15.92
12.51
18.45
19.3
16.86
19.72
18.8
12.51
18.84
16.06
12.81
16.2
13.36
13.54
18.7
12.34
11.57
14.36
12.49
15.64
17.61
11.84
15.82
17.82
16.03
15.96
15.71
12.74
13.24
16.95
13.93
12.93
13.81
15.0
12.24
13.26
16.03
16.35
14.41
16.73
14.85
13.03
13.91
9.9
12.53
14.27
13.24
13.35
15.1
14.61
18.7
14.81
13.94
10.83
12.09
11.05
15.23
14.65
12.05
16.39
10.41
11.35
14.09
15.11
12.79
11.99
13.17
17.53
13.79
13.12
11.34
14.17
15.32
15.53
12.61
20.64
12.57
11.44
11.14
9.99
13.6
11.92
11.71
11.58
12.23
16.08
15.15
9.45
15.34
15.32
13.14
13.3
13.63
11.36
12.49
13.43
17.35
14.05
17.21
14.14
13.56
13.92
14.82
12.58
12.39
13.43
12.47
18.06
16.81
9.84
16.88
11.18
15.91
12.77
9.13
16.65
10.64
15.68
12.2
12.38
17.61
8.74
10.99
11.59
13.59
14.48
9.6
13.24
14.5
10.1
12.19
14.31
15.25
11.36
10.46
9.16
15.03
15.61
13.91
16.07
16.07
13.9
17.09
16.44
14.32
12.36
13.86
13.21
11.79
14.2
13.07
10.78
10.67
11.27
12.23
12.66
12.55
12.34
8.13
14.06
11.81
15.71
16.99
11.39
16.16
14.91
13.77
12.85
15.31
15.93
12.72
12.18
13.64
17.6
17.19
16.8
17.76
9.96
