60.36
50.27
52.99
80.55
87.92
62.55
44.92
45.91
55.23
47.23
25.25
25.72
26.59
19.98
27.53
34.51
28.88
24.1
23.46
21.58
20.17
21.79
20.34
19.24
20.94
22.18
20.77
19.54
18.36
17.25
16.82
13.12
10.97
12.85
12.17
11.17
11.42
8.4
8.65
10.29
10.33
11.72
12.43
13.64
13.56
12.03
12.83
10.57
7.02
8.25
8.44
7.89
11.28
13.54
11.47
11.57
13.64
15.33
15.21
16.61
19.51
16.48
14.03
14.9
14.13
11.6
10.02
10.24
8.53
10.37
12.24
10.89
8.92
7.57
10.83
9.59
9.93
12.44
13.33
15.37
13.61
10.59
10.91
14.35
13.68
11.42
10.08
10.37
14.11
15.14
11.52
11.5
12.45
11.71
13.41
12.34
10.25
11.16
10.42
9.24
9.47
15.87
20.3
16.38
14.71
12.7
11.17
10.52
10.17
14.44
20.45
16.21
12.45
14.78
16.49
15.11
11.57
13.06
14.22
13.58
14.62
20.59
19.88
13.97
20.54
21.39
16.62
16.08
15.85
16.92
18.99
16.69
12.14
13.56
15.62
18.07
18.5
18.07
17.47
16.7
16.56
19.33
22.91
21.48
15.72
13.48
16.76
18.65
18.89
16.49
16.87
20.17
21.83
21.16
18.31
17.08
14.92
12.82
16.29
20.04
22.71
21.93
23.87
21.61
15.71
16.34
17.2
16.48
17.62
21.56
16.14
12.17
20.86
19.15
10.33
15.36
17.09
12.39
12.51
12.14
10.43
11.11
11.59
13.64
16.94
11.89
7.97
9.14
10.22
12.62
14.64
14.05
10.76
11.92
11.84
8.37
9.91
11.63
11.52
12.52
12.21
11.7
12.22
14.27
14.72
13.42
14.13
14.7
14.22
14.74
17.17
17.05
14.7
17.38
16.47
15.73
16.62
14.38
13.73
11.98
12.89
17.62
17.61
14.39
11.88
14.88
17.08
13.12
11.36
10.84
10.38
10.75
11.37
13.39
15.6
13.77
10.25
8.74
9.77
11.72
11.59
11.73
12.78
10.95
11.95
14.22
13.08
12.62
13.4
14.57
13.2
14.73
16.8
14.07
14.69
16.12
16.55
17.29
17.09
16.24
17.37
17.89
18.75
17.13
14.18
17.31
16.93
14.45
15.49
16.28
16.69
13.94
14.61
16.65
14.73
16.17
16.19
15.71
15.59
16.45
17.35
15.71
18.02
20.78
21.33
20.13
19.22
20.08
18.04
17.15
17.9
20.06
18.56
15.08
17.57
18.35
21.55
23.87
18.74
14.82
13.99
16.7
18.71
17.11
16.57
19.28
18.09
16.47
20.17
19.27
17.99
20.41
20.22
15.9
15.16
17.07
15.32
19.34
20.11
18.26
18.82
21.66
22.48
25.19
27.08
18.69
15.26
15.69
17.24
16.44
14.73
16.33
16.65
15.23
15.59
14.32
14.18
13.48
11.62
9.94
8.05
9.68
10.54
10.06
12.77
12.78
11.93
13.05
11.15
10.37
10.55
11.82
11.57
10.17
10.52
19.69
18.72
11.93
12.29
9.14
8.9
7.51
9.12
12.89
9.99
8.85
10.12
9.35
8.93
8.0
7.58
6.19
5.56
7.16
8.5
7.23
5.84
6.79
6.82
6.86
6.88
6.53
8.44
9.07
10.12
10.04
10.49
9.93
7.35
7.23
7.22
8.47
8.16
7.0
6.95
10.07
12.57
10.55
8.46
8.84
10.02
15.64
13.85
8.82
11.04
10.71
9.51
10.24
10.74
10.62
10.86
9.49
10.37
11.69
11.12
9.57
10.68
11.18
13.73
16.09
10.87
8.25
8.81
10.82
13.48
11.69
10.95
12.7
12.06
10.76
12.0
12.57
11.68
11.85
10.55
12.11
12.94
12.25
12.91
12.31
12.56
16.28
15.58
12.14
15.57
19.5
17.88
15.34
13.66
13.19
14.66
15.12
13.96
11.24
11.72
12.86
13.25
14.5
15.33
14.4
12.31
13.61
14.96
14.68
14.49
13.92
14.93
14.91
13.03
14.08
16.52
16.17
16.46
15.88
13.36
15.86
17.3
15.24
15.26
15.63
14.97
17.07
17.86
15.79
16.36
17.76
16.8
17.23
18.45
16.1
15.17
18.58
19.6
16.66
18.41
19.91
18.23
18.74
19.21
17.43
17.08
18.38
17.89
16.18
14.17
14.81
18.38
17.59
21.64
24.23
19.02
20.0
20.43
17.02
19.09
21.3
18.7
20.99
20.62
17.0
19.04
23.9
23.75
18.62
15.17
15.48
16.49
16.22
15.66
18.6
17.8
15.61
19.21
17.83
16.74
17.21
16.14
14.93
14.42
17.61
20.64
19.15
15.79
13.43
14.74
16.93
17.54
18.02
18.62
25.62
23.9
15.01
16.09
19.58
17.14
15.2
15.53
16.48
18.17
20.77
20.63
19.37
19.46
17.33
14.26
13.53
15.56
14.82
17.96
18.07
18.96
20.46
17.39
17.22
19.32
18.5
15.73
17.75
19.72
19.17
17.84
15.35
13.7
18.76
22.34
19.51
17.56
15.66
19.39
21.35
16.58
15.42
15.4
15.21
17.18
18.44
17.8
18.19
18.06
16.8
