1.2648871307047804
1.205638197883386
2.010539121066795
2.236285289518803
2.327248228808887
4.797302790053129
6.250800908101755
5.6396376599713545
5.785219108642108
5.842582389585912
6.535218878422661
7.539966076059739
6.757095535029441
7.903068789184211
7.8480250470163595
6.919206373823516
8.720085490078663
9.490197446218257
8.800426878724057
11.047904898692776
10.189547526769942
9.309434752675415
8.108848682503302
6.81276300539057
7.174301123375962
6.187911580128433
8.640351125916347
8.216964284302017
7.185453879970796
7.36924281630854
8.398640641905583
6.949329925102151
7.8379581819146225
8.3209965719789
7.761042918127683
7.284638315617739
9.454476541468916
7.030025843400267
9.642601395745052
10.017194523575085
8.935915247872472
8.795865090600548
8.535543485024762
10.479442625683365
10.66584175431574
7.953136284021814
9.52533723669454
10.040685903297442
9.503333153589725
9.707934716511703
11.408360735713643
11.464085139593225
10.865178451677975
11.803699295824368
10.950457554593289
9.889861194482322
10.726345428371987
9.800339561193898
8.28946664155269
10.477884682894484
11.096023618912785
9.009600866520142
10.040993178539185
11.403527803618545
11.104825657185337
10.92148858131375
9.30602742416247
11.369751240259603
10.361884046804636
9.278057848692262
8.717383837139039
9.45390888877501
10.433226503825685
10.057917074069502
9.542944373283735
7.531341169191293
6.583062803580987
8.406230707662534
7.437639747046573
5.274289150496953
7.446950477731791
9.442136737299657
7.096912188406745
6.107163601075615
8.094720025567447
6.728022739559357
7.347811825383452
6.8169158361583175
7.4430403787424355
7.719295268383485
9.429073855758281
9.689855273884474
8.266993430963602
7.1449044373103545
9.146344509704763
10.648651573464699
9.74701444916281
8.718556188291899
10.61590401012019
10.677361602519362
8.773575505713312
9.213337621638459
11.399634286536623
8.94734081482415
9.08067230644757
11.794721589002112
11.353516781897005
11.431691447897816
10.28021017258013
11.525690362261113
10.393900109643038
12.583471081276262
10.938813759153467
10.16831120567179
10.283072282695269
10.097790972989161
11.401830489013474
10.834854077914022
10.011060470069225
10.094635605060429
10.950742595576553
10.273230529202923
12.117441591793172
11.01920366390942
11.609736197214712
11.980977934409506
12.641402777814276
11.546610278934063
12.276571278883422
11.326528793895557
13.096081368660705
11.431361969868762
13.003641671500025
11.611305607288065
10.299365036645398
13.181050576898638
12.687875716360214
12.991917760915484
12.74981587397237
12.82369724148386
11.86811426544867
11.764443262637702
12.680165285411409
11.095350260831886
11.523374878144017
12.579089610996439
13.380105663575481
11.599876323952289
12.659947240402968
12.951215504535389
12.829742869970215
12.389192512107837
12.827325365571744
11.975496419489813
13.293259749957903
12.722169779664437
15.40366413857258
13.977139274656981
12.9242660198154
15.18656743982557
13.786510860032916
13.0810254317884
13.80530803108772
12.086525749611772
14.108711873521173
13.256783070177772
12.241529428886011
13.62396551278963
12.791454290279487
12.916077631041588
13.302779221047974
12.095983420774909
11.515654747551512
11.412876519944675
14.020885395924049
11.780747157041288
12.057618551908927
12.045384031165735
12.634934764304505
15.264552094709359
13.56410790690224
12.014792508417326
12.996552796509011
13.255760500701115
13.925785529063623
13.662119944291073
12.57060027137357
14.199574001986553
14.741954135193385
12.4536225526446
14.069465371697358
15.057374892565596
13.43562280176925
13.912483968264647
12.743385557996712
12.896902236723387
15.078059798629402
13.130045517939015
15.224548072545181
13.51568151778061
15.767346454658584
15.05110964437695
14.941890383306106
16.445220514823728
13.848927955266811
16.517531947920666
14.451557228095803
14.541707355825778
14.660675759016806
14.648817645195313
14.023908941351664
15.053850927270375
14.10957027624875
15.548174471231523
14.69477909897343
16.488611360596096
16.711337296860776
16.349338618257683
14.550289092809418
16.283747081424067
15.56516864902429
16.56785102497298
15.83089878645275
16.504741966783246
16.64993869421395
16.65584865962184
16.224057051565417
15.620068278745322
15.051928872173548
13.589081654265588
15.457910330697933
15.452285228817638
16.636535533903558
16.04405482881912
19.0691405830257
18.07832228624579
16.82355993847853
15.13637936607061
15.478985851355068
16.18706283191634
18.325809101601273
16.60113009571182
16.51520459907271
15.791130233227488
16.784614004344732
15.901239328719294
17.658849542726564
17.003160162187196
17.83968405986155
19.21283593419097
17.789236538286538
16.52146405041008
16.80984939537006
17.098620649469176
15.310305964354267
18.61158210699753
18.12805439009885
14.792122586254925
16.007846589224094
18.870626471096756
18.460315496260016
17.80930534966272
16.138693415538516
16.297698458318926
16.95280169366986
18.084073034617038
17.63003074247005
16.233494147814646
18.431376002005166
16.612022323355713
18.140465706099327
17.94402157125109
15.961196634353541
15.353680330519362
15.687636877332142
15.605229022668146
16.27983537033656
14.973810062142027
15.54591071994306
19.361345482720473
17.603235699095183
16.498783740403773
17.957746202138406
15.160206296021775
17.314231895049083
18.860241732829508
17.57805497294608
16.56374082502156
17.810759982830305
16.271559943136907
17.883296807219487
16.70278300444469
16.724655572833807
17.220754099860592
15.889062038398203
18.41070591997685
15.954323100028763
17.44783954395227
15.45361700968868
16.04102359126712
16.280043441744674
16.15223847306332
15.890407240969534
16.835424217263636
15.954675557334962
15.58032365347972
15.871017003999373
15.404101475364673
14.342454977575517
16.7553941727025
16.286782937569864
14.586068808252202
15.554085452030762
15.85907779995882
16.490271128153946
16.225111763734237
14.827138870804077
15.171488512670496
14.993735209404903
16.887567170543477
15.483491032223606
15.422291741592858
14.318744669935151
14.637383956850963
17.19302619982678
15.355252105220211
14.481382919384927
16.080447966390455
16.556179223807327
16.11060736821404
14.276747440671429
14.15718854214306
15.854719735389548
14.419088106932644
15.549316539301008
15.309361118708367
14.756224768298003
15.834991481580152
15.722164350089637
14.102221945320583
17.65036598001431
14.325996468346327
15.739648335656009
15.276306897799406
14.806873656384283
15.831782261722548
14.825627717901176
16.742402350632737
15.032791941500335
14.690522162027017
14.874108660053372
13.901460609871583
15.461374580512132
14.558174945703536
14.240850979804932
14.8971381511704
15.388617306208076
14.748876546410035
16.711928885588698
13.658342263210667
14.62770502218481
15.495190448001395
13.592308237958417
14.7873468731518
13.956765116457465
15.110027331894926
15.93554584160609
16.3895721372778
15.94768584837831
17.305933082506577
13.876972491337161
13.668457471686375
14.130628245849604
15.134943645664382
15.581304778469692
13.853778378522751
14.300537090626253
14.494303286101971
15.100263707704064
15.767665673951146
15.51866557296656
14.319676899685964
14.576547579008613
14.428843415536523
15.227430865126873
13.488000781128852
13.994994291466591
14.81081316928558
14.616750965381792
14.021737451627695
16.568751441547512
15.01464343056459
15.835978478010972
15.12850682233398
14.696284092647677
16.068940243101004
16.370505932951268
13.768193171395179
15.422820964632923
15.249756188477045
14.854555675034593
15.414593170677918
15.684028525086964
14.32119373294056
15.348084675269362
14.91873673013753
14.887155279124254
15.047434653017438
14.789766538938375
14.229990938989937
14.918160018000725
16.85057647999343
15.481098012604212
16.815120297939647
15.908284055651672
15.383012437197511
15.302879479452761
15.345524800814573
14.760102849585214
14.666458297758396
15.911713301394006
16.060908524959775
15.587823352280575
14.421340298064218
16.02355806802361
16.55673493933292
15.832511673359274
15.795112875520093
15.732960306621147
17.166504582702675
17.823166619263493
14.945506958423882
15.45928725166355
15.788599676184498
16.77583309506775
15.091090217904162
17.017485880235718
16.30984455424412
16.37394397148521
15.252490412841885
16.145284700315536
14.985072251826058
15.91270933263084
15.724939202721538
16.54477918146832
14.948827030255723
15.405241392966635
15.238623791966225
16.265775916622022
15.73836804266421
16.381317536742465
17.25413519965454
17.484237144056497
16.36214106849364
15.279461135114113
17.017390883298088
16.770750798461847
14.08108747865631
17.089509856769162
15.698752766844672
16.72796403182893
16.477371222462637
15.493806681127541
13.724554232556008
15.920895104553438
14.725643847511742
12.964393115011854
15.3319971635993
14.964662439440767
16.484871842883763
15.260599770577466
15.584109782012689
15.549737973626605
15.267789889543469
14.72560832642966
14.153119987755066
15.637884407251823
14.495381251900023
15.968589502786154
17.162586012677156
14.387942313196087
15.578227620860186
16.188126309387258
16.074135838133465
15.553327929434886
16.655810038973904
16.495595673030508
16.14982922564986
15.365883226643467
14.66671619030376
15.0895717978831
16.458295067681945
16.207491038136276
15.234384716921806
14.911888968842153
16.048043844410568
15.29395063747638
14.534382107869595
15.64697919678036
15.368485959411393
15.097899750627718
15.223709407729213
17.06354684921959
17.13460622174296
14.317764549798545
17.091899726826767
16.245329466600346
17.506038853688985
17.06485631761218
17.967596065567765
16.93484928932198
17.661207561316637
15.842129799983997
17.161452869804986
16.34195374817189
17.51346595834683
16.040472623509487
17.1646578251547
18.45166491217944
15.162339079667344
15.236991716561713
15.74019679254838
15.970348288273508
15.780692852809361
15.711132453642264
17.05311225131294
15.714711643152214
15.909953051731225
15.890692541109185
18.00251117912288
15.589424826553639
16.245138731640186
15.123363698314787
15.134684513653834
16.49085930755181
17.568699479352937
15.673415825580008
15.800210496703347
16.21004537389262
16.127424549546863
15.071285011729165
17.22738841508571
15.402355214293413
16.06127009354508
17.019992474952936
14.795162964348867
16.499351763320544
16.735017912412726
15.929161647475585
14.193092414700974
15.729088858366627
15.540530537291934
16.157727475867834
17.438995377382742
18.021255355082253
16.569612974107535
17.261547984684995
17.057551937362703
16.89055659250094
15.953539135371631
15.795713014683944
16.411368708189407
16.59937662110661
17.625935395237224
16.866318976675814
15.160745908572528
18.57511215503227
14.856439245928323
15.358638056596025
16.484674901391543
16.107173341662456
18.053248956875763
15.180272925109964
15.385409604409862
15.907483318683864
18.309706867848014
15.827522983608024
16.73486264916018
16.875757468349683
17.0559941390822
15.791484803312454
13.574460360747219
16.709830501258537
17.216995895502347
16.670006302314803
16.717310477017925
17.832537513162983
17.15029056777198
17.469730844573963
17.443821579995948
15.790518447541512
18.548016227648368
16.1616765761614
17.523994327035947
17.214984037916736
16.758341578435058
14.759228066012264
15.864739639431273
16.36535818892192
17.029823728833737
