-0.6407134163770348
0.2948446891283492
1.5588128190637134
2.2477932917863224
3.5589317553379027
4.386440292649525
5.451340273921974
7.660028520771414
9.315761717799024
9.954442431778093
9.813006911171158
9.904360446455325
9.914496100236246
10.984038239606353
12.434492540190057
13.4477254803694
13.634911368153128
14.123575380731037
14.967668278249477
13.988669029681716
13.892910181316193
12.685460530246994
11.70876403370108
11.838787218746694
12.525046645602494
13.639645169817529
12.753624573552829
11.414853523746247
11.37714921736871
11.46479805280348
11.084408714671564
11.253894502426702
10.687337818438785
11.477478181392566
10.897448030931931
10.280412552870091
11.550642061346869
10.672248760131213
9.956180131782544
10.415050566701971
10.721750719722325
11.849276588198933
12.305582952892795
12.264524674543978
13.074554160791758
13.433307978197554
12.973395291389185
12.137776979439424
12.131951527292202
12.966650682099733
12.441694186981977
12.380770117202395
13.25528555570123
13.562883600939196
14.206093118443848
14.467240160573429
15.050775214124863
15.944464147380131
16.086538822588576
15.291967385429835
14.787372623583828
13.86955921454306
12.979566578964643
13.657695018372603
14.35462882954446
13.446332325629744
12.00264149665036
12.141459153650812
12.424190518756282
11.812179008791542
12.13128318183706
12.948892496852816
12.78082031587995
12.741669475874742
13.101464630784813
13.24937216733003
13.82306428254854
14.012000130509437
14.010012156022745
13.864753550105783
13.37741092608097
13.954434143113255
13.581854700591656
11.461794760776074
11.52325823542946
12.833875905245664
12.846905443000548
12.674465504641075
12.902125486705998
13.416415801456868
13.924819897952627
14.585189332682187
14.60305306489864
14.709704711670158
15.526324507353964
15.090828711572753
14.375024882277623
14.715124119795012
14.647108602234036
14.78379544158549
15.310045034846487
15.147355785646903
14.270377195147454
14.133045654968864
14.430420159255643
13.732576343156008
13.226262047748518
13.632210716903584
14.069202006281149
14.339802808797463
14.90163459782003
15.02545474105646
14.931195283953024
14.825716071862244
14.343885109200658
14.218253326689608
14.560054942875134
14.67820812617308
14.620577795702507
14.657767735638036
14.954127487959148
15.476151787374029
15.31826971465762
15.03384572943813
15.940407622406884
16.166914525002568
16.090469486026915
16.225848785486793
15.75827523839042
15.627977435511546
16.09614378499754
16.289599528264613
15.887391087849055
15.630961981218912
15.47048611889618
15.90382083412984
16.451486144420905
16.58792475485691
16.76428275603915
16.352697634880222
16.180616390737036
16.62946475682186
16.856829551927845
16.472995414211486
14.90356853399176
14.635846431744753
15.66511572148451
15.361148962116015
14.763319424667642
15.292226254560358
16.050496701491628
15.976210433133753
15.83280196369252
15.465331096332957
15.90890446833045
15.971713981503562
15.162455126580287
14.998080070576911
14.66007590939468
14.755362147998076
15.078687681799206
15.55028360200819
15.157829414293191
14.234136076647394
14.639752185565465
14.75805375365226
14.233648395563744
13.635400614245125
13.56170592761177
13.734301906138844
13.389373327573072
13.25137296687468
13.365093281393136
13.246872273031126
13.64837068044637
13.572539296499718
13.274052176157584
13.934524591433869
14.345558011859998
14.00062632369698
14.214662481781708
14.65323452917942
13.671215512757076
13.021675172078329
12.863484961459058
12.455683884789751
12.771538046801624
12.714100407257067
12.390514833788156
12.6082975787298
13.470608084898675
14.430788166730569
14.944690805837729
15.083369499816817
14.257231681522123
13.6751220384944
14.071288788655911
14.478441128806978
14.58675241208521
14.499981367195655
14.63375639047313
15.228115588387618
15.754559675752803
16.007983892749433
15.359875806603265
14.894360667074704
14.997277460554146
15.452296533188893
16.41351705943468
16.234952765423927
15.926228861741084
15.893817298160524
15.279802269825016
14.753178068923962
14.282335059644316
14.057961039249248
14.533989281641492
14.783809005692634
13.66958187363192
13.617737258348663
14.510023097788167
13.920546738540738
13.611466509602586
13.69053015051558
13.752405196929054
14.512335728693587
14.48429119839694
14.272508819570394
14.202738078618047
13.94549421849586
14.393073602490272
14.785426226963216
14.94122333775847
15.008345895757616
14.94848260559645
15.780668828459502
15.894921287945628
15.181232849305454
15.57808008755027
15.854005429239216
16.151111011011036
15.988223273948732
15.709904577851498
16.476168416124278
16.24102505895591
16.26454167198245
17.241628677068054
16.70925337498482
16.09720612162917
16.456733487706217
16.685363754394473
17.128604157426963
17.791594811520916
17.781341648632036
16.49826266169684
16.398633610844005
17.84875308094357
17.932503014956662
18.084558047719028
18.53362534160649
18.75901367781168
18.332736854433385
17.908318033061914
18.247243712404607
17.670200872418555
18.19033188024306
18.487225732831643
17.861222216985386
18.127498766331488
17.77411258409143
17.514304259947156
17.711834102444886
17.86016632552909
18.06796433463798
18.37378396856484
18.180915275123485
18.334141523744005
18.56514387508045
18.198143481914972
18.028245870816903
17.928577294803944
18.29296738261504
18.44517982275064
18.495906771167075
18.641589306807827
18.667399701832977
18.538764771618805
18.50751841072617
18.84183196284604
18.263389314968244
17.859401163182216
18.385163494838288
19.140986426256664
18.74172979164411
18.39393422762012
18.02558575171176
17.914610327418263
17.572224541285717
17.07691035290933
17.64868705801282
16.967159899320933
17.41109690059233
18.165772317276
17.928197061530867
17.69265056681357
17.804885636716527
18.103458087178588
17.90234891086388
17.843855194343963
17.72879029739341
17.975536179050668
17.718599627192358
16.891603012342763
17.56770758412076
17.730660904040207
17.572736410794803
18.260437838707407
17.818052157965898
17.78556950307045
18.58421902533797
18.03430248786663
17.553656507930217
17.646622350726304
17.737390353217954
18.46218497513896
18.45176707055744
18.067207745174272
17.97554880607268
17.371465189031557
17.634300512775365
17.50595084512704
17.121072818215268
17.850584613026793
17.513406124056168
17.017204317694713
17.620425944921717
17.96447935020502
17.49508332588149
16.88084489142667
16.111424294625213
15.981626262445552
16.41973773497023
15.873218649541394
16.076027867015693
16.298242137935638
15.989826690699982
15.975121975236172
15.688938936711116
16.002163297323502
16.716499198200555
15.85878125068458
14.542396269119228
14.387381766217317
14.72479927363263
15.72242291077532
16.06510066564955
15.90231935781451
15.843061283644088
15.65765500869663
15.196975156319777
15.716540369317864
16.274214393603085
16.400890347453036
15.90642810315777
14.766697693836178
15.388302684027945
15.408158801816953
14.905722545259511
15.519385019688327
14.571677605298914
14.287162018589308
15.1339075314404
14.757632071991631
14.85688167800793
15.05325118549474
14.607323336172238
14.83389701756042
14.899993305001471
14.263063580262855
14.152210249765128
14.284961681295725
13.982898631095766
13.464182583305233
14.817466327872213
15.884328391745557
15.30773690294685
15.549621733352774
15.90528488538486
15.877787665661131
15.342392432878668
15.123330526405514
15.321951912088402
15.175998917923438
15.14407960565843
15.14787504802417
15.673763050925224
15.93207426686629
15.205232435040651
15.421972192132166
16.25840890575808
15.539286500714924
14.985400592525918
16.09807461955787
16.645574492635077
16.444128406929323
16.84185369903841
16.13921281234757
15.695537715649468
16.004070166643025
15.948116708333568
16.35079274302359
16.876461895641775
17.45730474369252
17.14671268814491
16.86545478435626
16.232270622807192
15.697552193517636
16.280536997635625
16.964661988096456
16.115925380697632
15.297839002207844
15.871349100351852
16.16191058941131
16.26299907024672
16.296429055265705
17.10439907795127
17.270918720784223
17.37835235523417
17.390794086992205
17.09090478833511
17.185538028881616
16.964338153258794
17.10082962931084
17.643522898144077
17.780475983855435
17.6949533291153
17.841853914018447
18.193642097873926
17.91214795726118
17.284273792700272
17.42064349802278
18.059790188070743
18.109887633646743
17.790052040775098
17.917955191109158
17.83138964855365
17.90771882375286
18.171768570237337
18.13543244677213
17.554151120091433
17.33957025461642
17.881945482133368
18.21992636675554
17.974502678616897
17.829619739787976
18.04303389651412
18.26791482419251
18.807502040179603
18.458777997136288
17.95362185256818
18.46325128668426
18.572821239179238
18.07211023785364
17.96128176524575
18.54796131343242
18.4075449298823
18.47057940775162
19.126593355106287
19.249609992130317
18.76154048271233
17.994636167616367
18.09026430795424
17.88729541295574
17.810003135443356
17.90196584451433
18.26200832160201
18.86231558430574
18.953677848685206
19.13446327492249
19.43093770357413
19.13788194294245
18.45951921828337
19.119119665359804
19.183338047721108
18.757458611830604
19.22346174515068
19.52026090861834
19.681336168200392
19.383340451498785
19.02869417953269
19.125141248157117
19.80987065196809
19.71183802233672
18.825799680590848
18.90821092817073
19.059678974985975
19.399523390439207
19.41241678470421
18.81036381985808
18.532829023276417
19.04979454242193
19.321758294971342
19.331716688718604
19.50553358325772
19.148654348035144
18.817603558789635
19.254670294847127
19.63052569275252
19.841024605026167
19.618512079788573
19.854276872391715
20.131165132195456
19.86937780215383
19.78890822579911
19.510738474359545
19.008166311655497
18.568742477420276
19.11214317969005
19.391558360328403
18.923217361555835
18.637603115409675
18.833327638494943
19.40848346988405
19.229406792795015
18.66603573491974
19.42556293103502
19.62880217892006
19.092736721830548
18.824701045142685
19.137014810676124
19.32303588644119
19.683106418067013
19.449952512133784
18.67981660365407
18.35515861844889
18.326942458857943
18.94256817724179
18.921844000717844
18.75886457481271
18.740998038670305
19.13835606441578
18.4475581948064
18.34185658570894
19.41284108701583
19.224787979508868
18.86056029499016
18.55282705467838
19.426354514057916
19.816720364725423
19.11901224646516
19.31647351970321
19.11963660921581
18.77250073177561
18.594917686617222
18.159266527073708
18.61274004416856
18.66262195478973
18.71857628363688
18.974830082338496
18.903037747411062
19.35467878488341
19.807570940935435
19.62962436973845
19.27161086955121
19.29180267089137
19.31510791516248
18.80351303596547
18.29387891863299
18.953575329675964
19.00951635665213
19.51371064553983
19.98120461049732
19.748644289176077
19.52745972524695
19.49069104519924
20.18858529633964
20.31987877443172
19.732103356064528
19.35020068455013
19.42092702828831
19.59237636311288
19.235237696449182
19.240021917845084
19.680215389421992
19.4456846048348
19.394166477137126
19.70918557291741
19.85635902024148
20.06460300628541
19.91897161580653
19.57048318300892
19.538947771090903
19.64038729118772
19.31477517529433
18.80336732498796
19.323487091017736
19.327803469721623
18.979739184100104
19.13142316491012
19.21342896673727
