-0.5402785751709702
-0.1432411895399699
0.3927152206757279
1.291791035737547
2.4347314448040915
3.2112070478869303
3.3613355676910355
2.7726169211332645
2.214370752791423
2.4110171975112884
3.170370859838788
3.4302084041212004
2.608090376071372
2.189430422440034
2.733754318110116
3.559552644202262
4.421738917114692
5.345260587601937
5.796828799696623
5.962029017667905
7.134210783041708
7.87489665573632
7.216964180575757
5.831078649981509
4.421789342372601
5.236717293845211
6.3635752540044965
6.8196905365243365
7.099408866302142
7.446611033532326
7.332687339089559
7.227285283232402
8.108480049041066
7.177295429310192
6.2520601171738495
6.79532080990167
7.021847277100205
7.222116114664345
8.366905855128316
8.606263787900795
7.895291800411544
8.121312503232367
9.04538947513004
11.443215396864952
11.70207398165172
10.184214391893327
10.089441519434317
9.84379408826725
9.301875558917596
9.589300518472273
11.454487358168665
12.515231331498551
12.023865812347337
11.507275057878102
10.79453974125208
10.300584947172736
9.782115882473263
8.475365592788041
6.758428166396575
5.4996436901760895
5.317801930731328
4.01733091902783
3.3693930255824047
3.487543035207872
3.768696254239133
3.9283323555950975
3.028777287884196
3.52985245217332
3.969660831842026
3.6899135651185775
3.2418253902625787
3.266084822819757
4.030872440100129
4.167664578264492
3.5386354459374365
3.264947637704097
4.155525864797142
4.450545420051235
5.4005294211446415
6.173574989335939
5.6975921638930345
7.709680588225406
8.447954942262358
6.622876667234159
5.759237903094531
5.670264643884119
6.784649621370679
7.147521168366982
6.6442580081213904
7.281496409349367
6.771609951122667
6.192193665306645
5.840789437791927
4.705597606512511
5.479180432534239
5.539116358570165
5.4407887826801735
6.401340477820575
6.348341403298151
6.451743705085849
6.525686084634495
6.531612586331234
7.458867717699416
7.513127840244811
7.36703899031348
7.085290219191902
6.846204740850827
8.727952150255494
10.005782141770588
10.37220617264162
9.955269053792652
9.275705305759104
9.586731564351435
8.808553410632019
9.272797035619872
10.463572319573007
9.574175826001436
9.21538584636417
9.22892717647987
8.894594887921306
9.20099824847152
9.994443103309145
9.986696947415636
10.664608426492304
10.759973735626753
10.05323442096386
11.142331976257294
11.293845469292023
9.982087647954032
10.34465223344437
11.142523530342284
11.037959806688436
11.502750243671844
10.406331258206237
9.702954231828498
10.5166116701198
10.69332537030898
11.374904141313664
11.825324085460045
12.273639203351504
12.507847441301532
12.100633607065028
12.56059439248876
12.57557699995296
13.1242925601785
13.215954838514945
12.001392645412148
12.5919184009013
13.616213689643942
13.580042225555571
13.158090768168613
13.43219154823624
14.299075181351462
13.683484052821132
13.703357170997146
13.636494545059382
13.42257774720022
13.361627527343298
12.14297997554046
12.765253243804764
13.61509494993389
13.252216989849778
12.99642199600224
12.012570951057585
12.442203658583251
13.58098522149297
13.280066990721382
12.57447347499494
12.590099682387129
13.85587051001997
14.325322374666676
14.011774654209244
14.02104765338222
14.208999060854612
14.596545803763709
14.542880888622378
14.06304155484662
14.055451053309014
14.35554257290656
14.455871067404118
14.212018971160616
13.597577327853823
13.466691621784191
13.780204259087464
14.10741300797303
14.407480324848216
13.847273690903505
13.456045716937384
12.884889217602646
12.7706013009374
12.573414662884668
12.770988986599653
13.059276751859477
13.1672834718677
13.14512006699988
13.103220076464437
13.414336101334047
12.9572626878179
12.960534190311373
13.33390592290255
13.701713367813294
13.863415292963682
13.920579678258822
14.314042928039736
13.783054573487597
13.747324728434227
14.862022425014151
14.198651322182789
14.131415476803529
14.80664074918398
15.230283896374198
16.247320592559173
15.910947400235678
14.716292754876784
15.358740126003532
16.10599075859747
15.38908795010911
15.37174309544176
15.763224781514277
15.897616078494002
16.333735612568166
16.036803576015007
15.786715349143536
16.433940652670454
16.58792478110768
16.279302422040146
16.34015537824999
16.77425937092498
16.745600749978223
16.444206755579668
15.79131786898082
16.359840740617464
17.179655927908176
16.70346678266555
16.75770211937298
16.638813676404766
16.627690821343087
17.227263215836143
17.669912110585443
18.210368327710555
18.663147581665463
18.144550921274902
17.829681940338354
17.680887586416883
17.23035418367958
17.337808135223316
17.419853641362316
17.544828125514215
17.786096395187418
18.284411112446925
18.603583436173743
18.495401838358635
18.139860857615385
17.949640239713222
17.569241439505856
17.38587671796379
17.810520478804232
17.592895985339037
18.25956393144766
18.74190734229541
19.294801032545852
19.68045678324639
18.698010379521623
18.730779349383155
19.29920250657124
19.41184958635577
18.702489448948487
18.35677538403427
19.366364286899685
19.99216819153825
19.07053449522673
19.11267700659495
19.43924541041339
19.081677191050407
19.311288474039987
19.65695478576351
19.92436033158164
19.484890835939343
19.698112124095925
20.059003910609217
19.55969808247433
19.76625531088339
19.508205037761723
19.553513384333016
20.282852500953386
19.31211392822337
19.72581277630144
20.85750575873788
19.755172598839383
19.15696554345448
20.18122787113025
20.226472414232013
19.318331953310707
18.238241557987656
18.27638425750073
18.392654690041525
17.61989802906006
18.16083251211137
18.54014959339422
17.854270622276875
17.932427480653363
17.999532293567313
17.62872691330896
17.331308782445447
17.862205198023094
18.550107397868825
17.738916314290833
17.30576966313954
17.574699156685302
16.9353298720646
16.771004837571798
17.755745203161087
16.75535062610259
16.202422812543393
16.67049880532596
15.623597305758931
14.548147198750614
15.196356189280875
15.826088548498204
15.6861436538604
14.791714318530197
13.687306086805783
14.021868403354413
14.33572687231242
13.179258106670323
12.19274810323314
12.354769554287431
12.912992075798824
13.034549715286914
13.321136606265188
14.18846976083782
13.076353695215271
11.459580628644316
11.404179102209223
12.151489315379797
12.089996259861612
12.419134277532462
13.50232112638211
14.380157826208892
14.40319738768322
14.10601018218574
14.25896028228448
14.24801112824687
13.701005631214253
13.68771690160449
13.354442560080686
11.925816618941017
11.23716600562681
9.782873421259607
9.013035163569237
9.218118276999387
9.67019969839728
10.292897059565334
10.794249170519777
11.36228428154078
12.029070590484755
11.700526685435158
10.039642794971092
9.313673857766275
8.863736205730477
9.187473968114228
8.703935853751911
8.781937101865308
10.277930297403277
10.187411100554424
10.996428792217754
12.06964585861244
12.11810428482016
11.315647707257058
11.151370684280606
11.388051623018685
10.365496883751364
10.569367169581025
10.878862208883682
10.58821871402948
10.26846167176108
9.496213632692468
9.202304172359485
10.675620622117208
12.110628653625758
11.319302169995778
10.276422343242642
10.323055666210928
11.046383286229489
10.823219818325324
11.12642411161129
10.767185741898176
9.875812767895788
11.645343194301818
12.420948401489008
11.099821485615411
10.752721509075588
10.459452520711666
10.262021100699112
11.012986951722873
11.344599527180948
10.887060665367375
10.78432735520026
11.951134972691316
11.75005145845467
11.536660836429908
12.225749157387169
11.927496815504531
10.987348992377829
10.715541189312448
11.653023182329353
12.253176876591365
12.17288129363702
11.96431926208608
11.820543586913312
12.077744175100854
11.593870413507286
11.495162934673234
12.036463760912438
12.331040239551596
12.527263493893338
11.88614495866423
11.11778084132279
11.36719088737186
11.805766211062236
12.259073081642432
12.558817794087066
12.519305995706793
12.593338364909837
12.671897468504882
13.541238062030647
13.14634738941725
12.487903952809226
12.23327538954571
12.056532298249532
13.211402134263167
13.230545321370656
12.373066733126077
12.476613006971968
12.786439643188835
13.579307200058848
13.975366010307605
13.124410389595823
12.649604002612731
13.373049372699477
13.488809737294766
13.170528703774943
12.938738458016005
13.725470785239768
14.094928400008298
12.360072786307068
12.582973596486154
13.622817875851744
13.194236586456912
12.334938972397335
12.909811414123702
14.086385429685308
13.895209334548811
13.967535215057495
14.285824412262336
14.56881442226851
13.47591782352219
13.604050570453795
13.946946709222916
12.977833363193843
13.634662897404732
14.964487231557868
14.66563070265516
12.690458795495356
13.38801677307576
14.25595882704618
13.888162437178815
14.5454359185243
14.62831924053586
14.243164039436744
14.084387648393385
13.665405860371475
14.114658031413574
15.32830140245821
15.517737066028523
15.104930855138733
14.890849833853377
14.627949255086737
14.220497353667763
13.835613410162424
13.6371909084393
13.43313376767801
13.989734820843482
15.00395660212788
14.642197023360788
14.86948835110781
15.529962790778022
15.705945579091066
14.983979180048658
14.612589901420684
15.709405296581629
16.315248530550413
15.862674288046929
14.802725643278338
15.456500166671596
15.678218018037946
14.51090665043316
15.041304574806368
15.50949545222398
16.159024387097745
15.875121797170117
14.39805919770415
15.22323591454542
15.512671029463572
14.796066702100502
15.38065818313462
15.481153833129312
15.183004423729397
15.061860631675213
14.924950854629063
15.307544736586658
15.408072935461952
15.418452155102818
15.723471308693716
15.74055576900502
15.74586725155024
16.451969885064912
16.709795486679834
15.796034203287515
15.987657640755712
16.204813510337193
16.00168453846737
15.82583015150144
15.876493494906867
15.91487042616172
15.471048535127046
14.788143495934232
14.75575914871934
15.53947618645781
16.57499601582276
17.076194290171326
16.290842973609497
16.25925902823043
17.014816253454548
17.505730501740082
16.967383469719778
15.668923154967366
15.40252919506262
15.562220742210748
16.097719915246927
15.918497195488282
14.653414945985974
15.270372593895802
15.991930604448717
15.426820727092
15.746700521100417
16.694290210449502
15.7633671741091
15.419434351652235
16.392401059085554
16.848928270388807
16.16253327183852
15.259039199755785
15.618237274706418
16.37866672088295
16.21262890000516
16.006707453984863
15.82206049140475
16.58363889383698
17.533203415422427
17.432526195774667
17.002144690355138
16.76737442758042
16.69431907628013
15.750795375592052
16.19271942589047
16.989986421016127
16.23322392009127
16.226246627784406
17.287260844405747
17.228461429254512
17.000024219790276
16.000569768124798
15.465835866772164
16.44676003494507
16.7003240294597
16.559159625585345
16.156004604632386
16.863949100876997
17.627113000912235
16.698251754200903
15.783317274122474
15.090026248466897
15.4843067713748
16.20239762172681
16.412056039455447
16.42932302199427
16.062906733587937
15.973913625126912
16.059973339344534
15.70203934892625
15.752981651250124
16.062499841177264
15.965801361322953
16.64930832054945
16.633402650614645
15.961645441080757
16.106444194858607
16.08644531438656
16.158553687876818
