-0.0668258362619656
0.0744411316904036
0.6409870109149503
1.4872395090578483
2.9623170005042057
4.695058264225518
6.568112618934983
8.42935728187994
9.327127505842634
10.258407129323963
10.65219257390147
10.575756659492331
11.107722271703878
10.494128468612926
10.915282358462504
10.800023135346803
10.86231229969204
10.976640489268275
10.765860811967125
10.676644331110213
9.83756493453698
9.216643509222996
7.052036348971581
5.705163249843607
5.604050895368684
5.32753205684777
5.933595964199407
5.429495773119284
4.922896535086747
4.842092026115876
5.4834562971879794
7.182789260639875
6.906085086592216
7.376452545128529
7.092874724246824
6.442894135928339
6.934637025156612
6.971579445745115
7.970729030444529
6.422521002366937
5.346999107994649
5.19094296715848
4.481509571231678
5.425428890370179
5.534922047161348
4.164982091815161
3.523765113186197
2.8207626502876746
2.65764782525432
3.119292450340194
2.6004084964494227
2.563947928414257
2.7088972908143303
2.480592094118366
2.203026897622198
2.215214355292824
1.1185993475664946
0.7975199887349984
0.931801048554672
1.9709098575893245
4.450184722200483
7.196410954553267
9.137679009458664
10.826882045114951
11.721920598813472
12.626366565147505
11.876317144975118
10.454905881912234
8.745720500901363
5.8273252001630205
4.7423548757374245
4.14830214203368
4.6614212088062565
5.193970073912119
3.5171323060926
1.482371720921017
-0.6112273022253835
-2.160831185996611
-0.7287930384480261
0.0441979304660438
0.3705517981611997
0.5207060746315163
0.423443794522645
0.8430781925196941
1.047473646165166
1.328291543466018
0.760305218738258
0.3023218894313784
0.0315169700681853
-0.2764671880899654
-0.2899868464897137
0.040049906755581
0.2766013358565554
0.3527496937661616
0.6599340054955372
0.7199667485996742
0.7372757211173141
1.1454975570841193
1.1712314705761118
1.4198424449700076
1.91121316577016
1.9163250917619308
2.3354614516937944
2.338620260608749
2.6439134459103992
3.827139574361583
4.542813831613775
4.440898753587823
3.5107434155790376
2.415698453445763
1.3657595897269903
1.327964094356566
1.321336219697408
1.2925084682143622
1.6558541292026216
1.7952589258664329
2.2649881731306976
2.5220427390210336
2.874909872729261
2.9927406937406964
2.5879239519411694
2.2098799354716605
1.7177725783459856
1.7120465079681646
2.2555631431431866
3.17396193348682
3.942748027161018
3.995407358781461
3.7236476716444566
5.803161928736663
6.451942635580804
6.210115678326433
6.223440099170455
3.65705850836456
2.311309997518699
2.6362133543901534
2.4306048953628925
1.9823141501788213
1.6970007936278402
1.6346752547112515
1.6211728437118385
1.8589635841425984
2.512295878220265
3.0033564516777345
3.996679039744449
5.004578713963573
6.057937139667279
6.2165518691484
5.754800108417003
4.837011621953277
3.282230643689634
2.760491169183972
2.621199175889547
2.917173552888443
4.801050408257297
5.500657277573063
6.7720456067879695
7.702540418683261
7.390211274379775
7.6505424931574035
8.24680304760423
9.215718404623887
9.526787461954743
9.805608984545932
9.535363424145704
8.359454684985794
7.295110853239374
6.525330360745492
5.052893440069355
4.484709601416489
3.8263886099212177
3.462432866709797
3.4338431791039894
2.897030885779732
2.689926573152491
2.6651440841345755
2.743618393735001
3.1911874723239078
3.889565690469289
4.248343457194389
5.2993636022278725
5.70152260353674
5.735088426641096
5.441400261283023
4.843922671408021
4.853141649400669
5.622492666185949
7.010657063993615
7.866238332809239
8.439269589995579
8.196875846268943
7.564521060657442
6.958398578384247
6.922736713315865
7.333292321677054
7.5830372538008115
8.298173719571812
8.203035487055171
8.029787594029019
8.396937779058042
8.300869921016924
8.307026225669933
8.531664022011823
8.406289172791205
8.19335633807534
8.10036148876356
7.716032537791751
7.495188598860901
7.63627698333508
7.928717435842043
8.688286640647226
9.299601317700503
9.446574935076017
10.08590227570861
10.22243445804695
10.495629171078178
11.107558474748672
11.380001974677796
11.522657377045109
11.290471069934444
11.426451193243729
11.080539563143718
10.928402329680146
10.99945992353157
10.424968384316903
10.359181539036449
9.957689643625894
9.885515642295822
10.00737627372369
10.041707255064066
11.103354044532692
11.26620903203774
11.562653377455826
11.874842558232674
11.22358199167627
11.148111405428786
10.608140051975592
10.102628519146954
10.280115454612927
10.682723572302557
11.424538868895525
11.857316318555304
12.113638380450634
12.240306702028825
12.1605622283296
12.23295218548506
12.275641289902415
12.488923441637809
12.69376861050972
12.670532670904654
12.40759451224411
11.704565812455412
12.013027742116996
11.966065086898457
11.988209548105123
12.663239793558716
12.492658696645208
12.291955904418574
12.7265151320883
12.329404116013816
12.378954931506252
12.943682082264283
12.857125410404484
13.10796007652556
13.59694529960095
13.32444040773249
12.980678040031057
13.039667889819606
12.865520120941255
13.255476034879196
13.86827896527786
14.289321078312874
14.201602459649385
14.218288889313635
14.29877519049132
14.255105515285162
14.372526294771816
14.577943121031971
14.738277469785505
14.512717486743163
14.502830357561272
14.375835475172044
14.315169565902792
14.538388082587538
14.565563324025478
15.212078822875064
15.439063558209122
15.707879458078388
15.87695174633422
15.79400690810828
15.697126475704303
15.561692614193568
15.789069151999056
15.676640521650388
15.669113734368048
15.438644835887722
15.3138928060855
15.183705740335387
15.4678924914412
16.056380440990182
16.166179818246686
16.52474677881386
16.481232282988355
16.391269679368506
16.345460743554284
15.83203540561633
15.956050058409907
15.75215877279742
15.520980643221757
15.635749643102884
15.568911186200792
15.096107597375548
15.20856407502387
15.06967383948774
14.76958979230482
14.794397451961936
14.589602207341386
14.882546704826758
14.783030521832494
15.184227140132307
15.189152460412991
15.049164035868076
15.351354965204669
15.056040761884748
15.044951392313395
14.845178424854144
14.740307216274202
14.29044782487153
14.539751801756127
14.220927660492285
14.070959378443716
14.37874626943425
13.982871739539789
14.043667599188783
14.040495475674312
14.260197127297674
14.10380429348854
14.27434835500184
14.002325597366182
13.530339545028172
13.82616399571736
13.543472685961651
13.031254597398558
13.250300449258352
12.674582464260515
12.574077596089488
12.39238523178539
11.66830581580813
11.824167966560088
12.382594945297464
12.669999821790674
13.295683494195073
13.097233681137094
12.36073435183453
12.145046138044712
11.471146068879182
10.841404342051971
10.88568227702756
10.788792228653698
10.720745728488508
10.928154683644168
10.606329938896032
10.753189885172912
10.567189114902808
10.426631098600856
10.353205431622296
9.78571413674448
9.815455557501384
10.324572184910052
9.746626904184396
9.52909467946156
9.810494429897282
8.850526775199041
8.813847627727103
8.78522100142505
8.607985044020168
8.996493842247856
9.57233120004156
9.690523632146208
9.115911771569088
8.97880270374803
8.376436315706183
8.108788227061892
8.449697185480348
8.415208384162222
8.725604248906748
8.944546447270032
9.099385062992006
9.184489223018032
9.482569271942468
9.816834325182048
10.172857393287796
10.44046707761314
10.675714070228109
10.90755370745274
10.576714906309526
10.88736697476917
10.664500849470656
10.703980905750033
10.99722622557237
11.107162867492548
11.541595332252523
11.62826597426978
12.006462539871354
11.983614220307809
11.84101771092943
11.978010798569567
12.095970246811143
12.232990256303252
12.417959959567998
12.329787526508069
12.04769494763114
11.978892013197765
12.187309895286177
12.12971640766526
12.40151677998509
12.886814919893917
12.849809050246169
13.55757321795122
13.626670782696747
13.651595544549364
13.877246631866438
13.623308248014377
13.921517745284431
13.870764377767392
13.983919485986792
14.18100806531621
14.153309803598972
14.493415953378465
14.584972969921456
14.920883764572324
15.061093228893483
14.6524478956208
14.628835430786204
14.682852124371268
14.525529062426326
14.85762711891062
14.586528662477162
14.33752757520648
14.288452354107466
14.16667636964626
14.968116456040994
15.127680476268557
15.155817969922577
15.09444911462434
15.040687832347135
14.84749682333572
15.441125137172175
15.791802525269304
15.566587209637031
16.14914462324988
16.024593567751115
16.567185019975657
16.825565836873384
16.706787500472295
16.33972056455656
15.973672104890642
15.679179143256365
15.713000001918944
16.814339792509262
16.965989753846824
17.447147900834963
17.588028926431008
17.113179833680164
17.025514837472688
16.82641831403097
16.757511986655615
16.775792466896124
16.640801214177614
16.687069142006536
16.259023994736946
15.97940388719378
15.776769503429048
15.758549881683312
16.235932190747466
16.352390166229302
16.569298009632764
16.1479855992033
16.172767587557054
16.01534882300107
16.124276619760575
16.49045529294724
16.25973945747285
16.66501939677089
16.26800303287763
15.621036628824104
15.358323334865736
14.874780390506007
15.329266915579431
15.753881409845794
15.480403580124262
15.831930634277576
15.413471146135976
15.422491060866797
15.38276302668879
14.739843233143128
14.990544700277804
14.798251470956323
15.365598331738092
15.58101411773115
15.846266941036584
16.07866488714846
16.237176591398896
16.35177207027711
16.03652463136095
15.917077634569774
15.230686649589211
15.351909846436946
15.29723312019224
15.09809906800782
15.48725650931248
14.822740227674478
14.94147670287985
15.565318354328106
15.35106960687654
15.81576208610543
15.343848524381167
14.92347601955592
15.380093559659477
14.898942770529176
14.968802900848967
14.32529185632026
13.85931917392273
14.271182498271246
13.83356253485291
13.873395705685551
13.222203134017864
12.509357854632308
12.039665534089668
11.801260523681904
11.861838639788088
11.84368937142852
12.811261940242538
12.970593999984008
12.728028422637072
12.531440159721017
12.06084626829375
12.442900705962618
12.63571200868316
12.97020637066594
12.925652770720813
12.454201825744576
13.32161325712241
13.560394598840228
13.547264142927482
13.401574011540252
12.811879989796603
12.480371400835768
11.891264620102838
12.144842329099069
11.875482873326389
11.732145647933004
12.577482995770277
12.568157790698924
12.672507126885447
13.240831843856377
12.755173797198552
12.686108407074451
12.044378806587368
11.161762457795462
11.09979779253202
11.027899284929845
11.513535140236554
11.378070426101852
10.873082846598574
10.652615809036606
10.083449486926169
10.09526740506299
10.421572514258903
10.75535271027423
11.255514669414966
11.74098058253097
11.583551937526186
11.474554839005071
11.623914726019525
11.658526834695584
12.391896382559953
12.180274386695924
12.126929380262952
12.199195573465076
11.961865930260297
12.56915567671978
12.961297141642522
13.377458122120595
13.629974428425074
13.606902298147723
13.75704191928286
13.745495901413369
14.039030024691549
14.323977188289788
14.622777703085704
15.052231075345071
14.825056285691833
14.706933864384157
14.260067845350532
13.569437327154366
13.680944411527936
13.421535503448084
13.590955449891226
14.063569977187235
