-4.81386772331781
-3.7290465293271104
-1.1679833678342257
0.17320002052394382
0.41712570482243755
0.4209197077730281
0.13284575477450541
0.2494291407675623
0.42959665301396427
0.25002554585004544
0.2634896128389335
0.2797243488331022
0.33839121092775626
0.4090670290329663
0.7995126724352383
0.6910597892144799
0.6866459525697838
0.6843569431171785
0.8887427069050208
0.6852129744742297
0.7365010148588715
0.6663231566947211
0.7505811521956648
0.9403411145616056
0.7847333394207817
1.3184217300361791
0.7280867877261089
0.8930864276986301
0.7993758961530978
0.7214088903541851
0.8620694695443444
0.9214031310731444
0.5924775947982487
0.9775028309682711
0.819974277009871
1.2058128930633456
0.855649381555879
0.9068177521011251
1.0766793148283513
1.0952109910441967
1.1163866958177577
1.2251503590736408
1.0345036787638096
0.8373860825199628
1.1804522718457549
0.9386256313957321
1.0187330671820676
0.9210940613051067
0.9140618730670278
1.1391640917021824
1.1943692058733972
1.1712680052761384
1.482103959012787
0.9693865295116427
1.3341933443462677
0.9184152863471295
1.170505809477111
1.3336007817085325
0.8288264266446167
1.1735303926794338
1.3686178556423325
1.4602579122125823
1.1990448903097326
1.6481489548670782
1.6777539319295476
1.6857441215010331
1.903286933554672
2.1169694887466606
1.6487006352435953
2.039738279341926
2.399853037175141
2.1773813010304544
2.2425127155112228
2.1153201679521176
1.767351904440998
2.145083026522645
2.814144091843734
2.115402050473816
2.0947708702286816
2.00326071850815
2.1921168713404002
2.6037146680454466
2.238588021539532
2.635560565550619
2.639632977699872
2.168047104870622
2.09791395049095
2.4754902156355727
2.358699131100055
3.296189232435324
2.957410220437909
3.1845283809712406
3.236299360780034
3.1081419811933144
3.3150924888184288
2.736261934933252
3.017997718296072
2.870979921086282
4.107885928927497
2.9300707634671816
3.3821310216384712
3.8904606601699583
2.94772428296296
3.145836819253851
2.7518604228781034
2.6603853046199895
1.8665718205494335
2.947742527499059
3.7586512984426883
2.606858767555533
3.678183798548247
3.2682226620943955
3.3132999121251747
2.58771949947814
3.0510083200196103
2.428845997287396
3.1409633027442054
4.594419266020295
3.4765401807457037
3.3434049293930483
3.8612826126636857
3.9982150465431783
3.686939926560056
3.927859814565193
4.716307806156223
4.640926442599594
3.8921718654580455
4.072634149216599
3.8944811489839872
3.2836447940921323
4.8682158075038435
4.757058038408652
4.009602181775806
3.1785520235906644
2.9534410853843656
4.454446476265187
4.319197429260381
5.43490033182213
5.803039879449312
3.907857986573173
4.783280424044538
5.052600886910338
3.5977382450949738
5.0769024442668504
3.5811082316937415
4.071004549217303
4.310779862992389
4.521283887945186
3.629730540114312
5.251736506055092
4.940283045407578
4.501833306682805
3.9920523006816144
4.067487238993241
5.745141729849598
4.344114159142459
4.143102258838803
5.039264314119828
4.561818679276834
5.91178547678806
5.855390893533266
5.470246789447215
5.259209953503924
4.29081239194734
5.340400895398432
5.293559930051266
5.512119626442845
5.242867051160715
4.683750554783273
5.752198230746354
5.148360562300328
5.490847498021477
5.8404064871308625
6.632965730770844
6.5829248544829815
6.209248197144587
5.79725777946311
5.31880424978868
5.845798182620987
4.627611226720775
5.75288476469413
5.368156636664961
5.601901926906299
5.185652367085728
5.062533925878067
4.974468113222476
4.574606858735958
5.758384446426253
5.078415881881803
5.556342042980174
4.8817248552981
5.213995889169147
4.900621838783876
4.259688280479825
5.421820843944508
5.596551756149906
5.536278721335722
5.498017439106681
5.6394940360735335
5.417652222337028
6.91121676957409
5.622865853422569
4.6602497509823895
4.920451607752568
4.798275641184962
6.180137669634404
4.815145587055183
4.870837668939753
6.113348075608445
6.979835078829792
4.8012733556755505
5.589378901415343
6.260942891790005
5.533046013267311
4.943586664557103
4.366782304871005
5.836539847079571
4.386086545495569
4.658533881167668
5.521343321046885
6.3028651322020925
5.763660413226888
6.1672589263229645
5.8916253458842185
6.458278117024034
5.7987927845222025
6.012361291141011
5.654284130578345
6.205976190312311
5.184921568683922
6.727744462601258
6.717482418820638
4.865594815047015
6.448364714948585
7.050744459960552
7.277672879645454
6.115951014552657
6.135313414051393
5.983937577531779
5.162983934773917
7.07393728869426
6.9656089187658905
6.270421080702323
4.245010074607454
5.775189288384074
5.6468491088495725
5.818712136578529
5.614778282347774
6.565917803645989
6.610088722333487
5.931080164932107
7.226799883060449
6.921547790466198
5.581399908232296
5.80359681919807
6.518293602780457
7.458301744544699
6.741059040039792
6.836728731457433
5.908212781600827
7.287729703761121
7.764714354475083
6.682314614849485
7.650393210737438
6.647748482672129
6.262451092707363
5.622568125593952
7.5531380365921095
7.2089162567291165
7.17934767001795
5.822852098310162
6.518030112194176
5.680839759006847
7.03472384084748
5.4463849603711
6.24284263251055
7.374635925426818
8.439543610279411
7.980247649571643
7.113298197805558
6.3986501570882846
5.358105678354153
4.960758446039674
9.033858160895585
7.819118981503366
7.523591237445584
6.925760100214326
7.43933587000419
6.916344034191928
6.593274458566507
7.479052840234654
8.85581539898436
7.987691829277697
7.512667277101652
6.083322580848772
8.068412627687222
7.3602249703091385
7.282201017287587
7.95763183195742
7.302540603359343
7.753186401515638
7.7251599447602795
5.462034799155267
7.32577293845273
7.207928254375396
6.581083550908846
7.349232782410279
8.220643694549237
7.907093862868427
8.272729044067695
8.038468488342927
6.3737847405603
5.735803546957389
5.797218203889347
7.146166823433718
7.106058489754592
6.594592838313623
5.66073275375289
5.2694707741896165
6.292690553541963
8.150119789280815
6.540036370793701
7.73258637522202
8.275082165743097
7.247530976499982
8.94802124198905
7.957943146643697
7.964777500259597
7.747192822455774
7.134223660435874
7.910906155713602
7.335279995859924
6.657364817777265
6.932580052884078
7.981297718260948
9.774328448120796
7.368005710506966
7.933700409727546
8.786621521029
7.677372672986844
8.421601996016394
8.211322429204534
8.850382462866623
6.878146136813671
7.773321182817304
7.659892341240062
8.700474381719879
8.403774884681194
6.28377116081074
7.885413131853033
8.968688839890927
8.040683118473446
7.656749780808265
6.310294863204966
7.9213301213988405
8.728460379648462
6.9712090355671466
8.770349219947887
7.8526515081937465
7.980562031179671
8.15087692623399
7.970902317593999
8.179608402329093
7.1877989748399225
7.550805027367854
9.427247125640081
8.434531217675797
7.843478178547283
6.464872516854678
10.31436862929723
8.800097718708434
8.128411945907201
7.204686472006676
8.984555474802905
9.314779799967368
7.97207344071678
8.768277204697071
8.67488421665591
9.019884508549206
10.356646338254725
9.218224160196215
9.805467488568343
9.241741629644093
9.262330959014822
8.030005776804929
9.133390866144982
8.774054217242632
8.777895487895005
7.959524031880935
8.7097070105379
8.301783151468664
8.419624262400982
7.632773612237052
9.8012006498063
8.570476859555718
7.762349382064948
9.12408174610529
7.834394241808979
9.341615794919674
8.442145112397386
9.60164344234167
9.549370955663816
8.51829492082824
10.275277395950946
10.046743630500997
7.992813678170494
9.504451342184364
9.28023400825589
9.503377476121594
8.175399906576041
9.48149222041436
9.548065212414144
8.971627065556424
9.081700658265326
9.0797013662305
10.19956652113178
7.321321630548764
8.910346492459698
7.9813325893091065
9.98741204076708
9.12521747384272
9.09430907930822
8.066619604949135
8.673259502416242
7.308594141942256
9.033745074351724
8.959261741475284
9.428755495009337
7.936370582736851
9.175325105310296
9.529394036672405
7.875790709000448
8.806703867989315
8.958392203851208
8.68911973249777
8.115188738337608
7.948198139106526
8.452780163900552
8.533882625583184
7.670812347235121
8.57380788007984
8.493943151228986
7.325957367883121
8.696448614946993
7.9726612312778355
10.26329008866663
9.239537252399144
8.915533900180296
8.614232708151436
8.018289409292272
8.188920789296272
8.897819461987652
9.318638467217953
8.472020919665551
8.38011341091031
8.742204342264543
9.443127978890123
9.296819400956249
9.085961019534908
8.590315502889274
8.627894683027653
9.197151746621381
7.917519983107693
8.924049057533356
9.060407915552105
7.5937903297066285
9.354744416125445
7.651656714854347
9.60922211723393
8.169311963042768
8.128587292196839
7.774054926347348
9.088755428741914
9.518073630372763
8.392036546409335
8.454664468762132
7.393994468401461
9.480475868876878
7.159543600367365
10.959761649330193
9.886220181394663
8.48491220172387
8.96734293271347
9.67230862696455
9.206663006584165
8.250150682364621
9.211714789484107
9.474009016340995
9.581706884509096
8.57718509148554
9.49515571827654
9.804012047095913
10.011804803872332
8.960890036907891
9.505536954163931
9.998804602317172
10.420767666825151
10.44362021339148
9.302885564074328
10.277865899750207
10.144648988369454
9.456824767223038
9.27918852035939
8.120806365765757
9.549452073506934
9.944993400510363
8.705042699650308
10.225305864160143
10.44505375598047
10.975886106085342
8.610719008389482
9.309835614475606
9.337352399127083
9.21658556226264
8.946042246090252
8.391295084682774
10.12170431706481
10.397529282787827
8.567363279174181
7.970474371566893
9.403048693364953
8.91413496274623
11.466336177193522
9.681640949564994
10.030456068365675
10.406834084432075
10.530238538109394
9.417301040686391
8.789896776806948
9.165960248346774
8.280137643191688
9.063729289597838
9.246185498457423
8.696785919153923
9.545219913524928
9.174033497460172
11.23266826753129
8.560766294845907
10.588466139601728
9.317090283097707
9.189680449023564
9.802678536900986
9.427726924152523
9.623198285457853
10.445350452153914
9.800635604464583
9.882251390625079
10.428587642363158
10.379601349250045
10.386426537157707
10.052124038209389
10.86536748858415
10.687627279967884
10.635906194840745
9.342634701773633
9.598481524678261
9.262954021315245
10.53727320886963
11.361520037211173
10.028411983415902
9.35743429233617
9.741927995365083
9.939842221929052
10.651879821800556
10.17959653881196
9.517080352302877
8.580654253828689
9.500290583622112
8.977744889825523
11.020156784011865
9.129409852581466
7.852981038258146
9.654096906807547
9.269243661768764
9.183379079557566
7.1916459378317
6.954571478565266
6.597875840887457
6.873490331615816
8.20608619763134
8.79200502159349
8.260588177396844
6.619032429352021
8.207305853278209
8.200859686209407
8.150353241393367
8.998929084245791
6.648276371587407
6.643375642467959
10.181125314955937
9.660517412773347
9.399526071982542
8.147447255615202
8.787578590830659
7.198217753852265
7.374030901179939
6.123789867747896
8.269230912018218
7.727893741694524
9.18719083196788
