44.64
46.21
57.12
64.62
51.78
34.43
34.85
49.57
53.74
49.02
50.96
54.14
49.38
52.67
51.48
43.35
44.52
43.91
39.41
43.76
41.72
33.86
42.12
38.93
30.65
31.34
40.35
41.33
30.51
31.29
49.75
49.25
37.09
40.22
39.29
31.64
27.28
28.54
28.54
32.92
29.71
29.9
38.21
37.12
29.13
24.98
30.33
27.02
25.94
30.77
32.81
35.93
35.89
29.55
33.57
38.84
30.16
29.36
31.32
32.96
33.64
35.49
38.56
36.05
32.4
27.99
27.7
25.5
20.68
23.33
26.0
29.81
25.71
19.58
22.55
20.9
18.02
22.01
29.01
38.25
39.12
32.68
24.63
16.73
20.94
21.47
19.56
20.47
17.15
17.89
18.33
23.91
21.56
16.56
23.94
23.26
24.07
23.43
19.1
23.28
20.91
17.08
18.33
28.28
27.81
14.66
18.56
24.52
20.85
19.65
30.15
29.21
16.19
17.52
20.18
19.16
19.66
18.32
18.25
17.48
18.89
20.76
21.54
24.59
18.93
16.25
20.19
17.18
20.63
19.62
16.08
17.68
15.59
17.11
15.62
12.16
13.84
15.96
16.57
13.27
10.53
13.02
14.31
14.48
17.67
19.03
17.56
15.76
13.15
13.27
23.46
22.57
20.5
25.09
24.38
25.27
18.19
16.53
15.39
13.94
21.67
23.27
20.89
19.81
16.62
15.17
16.44
14.78
13.33
18.25
18.21
16.81
21.03
29.87
32.75
23.39
16.25
10.65
13.6
20.3
21.89
20.18
15.27
16.28
21.6
23.44
19.86
13.74
20.62
21.59
16.75
15.7
12.15
23.81
24.42
13.58
11.2
11.47
11.79
13.95
15.07
13.36
12.56
11.15
21.84
23.57
19.46
25.17
18.88
10.29
11.87
18.61
16.81
17.55
20.95
19.41
15.63
10.6
14.18
14.79
9.81
7.78
12.37
20.82
17.1
16.25
20.18
21.06
18.15
13.38
15.43
14.15
13.06
18.24
18.95
20.6
22.12
14.27
15.42
22.64
27.22
21.14
17.02
16.68
18.62
19.09
12.94
14.66
16.32
18.67
19.06
18.21
14.21
17.16
23.34
18.63
16.18
17.59
20.6
23.71
17.99
15.18
18.98
18.46
14.87
12.45
18.34
19.45
16.54
19.6
13.92
14.75
16.99
15.53
15.95
12.05
12.79
13.64
16.27
12.95
11.23
9.89
9.12
14.88
14.16
14.94
14.29
16.0
25.0
21.01
16.17
15.67
18.57
19.45
17.4
18.47
13.68
13.42
15.13
22.72
24.25
20.74
19.25
15.13
15.46
18.55
17.5
15.36
22.64
27.81
22.21
17.67
18.28
14.71
14.99
21.55
20.58
15.96
16.39
17.95
17.2
25.74
30.16
16.93
11.97
17.25
19.62
22.62
18.13
18.79
17.17
7.64
14.19
18.55
18.21
16.23
16.14
18.89
18.93
19.39
20.67
23.9
16.43
13.68
26.3
22.5
13.59
13.2
18.81
25.1
21.33
22.62
19.34
14.15
27.42
25.86
13.45
8.58
10.42
14.88
13.88
18.32
23.4
14.82
6.21
12.44
16.06
15.89
15.93
22.87
19.55
14.59
16.54
12.79
14.78
14.4
17.89
16.95
8.94
15.34
18.94
10.9
12.15
15.92
18.0
16.18
20.21
20.43
13.46
13.98
21.52
25.49
26.45
19.52
14.24
29.66
25.43
14.5
17.45
15.81
12.5
12.01
12.52
19.52
23.9
19.99
13.98
16.05
19.97
14.11
14.0
20.55
16.31
15.04
17.85
19.42
18.49
10.56
11.42
10.83
13.34
17.41
14.52
10.59
8.77
16.27
15.45
14.53
18.83
15.31
18.72
15.07
9.48
9.7
8.66
13.55
24.92
23.14
10.52
5.86
5.51
10.55
11.84
15.61
16.89
13.27
16.01
14.0
9.27
7.9
12.03
18.26
21.18
17.07
12.55
13.32
9.69
14.65
16.02
12.24
11.15
13.67
13.75
7.91
11.95
12.71
10.85
17.9
19.04
13.75
21.67
21.24
12.76
16.3
18.35
18.29
23.14
18.25
12.83
17.8
16.65
17.01
16.25
12.13
13.66
16.8
25.08
26.45
19.56
20.94
25.29
25.36
18.61
14.92
18.92
20.57
15.12
13.52
17.13
17.23
16.39
16.14
18.65
22.87
22.35
15.96
15.67
13.62
10.88
15.05
13.76
14.63
22.08
18.93
19.57
21.64
14.51
15.13
16.53
15.21
21.29
21.16
19.91
17.02
19.06
32.98
33.6
27.98
19.97
18.18
21.28
19.38
15.91
17.42
21.56
17.6
17.25
22.87
22.9
18.88
15.33
19.4
21.77
16.16
11.31
18.02
21.49
20.03
17.4
12.34
12.23
17.99
27.64
25.39
19.24
20.09
25.61
28.33
20.41
12.75
14.8
16.2
16.72
19.73
20.06
17.56
17.61
18.8
18.21
13.45
7.32
6.49
10.41
12.2
15.24
26.25
22.61
24.19
26.99
18.43
19.75
17.07
13.02
14.78
14.15
13.11
15.69
15.52
13.2
17.2
18.69
19.03
18.84
16.22
21.28
21.24
14.09
18.03
19.95
17.06
