-0.5011258390502679
-0.2058097006519545
0.2115881684679078
0.5641810116006698
0.8279441692107788
1.16785173340689
1.910813933532021
2.616545088002161
2.7896401896308647
2.9840697745190177
3.0958189037751453
3.2458816187609902
3.8728432100679258
4.300053600801298
4.300374110776094
4.242191340010865
4.796823265438819
4.590709736962291
4.360923106299934
5.382950952307619
5.119181575577618
4.562441224277798
5.26451740683969
5.079174083324275
4.606018698050116
4.487003583632693
4.477789375443526
4.69958193238346
4.531036269613948
4.115474963766356
3.984805558962998
3.9097958690670978
4.191540781952525
3.810138268389403
3.4076037156168173
3.507562915999667
3.453931905941836
3.558779762301256
3.3859922774968765
3.701713811524629
3.6336395160721087
3.55516201348493
3.5081817776193858
3.8140505193142378
4.5169530561279485
4.070483204587871
3.756149723625875
3.434212494490021
3.824764415012821
4.499980065717539
4.861514863332566
5.129669605812771
4.568206757655094
4.300222999460365
4.038407555713039
4.332988531218189
5.308257789295499
5.6854252917987695
5.109187314838701
4.713072525701099
4.740991113173946
4.693576587724306
4.692254396663747
5.07424796961854
4.714454502519621
4.326466747412408
5.21520903205605
4.708681716989124
3.869410468649044
4.288871793995098
4.82358690765615
5.768251440457215
5.256657549744977
3.766387972002697
3.6610043718990983
4.180708333835727
4.866465689117554
4.560105720634394
4.593245635080277
5.253011963770457
4.610922402222035
4.912577416186249
4.720323370226845
4.033075852497472
4.454405943231849
3.704084227369715
3.18571358673236
3.364030131036991
3.5087416308063397
3.678479637594157
3.325852304322664
4.173171217478464
4.930447562028354
4.277382542775822
3.836802275959508
4.494971425948116
4.533591104425296
3.7874717812151504
4.12121851092262
3.9953399867273607
3.488314254517228
3.6004859215439198
3.5398356777726674
3.5453157443003818
4.139395517222738
4.104942355165352
3.92714265432702
4.6728554887679
4.655682375567016
3.940405972267652
4.119688813224545
3.899762961110547
3.782311022977851
4.42872703443922
4.152937951531537
3.417742444668152
3.50972008511931
3.992517647089989
4.137753958197926
3.9886984186866097
3.705197857450025
4.231290811695472
4.769967208030984
4.518170526814004
4.100474520321556
3.8603216767634256
4.101115990081891
3.994823407053081
4.017167278528204
4.18046295127285
4.307000850569658
4.668215557956516
4.401563630850559
3.873885207388953
3.6592613768331352
3.851811681746689
3.482819059294369
3.034133525185059
3.90481684357384
4.282832360482129
4.030814291479916
4.090534637561911
4.18848216913087
4.064758969603313
4.175790807456767
4.336823573365512
4.081746766511426
3.967006913494692
3.6582324013223264
3.882701573345001
4.576956150257062
4.4371688946132695
4.099752931401635
4.3488629444503575
4.24582529128723
3.867219173403208
3.654621229111026
3.608541023887151
3.888770385128929
4.076108319441
3.5216311862033187
3.5019827424102683
4.253835094218776
4.044467438653937
3.602962920001205
3.755457492116672
3.840719501152909
3.7361762987884943
4.001289058318481
4.186769138014996
3.929297813061882
4.221172110891292
4.7287202630420975
5.135717036656135
4.906416444027148
3.78043281536012
3.688218994520384
3.7819522062405375
3.7969683974800192
4.620332061908446
4.504778931465855
3.832520985243319
4.313336719593997
4.6410018051858986
4.336257835641475
4.554391986005548
5.029770133450386
4.493892445640269
4.25962482572175
4.158597017289146
3.764568543092618
4.152377051940986
4.234096674665353
4.601010581410739
4.172520197724491
3.6901940661925257
4.025154045727049
3.737754859882222
3.214161641520667
3.012795219992744
3.4199808041667152
3.6728459491749934
3.3800853074488453
3.1609085472725917
3.468533811114248
3.516001818556445
3.312741494196911
3.477058501297031
3.638915670699827
3.476134857458
3.2670085474668507
4.272193539100315
4.713706239792751
3.522441054827648
3.4330140694436087
3.256091835535257
2.900324755260229
3.307206585163591
3.1992616345498845
2.5220587227174014
2.427207056436651
3.4607809548946635
3.6103401369047687
3.37441703242157
3.247178072344279
3.4368601731259423
3.5903896491620886
3.2516057256212587
3.3321245819478964
3.023839311947731
3.308197855184237
3.7779541430060894
3.4748155296395637
3.519810112181643
3.599561667736528
4.54683269009314
4.395646306158425
2.9059346242532604
3.2722539281329666
4.068179139550376
4.362374253925287
4.065633319216998
3.749331324235452
3.537750150097638
3.312635887804276
3.2827444184198127
3.656234515876248
4.4481038437823175
3.9521347469387247
3.318323143430185
3.8555903346257616
4.250742769682078
4.081097263851022
3.61002781183304
3.5780744983894364
4.241569291455178
4.589585397644458
4.381840574884908
3.7031464772878464
3.666597730285611
3.4532601055218204
3.163764026302358
3.851808806854742
3.783449333171891
3.4673664229273427
3.292647205600592
3.3973751503262752
3.937944776669708
3.811798331704369
3.4940687100700654
3.1615756335228618
3.105903267650931
3.5404774704065454
3.150181575158585
3.1168045784000458
3.3303343554167246
2.911864336185189
2.948213609971028
2.897338503268569
2.7243513606030274
2.760054413793967
2.2323335793440844
2.199319448333976
2.7367266730512942
2.794619621067813
3.4292080742783604
3.1079442362716776
2.7174187806598247
3.8972363843737448
3.980621962112064
3.723230998757099
4.001175753091378
3.503731538380712
3.4298964826229508
3.4785267857529623
2.9543610308788977
3.3175274608621823
3.98654095422339
3.676018764279395
4.025969399433956
4.415080333705652
3.790659369467936
3.9546702863499377
4.743030945506753
4.772945047996232
4.238493515042757
3.5928192696639765
3.626196833551997
4.001846733407765
3.4314741673981097
3.297754290636494
3.843893808092222
3.921904862869144
3.4787925779749385
3.858541723221043
4.678711427951792
4.465878804930088
4.361024929591628
4.6406890960266285
4.37234489689339
3.907027538075506
3.5357968462542497
3.978829330760766
4.011862907766236
3.301693987084389
3.315709334484261
3.171655148578891
3.51972695369977
3.360758935892377
2.627083001626708
3.02589398107458
3.606638266886764
3.951506936948268
3.719438468303851
3.176859296920172
3.251988264083512
3.616697628591969
3.982769469170021
3.9194571751589495
3.430226575061702
3.160604557542566
3.070228623031625
3.54250075819208
3.9594389428000634
4.399066573064176
3.959126519662037
3.2457890006382333
3.985897549748651
4.270385261906781
3.561375406776833
2.5047827165742493
2.567681988423904
3.480958709409941
3.4557557729171773
3.350881209550745
3.154550268591395
2.879847585114369
2.724147964710052
2.7963839634964773
3.137492345059284
3.6365006002027536
4.04044847884844
3.2254033986779977
2.7968750302983114
2.7872586957769854
2.652985358944353
2.9038026644198194
2.518921002554153
2.7492513466516666
3.813183168273866
3.479171913630428
2.563129354140421
2.812871515077904
3.3293289870646303
3.212181886072186
2.839270356081501
2.539501407783381
2.6497293344627533
2.762321180677259
3.1570871744213345
3.337346491380854
2.574415900780154
2.607569443572378
3.11742856116475
3.1679619823606813
3.2713625850609414
3.359761899400003
3.079456349820103
2.847902095575586
2.5904230887873565
2.840720434935049
3.294799326922241
3.001906719201121
2.5729624376152547
2.670959538102787
3.2429613309925283
3.1382555340800566
2.8760983494933914
2.8033164734700025
2.2582832578756165
2.0247145425976143
2.3847453121576128
2.690524201131657
2.5370836840281146
2.396507855943899
2.928813517794721
2.755154218915154
2.125014479662217
2.177868196178782
2.2166478925447946
2.230266377926204
2.072410349836862
1.9545824941571008
2.0831982379552123
2.162727908200168
2.5192537322482758
2.7423315100214736
2.782720465334772
3.0769041830409742
2.6586813466182893
2.414287966631134
2.477419046402325
2.4376048427044474
2.0882236065215225
1.743399440675283
2.1312939432271407
2.209396187371296
2.3302862037489684
3.1125836506310987
3.34557357622631
3.1517055050549967
2.9494286976594792
2.74428915640412
2.5449156377379687
2.6019579804172497
2.7882889278740133
2.910790057112463
2.764868080656055
2.4980704756028174
2.4623294909119067
2.4427777876664463
2.748990656827556
2.7388340905642616
2.5311630765125552
2.469713585187799
2.5276812926618994
2.5861549741884784
2.7754005301519133
2.8751280290087324
2.9233378551404847
3.0137016559917136
3.4502764425675325
3.7387858354211096
3.248092681203353
3.5264403904803454
4.058970993814576
3.1424865081286986
2.9009680969298426
3.078838413872231
2.3426293137214342
2.5232490194078734
2.8822066637497867
2.650771101314794
2.301372962445772
3.127545538249302
3.822664416011632
3.405944014807586
3.68296322425479
3.330228612670046
3.1579120030774304
3.575700119441166
3.244059905313215
2.6908409302680543
3.1263311534058107
3.5324319561634026
3.3529206332295773
3.267501107932183
2.80153293821593
3.0687207695712977
3.371523551556775
3.3917788664640587
3.766741149674667
3.275682313796636
3.244148802476076
3.721632449148468
3.783857923358661
3.913084268582224
3.756961899581788
3.4931897022636678
3.4832282143067057
3.6802849178938497
3.7794850954241146
3.961813018240058
3.65784883972884
3.8793468535691447
4.355597101242974
4.217247872141156
4.080681369331318
3.8047531630294658
3.576257608523684
3.762743424965902
3.547899402239388
3.713344188764645
3.79724457339806
3.8508070302148183
3.7270696431014487
3.0950779716778696
3.5198775532792417
3.737894882805045
3.607919026664101
3.694729614340409
3.4127737715396504
3.802765867962447
3.832764125174305
3.464566221478762
3.738510514067134
3.7778520853232673
3.790258650339402
3.954942396767615
4.387058123597127
4.096014522888612
3.408153653307324
3.3132220589208776
3.2758316496525635
3.3566912896553887
3.332132713154408
3.309943583960164
3.596335955509001
3.5619762336395278
3.749083698976951
3.887617803273551
4.116557843019241
4.318650118675092
4.238209797801863
3.96485561500132
3.681523733105687
3.8837432257835554
4.303558015503972
4.7885627022817765
4.5501654109909495
3.37345749555997
3.2373321418813834
3.628618838467245
3.7967069787310224
3.913480357560829
4.130493010362971
4.402518416096381
4.611739194821742
4.581367267545026
4.35409669910925
4.186010680136375
3.823721264811097
4.228329190720385
4.389172330763594
4.487639173763784
4.211877897229888
3.7973529604732152
4.125454316140484
4.080725391266634
4.475934255884042
4.300110340397822
4.24410287351071
4.273351649773267
3.677466989026073
3.536432636164992
3.297056947612416
4.0074638142673775
4.235031669053401
3.940000907194984
4.283507898858375
3.6250579949378015
3.406347348956136
3.805252732435522
3.6236641627537423
4.003668113588429
4.324733316245348
4.053538353824006
4.102235696970899
3.603014142780553
3.464890283376832
4.0648098833873645
3.807043614816325
3.308553374550946
3.3731344998879056
3.245059208625512
3.420957589406521
3.875757419755035
3.9699318406666926
3.6460781595726415
3.7139365740747
4.16669071357295
4.522347192166375
4.684404909914551
4.53862601194504
4.112358356991439
3.499405379147333
3.6141426954402185
3.677452168287969
3.777272716855231
4.456044549463287
