0.1464428273338417
0.1581187240743309
0.0993391601079834
0.3879972577219459
0.7711402496657815
0.993471827221048
1.4561256771099251
1.5911776598067209
1.7598570209903193
2.102384390542784
2.3287248628530257
2.856784877626386
3.177253738800736
3.2198450832813728
3.075071266124476
3.487221615484131
3.589870518572903
3.5065314013083686
3.8860662779969295
3.933982111157991
4.370028582789915
4.601236082649733
4.441070620479204
4.484638127783536
4.814974006385206
4.938872964484947
5.115558542396144
4.928201078390498
4.505403443424261
4.75825392850239
5.0590286415048045
4.413967506565709
3.949247939062855
4.136356235780832
4.489984837853226
4.672324065059877
4.305162901788709
4.402203964398643
4.468717978460077
4.399200743938892
4.92986685054223
5.038630060150962
4.545163759057329
4.26022906853863
4.699924701391318
4.487617265775014
4.25538593208567
4.814843605382782
4.629753199241173
4.232786797059471
4.184743721756485
4.022677051394328
3.154752881721852
2.853985615109496
3.2405849596068457
2.7458854798507724
2.5495428115764844
3.498373250436781
3.675965387425608
3.616008037084451
4.342455512599947
3.6018724616114635
2.81682467332439
3.746487290516917
3.8208045547336114
3.594967984575366
3.545206548698046
3.895944240089071
4.173559815832824
4.072656465286976
3.610216150803045
3.447903684369861
4.1124253055318665
4.199050788539393
4.526312347203774
5.099539609420129
4.575873502299401
3.921006433350701
4.296067427402567
4.100885210477189
4.030902348515453
3.9963333974635
3.799795797524078
4.463013156650216
4.283918798020237
3.855202389250482
4.925353249839732
5.032990431529838
4.333371692677961
4.415118776804571
3.5502987533514427
3.519180682733839
4.043521002580486
3.929809765167447
3.563401654918912
3.527477199032308
3.5434699132580083
3.349602164308897
4.241559591119395
4.673368020338112
3.8856385799117934
2.945214065102231
3.2800547996331115
3.7441958775340862
3.7530624687049374
3.450085198123117
3.2554388891007284
4.063179128574356
3.985444710798189
3.586179701561588
4.230674027614317
4.717145363602442
4.29918684903983
3.8080745306009662
4.007177788540713
4.433279243893786
3.956297469010189
3.63194112019916
4.093500924477051
4.211310354727636
3.755994438095606
3.428351262790061
3.425046362100878
3.231446685099013
3.5462736818920373
3.879066515142328
4.389707138717987
4.34408013149165
3.5628846599144577
3.683297224728865
3.5301400130226885
3.2647974194554825
3.6049050932911952
3.8230907154645486
3.5174694139385143
3.2760418851620665
3.203688104142609
3.0711904393867444
2.5991660462751778
2.538138465928929
2.970518608113991
3.4212481949293108
3.055123282016269
2.745361504658824
3.283693172968255
3.589320641948133
3.411383431778999
2.9465728250744005
2.7182182195611784
3.055140940508932
3.486178977499618
3.4974423716507976
3.5795191913220963
4.063861253784665
4.41421463932224
4.04367023853181
3.7822251626118897
3.125706545536397
2.9406541145661715
3.33832598381858
3.752972268126369
3.5041030981039443
2.617739074136383
2.8421846185568733
3.3238784594782165
2.777341578267235
3.058734027768124
3.979596670294802
3.73999127948128
3.4223356031889325
3.8579313939075774
3.634511990326544
3.37134680763224
3.360958296150168
3.026909705005013
3.305250531488166
3.42195663851758
2.948845932306598
2.644132746117162
2.544591301772252
2.826126492859097
3.70733258713648
3.0975202930550862
2.4521268470018835
3.163900668953457
3.3842781227973755
3.073919486559181
2.6859715288231016
2.486447893799693
3.185801304997594
3.212792936058818
2.613663959845061
2.6276758640095648
3.4745353210659737
4.233133619859935
4.218602390655312
3.8856452995570314
3.5074970260593856
3.0153450216951585
2.3948718352272955
2.9527519608721344
4.168244227042655
4.1598986218266845
3.277072987172494
3.189401945506812
3.106031071025741
3.137819941315854
3.319021716400345
3.7538191984698623
4.07384747662938
3.8627603525258967
3.302910700852681
2.7336334163077414
3.682210539202481
4.15390492070406
3.8199042120707594
4.125254690711487
3.5153553891339264
3.092335820621987
3.951148226259782
4.121844243489391
3.3748917927543243
3.334114922571215
3.388041821421817
3.533751918723388
3.831487277822693
3.3089432762921573
3.1783287813752192
3.563295073759204
3.323729966649541
3.242510386589154
3.4049890823460878
3.516252356565816
3.027133167963105
3.23129551170527
4.145295517754789
3.707401655876124
3.424222183256963
3.586766099799761
4.0226196017721625
3.725262286600664
3.288783456934127
4.183136734436693
4.0884623681694885
3.311203593078022
3.2627203425124747
3.819701250262601
4.042211478880035
3.6908480346080257
4.285836492699823
4.2654619103658655
3.5560120803992423
3.2890681365182304
2.9114733097120022
3.113304656833719
3.123188966396477
2.6141795395444816
2.371766840964758
2.206447998558563
2.59756619128708
2.923190130314245
2.737318286203364
2.991534635343008
3.2107051133545603
2.6590323317069986
3.137416684450104
4.152423339817023
4.075521194505416
4.247429876687226
4.472275081876275
4.181488978990081
3.881937885438645
3.83124358923328
4.138513503791849
3.9539497745436094
3.863878740742481
3.9610308739829354
3.9405329842238888
4.336148990832592
4.23638456173678
3.853636156472448
3.7329528719283926
3.842195377901013
3.885250769196561
3.510574146743229
3.59488239832832
3.3454426951406493
2.891630005895095
3.550768475358857
4.123545088753672
4.020943227260336
3.84702530330132
4.208736913809608
3.82790054351042
3.0434287147092878
3.7344518051401767
4.276864751017382
3.517282841247523
3.380092755144422
3.8958582728615614
3.624408743204467
3.046831855744945
3.368851698255916
3.999695095880359
4.347546444934937
4.006810263985568
3.677661779473417
3.471429304846508
3.425702820410275
4.338248066199082
4.290941683312863
4.274342348085586
4.834143413266424
4.938824506835462
4.900270415607867
4.155446082786792
3.835010261371184
4.653162003981752
3.9648719357040703
3.3271088892225293
4.186792188127814
5.431836189804726
5.586669666704808
4.939170646508002
4.852805695925167
4.434368155590621
4.3373614615441145
4.497176747557269
4.276257851537133
4.472840976951154
4.494956251887105
4.452261075367512
4.38540948039831
4.36997740263364
4.332001035870983
4.198052389975532
5.109320431909685
5.400565495673443
5.0520071011731975
4.822599049867384
4.672652524425974
5.07217133878684
5.131981112636878
4.596981612063577
4.351972238904107
4.835690014553236
4.207373688018323
3.6560056476545206
3.8902071993905696
3.932236859457991
4.154914833249965
4.15109920518012
4.909051587858879
5.662571279468891
5.428340137354654
4.737525072945038
4.954689523946144
5.119095188804891
4.431319729324115
4.709377032746724
4.694414474527003
4.356781306071941
4.5965544461813375
5.154642809638249
6.072579232575757
6.013666780398488
6.206964237707692
6.176975154655968
5.58799946812848
5.402172224439248
5.386585612949096
5.384446309141902
5.358041787631236
5.255338667986114
5.296896674667294
5.355289373910039
5.138918817051044
5.021082872813156
5.055358566466047
5.573130099892686
5.450480776340573
5.169232144229772
5.3104079466453
4.754571832881662
4.588444681833056
4.999870001716373
4.996442147724113
5.219397785370473
5.107304722065955
4.818136607118344
5.016969388349182
4.414251506344221
4.211651559675183
4.419002046470578
4.536942306142173
4.4096870972408935
4.442488543335724
4.674621781898758
4.287762073280814
4.056896353420645
3.5666709850551945
3.5205746244211493
4.041342340127411
4.624499928746267
4.6088227569726365
3.9252201454180944
3.5733944236876702
3.605070026504804
3.903793516478333
4.471695810221238
4.664804752498167
3.8219599393278623
3.78486235554411
5.552482254857993
5.719845972755102
4.060905002068302
4.135088866633654
4.501633401557408
3.662730150001317
4.051926716970566
5.023694194508511
4.945548137067516
4.216709254707045
3.709387589825221
4.145199905552547
4.3941676018804205
4.288940363738933
4.263909887211659
4.32173860537654
4.0028114408647015
3.55700026041955
3.705970054560938
4.017109312635375
3.923349807055416
4.016438421056458
3.880522433589322
3.9335182581478767
4.711602785984963
5.288679140585896
4.829085492601495
4.152587066620194
4.834246896652583
4.893624202268486
4.066723617820869
3.837872593477361
3.970774828145622
4.055314927003151
3.765853278960752
3.925172989769723
4.335605301191793
3.941272529454959
3.828794849817969
4.166297878018099
4.795569207924058
4.272760189399518
3.533359744953104
3.835451140621704
3.4191892862357425
2.996293287297728
2.972551689152896
2.7553678985542005
2.929593079680285
3.3821367414634307
3.702378940959367
4.276403193009855
4.300793567186805
4.043113932521427
4.404323313065426
4.523643574816205
4.1622438753749575
3.965814824369965
4.35137095421751
4.35154314004486
4.344426667947108
4.875379200218656
4.605394797422331
4.184940540090367
4.260011061110419
4.135607707934737
4.165794592642274
4.85943355814175
4.82192840861433
5.055940445195708
4.886871320609376
4.323994619418411
4.46083178320634
4.818106653580986
4.872672723074163
4.617484493207254
4.308478717882526
4.213978933258806
5.059752107358745
5.403369744295321
5.117748248222681
4.173677624598521
4.0473183424786825
4.243218692573737
3.655114270156889
3.574481453403036
3.4628690243843074
3.6837274766090378
4.454004700318888
4.404938702396726
4.277090935874029
4.070793148421858
3.75792821887393
4.217307767879951
4.604610993602366
4.616535436698731
4.476420519205447
4.116706790145572
3.683411258208987
3.779251764446693
3.63430115066457
3.338436086625344
3.534975914690404
3.3743164323214017
2.957775087526932
2.8812715990174
3.44881893452693
4.180799669027186
3.980433030750553
3.784247961313919
3.6519905432944864
3.159778140400236
3.0352900954583286
2.840550625384806
2.3886482371264965
2.2065819833191838
1.759689639204215
1.338924736362353
1.9283261834926064
2.6435751899648325
2.560742140446625
2.494034520579006
3.096919104336077
3.3295655014168197
2.898566994628601
3.2419527626113376
4.258181208827794
4.328684498228392
3.4652070039238705
3.2146421725853447
3.9527577109005865
3.4797424989626164
2.6187358690344755
3.0409538030854337
3.591099765846689
3.12336506441525
2.5724648835023545
2.721638412007757
3.641814426906712
3.960601789223097
3.322212398710773
3.339887825977038
3.679328151210706
4.145170289601468
4.066725270946657
3.8171985142627936
3.966846553249708
4.282147271427014
4.721623613455928
4.196830861054428
4.325553826492095
4.53428568326943
4.605439491711038
5.15319126000584
4.931612551378782
5.300560345637326
6.018534344907575
5.298455803776712
5.032479921553148
5.017238655876083
5.209579826664254
5.855408448031755
5.5704456797588735
5.4641928517298455
5.502659493734399
5.392683373402896
5.683999195164537
5.675305429282974
4.94920620180081
4.886819665673049
5.305965618517544
5.560232370071715
5.231893845604805
5.136415365931813
5.459733025329544
5.178437962597948
4.868252009122367
4.864986246926975
4.954957332349111
4.770859697912735
5.041908209795453
5.799397111924285
5.562760855438427
6.105206568326962
6.356905106257448
5.792119230877274
5.618908136915513
