-2.9514000000000005
-2.5183
-1.8626
-1.4623
-0.6143
-0.3717999999999999
-0.4245999999999998
0.0877999999999999
0.6294000000000001
1.261
1.4904
1.3657
1.7092
2.1
2.2091000000000003
2.6261999999999994
2.6058
2.6190999999999995
2.9567
3.0981000000000005
3.4142
3.6295
3.7889
3.8742
3.9033
4.2828
4.371
4.4927
4.4979000000000005
4.1796
4.5808
4.3615
4.4646
5.3376
5.467900000000001
5.197100000000001
5.0039
5.052699999999999
4.895500000000001
4.6704
4.3208
4.6251
5.6361
5.7411
5.2764
5.2614
5.6752
4.9593
4.7102
5.3673
5.0513
4.9698
4.8721
5.064000000000001
5.1766000000000005
4.832199999999999
5.252700000000001
5.938000000000001
6.0223
5.404400000000002
5.1419
5.3255
4.8046
4.201199999999999
4.003100000000001
3.8656000000000006
3.7547
3.7834000000000008
3.622
3.7377
3.767700000000001
3.1984
2.9667000000000003
3.4867000000000004
3.2620000000000005
3.5462999999999987
3.4767
3.0996
3.6204
3.121
3.3182000000000005
4.0064
4.027200000000001
3.9089
3.9903
4.4544
4.513299999999999
3.9635
3.8512
4.2866
4.3988000000000005
4.1492
4.5218
5.030399999999999
5.3042
4.9623
3.9035
3.7933
4.1368
3.9358
4.1712
4.056
3.5841
4.5219
4.2536000000000005
3.5811999999999995
4.407300000000001
4.0567
4.061599999999999
4.392799999999999
3.7841
2.9359999999999995
3.2299999999999995
3.6601999999999992
3.5013000000000005
4.0152
4.3571
4.254700000000001
3.6021
3.8815
4.471299999999999
5.0981000000000005
4.5375000000000005
3.0938
2.983
3.3248
3.6922
3.392100000000001
3.1851000000000003
3.0234000000000005
2.9607
3.1698000000000004
3.6191
3.4367
2.9058
3.5955999999999992
3.435199999999999
2.7848
3.0986
3.1924999999999994
3.5185000000000004
3.7236
2.8499
3.1097
3.9367
3.6097
3.5225000000000004
2.9188999999999994
2.5537
3.1571
3.1202
2.713199999999999
2.746
3.6518
3.7434
2.8798000000000004
3.4839
3.939
3.2406
3.1929
3.0088
2.5826
2.6307
2.4819000000000004
2.3194
2.6548
2.853700000000001
2.8524000000000003
3.2423
3.5099
3.4206000000000008
2.7312
3.114
4.023899999999999
3.5811
3.3619000000000003
2.9483000000000006
2.9905
3.2364000000000006
3.624400000000001
3.4765999999999995
3.1471
3.4847999999999995
4.127599999999999
4.250900000000001
3.5366000000000004
3.5750000000000006
3.6399
3.676
3.9291
3.7229
3.9588
4.3073
3.8953
4.8796
4.9277
4.494
4.5229
3.5588999999999995
3.0844
3.792900000000001
4.518400000000001
3.9436999999999993
3.4821
3.1637999999999997
3.0513000000000003
3.1771
3.3601000000000005
3.2481000000000004
3.2816
3.384499999999999
2.890299999999999
2.9810000000000003
3.0335999999999994
2.6521000000000003
2.9456000000000007
2.6549
2.0365
2.5825
2.950600000000001
3.3424
2.8528
2.2986
2.393
2.6588
2.8985
2.890799999999999
3.1166
2.849
2.9119999999999995
2.8169000000000004
2.4574
2.7346
2.5805
2.9809
3.3853000000000004
3.1196
3.0159
2.7741
2.6236
2.1921
2.3672000000000004
3.2138000000000004
2.8576000000000006
2.713199999999999
3.2229
2.5886
2.3081
2.5102
2.9868
4.1603
4.6977
3.7313
3.128199999999999
3.8874999999999993
4.3342
4.0395
3.875
4.0105
4.308
3.8638
3.3569
3.2910000000000004
3.3317
3.6997
3.6154
3.4528000000000003
3.6398
3.449700000000001
3.5725000000000007
3.874600000000001
4.0382
3.6999999999999993
3.5654000000000003
3.959400000000001
3.3881
3.7029
3.6445
3.2785
3.8936
4.277499999999999
4.334099999999999
4.1752
4.0902
3.9262
3.5355000000000003
3.2659
3.1387
3.1979999999999995
3.439299999999999
3.366
3.6148
3.8493
3.7049
4.0227
3.6715
3.059
3.994100000000001
4.3828
3.2137
3.0924
3.7064
4.2029
4.429799999999999
4.5379
4.601299999999999
4.0939000000000005
3.967600000000001
3.523199999999999
2.8818000000000006
3.865899999999999
4.3897
3.4805
3.0060000000000007
3.0889000000000006
3.3109
4.171000000000001
4.951899999999999
4.7292000000000005
4.6393
4.1755
3.6766
4.3547
4.367
4.793800000000001
4.9256
4.2971
4.7273
5.3422
4.982
5.0202
5.302099999999999
4.8804
5.023300000000001
4.5141
3.941999999999999
4.345499999999999
4.8413
4.4163000000000014
4.1706
4.621199999999999
4.7432
4.6583
4.4897
4.767300000000001
4.7593
4.2845
4.7425
5.4867
5.6096
4.8058000000000005
4.1624
4.136500000000001
3.9137
3.868700000000001
4.2309
4.451600000000001
4.3016000000000005
3.8419
4.108700000000001
4.1105
3.7683
3.639
3.5257000000000005
3.4329
3.810100000000001
4.441800000000001
4.4881
4.0119
3.4342999999999995
3.5
3.5495
4.3226
4.190500000000001
3.8927
4.0953
3.3974
3.5908
3.642900000000001
3.965
4.2416
3.9792
4.089499999999999
4.4962
4.9115
4.696
4.6729
4.659800000000001
4.3295
4.1088
4.307
4.185
3.8661
4.5726
4.62
3.9681
3.7895
3.4784999999999995
3.1630000000000003
2.8045000000000004
3.2701
4.349800000000001
4.3467
3.7518
3.5497999999999994
3.9179
4.722700000000001
3.8474
3.4229000000000003
3.8413
3.392
2.9862999999999995
2.7884
2.7822000000000005
2.7669
2.7881
2.2322
1.8559
2.4578
2.9287
2.6846
2.0556
2.1188
2.8356
2.6612
2.7297
2.8756
2.2013
1.8367999999999995
2.3487
2.967800000000001
2.5878
1.8364000000000005
1.9733
2.2668
2.1922999999999995
2.1567000000000003
3.1141999999999994
3.9595
3.606
3.0606
3.469600000000001
3.6538
3.3149999999999995
3.5671
3.3864000000000005
3.4666
3.0195000000000003
3.0621000000000005
4.0805
3.9587
3.8030999999999993
4.1209
4.6412
4.3554
4.009900000000001
4.176100000000001
4.186699999999999
3.6911
4.026999999999998
4.5172
3.3436000000000003
3.4529
3.9856
3.658300000000001
3.2785
3.0544000000000007
3.832500000000001
4.4143
3.8262
3.385
3.1468
3.1427
3.2097999999999995
3.3024999999999998
3.4935
3.0551
3.0788000000000006
2.8278
2.4378
2.847799999999999
3.0065
3.2429
3.273
3.1511
2.3377
2.0458
2.9179000000000004
3.1197
3.1664
2.699700000000001
2.5199
3.0124
2.9525
3.0655999999999994
3.1913000000000005
2.9451
3.1418
3.392
3.1042999999999994
3.4178
3.5394
2.8441
2.5191
2.5359
2.5669
2.5813
2.5299
2.2823
3.0346
3.538299999999999
2.7828
2.785
2.9893999999999994
2.5741
2.9548000000000005
3.2842
3.0735
3.2726
3.1167000000000007
2.3063
2.1427
3.170900000000001
3.1189999999999998
2.7703
3.1084
2.9212
2.8698
3.0319000000000007
3.1515
3.0119000000000007
3.0538000000000007
3.0959
2.7882
3.2816
3.1304
2.742
3.0423999999999998
3.0453
3.0562000000000005
2.9262
2.7668999999999992
2.3891
2.4465
2.9470000000000005
2.414
2.3663
2.8221
2.4689
2.8959
3.0477
2.4486
2.4431000000000003
2.4565
2.2987999999999995
2.5873000000000004
2.856299999999999
3.0596
3.1733
2.9687
2.9736
2.5891
2.4306
2.7654
2.5433
2.983
3.8879
3.3871
3.1375
3.3223000000000003
2.6315
2.4013
2.5094
2.5151
2.7024
2.8999
3.5525
3.906399999999999
3.3587000000000007
3.0652999999999992
2.925700000000001
2.6236
2.6491
2.6958
2.5562
2.1602
2.4965
3.7049
3.3948
3.0235
2.712399999999999
2.633000000000001
3.3462
3.0453999999999994
3.2265
3.9268
3.8567
3.6765
3.7239999999999993
4.0327
