-1.8615051953722124
-1.563711291766669
-0.8083767084023158
-0.3032399021104264
-0.1265109242079767
0.1071521411176837
0.3603152299490947
0.800029942988452
1.0594042627493856
1.207160531357944
1.569179937072684
2.1784447156544027
2.4279465452748594
2.679921575452167
2.9518471340454795
2.869761646629012
3.033353490884713
2.829852733467049
2.9984042171188303
3.690106684887285
3.930092890280576
3.830417662600932
3.54783256292209
3.459141185687701
3.0463993762593784
2.8540650687566997
3.371919998989311
3.660285327773353
3.369213028440569
3.57185588192286
4.029551595692272
3.525408653750617
3.935446525859776
4.600231263066518
4.224911619827975
4.509836571737521
4.746278500872968
4.425385295946644
5.1332437301957645
4.773999523502252
4.636723953326687
5.229559946207339
4.945505797492203
5.100612994083513
4.955612790224638
4.389079456338341
4.255086277653805
4.533961584199174
4.525512464153295
4.388836276582064
4.263123518334932
4.484130620679497
4.615778489788939
4.555462066496758
5.358700987427829
5.252359798113423
4.355063303806037
4.716132553526414
5.204595562650955
5.399876289340041
5.70592056376022
5.048750720225626
4.548058706759992
5.333660174841278
5.430463042701862
4.5967953334830645
4.545568182532093
4.076095946771065
3.597628841611812
4.258911360097971
4.74444481467112
4.494999599921536
3.8761847372434217
3.770921014787159
3.708667858236622
3.5623191942399037
3.654795413489337
3.775179505185637
3.937347661967129
4.424442914157498
3.967209456846328
3.83760190314968
4.723795947402438
4.763123443907031
4.607713922156842
4.624823263559836
5.584039033669237
5.75889868557835
4.87190046152052
5.386711582842661
5.670550480610952
5.5482952113914985
5.395430282283407
4.616411973135693
4.593552145239878
5.26676924718488
5.4164015404698045
4.878804091995905
4.496899856161305
4.340760976418796
4.327807993998977
4.400332121513215
4.192656699782797
4.16581142663351
4.073487374431631
4.25607774316819
4.397233298564911
4.571413525906973
4.513985150594102
3.79381614874777
3.117791037600178
2.855449595675304
3.5669518818519275
4.15945535262725
3.901602388294867
3.503691669429275
3.3768139408671374
3.681540236241413
3.95103461227143
3.455601713371613
3.1690257009560785
3.5427977797259214
3.768360952312
3.721612677020803
3.5422480214323717
3.1468952919684785
3.3124590921057004
3.66920240337163
4.155145151093588
4.084206558023388
3.8224781772777887
4.359424236253904
4.245071730071709
3.806431047551228
3.792082498015024
4.044113903355307
3.90185100358542
3.4205707656000057
4.12999591852785
4.728395853467043
3.87130728686942
3.9785654751589
3.7584869974679513
3.384632207022499
3.8054494839663873
3.486171574916263
3.43837225497922
3.4688035958588816
2.978368012711252
3.1352037472988186
4.043681338186524
4.182322712458438
3.4159890493362344
3.0996703166035138
3.342788622326053
3.131248047500464
3.0149466853811573
3.1003724209093946
3.4141722851421137
4.087400476485482
3.825841532725783
3.519523440837905
3.932322855419671
3.7551942956395847
3.369986938558489
3.444482390099472
3.077804863305184
2.8867075216186184
3.4556459757238462
3.918563404431729
3.5242082695660706
3.078080831566486
3.242665244745149
3.407608563419702
3.146881475596399
3.959561018202267
4.509936419240359
3.944537110675928
3.390432431159318
3.2150603398839137
3.845131214440008
3.7819881378044498
3.350425163843982
3.640516601880792
3.676112796902716
3.77804974379413
4.156666646909627
4.362495513772628
4.104421937650551
3.950876918736082
3.859322626771247
4.1560094015393005
4.434305188659692
3.9191429076900346
4.005693299808195
3.948950528883501
4.001608856381187
3.735948178207448
3.9227146200683785
4.48631604182641
4.146118199613195
3.547471758163972
3.7313769743378913
4.367406460433275
3.9516433070694847
3.930343436617177
4.399247435600782
4.092435693765313
3.539644633418772
3.370617894551474
3.6055113122389377
3.715879171422488
3.89361865402228
3.7867648213881098
3.777652541240605
4.170072613363793
3.955539632689975
3.5140226617506944
3.821792711344621
3.95804682416542
3.665879545400232
3.8252667942786513
3.792695464269508
3.5874269647489774
3.7107380978672793
4.4185130278605165
4.742489726035053
4.636682905426231
4.675913903371512
4.266034165814327
4.1691181746625015
4.122438242364172
3.85351530357122
3.964904803497376
3.8927262675159047
4.345331302868701
4.149521088899649
3.7577598183692578
4.158519055224894
3.855257359356462
4.0447299212172405
4.611739748837
4.194150243027076
3.821568785639904
3.740113540283855
3.868300772820399
3.628512692773583
3.9691028189827215
4.617877828967995
4.344198548481833
4.008260511172844
3.662880306013615
4.158214104948806
4.608654665396312
4.738884594584408
4.770395112416093
4.142841095510855
3.9910624843721
4.435481682614923
4.6394489785403525
3.9009520727158464
3.611310916508592
4.286872045517833
4.964054910452984
5.428921030662398
5.067401979148803
4.049798982019048
3.4121406463609008
3.578843266852173
3.515982989023972
3.952660759960688
3.9991856414717897
4.332419667518905
4.49179278725815
4.157562622393906
4.053696029568311
3.696155686359353
4.049655268756426
4.526794613531186
4.572311454748945
4.414204792938848
4.005780469726576
3.541365125806466
4.011050716834413
4.499523422824506
4.319633312967278
3.9268554167758585
3.8164291838780775
4.198960960303251
4.526170513685599
4.743080397583994
4.838524392162153
4.383401522065603
4.399767354753902
4.395588113012982
3.6698913565525455
3.211233845002831
3.3718951080510804
3.90319020497345
4.069289558349596
4.384815213770794
4.642441491697583
4.147838990171137
3.5706482835367552
4.135219988427063
4.789440037994301
4.94609471600193
5.091385855704285
4.238920167484426
3.8319724666171777
3.877111584824919
3.592913585863214
3.830492848380772
3.4742453560992987
3.167638904929114
3.453197071036685
4.005155219542348
4.02083744506485
3.93559316012533
3.686978842179675
3.568563790118832
4.018659931537188
3.8231885275860233
4.196689995559461
4.376419042293112
4.090748206603994
4.329319756188812
4.4451415312589
4.1562175106985615
4.609964838682414
4.422163064951078
4.043287128831432
4.2622750247477805
4.352210383045105
4.8894866972109545
5.164562741561843
5.3735924935797925
5.175094199950232
4.428726094992478
3.694782533760847
3.4524007831707344
3.543634207898401
3.8235770131852735
4.193391832461439
4.085417000713872
4.299407385250828
3.7326186556737766
3.2579114762259773
3.953690120913898
3.390064605912938
3.187487765599985
3.5949668804073376
3.5221642464408696
3.722919243844329
3.448329872871623
3.3518792067023937
3.548081385752824
3.525824463403739
3.01020838458566
3.12530523694285
3.938989543450832
3.4498844243557487
3.2166733678633324
3.72271047801856
3.156654300198373
2.695466154259854
3.2007114463060766
3.7695964174117127
3.5901239732913925
3.46441222420212
3.710269370368784
3.9758386783337465
4.103727223020035
3.6351565669426753
3.016156262003995
2.6243810237781577
2.661355863083465
2.535275045397725
3.036613446668949
3.886661269043115
3.771858643933585
3.6230884143659807
3.865918157123039
4.584180379280253
3.978287381568188
3.172162293052072
3.5616116725677704
3.889015409249201
4.172378523195715
4.027286429978832
4.270793332871848
4.971158790632671
4.492046858025239
4.274396221442742
4.68920483997663
4.243327981938524
3.637870613540904
3.536649984442543
4.0133274529554726
4.041611546435495
4.621044786573821
5.001615318937808
4.499271393033549
5.12272405754215
5.859742803831262
5.467177538988642
4.776436300666856
4.516132216001905
4.13703476289919
4.23359953899934
4.293309680506796
3.751884069396977
4.214925442269341
4.72266882311995
4.969063942769461
5.448609682814556
4.842431763362022
3.772441122020108
3.584326684283173
3.720651949343481
3.771873004079187
3.40131031087901
3.670025649508353
4.234885105213578
3.955787571461934
4.124471118571584
3.8802191747726864
3.67453591809346
3.980926071412674
4.170580200335003
4.547180399293885
4.330399658783262
3.9762123799202578
3.6209185071678496
3.859745071845501
4.312428315007475
3.779718239438827
3.71715487907138
4.212266876903437
3.893464395329983
3.998402416320985
3.954596637868925
3.539737560163007
4.569666623098804
4.892847950505447
4.339897286730457
4.190556093263012
4.074323695147714
4.292778487925509
4.387506822408911
4.5091377390991525
4.61558830093682
4.406811093001773
3.836386850518088
4.2751927804234064
5.074358754207072
4.947172378699592
4.163939236519398
4.307624937068504
4.908994055872176
4.450172767909692
3.845239723804028
4.073294720116879
3.9446981201030167
4.090318982382666
4.825224002441906
4.358123047815835
4.428642277707359
4.292770708371452
4.195502012811642
4.759419615592424
4.205460610449026
4.037061217440429
3.886895733449117
3.470821969109374
4.060302215969897
3.731639011680167
3.118071033614945
3.4493724091567093
4.269059726457177
4.37027698953493
3.960019040359448
4.213447799756036
4.377210428523201
4.083918469757808
4.287399831740258
4.231763454292128
3.965476620842417
3.725419023495928
3.53531667246739
3.735020292249173
3.5546895895041404
3.39475303432978
3.828646772381144
3.989281363092545
3.5354553845233827
3.339749310311309
3.863877682276809
4.119404035676477
3.969218395223215
4.200137232239569
4.254445977819449
4.097016937262905
3.882019393330385
3.94882667000144
4.0949289592273725
3.66099485110347
4.278689814500776
5.095223548179148
4.702503657414619
4.9442554837583135
5.246599460541458
4.679987957346031
4.1771245646642114
3.8898847793597766
3.633946578596007
4.095564398449245
4.24718805783536
4.584666320972513
5.300015006479222
5.170988618241486
4.703540552064549
4.473537323996489
5.108166743456043
5.539738600879952
4.384812968607721
4.080597544158122
4.8068189179712935
5.032609041289767
5.174379107278428
4.761989335235091
4.709931238233645
4.790899856971904
4.398601363327473
3.836601079315127
4.3958235942063935
5.027236852146677
4.925148730198357
4.756104770619727
4.156717185116431
4.868965123757845
5.365731664110899
5.792884609471813
5.630116603430919
4.94825187084736
5.138460283317496
4.8181901359794885
5.691913684894594
6.2404522637735225
5.251607113115787
5.432187987798873
5.119987901155889
4.4618420357339135
4.902613716839367
4.945703265052456
5.201389995860411
5.631714456464701
5.524028436815035
4.721107100885379
4.39611992534666
4.706485022906294
4.784165313214788
4.810655432538898
4.465322767645613
4.878357487310364
5.384150196541055
4.764225024835076
4.458638258490496
4.895274736537673
5.318140784611571
4.913402615142667
4.661649220088585
4.750581348774485
4.784331564812916
4.867692709559284
4.934246567064806
5.242599855218717
5.544012426460833
5.718208180409839
5.325248434551029
5.099398654455645
5.82337779844039
6.157963573201673
5.520191168590696
5.583001736567676
5.781461983874936
5.3319043763732825
6.034610868263323
5.984514707801682
5.469653459099504
6.051364413131422
6.135238066919307
6.2281259559697135
5.512478125894485
4.427369798543546
4.868902546336482
5.353537383249456
5.590664811516842
5.751384163860622
5.397269193849948
