-5.4434000000000005
-4.9457
-4.1671
-3.353700000000001
-2.5351
-1.9203
-1.1136
-0.2619
0.4401
0.8103
0.9853
1.3983999999999996
1.6436000000000004
2.2189
2.6747
2.754
3.007299999999999
3.4256
3.5413
3.4032000000000004
3.4593
3.6050999999999993
3.6083
3.4056999999999995
3.4883000000000006
3.2291000000000003
3.3355
3.4893
3.7389
4.289899999999999
3.7866
3.3599
4.229900000000001
4.4124
3.9992
3.8259
3.9663
4.4421
4.0661
4.1403
4.492699999999999
4.443499999999999
4.4611
4.891900000000001
4.365200000000001
3.8594
4.0328
3.562099999999999
3.4950999999999994
3.447200000000001
3.6474
3.9126
4.027299999999999
3.7861
2.9213
2.4392
2.5124
2.3142
2.4707000000000003
2.7133
2.2911
2.0638
2.067
2.4664
2.8551
2.7979000000000003
2.8969000000000005
2.5243999999999995
2.0358
2.342
2.4825000000000004
1.7435000000000005
1.7485
3.2139000000000006
3.5561
3.7569
3.7103
3.047
2.8344
2.8688
3.2692
3.7804
4.5249
4.5108
3.9415
3.6500999999999992
3.544200000000001
3.544
3.3323
3.759300000000001
3.8411
3.2132999999999994
2.9643
2.927
2.9874
2.6784
3.278
3.4599000000000006
3.1700000000000004
3.6412999999999993
3.449900000000001
2.9789000000000003
3.0557000000000003
2.8638
2.167
2.2675
3.8506
4.4091000000000005
3.8193
2.9952000000000005
2.8480000000000003
3.3831
3.119800000000001
3.3385
4.1876
4.2406
4.228899999999999
4.509499999999999
3.4328000000000003
2.9299999999999997
4.038999999999999
4.342899999999999
3.6914
3.019099999999999
2.7718000000000003
2.9824
3.3256
3.4925
3.2710000000000004
3.8979
4.353400000000001
4.0015
4.060499999999999
3.911
3.5293
3.1649000000000003
2.9122
3.0688
3.2047000000000003
3.7293000000000007
4.204400000000001
3.93
4.0208
4.4749
4.0439
3.4921
3.731400000000001
4.186
3.8446
2.9017
2.7761
3.9901
4.3644
4.011100000000001
3.8451
3.4904999999999995
3.6139
3.6336999999999993
3.6653
3.9927
3.747
3.3674999999999997
3.7507
4.198
4.3186
4.1744
4.0751
3.5573
3.0964
2.9079
3.22
3.732
3.4977
3.3081000000000005
2.9274
2.8185
3.3178
3.311300000000001
3.3099000000000007
3.4308000000000005
3.769
3.4943
2.936500000000001
3.136
3.4795000000000003
3.5276000000000005
3.3301
2.7244000000000006
2.6116
3.1621
2.801099999999999
2.5384
3.2521000000000004
4.0051
3.7542
3.018
2.7406
3.466499999999999
3.9181
3.7643
3.5725
3.221
3.0529999999999995
2.806800000000001
2.3796000000000004
2.504
2.4289
2.5831
2.1081
1.9468
2.9824
2.5775
2.4634
2.9589000000000003
2.7547999999999995
2.4756
2.0673
2.0373999999999994
2.7175
2.7999
2.675
2.661699999999999
2.4033
2.3254
2.678300000000001
2.8479
2.7024999999999992
3.0754
3.495
3.1126
2.6552999999999995
2.8878000000000004
2.8438
2.5215
2.5669999999999997
2.732
3.3699
3.4566
3.4202
3.2298
3.1507000000000005
3.2337
2.7894
2.6951
2.8140000000000005
3.6346
3.4261
2.7816
3.0367999999999995
3.0921
3.8934
4.2133
3.721000000000001
3.3010999999999995
3.2431
3.7726000000000006
3.7901
3.6912
3.5786
3.347200000000001
3.3993
3.51
3.3150000000000004
3.2128
3.145
2.9984
2.8455
3.2135000000000007
3.5904000000000003
3.5288
3.8249
3.6866
3.074
3.619300000000001
3.7237
3.082300000000001
2.9847999999999995
2.6153000000000004
2.9018
3.313499999999999
3.2195000000000005
3.0338000000000007
3.0084
3.136399999999999
3.4163
3.6920000000000006
3.3923999999999994
3.2454
2.8057
2.9011
3.2043
3.1411
3.655299999999999
3.3592
3.3003
3.8364
3.8248
3.7386
3.7098
3.6966
3.4828
3.593000000000001
3.0968000000000004
2.8272999999999997
3.3476
3.7718
3.751
3.509699999999999
4.111999999999999
4.154600000000001
3.755
3.4893999999999994
3.7616
3.9857999999999993
3.2746
3.4983
3.667
3.5563
4.0734
3.9694
3.713000000000001
3.7003
4.1615
3.655700000000001
3.0685
3.4980000000000007
3.6916
3.7377
3.71
3.738
3.5108000000000006
3.3089
3.2692
3.6194
3.6702
3.7086
3.7379
3.7382
4.2362
3.8025000000000007
3.3990000000000005
3.923000000000001
4.200200000000001
3.876
3.7555
3.7604000000000006
3.6043
3.2116
3.675
3.9811
4.0236
4.1585
3.7447
3.3550999999999997
3.266
3.3361999999999994
3.5234000000000005
3.793899999999999
3.997
4.191399999999999
3.7535
3.406199999999999
3.3641
3.4222999999999995
3.7302
4.2925
4.3235
3.9442
3.8313
3.7547
4.2409
4.0953
3.9328
4.3106
4.6826
4.771699999999999
4.201
3.949500000000001
4.0912
3.9825
4.1974
4.5912
4.3694
4.4357
4.340700000000001
3.636399999999999
3.8252
4.54
4.276099999999999
3.814000000000001
4.8552
5.745799999999999
4.8368
4.39
4.1755
3.9005
4.6054
4.6326
4.7317
4.958099999999999
4.443300000000001
4.6434
4.2232
4.2864
4.856
5.160299999999999
5.1541
4.640499999999999
4.460799999999999
4.4714
4.1041
3.9578
3.9558999999999993
3.7399
4.3707
3.5967
3.0293
3.2991
3.1854
3.754599999999999
3.7689
3.6397
3.1520000000000006
2.6155
3.5678
3.6611
2.7495
2.8941000000000003
3.2351
2.9244
2.9757000000000007
3.0369999999999995
2.7566
2.9018000000000006
3.3475000000000006
3.4412000000000003
3.0465999999999998
3.3637000000000006
4.2213
3.8955
3.1793
3.2254
3.1068
3.1876000000000007
3.0142
3.0776000000000003
3.5801
3.3391
2.9424
2.7250000000000005
2.879599999999999
2.7568000000000006
2.7736
2.8324
2.3135
2.636
3.5182
3.2808
3.0500000000000007
3.1511
2.7042
2.597700000000001
2.9824000000000006
3.3935000000000004
2.4757
1.9326
2.4285
2.472700000000001
3.0914
3.1646000000000005
3.0286
3.0795
3.3616
3.7211
3.966700000000001
4.0569
3.553300000000001
3.906
4.3239
3.7247
3.3453000000000004
3.9152
3.8522
3.5744
3.9798
3.8336
3.2985
2.7606
3.2021
4.1612
3.6137
3.298
3.4498
3.8157
3.9816
3.5109000000000004
3.1798
3.3946
4.122
4.022600000000001
3.678300000000001
4.101
3.8363
3.0541
3.2332
2.984599999999999
2.7277
2.7133000000000003
2.826500000000001
3.7883
3.4047
3.0505
3.6629
3.9315
4.2097
3.631
2.8288
2.5884000000000005
2.7773000000000008
3.1374999999999997
3.5438
4.051799999999999
3.8799
3.5191000000000003
4.0402
4.1530000000000005
3.785400000000001
4.0068
4.1332
4.5417000000000005
4.7874
4.4251000000000005
4.796
4.5456
4.2778
4.328799999999999
4.5947000000000005
4.3804
3.7949
3.7102
3.3333
3.7315
3.9235
4.4488
5.1738
5.177399999999999
4.492999999999999
4.4427
5.016
5.2496
5.000799999999999
4.703100000000001
4.9922
5.200699999999999
4.9114
4.906299999999999
5.1703
4.9715
5.312099999999999
5.528
5.459199999999999
5.774399999999999
5.361100000000001
5.582499999999999
6.361099999999999
5.3044
5.535299999999999
5.5292
4.505
5.343100000000001
6.046
5.374700000000002
4.3907
5.5504
5.8374
5.235
5.2192
4.707699999999999
4.5736
4.6481
4.9595
4.7521
4.8461
5.1634
4.555700000000001
4.1549
4.3067
4.584099999999999
4.9584
4.3883
4.497400000000001
5.215199999999999
5.0048
4.9585
4.0221
3.6412
4.3727
4.552
4.074699999999999
3.818699999999999
