-2.491589941324472
-2.306511297944348
-1.729415202533332
-0.9818961745327988
-0.4496520098909792
-0.040566375274246
0.5835104896668482
1.0640587036085494
1.5925328704320796
1.8238122992899255
1.9056425569281936
2.142342941327144
2.115918312540077
2.468930753515429
2.866273932774151
2.92652451946058
2.8935707240824877
3.1623078403908966
3.5675931789262854
4.019122645699564
4.422055926464777
4.315680153746242
4.568630659285473
4.43158641478274
4.398550667307765
4.432018918476388
4.175285085612917
3.920403855783485
4.251325405125124
5.209406099624203
5.167889608732524
5.031902896099719
5.092278795207638
5.031841395479417
5.1310227113601
5.106671567728769
5.2437146290641445
5.256276879088732
4.959222117855218
4.433916375875988
3.922291377424469
4.363345667120613
4.95118999442052
5.256212476090118
5.536808611734373
6.015307967401231
5.557231530323622
5.010508923137237
5.033115137955944
4.675642333269964
4.470302303868831
4.580875720504656
4.319000116032956
3.7963356267766746
4.402188926687227
4.805034394455208
4.158568457669746
4.400906865335253
4.959023730565654
4.282081788033564
4.066440347105322
4.416741992549087
4.493227235485192
4.22801815275435
4.207508595239893
4.116489369744057
3.607350578658565
3.52394092155325
4.174833340561573
4.521676671663667
3.949957094956531
3.650989828669784
3.689935099335995
3.440119382236652
3.608629411442838
3.545766642855107
3.036668279313996
3.232340022983252
2.7459823816003825
2.718865730121946
3.0740877823512123
3.172386436968318
3.064172516465025
2.5317895035105598
2.4460175459252644
3.085349570500834
4.305947665195094
5.531630363025833
5.431695919236604
4.067289885309553
4.514875741354316
4.98981001854747
4.268908505497551
3.6518150633962727
3.426805382879416
4.131692724139822
4.84457529340726
4.5673883494486445
4.226110110014483
4.808018123461975
4.285609343280728
3.3832553177337106
3.743699799868754
4.005997343853511
3.924708248170877
3.4511622901682864
3.187152947512473
3.6353731420383215
4.133371098389113
3.75351526858274
3.694493616731047
4.190170742207758
4.332650556720807
4.373896072023905
4.086307211016331
4.92804482874804
5.442878852838732
4.822122529238984
4.228391623458424
4.029724350627444
4.392930286507774
4.143865935950242
3.5601926711827208
3.603904466476583
4.045098340062933
4.3168129045811305
4.04979632866218
3.720657948330967
3.372460402155083
3.400771673918042
3.811163126067239
3.645027123234
4.089145360322258
4.504364212064655
4.007466710418449
4.141903476288141
4.338305292118836
3.920292516639945
3.5409718729996382
3.87206191009274
3.38751505886338
3.3836863992375084
4.08422972109949
3.5369550404936634
3.40078887998618
3.1058637129912854
3.460163858392867
4.441320806931691
4.259820213928241
3.5649296845075726
3.1344062287444974
3.279365611492992
3.046654589459543
3.269744133726184
4.04540504850925
3.592255446101552
3.4077348934349345
3.934186247895301
3.613431228644094
3.458919704536692
3.786270487675241
4.235549839825824
3.381729487292228
3.157700652315069
3.580872880045204
3.924385086601084
4.451043443143807
4.323307870699561
4.281786086365177
4.499341144106929
4.3684336568653785
3.7599746530769327
3.6972044003226814
3.424741559332074
3.821074058721032
4.44499828534285
4.205995229154129
3.956946480545108
4.2076156832411415
4.013415523738396
3.4903665867294804
3.720503667176863
4.367267610967263
3.9892535061927648
4.005048768116703
4.355019377071942
4.1328783099695
4.1048285112312906
4.378554005878942
4.2124199807936655
3.8317588691798177
3.710753255873868
3.372521248704567
2.982464954791745
3.2448236381747053
3.760039486934042
3.519368339864327
3.3792335946800245
3.5187954909575656
3.834157715822755
3.622671190295601
3.279037767308343
3.0909737699952724
3.0850405221421524
3.336208654602522
2.9598823617250023
3.461840550735703
3.5052479525723954
2.9123004826108523
2.863031429063128
2.8544258041091
3.341654050493004
2.9081219190299983
2.998125455736176
3.4062278594211093
3.408054209478353
3.481443737123742
2.9556116426079466
2.376320815451629
1.6964175610512826
2.3764554907925834
3.3618032122697987
3.4586186641232697
4.068576253231896
3.859691447803869
3.582620281607183
3.917143606312432
3.799067820135361
3.5879575860076773
3.775406127113592
3.918936677500712
3.493862942324542
3.6022164848784035
4.085618557309117
3.4532737725602725
3.19598882204062
3.482748989166748
3.4188191306709115
3.3461022172283923
3.0260114678134395
3.687774372316095
3.804545964354416
3.796389525907661
4.28204141856719
4.741237625550487
4.910026360218015
4.762544619520171
4.827913344609418
4.406229921238052
4.13856528205702
4.292605855910876
4.536945012470691
4.240475642163865
4.007481554631072
3.7815306520207
3.741857347810638
3.868482010710056
4.475680271196526
5.047759382098066
4.634636180627826
4.473320101065555
4.581023325332742
4.370891962059769
3.726446833568807
3.1671829396954934
3.0884909453666007
2.280168489337252
2.3404762760772795
3.0319618571852955
2.5691221849863277
2.6906905178021736
2.8347614072910488
3.0869570515217264
2.993791924208482
2.838901774047579
3.468875205359648
4.222792024407413
4.015859952438448
3.77933162659045
4.1977743807073535
3.349380340024572
3.3068701357537
4.105133458621354
3.744903832840149
2.872970116055859
2.613307140652424
2.719501540595308
2.756628976843412
2.414545467154696
1.8205650434543137
1.6502065774165229
1.9971855706623427
1.894754549342718
1.1546339016523206
1.0483599268240338
1.5560586067949824
1.539129706077512
0.6992833285661447
0.8944105534977304
2.400196096644585
3.2596880678208637
3.269520219671818
3.1539109009747723
2.9864893832996358
3.445477410807144
4.095698152542552
3.874706533946882
3.463265720354272
3.0117856205450404
2.368149711038718
2.277279918147296
3.278755312527986
3.7408836247766506
3.587676785284232
3.703311151571898
3.628981806705476
3.6387724690206937
3.609667698764062
4.024434954361741
4.240518079603473
4.235865969965832
4.882813537440331
4.914160667090512
5.145656605520499
5.775370214145678
5.788937395734033
5.527303535931108
5.124601787981767
4.821403432402116
5.134395462032149
5.099485718086117
4.294456566318708
5.3577398332707
5.3657260704851
3.693413582930446
3.9480226652780304
4.272584136694977
4.077355276396646
4.07685412785748
3.910425249001441
4.6880738814016745
5.1559693012464205
4.10937261716816
4.236710554968526
5.293821425361013
5.131426160565468
4.624927204582877
4.517115085994093
4.60980535732248
5.119316986512149
4.770210817338721
4.334223439694871
4.38106199920868
4.588078014705345
4.421651964661295
3.939519548006836
3.8663104525825753
3.9543288617092447
4.566498965505893
4.793487209133954
4.175183021005183
4.094624108537399
4.222149267686477
4.033565402323419
4.388134108000087
4.767338794507328
4.851323131072338
4.59361373024815
3.885482769282254
4.1075238715050455
5.3298236828935694
4.861730446096725
3.955237029048196
3.883331222373028
4.138523887874673
4.136733472641557
3.959408529086933
4.345888062318377
4.112795914813509
3.7428528963626895
3.1723894927855945
3.252914357085544
3.92113931268916
4.288171377630619
4.576568175276853
4.426174035644668
4.243735205660943
4.2570278471136005
3.719643821492588
3.1435752800500847
3.2413083816825967
3.551736139806016
3.350966703049071
3.116558636898169
3.326529050523275
3.019426324341396
3.303020938938177
3.7635484982793055
3.785749002118556
3.453141190560496
3.1312459814480964
3.267179768790582
3.1228527676000373
3.410862868327698
3.6675774266112864
3.362843014673933
3.747454541395689
3.4888330480436065
2.8824514340764558
3.013246900234366
3.544729356630774
3.413046483276281
2.9434269114279106
3.154255548970418
3.4487945725449523
3.739249132028176
3.690486926080979
3.642152290681928
3.21166739009729
2.928172824879088
3.260428145285559
3.355038135718769
3.172832958251911
3.224797882034561
3.0193555272102595
2.738974863315168
2.557954595054481
2.456323702620992
2.6682613841760285
2.659544332155916
3.1062445322752383
3.2049812709556607
2.856713776998632
2.924178231155444
2.556174303559435
2.4009470646362785
2.7542352041618643
2.561800036263728
2.754063100059024
2.909553956261489
3.051366981509436
3.169737054431412
2.6969599388866192
2.7416145343352945
2.4430326194543888
2.3158279066756857
2.615033113541517
2.2281820651339186
2.363684763835061
2.8043162888087774
2.927771383970968
2.5403912513355404
2.002110599210192
2.48883773505618
2.8902884326055083
2.334934630660523
1.978445435979215
1.964940439589013
2.270431692900829
2.528187761761288
2.3590046844443764
2.798854547126563
2.6002470499807684
2.108541762801887
2.357232981520498
2.260563840196216
2.29730468778722
2.2580663509595538
1.907191026406841
1.897944458160492
2.568105080889241
2.7419007234614834
2.429538629141577
2.4107599314361683
2.971932278419437
3.2598749668663203
2.875896463602077
2.7749997570283624
2.487154347581992
2.858841102007021
3.0908301129916573
3.134571742188557
3.074463558847884
2.5969394865147053
2.451734700368851
2.5602455200627974
2.668921354801206
2.720484678929864
2.6851412629893985
2.6862975782017524
2.460326972666901
2.275472732943966
2.222728399382749
2.168010194613544
2.58123913799828
2.6220838519864818
2.929737357606649
3.4019323201413534
2.9047983545794027
2.175084002000725
2.3158010469936348
2.296022101680003
2.6199500395489106
2.803486235803439
2.3230526772671296
2.6735771772671644
2.5095826034484383
2.134450651359289
2.321571094337489
3.160428072964428
3.3171530798797506
2.727810627130068
2.6147583649279222
2.814788063432754
3.3903820922591144
3.3248547349550237
2.9082280549650936
3.124398402064877
3.7608231753698096
3.5175917129588834
3.072933726925285
3.30828065186795
3.531392035935553
3.722499537855283
3.7364398257038505
3.8339714064621297
3.8028376668860746
3.694214046072241
3.762728738805256
3.753009390463636
3.539016101983458
3.690505290553368
3.548454920737767
3.344626165603276
3.4043737915558294
3.36549883271102
3.3126040236114007
2.7820427436054023
2.5849746133124007
3.2704666502100683
3.236022981881435
2.9080698007400985
3.0433350115487503
3.140941300507646
3.2313775070984763
3.3332729281050404
3.7079748817932368
3.693064198160792
3.897141017353104
3.6758658568162144
3.164943306468637
3.4144302306085352
3.572126685897447
3.415487618667544
3.3908485075084696
3.3710872340726223
2.784646226400933
2.889022422643293
3.2338573940534365
2.997546665731296
3.263242586282681
3.2283633062522448
3.591590620863814
3.874025282575002
3.800312649439296
3.986512963841711
4.033662317113221
3.853271368447701
3.540812674062585
3.9527286581533954
4.180115996224776
3.70849471639198
3.481436541707781
3.3571336779389
3.242931598312325
3.519988530670734
3.6050559705699294
3.7122057695144974
4.013598139813906
3.9656459053134943
3.2743648635616096
2.9247353882261664
3.472552417350576
3.723216777595233
3.4305480527097085
4.105827641221231
4.242247997945277
3.5511398400020147
4.188386961196843
4.292952995904539
3.90122577040672
4.145666891359051
3.994296810391218
3.9894407634072233
3.869227725280343
3.4971173732613323
3.947283699833318
4.213358409699867
4.085511615409669
4.58239233300229
