68.48
63.7
44.61
33.04
35.24
32.44
20.72
18.42
43.35
47.61
42.47
33.99
24.9
27.91
41.65
44.66
31.58
40.23
36.0
19.26
19.5
31.56
31.88
37.77
46.41
28.61
22.88
26.03
24.46
27.34
28.41
23.38
19.58
21.81
18.8
21.85
18.31
21.87
26.69
22.47
21.67
14.34
15.17
25.13
20.61
21.73
24.56
15.17
17.48
18.71
22.41
17.75
11.82
15.43
10.8
16.71
19.69
12.02
10.89
14.37
14.12
8.79
12.55
20.81
16.31
9.02
12.12
13.13
11.82
19.65
23.14
14.39
12.83
16.93
19.72
21.31
14.32
10.37
14.82
18.09
19.71
21.94
22.07
17.9
15.85
11.06
13.46
17.96
13.54
10.06
11.03
14.87
21.59
21.53
10.09
16.88
23.63
17.05
17.67
12.96
7.11
6.29
4.35
11.79
13.8
9.12
12.99
15.04
13.89
13.68
19.23
16.54
13.06
12.83
10.79
11.82
6.55
19.35
23.96
11.25
9.68
10.22
8.98
8.28
15.63
21.83
12.9
13.08
17.81
12.25
10.86
17.18
18.81
14.46
16.78
16.28
10.83
7.22
13.83
23.6
21.0
16.67
19.11
16.28
12.18
11.19
11.06
13.53
12.48
13.99
18.29
24.31
18.62
7.41
13.15
21.45
20.21
21.26
18.0
8.51
8.77
7.26
7.81
10.95
23.78
25.44
16.72
15.74
14.09
18.85
32.56
21.88
3.18
6.09
8.33
8.44
4.23
3.5
15.06
19.89
10.55
10.91
10.95
8.57
14.14
11.65
7.34
18.19
18.69
11.15
15.88
15.25
9.53
17.38
23.53
19.76
14.44
15.94
25.33
16.12
5.87
15.88
16.15
14.82
10.88
7.59
13.12
12.74
8.42
4.19
8.07
6.67
3.92
13.99
21.96
15.28
8.36
10.61
13.49
11.22
12.81
19.33
21.91
27.25
25.96
15.42
23.84
24.95
12.01
8.27
11.44
14.45
12.39
11.77
12.29
10.63
19.48
22.12
16.39
13.11
6.27
11.18
15.1
9.34
9.55
9.84
8.04
11.85
12.1
13.27
17.32
21.01
21.6
16.72
12.33
11.58
15.03
14.53
8.55
19.94
27.55
14.75
15.55
26.24
22.86
15.62
14.02
12.75
14.66
16.18
10.2
12.46
13.19
10.55
8.26
6.74
13.26
13.62
9.8
6.77
6.39
8.88
13.2
10.95
10.97
14.23
13.84
18.64
21.95
18.58
15.29
16.45
25.92
26.32
19.74
21.18
19.3
17.32
16.09
17.22
24.01
24.23
16.72
14.88
14.62
18.74
24.59
21.93
27.81
22.87
9.93
10.64
8.92
12.94
19.02
20.35
16.45
9.63
11.68
19.74
15.7
11.71
11.56
15.59
16.64
6.78
14.48
20.69
12.28
4.58
19.5
29.59
18.18
19.05
17.23
10.1
8.41
9.92
9.73
4.71
3.95
6.84
12.31
11.62
10.28
10.22
14.27
24.42
17.36
10.28
13.7
25.3
25.0
10.7
11.49
8.65
7.23
11.48
9.96
9.58
8.05
12.56
21.29
16.1
12.1
12.12
8.72
13.12
12.27
18.54
20.73
13.07
16.44
24.12
19.68
16.02
20.49
15.12
10.95
13.46
20.74
18.99
6.96
8.69
11.7
6.25
13.28
12.01
9.38
15.38
11.75
8.56
6.14
5.74
11.42
13.72
12.23
11.51
9.8
8.79
13.9
16.65
8.28
16.14
18.62
5.21
7.78
14.79
19.44
15.87
17.72
16.97
6.02
10.31
10.25
7.78
19.28
25.51
13.26
2.98
14.06
18.67
9.07
11.89
20.01
21.94
18.04
16.33
26.93
31.21
30.56
23.38
16.61
15.14
18.16
19.98
11.88
10.07
10.06
8.03
13.63
23.42
20.95
11.52
4.57
13.65
18.15
13.01
8.88
5.82
12.33
23.23
17.18
5.62
6.2
5.04
13.48
30.17
22.36
18.45
21.81
13.01
27.56
34.21
26.76
23.22
13.42
14.65
17.02
17.11
26.32
27.72
21.75
23.31
24.32
13.9
17.36
22.36
10.65
3.15
14.24
21.46
15.57
9.66
12.06
22.71
18.86
9.76
9.85
11.76
13.8
25.46
32.26
30.29
25.97
16.15
15.16
14.44
17.49
15.56
5.21
11.55
14.67
10.65
15.04
14.55
12.98
11.01
14.4
19.37
17.21
12.57
8.12
11.36
14.43
9.91
15.09
16.06
19.02
30.95
20.59
9.98
13.27
25.73
20.49
11.62
15.99
17.57
17.45
16.18
12.99
10.34
13.07
10.57
11.59
9.85
3.93
4.44
5.1
12.74
20.73
15.13
5.59
13.37
13.83
4.82
8.61
9.74
7.12
7.4
7.76
12.24
21.44
17.34
9.72
7.92
10.05
15.35
14.16
11.77
10.75
10.63
10.23
7.0
4.81
11.45
12.41
5.69
7.85
18.71
21.04
12.28
6.53
11.64
11.0
4.6
6.85
8.7
7.12
7.06
9.94
12.15
13.49
15.53
10.76
3.98
4.28
10.49
20.06
20.23
16.68
10.92
3.47
9.52
14.86
10.64
17.11
14.26
9.75
14.05
