25.12
35.94
51.02666666666666
62.36
60.12
62.99
48.35
32.24
35.15
25.54
35.59
37.1
33.92
39.81
31.03
31.41
33.82
29.22
26.82
24.74
30.94
39.11
45.33
39.64
31.95
25.08
20.89
26.73
28.02
27.31
26.85
21.49
21.52
14.98
8.88
11.04
5.03
4.8
5.41
1.2
6.2
14.14
17.72
28.46
29.79
27.38
28.79
23.68
26.13
23.26
18.93
17.88
16.59
16.07
16.06
12.65
6.78
9.61
9.44
12.65
16.69
18.09
19.05
19.72
19.51
14.53
16.77
12.62
8.32
8.76
6.46
8.85
14.15
21.64
21.96
23.64
22.3
16.71
19.28
19.06
20.01
17.53
15.52
12.32
8.31
8.38
12.56
10.86
14.37
19.64
16.56
16.61
17.92
15.23
15.81
21.73
18.01
16.36
12.33
12.02
11.17
9.94
11.91
6.83
5.34
8.6
12.96
16.49
18.06
17.23
11.77
7.59
5.49
3.9
7.41
12.17
16.87
19.58
15.5
16.37
13.29
9.54
13.67
16.02
23.8
28.63
29.01
22.56
17.42
12.94
9.85
10.98
9.49
19.33
17.85
15.31
12.3
6.39
8.51
10.29
13.42
12.31
15.73
19.34
17.14
19.06
19.86
14.87
17.02
11.59
4.56
6.18
3.51
8.89
16.06
13.61
25.25
22.19
19.26
20.53
10.28
8.6
5.96
15.49
16.42
15.64
15.98
10.77
10.83
13.38
11.7
6.67
10.55
8.34
9.69
15.91
16.81
20.21
25.0
24.0
16.61
26.96
27.52
25.37
36.96
27.07
26.53
29.59
26.3
28.14
30.26
30.86
22.82
24.12
22.49
17.41
21.73
14.41
8.25
10.82
11.0
29.02
31.8
28.97
25.77
7.33
8.82
6.96
7.1
14.46
15.46
21.22
29.13
25.18
22.33
18.63
16.93
17.12
13.9
15.45
14.06
15.4
18.84
15.94
9.2
9.03
8.96
8.94
16.11
16.87
22.9
28.67
21.79
17.32
11.44
6.44
7.35
7.38
6.7
8.13
7.27
12.7
15.09
13.79
14.64
8.97
4.66
2.98
5.04
6.59
11.63
15.18
17.76
18.04
18.24
16.24
15.29
18.51
16.33
23.49
19.8
14.16
13.54
6.75
9.64
12.21
10.05
9.76
9.11
13.79
20.61
25.1
25.44
22.89
17.99
15.29
13.66
14.2
11.68
14.57
15.29
13.59
14.85
11.15
12.88
16.22
16.31
18.77
16.98
14.84
16.77
17.25
22.92
24.82
30.3
29.09
21.98
17.37
14.5
13.95
14.19
14.88
10.67
8.86
10.28
9.6
13.23
15.73
22.2
25.66
25.3
27.75
19.9
19.98
23.32
24.21
23.45
22.12
20.59
18.79
21.41
22.05
24.02
22.79
23.18
24.93
27.12
25.52
34.62
39.87
35.25
38.02
30.38
20.77
19.74
18.4
15.55
20.16
21.82
20.42
22.33
17.15
16.26
19.69
22.24
24.56
20.53
19.06
13.54
15.98
21.87
24.85
25.0
24.05
22.04
21.2
20.47
18.06
13.3
9.44
12.0
12.14
15.68
19.04
21.86
18.64
21.26
15.44
11.62
15.61
15.99
17.6
16.78
13.25
12.01
14.92
14.23
17.2
10.62
9.92
19.15
15.9
17.23
13.43
7.19
7.89
8.64
10.16
7.2
7.27
6.2
4.4
5.92
6.76
10.0
14.62
14.39
12.92
15.58
15.25
16.18
17.41
11.79
6.81
5.02
13.57
14.07
20.97
23.72
17.8
23.6
18.77
19.15
16.45
9.69
14.61
10.8
12.36
17.46
11.2
17.86
15.83
12.56
19.12
13.18
17.62
16.3
10.31
10.48
10.09
8.85
12.83
15.17
12.86
14.02
13.76
18.22
15.7
20.28
18.07
12.51
16.23
14.33
16.31
18.12
14.61
11.73
8.32
7.87
9.34
8.46
7.82
8.24
10.04
9.53
10.82
7.12
5.93
9.69
11.0
10.2
9.24
5.73
4.78
6.02
5.31
5.89
8.64
8.33
8.45
9.53
5.41
5.48
8.89
13.59
18.48
19.93
18.81
13.01
7.05
7.19
9.98
9.42
12.24
11.77
6.31
8.25
6.36
4.91
4.57
4.73
7.31
14.46
16.51
18.0
15.75
10.89
10.47
9.93
13.05
17.82
18.93
20.67
18.49
18.98
22.38
24.7
23.61
19.14
19.42
12.73
13.09
14.38
9.7
10.02
9.06
6.87
7.53
8.4
7.89
8.84
7.74
15.33
17.82
17.01
23.66
23.0
21.37
19.75
21.26
13.48
13.2
13.29
4.76
11.89
14.72
19.24
19.37
12.06
11.45
9.03
10.14
10.96
12.32
18.04
23.87
22.73
19.82
12.39
8.78
14.23
18.03
16.83
12.28
12.76
13.58
15.42
16.99
13.79
14.24
16.38
18.08
16.09
14.37
18.82
18.94
19.61
22.34
16.33
14.74
14.51
9.81
7.1
5.27
5.44
6.76
9.94
16.66
21.41
18.43
17.22
15.45
10.18
11.22
16.86
16.24
24.42
24.74
18.18
16.77
9.75
8.51
7.1
10.93
10.7
13.08
16.1
12.04
9.95
13.51
