15.96
16.72
41.45333333333333
49.86
54.2
74.85
58.3
50.96
52.63
40.63
50.62
50.96
52.41
55.67
50.36
50.23
48.09
40.86
34.33
33.73
31.8
31.5
31.46
25.46
21.91
19.21
19.23
20.08
24.16
24.27
28.79
30.29
25.17
26.76
20.72
18.09
24.89
29.08
35.86
37.68
29.91
20.31
16.37
17.46
21.92
23.32
19.72
14.76
13.32
13.17
12.98
21.09
24.44
24.34
32.99
30.19
25.08
24.36
14.61
14.46
19.96
18.59
26.74
24.78
25.92
32.41
27.29
25.89
20.41
15.31
18.08
16.08
19.09
28.91
23.91
30.02
31.62
27.54
30.86
25.77
31.04
27.37
24.82
24.4
12.41
10.23
12.98
15.35
18.02
19.73
22.85
25.52
23.55
22.49
14.8
12.3
10.52
10.13
16.98
19.44
25.24
24.17
22.48
18.46
15.75
21.81
21.52
22.81
23.55
20.79
19.46
19.93
20.42
17.75
22.65
22.11
20.13
18.56
16.91
14.44
14.5
20.08
17.27
19.79
23.53
23.27
23.13
23.3
24.89
22.71
22.51
25.24
23.23
29.79
33.77
32.4
27.12
20.88
16.54
19.03
21.76
21.94
21.9
21.24
19.9
20.75
27.64
20.35
18.19
14.93
4.54
6.18
11.83
14.24
15.68
15.12
12.73
11.17
12.45
13.61
11.15
11.18
8.82
9.17
10.8
12.11
13.89
10.76
9.54
10.4
12.96
16.4
17.84
14.13
14.31
10.48
8.52
8.86
5.58
6.17
8.76
8.44
7.81
8.3
5.5
8.52
11.52
12.15
13.01
10.15
9.47
7.7
7.25
9.22
6.19
10.05
10.13
7.84
11.05
15.12
14.29
14.62
16.18
12.44
12.79
12.94
12.65
14.63
15.32
16.13
12.64
8.87
9.31
9.31
10.3
9.68
9.49
6.92
12.06
13.28
12.62
14.22
10.94
19.39
22.19
24.74
21.05
12.41
10.34
16.65
16.07
14.58
14.14
4.37
7.85
7.97
8.26
9.4
7.87
6.99
4.92
3.01
1.68
1.95
6.25
7.51
11.83
11.2
8.42
12.63
9.34
9.0
9.87
4.45
2.88
6.28
10.68
14.89
14.9
13.74
11.19
7.4
9.8
13.27
10.8
13.64
14.28
15.62
17.67
15.15
11.96
7.03
4.54
8.67
9.16
10.05
11.02
8.85
9.84
7.17
6.71
4.55
7.68
10.27
8.43
8.79
7.09
6.72
11.21
11.1
9.59
8.07
5.89
9.36
12.04
12.65
11.78
7.78
4.71
4.88
3.89
5.72
6.84
9.05
8.76
10.64
9.38
9.19
15.34
15.15
14.64
18.72
13.89
14.38
23.56
21.94
25.0
23.96
19.96
16.93
14.73
13.56
16.45
18.09
24.15
26.84
20.88
20.01
15.72
17.18
16.61
17.25
18.1
16.98
16.65
17.76
18.72
15.14
15.52
14.05
14.0
13.76
13.38
10.35
4.71
7.11
8.12
13.75
14.97
15.05
14.74
10.82
11.01
12.44
15.83
16.77
17.81
20.0
18.55
15.41
19.67
16.38
18.44
19.27
16.0
17.81
12.63
12.79
16.05
10.76
15.63
18.68
18.73
22.94
18.32
16.68
12.08
13.29
19.47
20.02
17.95
14.9
8.88
7.19
7.34
7.43
8.13
10.53
12.88
13.09
13.42
17.17
22.0
26.5
29.5
25.17
22.29
17.14
19.49
17.44
22.82
22.36
17.6
21.3
17.79
16.54
19.11
18.87
16.13
17.95
21.67
23.8
21.15
20.74
18.85
15.18
18.24
21.54
16.51
15.7
22.68
24.05
26.88
25.89
20.41
14.14
10.94
10.89
6.12
13.1
12.32
10.85
11.97
6.98
6.5
15.53
21.1
21.26
21.58
19.21
12.92
12.25
13.0
6.68
5.25
6.61
9.39
10.49
11.21
7.88
8.32
6.53
8.18
13.05
11.16
11.34
11.54
6.6
11.95
15.03
17.46
17.71
10.07
7.8
3.09
3.18
4.46
3.94
5.49
7.4
7.16
11.69
12.96
10.82
9.62
8.23
6.5
6.53
7.59
4.4
4.08
4.82
6.12
9.24
11.05
18.9
18.73
15.24
13.21
5.18
3.47
5.81
6.74
7.41
6.61
8.68
15.32
17.22
19.02
15.22
7.66
9.39
16.88
17.56
18.25
14.56
7.62
11.13
14.11
14.42
12.3
10.33
12.12
12.32
13.01
12.63
12.06
11.47
14.34
13.78
14.21
18.31
14.1
23.38
19.25
18.08
19.48
9.69
12.46
13.61
18.74
20.32
21.59
17.31
15.63
12.48
11.88
12.3
16.3
16.95
19.45
27.13
19.56
24.56
19.44
10.46
10.5
12.98
16.85
20.16
20.14
13.27
7.8
9.35
15.04
21.74
20.6
21.01
18.49
14.72
15.79
12.89
13.35
10.13
12.65
13.08
12.5
14.31
11.72
11.63
10.71
13.8
15.42
17.76
17.52
12.18
12.86
9.19
10.35
12.02
10.37
13.2
8.89
9.26
11.82
10.76
12.55
11.21
9.2
6.94
9.67
14.33
13.65
15.47
12.92
10.04
10.18
8.83
7.33
17.13
