27.06
32.23
37.88
37.76
48.96
60.51
48.45
31.34
32.24
26.58
23.02
24.64
18.48
12.42
20.36
23.38
18.83
28.14
22.64
28.37
37.23
23.54
13.68
37.77
41.49
19.43
19.12
22.37
23.3
19.63
14.69
14.15
12.61
10.84
14.08
16.7
16.45
18.07
20.09
18.59
27.99
29.77
20.08
22.73
21.0
19.63
23.92
13.13
4.76
10.29
17.8
21.83
15.0
17.71
22.35
24.18
21.14
23.28
30.25
23.14
18.92
19.11
18.18
13.69
17.32
25.28
17.64
13.05
19.16
12.9
7.65
7.31
5.65
6.86
8.2
10.34
8.69
12.77
16.56
14.7
23.51
26.43
16.19
10.42
16.98
21.84
25.56
20.25
14.25
18.39
20.03
13.27
11.2
32.11
30.43
11.18
13.41
10.65
6.88
5.5
10.52
15.21
17.01
14.08
7.13
16.0
15.71
5.8
10.65
12.99
8.96
15.17
18.78
11.19
4.19
5.78
8.58
26.7
42.46
22.95
10.06
17.34
27.51
22.29
14.52
18.45
10.91
6.82
4.64
4.81
16.57
15.55
7.82
13.97
14.28
11.21
13.77
21.06
19.25
17.91
26.29
21.63
13.31
13.23
16.79
15.16
9.62
10.03
11.58
18.41
17.62
5.78
6.52
15.3
12.75
12.29
21.79
17.51
15.27
21.31
14.7
3.85
3.59
11.9
14.22
12.32
12.81
6.7
4.01
6.39
7.78
16.49
16.63
14.12
14.66
9.04
11.23
12.34
10.58
6.37
5.55
7.25
4.37
12.77
17.66
11.99
10.51
16.34
17.19
8.34
9.54
10.01
7.4
18.77
17.93
6.7
19.7
24.02
10.32
7.73
10.89
15.78
14.2
7.23
10.58
12.4
7.18
8.4
14.2
17.63
12.56
7.29
10.41
11.93
7.61
7.36
7.11
6.63
11.68
8.73
6.22
9.64
19.29
17.23
6.01
5.76
10.56
9.61
8.32
10.35
9.45
11.55
10.35
10.96
16.95
21.59
19.01
16.81
16.79
18.95
16.48
10.38
11.85
13.51
13.36
10.7
14.32
14.03
11.08
21.33
23.34
16.46
15.58
22.96
27.2
17.57
31.81
33.25
20.59
24.92
19.37
18.67
14.04
15.27
19.84
17.09
14.2
17.35
14.84
11.32
14.19
15.58
17.5
16.96
23.38
28.68
23.46
14.78
18.76
19.61
9.73
8.7
16.09
15.57
16.6
17.73
13.63
22.68
27.09
18.12
17.45
24.2
15.08
6.51
7.07
15.55
20.95
12.77
16.22
23.76
15.37
6.84
7.41
9.46
8.56
4.79
4.2
5.89
7.57
8.23
5.93
9.88
16.36
23.62
18.0
6.53
7.37
9.99
14.27
14.31
13.97
11.88
6.92
5.82
6.19
11.21
9.33
4.47
7.52
9.68
5.99
7.27
12.74
13.57
10.03
8.21
10.04
6.04
8.77
12.0
9.19
9.49
7.67
4.86
5.73
5.63
9.37
16.31
13.48
8.79
8.96
10.28
13.87
12.54
7.51
17.21
15.64
6.86
9.95
13.7
12.77
4.79
12.11
15.81
12.24
14.84
13.97
21.43
24.38
14.25
15.38
21.28
18.41
10.93
5.14
6.96
10.99
11.4
14.28
12.5
10.71
12.44
11.79
17.67
15.73
20.21
21.44
14.35
14.74
7.39
5.04
16.54
18.65
18.05
23.11
12.43
5.07
18.29
25.43
31.41
32.1
28.15
30.0
17.59
10.3
19.96
22.46
15.22
19.65
23.52
30.29
25.6
17.23
20.42
18.99
11.42
9.52
14.12
25.4
27.81
21.34
29.04
19.97
16.32
15.43
10.82
18.69
24.13
40.6
37.9
14.68
10.28
28.99
31.6
20.34
14.63
7.56
10.45
13.73
16.05
18.64
15.23
17.66
21.51
15.66
17.76
20.04
18.94
13.5
9.48
12.15
11.49
10.48
24.84
32.82
18.83
19.48
13.7
4.45
12.78
13.64
14.03
13.58
15.81
12.87
12.17
20.45
30.84
27.39
12.98
17.15
20.74
17.99
16.29
17.02
16.85
14.83
16.7
15.36
16.39
15.7
12.85
14.93
8.94
15.12
15.8
8.23
12.94
18.54
19.71
11.19
7.58
12.12
12.91
10.92
9.94
10.69
16.86
20.25
11.45
7.2
10.1
12.77
14.28
10.05
9.57
17.03
13.28
10.67
16.79
15.53
18.99
13.19
9.92
16.77
15.27
13.57
13.01
15.63
14.85
7.82
5.74
11.58
11.12
7.31
5.36
5.44
8.42
12.48
12.75
8.3
5.92
9.16
17.75
21.74
24.23
24.81
25.75
24.6
26.71
21.47
20.57
22.13
13.83
10.37
12.53
16.67
10.33
10.05
13.54
17.93
27.53
20.23
13.45
16.67
20.26
24.38
20.69
16.62
12.07
19.25
21.77
12.08
12.19
15.31
16.83
15.01
18.62
21.24
12.6
13.83
13.13
7.36
9.96
23.21
21.62
12.33
10.7
8.76
19.65
20.27
15.54
9.91
13.74
13.2
10.9
18.46
14.93
15.51
22.3
19.77
12.55
11.52
8.38
6.53
4.27
6.34
13.94
17.63
17.26
