-0.5876548612311518
-0.2589998994282413
-0.1224926654856815
-0.0180623150727095
0.1387274565694414
0.1756241300131026
0.134198112284097
0.1583651224522378
0.2223155684894442
0.1995337892615495
0.3935341791550415
0.4102154007541817
0.5098271700092158
0.6099801146468792
0.3391492191701414
0.3548569622192513
0.2541574045904637
0.1840452773015426
0.1758086458467392
0.070147513834913
0.0618187980901309
0.1777895517051042
0.338413971929657
0.3487306241534999
0.1838473731695501
-5.62716297743e-05
-0.0221625828505464
-0.0247117704830807
0.1151186783091161
0.1485151907240416
0.0672244367622186
0.1505726649014256
0.1682050559760953
0.1612354003897812
0.272185697780189
0.2016546857754856
0.2650919333117882
0.2890403553404344
0.1756298142935318
0.2629045976939201
0.2503566888629004
0.3895596576527274
0.4586636777122851
0.2339849967284598
0.1587746733491208
-0.0840085126860046
-0.1250609495357435
-0.063931957308759
0.0041417826045413
0.1331048813816123
0.1430044309337638
0.2073180463839953
0.1258442898647918
0.1400100652176676
0.1963974698559642
0.2828759665261701
0.3593588074594825
0.2671753117932504
0.1458622005638638
0.2169001059771389
0.1720541416527433
0.2862718291168555
0.4505295750902553
0.3143752606325073
0.3986141062516701
0.2923955981095006
0.336025434426207
0.3010712896365702
0.2085724687615932
0.1302337834008101
0.0750370524439042
0.1352382289495601
0.1777019773657492
0.3325737980355845
0.3105977096288353
0.290349996700414
0.2885610951706768
0.2823143522143979
0.2633210092437501
0.3468917256990299
0.2436389936745709
0.2701554296128904
0.2110341313252577
0.0177438271067375
0.042017995269046
0.0702029977895524
0.0239808197106078
0.078749754401676
0.1372796789426364
0.0763181621442802
0.1726351505966238
0.1547557733254503
0.1455067964007971
0.0862344602250944
0.1112876419046874
0.1541593025458847
-0.0154687604247233
-0.1370322033308846
-0.2015227206270985
-0.2855949964258205
-0.0898132236156604
-0.0541332740709761
-0.1277869035212686
-0.0718576409774155
-0.0697161804282133
0.0792685391491177
0.1094688177646655
0.0543741009505564
0.0043773763692349
-0.1046250400684802
-0.1156087518505219
-0.0679356697912965
-0.1005152886020582
-0.1428466004821064
-0.0688330990402319
-0.1227520676405654
-0.0739140251456713
-0.071793697975169
-0.1367524374941929
-0.0888345765976776
-0.111133939716472
-0.1126413290704447
-0.1042257476972493
-0.014895921696348
-0.1064606963632615
-0.1219877742882433
-0.1816251698071299
-0.1904576454542568
-0.1023048579427569
-0.04294931525544
0.081674961259209
0.0496176643140096
0.0867113612429464
0.1025349920639179
0.2110932082504423
0.1578523883782059
0.135445639353952
0.1921763031559578
0.1215205842216362
0.2472869373442145
0.2359887293464585
0.2759883359363772
0.1727279601574143
0.0868687497283737
0.0368958415429513
0.042879617466181
0.171414268627834
0.185422480329008
0.344049657508183
0.3387632755766035
0.1820903214784335
0.1651752396037098
0.0886125026253565
-0.035309984732997
0.1719010733322287
0.2579453184047274
0.3289199382288519
0.4091434384764763
0.3469530985070937
0.3054041459422164
0.257313791675639
0.3385656513241105
0.4271430663406136
0.3523782309442007
0.3627588076448805
0.3482827764252236
0.2964215343129847
0.4510294628848628
0.4410847062374567
0.5049359790393753
0.5154640242757434
0.3853785850707767
0.4213156444395858
0.2780643751091089
0.1108547836000433
0.2061353527074615
0.0467210109059973
0.0605254963247687
0.0401632473927221
-0.0080398905822362
0.0819174897262555
0.0805248868889531
0.1040686414807892
-0.1099622589549888
-0.283157174120293
-0.1770924644411716
-0.072110828499412
0.0856263136915737
0.0427582337793098
-0.2336686199447127
-0.2940640319623413
-0.4204816443383005
-0.3096181332157146
-0.3751802497846989
-0.4000521438256184
-0.2038152943746755
-0.1613554335181754
0.043529219913544
0.0954474190251929
0.0790155134728036
0.138589111247613
0.2649086905150586
0.2791720491202784
0.3402608693329204
0.339671843401965
0.3185149071616969
0.2439571048087615
0.1718615224161485
0.2319912441615995
0.1488429806479265
0.1852294236461588
0.2072760950549365
0.0824284728905909
0.0657714961845157
0.0518179843072995
0.0696805602504754
-0.0436022319999463
-0.0244660356589573
0.1246637166551878
0.0621736625968359
0.2399455205208509
0.2736389117667335
0.2221417562007767
0.3228951822201958
0.3530982366334539
0.3488375235805532
0.3339706651384714
0.2442870283461955
0.1554018890934606
0.1889875988690378
0.2804470821176039
0.2787271973370245
0.3006318269461288
0.3835028259592714
0.3501184015006057
0.4537988678465863
0.4712420130953224
0.4167652757120466
0.4002603921748943
0.4747327981823588
0.5095725416294214
0.3758970188736877
0.2872310732868204
0.1632267912818831
0.1485980991997706
0.2108055320100739
0.3397079322405591
0.2832343985280383
0.3015184788116909
0.3712664607385427
0.282093493396633
0.2405807385423883
0.296855833096518
0.2211187180422514
0.1444790924367974
0.1359110857839297
0.1253794702308641
0.315722442417053
0.2716740603749458
0.4733465919505887
0.4873080479063341
0.3154729401455626
0.5405262737010701
0.3093286217808969
0.2052269478505036
0.2956347560486924
0.1373042106531543
0.3083778062396194
0.2877061630088087
0.1372685965356427
0.0975859853450467
-0.0191248815204177
0.038637791043014
0.0765111058133409
-0.0127085100917621
-0.020169545175224
-0.0730891557752816
-0.1927798399405166
-0.1251868198229685
-0.1421470682980817
-0.1048113335020443
-0.0826819808657983
-0.1134355000945683
-0.2649337963996628
-0.3725019738973729
-0.3851651062723019
-0.3618487757587143
-0.1013487112011915
-0.0458824687088702
-0.0468767960572234
-0.0529776280726922
-0.217518392709106
-0.131063425560749
-0.0829057578317792
-0.0808441725877682
-0.2025013925186505
-0.6947829506340928
-0.657949145081668
-0.6299677093433935
-0.6143991398843149
-0.4646110059632258
-0.3486616560209389
-0.2974146802231165
-0.0728315972289375
0.3226617552607983
0.0808513983301978
0.1150914028647413
-0.1044574041939343
0.0072765486018077
0.2173486183602452
0.2041614826266118
0.4153794398151917
0.0515178509563035
-0.1152481136964462
-0.1257222791851891
-0.2872614955534483
-0.0422921303040719
0.1751438517550045
0.0692393467413268
0.1887670247356073
0.0895453308921753
0.009493400096189
0.1633539946291591
0.3002709862309481
0.3678221591344278
0.4209796948261612
0.3746441814591643
0.2205795776211325
0.2490702594009776
0.2229484700148372
0.0906018743430991
0.1492768666680672
0.053813725291065
0.0978624386228604
0.2173177025489376
0.1788849385644591
0.1360573698997122
-0.0109178069161092
0.0449433646649207
0.1434153184189868
0.2217691208611883
0.3343566528059837
0.2723015771735605
0.1601303848300851
0.1295329338736829
-0.0622348942251204
-0.1014579213398623
-0.0677960269910555
-0.1020146863326095
0.0337447376969776
0.1963876707014871
0.0627190461923528
0.0370510256218032
-0.0346855059107765
-0.0377743980528288
0.1393712743148071
0.1376513786071392
0.2165497680661889
0.1703089154791311
0.0742802733646461
0.0232846776474161
-0.0400654559648912
-0.0789234440279226
0.127353156112073
0.394307967866446
0.3661722638704119
0.2261091823501433
0.0170907544442739
-0.0927641876410061
-0.0867153596600649
0.0910191626548495
0.0762370974166929
0.0686263108706192
0.1113168227417448
0.1091164848027108
0.2393850174551239
0.1071401922479879
0.0961370252971012
0.0378104597149196
0.0190795825498807
0.1657784651537091
0.1685608510507552
0.046690377550671
0.0344468718097361
-0.1670364657822682
-0.2747070872533259
-0.1948362310208207
-0.2107002850984604
-0.0609339944222455
0.0882098969226679
0.0722797073601047
0.0437908037750848
-0.005358323283764
-0.0283139849589819
0.0167254894588617
0.0911989436261963
0.1422941242175124
0.1544645876369244
0.2117594541107784
0.2178864243329756
0.1306190701575981
0.0897317754092763
0.0278887775598889
0.0088433007109935
0.0466788286884121
0.0772958459262175
0.1373187930181911
0.2169542389939068
0.3310936966863787
0.3492041647808833
0.2814750128787865
0.0736933683012314
0.014375189094589
-0.0268645975049239
-0.0845471915134941
-0.0257140243259014
-0.05523650999935
-0.0977320799020778
-0.0335395538037091
0.0133021280796324
0.002738205997781
0.1932445184316844
0.2449953155180951
0.1787175374229402
0.247069035249644
0.1539910026407844
0.0964646180907141
0.1221764202509365
0.2393681738215798
0.217836265574766
0.2911583277318433
0.2307002946114394
0.0819689504349835
-0.0276433355415491
-0.0290887188150016
0.0815026164664167
0.1080616038075832
0.2384488410193672
0.1946384502401338
0.0191205155193588
-0.0107384414440399
0.0611914823489432
0.0349847070909544
0.2242450913946768
0.1994336233511074
0.1784295462100809
0.2136857590963977
0.1522790455029193
0.1417305587302365
0.1180795483874438
0.093778977086118
0.1887163096770199
0.1662589976725723
0.1672763582580668
0.2378009683983665
0.3263261500778877
0.3997968901896769
0.3750140896692947
0.4196248693104782
0.2975579948771116
0.1858422931621447
0.2200001326702877
0.1114983199026201
0.0210576345357341
0.0944333396491371
0.1308568679285832
0.0938404928392733
0.1356281329195741
0.190266075836507
0.0738771543157156
0.1736964804210166
0.1323523800594995
0.1847272162434465
0.293903723648434
0.2352925208202498
0.2545213046685422
0.0904269376780561
-0.0314982668075536
-0.0682620096620811
-0.1514082299748422
-0.0744648209215848
-0.0876752501623853
0.0027287277382403
-0.0780702271576086
-0.0743705174585215
-0.1184555435874649
-0.2567043553612654
-0.1248171086660154
-0.0943348332312463
0.0122014979469519
-0.0265198058711645
-0.0209956392034085
-0.0532547193797536
-0.0932292573497678
-0.0322134982668079
0.1037901827245418
0.1313318887007191
0.1970752974627792
0.2201656010627237
0.2367405065574811
0.269968639611216
0.1756552896632779
0.2969927754413218
0.2458810974643227
0.244069932559898
0.3993974984116621
0.2601488459331385
0.2701651521617098
0.265281540678043
0.1807018245614786
0.2038442522022589
0.323778179669103
0.3925856772364826
0.4309631992857505
0.5467497345792716
0.3455376456255494
0.2910313885893946
0.2496146403673471
0.2701450742591794
0.314528357992292
0.268987039141523
0.2541158261895394
0.2075920556659348
0.1976534224336485
0.2544887442516452
0.2796693816252273
0.2676545778708568
0.3213023502102377
0.2569202179295111
0.254227729292928
0.1468387183201684
0.0438459675693554
0.0649797507887291
0.139820842568556
0.2060683012535901
0.4742580319076399
0.4445251534591633
0.339142986719172
0.3378908199779807
0.27880079304508
0.2865301150072994
0.3867416655197438
0.399556719949152
0.3650688098612111
0.402745265093705
0.2855664952489858
0.3273809563673178
0.2028902058414981
0.1994682135735195
0.3146127972980009
0.299567245195518
0.3026180629534711
0.1742972740354956
0.1728430288456188
0.1449788786071283
0.1607357819939942
0.3561092970524029
0.2493471103966303
0.4544192510484388
0.5250121622713295
0.4669057347334377
0.5909185403074777
0.4670079685977947
0.5049448228556866
0.5456726194440957
0.4819233741455649
0.4098635638913268
0.2669901604275602
0.1567400206975788
0.0846027092812693
0.1698461702335458
0.2122558684096608
0.1894715537208671
0.2452187894080636
0.143783762852153
0.2549401547490141
0.2524184170378898
0.2940235515098826
0.3603683246640732
0.2608520342140439
0.3986965500135581
0.2508828206981809
0.1772692148910241
0.2332226942978535
0.2263124095674057
0.3227641972176268
0.486608694885078
0.5537363747578642
0.5088014324843687
0.5210137332710779
0.3543197849340035
0.19424666061337
0.2059328317233635
0.22793811817565
0.2426284245005045
0.3371958018998653
0.2515155034221334
0.1256971902213383
0.1771622893506257
0.1170130141742369
