-3.921360159034927
-3.1299029774284146
-2.022416955725869
-1.391653279688879
-0.2737184933439441
0.5075514162596061
0.5799320114666994
0.698095398038516
0.8081955163665974
0.7853116041412815
0.8726023234665427
0.8660541543689697
0.7989294412521153
0.8270452730085143
0.8324982185985437
0.7230766799751048
0.7418447781706209
0.6201594154105164
0.5381565714046809
0.5542850546530042
0.4130511207433665
0.3318870312699157
0.2863777468568933
0.164654911695578
0.2271817328175572
0.3367187735309738
0.4468465579887635
0.4789654749373436
0.3634968824842255
0.4534866820348106
0.2935385514226705
0.3318204509926067
0.4438254716295706
0.4347499481578795
0.4139261385635661
0.4223178589107186
0.4292899325854881
0.3796087998494147
0.4364678875462269
0.4701972864115376
0.3844452350485539
0.296746102059635
0.3330183077742225
0.2811175239072209
0.3156149102726064
0.3396363046860557
0.4091739646713628
0.3216353307786224
0.3272432614119314
0.2250483053177928
0.2307049063347544
0.3308119582087151
0.3030340052869391
0.3599476702789276
0.1809191489386027
0.2406303684416057
0.2994540250634203
0.4074749140768122
0.4777585175569148
0.3728831964075994
0.4053642028282164
0.3121424283240511
0.3240483686300463
0.3695915993255627
0.3085177794799473
0.4348473061097149
0.3174868474743376
0.4304416288129916
0.5532358476343319
0.5550036769978864
0.6352598067491173
0.4514780935121246
0.3366317527839049
0.2163645956435789
0.1483017513340914
0.2247012701857544
0.1558399170954193
0.12550130783917
0.1471806033907439
0.0433573348294751
0.047837291280081
-0.1397757688473413
-0.0418737907330397
0.0825962489689488
0.0330968353359628
0.2102540628285213
0.0724383072622768
0.0681557253410074
0.1569026512285425
0.2642068505088891
0.3590158976775223
0.3642597694823288
0.4506085011045024
0.4505441969474341
0.3149129189400965
0.3345920038434172
0.1482009541896787
-0.0336418131104936
0.105212658077485
0.0248889081514873
0.1629129984303111
0.3518025025762349
0.2924219130036281
0.1309575898814308
0.1024518572458298
0.057833633604612
0.1757327574331363
0.3801337812535206
0.3874914228618323
0.1950455477462459
0.0645548911316993
0.0111685431038495
-0.0972431096632055
0.1013712799287807
0.1427860193139602
0.1605925366367884
0.1959931355077375
0.1315661377453406
0.083100101399828
-0.1216567276803402
-0.1195556225422468
-0.0590390467649891
0.0956707403129828
0.1378792391490819
0.1620487609724892
0.2407325490257191
0.1547916075237807
0.2629835217911475
0.2215027559541472
0.0511445681756753
-0.0949529480039402
-0.1723882613016827
-0.2915333660074736
-0.2164584884936488
-0.14360633973655
-0.0092293471463291
0.1780924702767976
0.1654124314977667
0.2557223057857913
0.1882665927948002
0.2105668477702963
0.0451561989620089
-0.0663455743021383
0.0111822602977887
-0.0525165118401005
-0.0313463704737069
0.1434159502558855
0.0572310227378745
0.0257417091798583
0.0012446243120768
-0.1137667749904324
-0.1356102817061173
-0.0756906732393817
0.1082518882934804
0.165278977222964
0.2338325111065516
0.1747525877194601
0.0438165333718396
0.0435469487188973
0.0194474071656103
-0.0043914290157952
0.1425148224188127
0.1031017167079088
0.0396470159464466
0.2078757602737105
0.1150649286449925
0.1234892898752347
0.13915189860404
0.0536704763119554
0.1112652983508084
0.2407959873944639
0.3508138171460717
0.3872801179917126
0.2569430345324021
0.1074905326966768
0.0894601601791749
-0.1016720810110202
0.1140711888979698
0.1342677178269686
0.1428731228609521
0.2665467610501169
0.1440791201444056
0.1394614868969099
0.2390048247604214
0.2156439648601558
0.3937625732479219
0.3549231728877959
0.1595783605255062
0.2532749550645445
0.0935154667132368
0.162980194677747
0.2549673034143442
0.3041028397046286
0.2763219447455224
0.2451655893662717
0.183636019705096
0.1556589960949861
0.2396965345981997
0.2259710582996676
0.2090025510045491
0.1827192823643759
0.1074572328222835
0.0302404747140447
0.049283949134532
-0.1499855539335065
-0.0903716819993186
0.0255184355235729
0.1248684979707314
0.305067658722614
0.2348187095834588
0.3200149572278817
0.2559932039297532
0.2865114414537051
0.2753643428455725
0.1265094026888164
0.1960594462810043
0.1110427585267641
0.1772447981035917
0.2433241749427218
0.1644347370455202
0.2229543325150927
0.0888305258278933
0.1304575795299196
0.1183875119350358
0.0761420979410033
0.1363879218559782
0.0433110732888218
0.1326629958145751
0.0983805939960939
0.0589059219067902
-0.029699447615329
-0.0525138043034791
-0.0247654334924616
0.001688499553505
0.0814420977616657
-0.0168058615458087
0.0114969731689521
-0.0590740885226146
-0.0158478614139268
-0.0533074210883329
-0.0262027098831327
0.1544030357946592
0.1861332204162384
0.2628522958110669
0.2765850866487253
0.3183092290814484
0.3632790805142952
0.3814164512442854
0.4146122025246166
0.3485244067707495
0.3345461870766001
0.4426197916175906
0.4664807382686923
0.6060015698385015
0.5866725419159762
0.5038630864491479
0.4544683256068045
0.3915165443678027
0.4335460772871941
0.5129556506125028
0.5535175352721938
0.551709664725899
0.5743742921118369
0.6193718985021269
0.6688513153051566
0.629064491061384
0.638825704908776
0.517547347393998
0.4310924466818209
0.511442848661214
0.4915097994904967
0.532461248883516
0.5374796277118189
0.50147619153813
0.4095528208630438
0.3998358920131716
0.4333875249964136
0.3650183219212334
0.4459540678106984
0.5695768666461073
0.5563549616897882
0.6090159029847628
0.6434813216098564
0.6116286363344491
0.5495570507131058
0.5721103289888638
0.5404185124049422
0.5118390875837672
0.6105632319755633
0.6466343881893698
0.6122975615235293
0.6543832632463389
0.6818759810905451
0.7030602506298887
0.7808909281722956
0.7259443719476408
0.6414529176270176
0.5931230396582201
0.5397377230409215
0.5081927139504815
0.4791873795802319
0.4749572767253916
0.529946977350992
0.5429310868906579
0.6087881405041133
0.6772763300020279
0.6495051142771646
0.6287897691888632
0.6264338013775551
0.4647346969016638
0.3904223408712964
0.3732284356517731
0.2177698934582817
0.3682815867310542
0.4431172286876533
0.1436671752247021
0.2899183217827175
0.2437992536951626
0.1921682257488051
0.4792995686007662
0.1666994655734259
0.1416821104343045
0.1607240495128445
0.167746150235668
0.3212668113302081
0.3905227909698853
0.415276342514133
0.4538341355319676
0.5647431858416758
0.2863968297081606
0.1397936218305227
0.1152585404055268
0.051732951802967
0.2191667350529209
0.404526694702761
0.4465356092701142
0.5295995270439168
0.1777196461309487
-0.1406274054149357
-0.2584954957878958
-0.4244112450591087
0.0091391871047249
0.2475515329890036
0.3059971813712574
0.4584433523730602
0.3351335916092257
0.2992739300979597
0.3867453021065494
0.404663519567942
0.4503458265342221
0.5192798582146252
0.4167414481847485
0.4262698886415336
0.4001835439854935
0.1570718845036505
0.2085473012130653
0.3253891723300158
0.4734019629079017
0.7419446344013911
0.594126316602887
0.2922478948081671
0.4056697844115133
0.3544176879823512
0.4290660924746756
0.6187668788769425
0.2782291998407196
0.1034135740136376
0.2166192127691958
0.150816803350586
0.3885943151409468
0.6322860502367988
0.6308569858198504
0.7513479505110439
0.6334126301248223
0.6067565635749079
0.5478247753469067
0.6256683628467435
0.6823387830455122
0.5602166284241038
0.5360959484745621
0.253539727147659
0.4134120427212863
0.4895469093022733
0.653756466974328
0.8449865382168648
0.6750000919098852
0.6582730020938401
0.6652847092369089
0.676983976868781
0.7163893008203036
0.8072353647303211
0.7548624719681726
0.7979357205210573
0.7701301019835111
0.7359115814176695
0.7235610605558455
0.6716574509079862
0.6615698041790526
0.6888576944803694
0.6538153388218373
0.6392135780028589
0.6501390444620898
0.6433015612031556
0.5928703678586449
0.6692981805635597
0.6286991698164655
0.5714094728300797
0.5611101505953472
0.4881277075384396
0.4919972754857231
0.5239966766772407
0.5263019158058044
0.4783928885874403
0.4116934266341869
0.3949974195026563
0.4140338517574962
0.3702875868199952
0.4681672954425734
0.5043437470043278
0.4996681586264566
0.5870261620195328
0.5920336154528989
0.5083847471670488
0.4892398217832351
0.5272936923183295
0.4532353317878624
0.5114582999970508
0.5718120184302389
0.4513141368403512
0.355852696660959
0.3407071415981637
0.1716397380321222
0.1796944547268396
0.2761195196030773
0.2864384708522899
0.4366361936703155
0.3110908272939972
0.2350456373804122
0.2545752278905245
0.0642802439956038
0.1247578890962934
0.1013261400283081
0.026880404956089
0.131920208505633
0.0359280803060826
0.0750876492870844
-0.0648042076555628
-0.1028608598657165
0.0729598731686586
0.0269149066547679
0.1125898876456248
0.1833479296785066
0.147282655904599
0.2600457113944288
0.2945264917281426
0.3353602381406916
0.4005645741309722
0.2599119046568797
0.2907335726234773
0.2786928442362295
0.1478289999076338
0.1024558277930656
0.0228534828160591
8.7697822471e-05
0.0705469914668728
0.2990004045359463
0.3397835895551892
0.3499723130244639
0.369768201938172
0.3837365455922362
0.4475173680514015
0.4311681178750193
0.4255146698358055
0.2817005105054074
0.2041702649970525
0.146940833870331
0.1584268383544962
0.1656613612665224
0.124198359061831
0.1738119298566357
0.1284270446409186
0.0701373207538826
0.1618032281899999
0.14792602419206
0.1868049844483053
0.3712755292132507
0.3872542371600362
0.3813196736790049
0.3451355596488114
0.1768334127569241
0.0707548518265188
0.0369610535548825
0.0775620914778149
0.1289012436913462
0.0986608506142337
0.1111711724372239
0.1597342206370494
0.0727998042734762
0.1842322583112628
0.244833804511636
0.215751890702974
0.3685423826097349
0.2964430115387141
0.2877780858296953
0.2017427127209176
0.229405810806146
0.2638241091605829
0.2721184007538781
0.4097041063645398
0.3161818441681256
0.2090910922910882
0.0195131925114409
0.0203975205762015
0.0350288181068862
0.1649846345360131
0.2868273864495729
0.1860723907846412
0.1684935449889306
0.1650997479801114
0.2186590992642164
0.2271479080464044
0.1307907435614969
0.0682016462626209
0.0804673492758773
0.0251696289398851
0.2113479327416307
0.2936354937423049
0.1795538515011455
0.1161734106705465
0.0196900380569839
0.0074998973602849
0.02341234101216
0.1315029209530094
0.1375907205833293
-0.0611928964786872
-0.0275596410937151
-0.0531041959136409
-0.0503156067305469
0.10029982494389
-0.1136331146439653
-0.1196618601675823
-0.0940482810519946
-0.077380083689679
0.2067688221274347
0.234194637199319
0.1680572607458249
0.141547307481746
-0.0517632780073226
-0.0429376424035262
-0.0701483543372739
-0.0045717779888242
0.1622131155237561
0.0492593641590446
0.1803036834870548
0.0202030887427794
-0.0095701858511891
0.0389029452888341
-0.0050441141384586
0.1845010289934063
0.116477253295873
0.0321678751503078
-0.0320260854375396
-0.1976930722703813
-0.1549917905474396
-0.1013507816407752
-0.0095072034399016
0.037140363086036
0.1075049355423072
0.1098641216975055
0.0957820135642435
0.0008658345128505
0.0221597656117564
0.0023492039347699
-0.0631828161146351
0.06494972873382
0.0938409120995843
0.1573471343127648
0.0887188752345473
0.0496155716037493
-0.0062483642856423
-0.0153034099417149
0.1414522959722393
0.2001331165759378
0.1211552012196537
0.1968113785947154
0.2312457435394361
0.1871854764668884
0.288291981254557
0.3112337662649744
0.244447639738059
0.2991536772571602
0.2603047647278499
0.2293708564693152
0.2700685601420294
0.2139204006957481
0.2930668099432127
0.133244090707297
0.0830240924946964
0.0117093619502435
-0.0243489185182693
