-0.2216932736458528
-0.004728187852674
0.086827145358421
0.1900585417118459
0.3569269387312617
0.3792869055619867
0.4970559376668396
0.5618168016872874
0.6461919390191254
0.8167645456652528
0.7666158172258409
0.708677280822516
0.4936176822853302
0.2676679123757224
0.1547624568123485
-0.0325485979179619
0.0891335240608502
0.0137292003605256
-0.3251075100507776
-0.173592981486967
-0.1817488864862558
-0.0528857388205209
0.4782085449172356
0.643187059295085
0.6356003957303693
0.7824594868951601
0.7287296944303856
0.6472679537835663
0.822941432058588
0.7594923936155092
0.7564540092784534
0.7603072331785412
0.6010096490954547
0.622448180400959
0.6494593486784194
0.7031182199963801
0.7783050176181857
0.7566621258874343
0.7656547190623744
0.4945914519822726
0.4954098697062708
0.4389758470356614
0.3529538075656117
0.5500824417309816
0.658867915521145
0.6820417953021933
0.7722322511143657
0.8069915235746907
0.7462749664773863
0.7005895786412962
0.6879710666451512
0.7243142818735125
0.6898224114895392
0.723477369577247
0.7947988296793181
0.783055015562976
0.7743346607579155
0.8156707908753773
0.8244433898161442
0.8067996103200433
0.757955169253758
0.8581137083214171
0.7538453098688663
0.6758462044990542
0.6720969150088562
0.6166479029234069
0.6481931276056475
0.6432392029692813
0.7199909422464722
0.6200808187153107
0.6862594590301622
0.7055886307577572
0.6661847093429847
0.8175175789341478
0.7640816759982068
0.8408401105680976
0.9409481221293609
0.8758368763368335
0.9333330791477524
0.8006774949157797
0.7087728186475869
0.7251579969369051
0.7003586992303029
0.8218487887284328
0.7952342624243692
0.742776241970517
0.7743426297460735
0.7641001810310462
0.7348791862104034
0.6034032884560093
0.4174737541108381
0.2572636439647287
0.2208718213423307
0.2951192876532277
0.2968619006132404
0.3821680420219242
0.3802166795726282
0.4524349209877392
0.3906630755855247
0.332931472553172
0.3104943849240309
0.3711063931848346
0.5039120659698534
0.4964362531471175
0.428002920500132
0.2789743495330096
0.3187319434492387
0.3589687521620685
0.4612508776395633
0.3283913290081884
0.1161074617664767
0.1280566700042951
0.181803673445855
0.4161378406547118
0.5087653062506504
0.5399755169830764
0.3935601210224431
0.2473887020555324
0.243141205416638
0.2853765268625067
0.3019817499937218
0.4203476763705134
0.4285406482659099
0.2730803533224476
0.4130106359939636
0.3711199311483766
0.2931108141417757
0.2999607860492659
0.2332510668546724
0.1307926834724626
0.2820269998541986
0.3473993382071392
0.3145601173171056
0.3516670717146503
0.3595252936351037
0.2775648462755672
0.1973746497285571
0.2127238674018151
0.067431056083666
0.0765305391263274
0.124035669623256
0.014279981781785
-0.002853948936918
0.0765342124759623
0.0643907212721714
0.0779785557453625
0.0210214208144149
-0.1033957104080746
-0.0336787122023393
-0.0975821873274711
-0.0180672173814786
-0.0768574714451588
-0.2114225351930702
0.0247327240773677
-0.1548933415101031
-0.0171691378410527
0.0409000320504333
-0.0278530018429636
0.1051527168826669
0.0041200788434388
-0.0101796854824725
0.0128419752993702
0.0244815283247966
0.0790510306140755
0.1651388651648321
0.1313901816769841
0.1384048465400134
0.0279013528924649
0.2176338083412257
0.2354186704485665
0.2962475189220164
0.2789889029917714
0.0074981891380401
2.49083921675e-05
-0.1930674958097981
0.0303404813821449
0.0365697484767336
-0.0887214338129273
0.0418481010537709
-0.0433938233148293
0.0096237384898863
0.0540160865282168
0.0945346242745261
0.1461369913720938
0.2298318613539073
0.3001652264810732
0.4166133792504965
0.3692309537798516
0.2634466990817061
0.3500885612886283
0.2746507414659043
0.2466596615330067
0.3909881604427684
0.3168943865999592
0.4230428101787018
0.4834891053446088
0.3769544563814742
0.4810953068879695
0.4117686170403838
0.4792202052678809
0.5137980273259524
0.4865277130358666
0.4534125343694672
0.4159494573714105
0.3827930063047809
0.4007927372972207
0.526341972214284
0.683966703245359
0.6288958998338846
0.5797610636403878
0.5789142049494697
0.5005199281039623
0.5589695231132665
0.5360384640620997
0.4103260790212454
0.3687423907670441
0.4666350775691715
0.5193446669664913
0.5845156376586922
0.4962095380541686
0.4602721074582473
0.4403246556799646
0.4015248782173938
0.447399569560806
0.4282572451282689
0.4320185713532752
0.5758293597310411
0.6124594981628172
0.5921575474304318
0.4419421607350209
0.1746474195440454
0.1894712175669585
0.1119333766092802
0.2293208717709527
0.2577133593705289
0.2407805502227722
0.1683858667031509
0.2616010238788728
0.2438345814123652
0.2750689887558985
0.3430472804064839
0.2313219479519198
0.2888338074179319
0.0854721713417396
0.0184495088352076
0.0335542362686502
0.0352241335435373
0.12161876595125
0.0995284488419154
-0.0123099594130221
0.0100608795100617
-0.015263166627734
-0.004583442073086
0.0300394133598381
-0.091608547035957
-0.1318107297862062
-0.0740564383081545
0.0483873449011648
0.1487873902002765
0.2139175093080554
0.1177471891523518
0.0583447917864668
0.114867504297844
0.057823522389276
0.229285736831368
0.1849479354486954
0.0484941717830704
0.1698195322210857
0.0381199618287953
0.0209095662826023
0.076248871525273
-0.0411993327413675
-0.0158348329452211
0.0289184316839775
0.0255701054356152
0.0892193400460609
0.0471589711715217
-0.0642391844746085
-0.1827508726656929
-0.2388374528509377
-0.0429750590855356
0.0637518384725488
0.1598908979872635
0.1130340825422342
0.0370589229415472
0.0141606668043271
0.1334868971428002
0.1097418254122251
0.0636697479514293
-0.0520338961977663
-0.2936868115731109
-0.2125700772048811
-0.1473935612398992
-0.1447254564631046
0.1099066658585675
0.2398570846735672
0.1806771838407161
0.2132336014590818
0.1935572854383609
0.0157072583577493
0.024415420841182
0.1262169450201029
-0.0241132978255145
-0.0498936022369928
-0.074085688534038
-0.1474972385523339
-0.0516230637485674
0.0485734094025632
0.0514468985442161
0.1347769694329682
0.0865348022106886
0.1622591672464736
0.2288867201835958
0.2647917951206011
0.2373382490526934
0.2072763833536957
0.1973141371817355
0.1781154369784676
0.2477840936298218
0.1908118529805096
0.0958620423736073
-0.0316929770539125
-0.1159848322455981
-0.1114745287699484
-0.0084329014556171
0.0325354293406337
0.056278628220019
0.0420919592258448
0.0268243379404983
0.0777235938409709
0.0248693851355729
0.0143360227913003
0.0277705095604983
-0.1585933798418949
-0.0188589910674188
0.0444157295181738
-0.0749316602782401
0.114658053175413
0.0778844660269782
0.0447426267093884
0.2114729354109234
0.1950881302560039
0.1413725391857558
0.1237331565015764
0.0489100323511997
0.0512615409419231
0.1346328810343482
0.2451098754579971
0.2982099479945945
0.2646443611099928
0.0791631562779875
-0.0288880306436125
-0.0947009041229919
-0.0320477891098969
0.0423574410479421
0.1063513956950018
0.1272243301074304
-0.0066270668850558
0.1275007711620072
-0.0253606130938072
-0.0719017213027131
-0.018174296928029
-0.0440477466389018
0.0472035472188338
0.1293405223535223
0.2693076278306299
0.1682207915001511
0.2210871160495233
0.209022217002313
0.2025634101196385
0.1940674992981821
0.1958066761954436
0.2170432880299913
0.1300897223149515
0.2865134651065043
0.2814093554112761
0.2586680541872029
0.4376392721306555
0.3452252107109265
0.4208559484593537
0.3883127264825892
0.2939495208994175
0.3567998922397977
0.3015370063261825
0.3808465370383176
0.3494418603102501
0.3994655997171401
0.317488552577426
0.2363942588506486
0.2596046926516698
0.1925744440951659
0.2469389432175985
0.274756998348513
0.3054150133599477
0.3093963178951845
0.3291677188604602
0.2855450421763529
0.1646213969348041
0.0381310081438905
0.0005238564456654
0.0885457602154416
0.0826802536787545
0.2631059387925301
0.2214891974186049
0.1328668742831426
0.0421267028774799
-0.0853759863228421
-0.0862690075116309
-0.0552547962687561
0.1370880322886087
0.1125783275273419
0.2132183664380635
0.0502502138918288
-0.0161544151468852
-0.2743085186029255
-0.4097101240322133
-0.4145684234595367
-0.4468499219839404
-0.0557845706263123
-0.0526543285077941
0.0773784980960137
-0.0047086164415384
-0.1091664586130763
0.0129510426290959
0.0112761411463782
0.1276997261261516
0.1417864413825965
0.1296120017276094
0.2043263170960792
0.1959286670632324
0.1278538997865569
0.0038105247259803
-0.1091773050501352
-0.2166059321298859
-0.1253013823089767
-0.0075219451521814
-0.0481750019889516
-0.0130199338999777
-0.0112608124745845
-0.0620351073029162
-0.0058689299552514
-0.0073864062432171
-0.0668143061708647
0.0293660218801665
-0.0148965554697051
0.1745892845591339
0.1734147540543744
0.152475060098907
0.2833864370613764
0.1141429781520941
0.1477008597277515
-0.0577562945313146
-0.0899867960064535
0.0084716962877946
0.0093133805938863
0.2133483809726811
0.2269378030858913
0.1343183652241881
0.2929660785460853
0.3159831094805805
0.2431317089487382
0.1563140654895839
0.0502612331849994
-0.0493087532968139
-0.0053887406341094
0.1502368881346006
0.0306568081614068
0.151066191614425
0.1435775641991498
0.1674057829020115
0.2196033933868991
0.2006448311912783
0.2264992639333193
0.1583390712332289
0.1580845983846104
0.1077815468993921
0.1692659046366344
0.1076391008487052
0.1103131483607918
0.0545951810918031
-0.0074060326907343
0.1474298554192388
0.1452992137021244
0.2069245083871712
0.2124342173308945
0.0893548821795993
0.0100746517392186
-0.0314140388981102
-0.1208899189023953
-0.1268975300886866
-0.0793941510548313
-0.1076665703878543
-0.066720988612077
-0.049236158192956
-0.1161402645537594
-0.2130066867721447
-0.1573125152484662
-0.1070382580846341
-0.1497138623482525
-0.0315444107100478
-0.1658612741611937
-0.2643120225793309
-0.2845335311010982
-0.3535952006647688
-0.4211103493042973
-0.4494623647306388
-0.4103867673553704
-0.3656645866944527
-0.436429021278901
-0.5339606836226823
-0.573275117092921
-0.6214231159697683
-0.3817697119430083
-0.4120232275666434
-0.3496743593178271
-0.4168978025866615
-0.6619474553449669
-0.5486096277299558
-0.7289864277273892
-0.8343845510741218
-0.735019328212863
-0.7332484057459502
-0.3764565555225435
-0.2279765956911412
-0.2393179979752181
-0.2787958105247937
-0.511989029613622
-0.696278558863322
-0.597496550466556
-0.5142019464719196
-0.4516409454610439
-0.1933503000875141
-0.2909913679826152
-0.3995585549471554
-0.2836918473631662
-0.4962312694363479
-0.3073071490524102
-0.2228579784047615
-0.3365601450846672
-0.2962537379436893
-0.3768715011224667
-0.548034328278274
-0.5941442024149948
-0.5358695680869411
-0.70711949272668
-0.6904615164596604
-0.6734336695270556
-0.6365658713833676
-0.4831388571198761
-0.394456871661792
-0.4393608051202464
-0.4940458511369231
-0.6699579541443417
-0.5926709630594355
-0.6058639788159036
-0.5842614380789726
-0.4182039316920319
-0.3854039290124239
-0.3101311252794715
-0.3845568770888257
-0.3876467666077862
-0.328195799004366
-0.2158788418163006
-0.0904643439163759
-0.069889908551282
-0.1420177876216526
-0.2395084808952342
-0.2597697677106448
-0.3786168027653172
-0.2597038546655288
-0.3396504673581863
-0.4054227424401939
-0.235440061033265
-0.4152986319626142
-0.2766774021596631
-0.2027137282290196
-0.1168899059503179
-0.0381420644363015
-0.0151474284717608
-0.1271675439837897
-0.1877034806001135
-0.3816870454168981
-0.4229924435627413
-0.3008603579008646
-0.4549443021934922
-0.4666290220128264
-0.469656397364373
-0.4865071460639987
-0.4237596330779016
-0.1246998679386035
-0.1782338353735499
-0.0455093842142193
-0.0442257482183179
-0.1308498964887293
-0.1436619472478318
-0.2746586021210225
-0.2145478048230578
-0.289705443852697
-0.2058320159883949
-0.4552132453151756
