39.76
40.424
41.10053333333334
41.93642666666667
43.577808000000005
45.10091306666667
47.280063786666666
48.266717696
47.324707490133335
46.57109932544
45.68021279368534
44.40017023494827
44.29346952129196
44.444775617033564
42.53848716029352
39.70212306156815
37.72703178258785
36.799625426070286
37.86036700752289
39.47962693935165
39.95703488481465
39.41496124118505
38.38063565961471
38.84517519435843
39.82947348882008
40.30024545772273
41.26552969951151
42.064423759609205
41.48020567435404
39.6908312061499
39.225331631586585
40.20093197193594
40.42807891088208
40.55712979537233
39.79170383629787
38.65002973570496
38.288690455230636
37.586285697517845
36.541028558014276
36.129489513078084
36.9829249437958
36.66567328836997
35.30453863069598
34.982964237890116
34.995038056978764
34.45069711224968
34.113224356466404
33.90591281850646
33.0440635881385
31.90658420384413
30.9292673630753
30.383413890460243
30.324731112368195
30.45645155656122
29.749827911915645
29.193195662865847
29.23522319695935
29.62151189090081
29.225876179387313
28.820700943509852
29.36456075480788
30.058315270512974
29.98731888307704
28.4265217731283
27.526550751835973
27.425240601468783
27.22819248117503
26.769220651606688
26.21137652128535
25.816434550361617
25.058480973622622
24.263451445564765
23.66009448978515
23.332075591828115
22.82432714012916
22.401461712103327
22.68916936968266
23.311335495746125
24.4970683965969
25.56032138394419
25.51692377382202
25.575539019057615
25.82309788191276
25.59647830553021
25.483849311090836
24.861746115539333
24.72206355909813
25.250317513945173
25.364254011156138
25.175403208924916
25.1729892338066
24.999724720378612
24.507113109636222
23.686357154375642
22.948419056833846
22.56806857880041
22.047121529706995
21.539030557098926
20.95989111234581
20.40124622320998
20.228330311901317
20.329997582854382
20.417998066283506
19.959731786360138
18.94045209575478
18.81302834327049
18.49842267461639
18.31540480635978
18.66765717842116
18.674792409403594
18.765167260856206
18.4954671420183
18.089040380281304
18.860565637558377
19.7804525100467
19.67102867470403
19.272156273096556
18.927725018477243
19.21951334811513
19.951610678492102
20.642621876127016
20.82609750090161
19.942211334054623
19.357769067243698
19.404881920461627
19.135238869702636
18.694857762428775
18.499219543276354
18.142708967954416
17.4488338410302
16.511067072824158
16.41418699159266
17.16734959327413
17.1158796746193
17.829370406362106
18.35082965842302
18.078663726738416
17.739597648057398
17.153011451779253
16.59107582809007
16.353527329138725
16.255488529977644
15.575057490648783
15.13337932585236
14.780036794015222
14.818029435212177
15.412423548169743
15.975938838535797
16.070751070828635
16.671934189996243
17.38621401866366
17.43630454826426
17.999710305278075
18.743768244222455
18.6583479287113
19.09067834296904
20.00254267437523
19.94536747283352
19.75496064493348
19.839968515946783
20.022641479424095
19.674113183539276
19.28795721349809
19.144365770798473
18.83482594997211
18.760527426644355
18.16642194131548
17.101804219719053
16.55611004244191
16.35288803395353
16.107643760496156
16.102781675063593
16.034225340050874
16.434046938707365
16.928570884299226
16.738856707439382
16.319085365951505
15.69393495942787
15.68781463420896
16.50825170736717
16.896601365893737
17.476614426048318
18.363291540838656
18.34929989933759
18.00010658613674
17.98808526890939
18.529801548460846
18.63117457210201
18.350272991014943
18.44155172614529
19.101241380916232
19.89499310473298
19.926661150453054
19.341328920362443
18.756396469623287
18.62711717569863
18.13302707389224
17.155754992447125
16.684603993957698
16.774349861832828
16.836813222799595
16.438783911573008
15.923693795925075
15.837621703406725
16.131430696058715
15.937144556846969
16.375715645477573
17.422572516382058
18.27005801310565
18.766046410484517
18.694837128387615
19.06853636937676
19.016162428834743
18.90959660973446
19.113677287787567
18.71560849689672
17.815153464184046
17.905456104680567
18.319031550411122
17.527225240328896
16.746446858929783
16.15515748714383
15.816792656381729
15.555434125105384
16.19034730008431
16.97961117340078
16.76302227205396
16.85508448430983
16.778734254114536
16.612320736624962
17.016523255966636
17.466551938106644
17.791241550485314
17.675659907054918
16.985194592310602
15.859489007181814
15.388924539078786
15.441139631263027
15.172245038343755
15.621796030675005
16.36877015787334
16.36368279296534
15.628279567705603
14.759956987497816
14.801298923331585
14.948372471998601
14.780697977598882
15.428558382079105
16.000846705663285
15.944677364530627
16.466408558291167
17.673793513299604
18.264368143973016
17.83616118184508
17.152262278809395
16.338476489714182
15.941447858438012
15.833158286750411
16.29652662940033
17.874554636853595
18.445643709482876
17.77118163425297
16.914945307402377
16.1079562459219
16.154364996737517
16.376158664056685
15.858926931245348
16.205808211662944
16.803313235997024
16.837983922130952
16.72838713770476
16.060043043497142
15.553367768131048
15.422694214504839
15.543488704937204
15.516124297283099
15.896899437826477
16.082186216927848
15.57774897354228
15.52086584550049
16.092026009733726
16.49362080778698
16.740229979562915
17.185517316983667
17.432413853586933
17.69726441620288
17.421811532962305
16.698115893036512
15.879826047762542
15.188527504876703
15.388155337234693
15.695190936454422
15.814819415830206
15.953855532664164
16.175751092798
16.502600874238397
16.61808069939072
16.496464559512575
16.29517164761006
16.61947065142138
18.00690985447044
18.465527883576346
17.629755640194414
17.039137845488863
17.067976943057758
17.45571488777954
17.8412385768903
17.676324194845574
17.289059355876457
17.211914151367832
16.359531321094266
16.114958390208745
16.434633378833666
16.611706703066933
16.912698695786876
16.310158956629504
15.3401271653036
15.307435065576215
15.596614719127638
16.084625108635443
16.913700086908353
16.704293402860017
16.296101388954682
15.928881111163745
15.353771555597662
15.225683911144799
15.663880462249173
16.59643770313267
17.17848349583947
17.106786796671575
16.734096104003925
16.69194354986981
16.647554839895847
16.259377205250015
15.878168430866674
15.74653474469334
16.476561129088008
16.803248903270404
16.406599122616324
15.96127929809306
15.396356771807781
15.278418750779558
15.32006833395698
15.100054667165585
14.9053770670658
15.005634986985974
15.05650798958878
14.88187305833769
14.86016511333682
15.565465424002786
15.90237233920223
15.527897871361782
15.032318297089425
14.377854637671541
14.005617043470565
14.164493634776454
14.170928241154497
14.151409259590261
14.26512740767221
14.988768592804433
15.85034820757688
16.098945232728173
16.26248951951587
16.552658282279364
16.880793292490157
16.870634633992125
17.475841040527033
18.404672832421625
17.827071599270635
16.912323946083173
16.895192490199875
17.193487325493233
17.17412319372792
16.314631888315667
16.059705510652535
16.331764408522027
16.37141152681762
16.6771292214541
16.564370043829943
15.908829368397287
15.997730161384498
16.520850795774262
16.992013969952744
17.373611175962193
17.148888940769755
17.0111111526158
16.86422225542597
17.172044471007442
17.828302243472624
17.5466417947781
16.908646769155812
16.95091741532465
16.49473393225972
15.672453812474444
15.308629716646223
15.400903773316978
15.808056351986913
15.29444508158953
15.59422273193829
15.862711518883964
15.118169215107173
15.067868705419071
15.696294964335259
15.81503597146821
15.052695443841232
15.253489688406319
15.848791750725056
15.45236673391338
15.315893387130702
15.366714709704562
16.05137176776365
16.405097414210918
15.422744598035402
14.990195678428321
14.968823209409322
14.751725234194126
14.602046854021966
14.507637483217573
14.491443319907392
14.842487989259249
15.675990391407398
15.972125646459252
15.513033850500733
14.936427080400586
15.366474997653805
16.42384666478971
16.797743998498433
17.512861865465414
18.056956159039
17.53089826056453
16.628718608451624
15.8029748867613
16.055713242742375
16.843237260860565
17.12125647535512
18.015005180284096
18.788004144227273
18.97640331538182
18.877789318972123
18.09356478851103
17.378851830808824
17.65708146464706
17.70099850505098
17.250132137374116
16.96210570989929
16.5663512345861
17.144414321002213
18.246864790135103
18.052825165441416
18.3389267990198
18.510474772549173
17.923046484706006
18.275770521098135
18.303283083545175
17.54995980016947
17.270634506802246
18.167174272108465
18.940406084353437
19.414991534149415
20.45599322731953
20.770127915188958
20.454768998817837
20.3271485323876
19.42305215924341
18.28844172739473
18.148086715249118
18.320469372199295
17.663042164426102
17.558433731540884
18.40141365189937
18.482464254852832
18.336638070548933
18.435977123105815
18.065448365151315
17.70302535878772
18.390420287030175
18.701002896290806
18.222802317032645
18.03557518695945
18.36779348290089
18.893568119654045
18.625521162389905
18.208416929911923
18.279400210596204
18.022186835143632
17.82708280144824
18.14966624115859
18.79239965959354
19.026586394341496
18.4792691154732
17.786748625711894
17.23473223390285
16.903119120455614
17.43716196303116
18.353729570424928
18.490316989673275
18.44625359173862
19.023002873390894
19.379068965379386
18.837921838970175
18.233670804509472
17.85626997694091
17.97101598155273
17.90214611857552
17.220383561527083
16.707640182554996
16.54144547937733
17.02582305016853
18.08999177346816
18.188660085441192
17.971594735019618
18.049942454682363
17.286620630412557
16.407963170996712
16.067703870130703
15.83816309610456
15.927863810216984
16.426957714840253
17.024232838538868
17.315386270831095
16.986975683331544
15.936247213331901
15.22366443733219
15.38759821653242
15.618745239892602
15.422329525247415
15.010530286864599
15.263090896158346
15.759139383593343
15.97197817354134
16.53891587216641
17.571132697733127
18.301572824853167
18.320591593215866
17.958473274572693
17.81544528632482
18.07768956239319
19.05281831658122
19.57558798659831
19.362470389278645
18.567309644756254
17.945181049138338
17.887478172644002
17.319315871448534
16.567452697158828
15.775962157727065
15.508103059514985
15.316482447611987
14.72718595808959
14.68574876647167
14.33993234651067
14.264612543875202
15.443690035100163
16.032285361413464
16.165828289130772
16.36999596463795
16.285330105043695
16.40759741736829
16.3247446005613
16.61512901378237
17.2161032110259
17.30021590215405
17.200839388389905
17.032004844045257
16.88893720856954
16.515149766855632
16.520119813484502
17.122095850787602
18.13634334729675
18.7190746778374
18.704593075603253
18.8096744604826
18.787739568386083
18.688858321375534
18.62175332376709
18.815402659013674
18.902988793877608
19.365724368435416
20.199246161415
20.220730262465334
20.22125087663893
19.910334034644478
19.75560056104892
19.362480448839133
18.309317692404637
18.470787487257045
18.275963323138964
18.022103991844507
18.685016526808937
18.568679888113817
18.138277243824387
17.711955128392844
17.094230769380943
17.314717948838084
18.061107692403798
17.500886153923037
16.164042256471763
16.478567138510744
17.31152037747526
17.13721630198021
