42.46
42.395999999999994
41.35413333333333
40.095306666666666
39.92424533333334
40.49139626666666
41.154450346666664
41.73556027733333
42.20911488853333
41.61595857749333
42.106100195328
43.42954682292906
43.16630412500992
42.873709966674596
42.332967973339684
42.225707712005075
42.423899502937395
42.607786269016586
42.152229015213265
41.48311654550395
42.94315990306982
44.71519458912252
45.241489004631354
44.74385787037175
43.81908629629739
43.64593570370459
44.433415229630334
43.939398850370935
42.99685241363009
41.98881526423741
39.58905221138992
38.74857510244527
39.438193415289554
39.62388806556498
39.735777119118644
39.980621695294914
39.75583068956927
38.67933121832208
37.77413164132433
37.0946386463928
37.027044250447574
38.342302067024725
38.770508320286446
37.68107332289583
36.76619199165
36.17828692665333
35.771962874656
36.9095702997248
37.3683229064465
35.6966583251572
33.808659993459095
32.34359466143394
32.32887572914715
32.86776724998439
32.634880466654174
32.43257103999001
32.36072349865868
33.15457879892694
33.90366303914155
33.534930431313235
33.28461101171726
32.195688809373806
31.14921771416571
30.826707504665904
29.789366003732724
28.68149280298618
29.177860909055614
29.266955393911157
28.187564315128924
26.781384785436472
25.88244116168251
26.10128626267935
25.517695676810145
24.47348987478145
24.360125233158488
24.296766853193457
23.246080149221438
22.790197452710483
22.58482462883505
21.280526369734705
20.269087762454433
20.23993687663021
20.119282834637502
19.21742626771
18.325274347501338
18.789552811334403
19.86697558240086
20.176247132587353
20.20166437273655
20.138664831522572
20.765598531884724
21.430478825507777
21.975716393739557
22.785906448324976
23.104725158659978
23.59511346026132
24.11275743487572
23.85687261456724
23.522831424987128
23.1022651399897
22.143812111991764
20.977716356260075
20.01817308500806
19.685205134673115
19.998164107738493
20.831197952857462
21.986291695619304
22.893700023162108
22.89629335186302
22.35570134815708
22.170561078525665
22.958448862820532
23.714759090256422
23.36380727220514
22.73371248443078
22.60763665421129
22.235442656702364
21.661687458695226
21.078683300289512
20.979613306898276
20.559690645518625
20.142419183081564
20.17060201313192
20.165814943838868
20.03798528840443
19.859054897390205
20.187243917912166
21.147795134329733
21.442236107463785
21.20978888597103
21.109164442110156
20.175331553688128
19.864265242950506
19.804745527693736
19.316463088821653
18.86317047105732
18.002536376845857
17.294695768143352
17.91642328118135
18.759138624945077
18.844644233289397
18.845048719964847
18.911372309305214
19.64309784744417
19.941144944622
19.52958262236427
19.790999431224748
19.5007995449798
18.45997296931717
17.81997837545374
18.45998270036299
19.10665282695706
18.920655594898978
18.995857809252517
19.86335291406868
20.302682331254942
19.921479198337284
19.558516692003163
18.7314800202692
19.09851734954869
19.914147212972285
18.994651103711163
18.007054216302265
17.640976706375145
17.731448031766785
18.21649175874676
18.981860073664077
19.230154725597924
19.58812378047834
19.970499024382672
20.22973255283947
20.66911937560491
20.24262883381726
19.72276973372048
19.959549120309713
20.160972629581106
20.13544477033155
20.435022482931902
20.285351319678856
19.332947722409756
18.805691511261138
18.488553209008913
17.465509233873796
17.439740720432372
17.666459243012564
17.54383406107672
17.273733915528044
17.200987132422433
17.88812303927128
17.684498431417026
17.388932078466954
17.491812329440233
17.569449863552183
17.73422655750841
17.580714579340064
17.355238330138718
16.973523997444307
17.091485864622115
17.517855358364358
16.858284286691486
16.08329409601986
16.367301943482552
16.649174888119376
16.874006577162167
16.673205261729734
16.592564209383784
16.49605136750703
15.556841094005625
14.922139541871166
14.576378300163602
13.973769306797545
14.521015445438037
15.272812356350428
14.795583218413675
14.589133241397606
14.81797325978475
14.997711941161135
15.122836219595575
15.08760230900979
14.630081847207833
14.418065477766268
14.487785715546346
14.13556190577041
14.221782857949663
15.022759619693064
15.289541029087786
14.994299489936894
14.467439591949514
14.183285006892945
15.281961338847688
16.218235737744816
16.403255256862522
16.573270872156687
16.381283364392015
16.48902669151361
16.618554686544226
16.90484374923538
17.101874999388304
17.44283333284398
18.07226666627518
17.953813333020147
17.173050666416117
16.730440533132896
16.543019093172983
16.057081941205052
16.38166555296404
16.888665775704567
17.292265953896987
18.287812763117586
18.522250210494068
18.31313350172859
18.15717346804954
17.84573877443963
17.577257686218374
17.676472815641365
17.876511585846426
18.73454260201047
19.053634081608376
18.61624059862004
18.726325812229362
19.67639398311682
20.757115186493454
20.403025482528097
20.04375371935581
19.754336308817983
19.136802380387717
19.255441904310175
19.231686856781472
18.998016152091846
19.42841292167348
19.22473033733878
18.709784269871026
18.406494082563487
17.97919526605079
17.12335621284063
16.144018303605836
15.567881309551339
15.18630504764107
14.953710704779525
14.719635230490285
14.698374851058894
14.946033214180448
14.866826571344356
14.780794590408819
14.545302338993721
14.57157520452831
14.625926830289316
14.358074797564788
14.34845983805183
14.54543453710813
14.663014296353174
14.151078103749205
14.049529149666029
14.596956653066158
14.794231989119593
14.928718924629008
15.289641806369872
15.221713445095896
14.908704089410051
14.370296604861375
14.481570617222433
14.453923160444612
13.71713852835569
13.675044156017885
13.35536865814764
13.903628259851445
15.013569274547821
14.715522086304924
14.157751002377273
14.662200801901818
14.925760641521455
14.449941846550496
15.308620143907065
16.128229448458985
15.671250225433853
15.717000180347085
16.16826681094433
15.837280115422134
15.282490759004375
15.102659273870167
15.1647940857628
14.761835268610241
14.419468214888191
14.671574571910554
14.441259657528443
13.892341059356086
14.299872847484869
15.044564944654562
14.968318622390315
14.960654897912255
14.625190584996469
13.957485801330508
13.959321974397739
14.67012424618486
15.368099396947889
15.816479517558308
16.21785028071331
16.387613557903983
16.414757512989855
16.179806010391882
16.287844808313505
16.56694251331747
16.28888734398731
16.41644320852318
17.12782123348521
17.06225698678817
16.33913892276387
15.797311138211095
16.43718224390221
17.712412461788436
18.528596636097415
18.147543975544597
17.565368513769013
17.45562814434854
17.047169182145502
16.262402012383067
15.359254943239788
14.801403954591832
14.425123163673467
14.517431864272107
15.062612158084349
14.759423059800815
14.584871781173986
14.632564091605852
14.609384606618017
14.780841018627747
14.677339481568865
15.368538251921757
15.814830601537409
16.167864481229927
16.943624918317276
17.032233267987152
17.021786614389722
16.846762624845113
16.796076766542754
17.208861413234207
17.197089130587365
17.011004637803225
17.449470376909247
18.787576301527398
18.888061041221917
18.266448832977535
18.754492399715364
19.14159391977229
18.75127513581783
19.119020108654265
19.674549420256746
18.90897286953873
17.929178295630987
17.52267596983812
17.670807442537164
17.542645954029734
17.460116763223784
17.14942674391236
16.460208061796557
16.324833116103914
16.41386649288313
16.863759860973172
17.650341222111866
18.123606311022826
18.586218382151596
18.81097470572128
18.348113097910353
18.129157144994952
17.955992382662625
18.07746057279677
18.591301791570746
18.255708099923268
17.726566479938615
17.649919850617554
17.735935880494043
17.8434153710619
18.534732296849523
19.165785837479618
18.56729533665036
17.525169602653623
17.556135682122896
18.02824187903165
17.875260169891988
18.286874802580257
18.870166508730872
18.646133206984697
18.380906565587754
17.83539191913687
16.811646868642832
16.14998416158093
16.291987329264746
16.01292319674513
15.338338557396105
15.670670845916883
16.39787001006684
16.593629341386805
16.238236806442778
16.409256111820888
16.99207155612338
17.171657244898704
16.998659129252296
16.7135939700685
16.542208509388136
16.017766807510508
15.82954677934174
16.417637423473394
16.800109938778714
16.963421284356304
16.999403694151713
17.263522955321374
17.331485030923762
17.093854691405678
17.77041708645788
18.113000335832968
18.309733601999707
18.37645354826643
17.571162838613144
16.749596937557182
16.362344216712412
16.319875373369932
16.207900298695947
15.925653572290088
16.171856191165404
16.88015161959899
16.980121295679194
17.872097036543355
18.647010962568014
18.61427543672108
18.436753682710197
17.949402946168156
17.624189023601193
17.263351218880953
17.815347641771428
18.566944780083812
17.90155582406705
17.30457799258697
17.736329060736242
18.760396581922326
19.151650598871193
18.205987145763626
17.04012304994423
16.30943177328872
16.558878751964308
17.175769668238114
17.73394906792382
17.923825921005726
17.698394070137912
17.51871525611033
17.750972204888267
19.06744443057728
19.717955544461823
19.123031102236123
19.023758215122232
18.950339905431118
18.192271924344894
17.845150872809253
17.737454031580736
17.65329655859792
17.46597058021167
17.420109797502665
18.5607545046688
19.03127027040171
18.826349549654697
18.262412973057092
16.70659704511234
16.76327763608987
17.97395544220523
17.933164353764184
17.224531483011347
17.237625186409076
17.98410014912726
18.497946785968477
18.34502409544145
18.708685943019823
19.05828208774919
18.342625670199354
17.972100536159484
18.14034709559425
17.597611009808734
16.77408880784699
15.863271046277589
15.679283503688737
16.300093469617657
16.49140810902746
16.3184598205553
16.281434523110907
16.77848095182206
17.32011809479098
17.55342780916612
18.29074224733289
18.052593797866315
16.75607503829305
16.390193363967775
16.790821357840887
17.617323752939374
18.3898590023515
18.552553868547864
18.175376428171628
18.254967809203965
18.241307580696507
17.98171273122387
18.217370184979096
18.768562814649943
19.013516918386618
18.723480201375963
18.21478416110077
18.66316066221395
19.311861863104493
19.368822823816927
19.69105825905354
20.201513273909498
19.731877285794265
18.20883516196875
17.32840146290833
16.554721170326662
15.887110269594665
15.725688215675731
15.865217239207253
16.512840458032468
17.129605699759306
17.03435122647411
16.75614764784596
16.7722514516101
17.325134494621413
18.26744092903046
18.28795274322437
18.197028861246164
18.824289755663596
19.234098471197544
19.009278776958038
18.39142302156643
18.13180508391981
18.08144406713585
17.819821920375343
17.70452420296694
18.234952695706884
19.031962156565505
18.995569725252405
18.213122446868592
17.42516462416154
16.795465032662566
16.327705359463387
15.86016428757071
15.951464763389902
16.447838477378586
16.182937448569536
16.09834995885563
16.180013300417837
15.767343973667606
15.82654184560075
16.584566809813932
16.989653447851147
16.582389424947582
15.988578206624736
15.839529231966454
15.90829005223983
15.352632041791866
15.015438966766828
15.709017840080127
17.056547605397434
17.707904750984614
17.092323800787693
16.595859040630156
15.974020565837455
