-3.4332
-3.083766666666667
-2.4385666666666665
-1.7840333333333331
-0.7975666666666665
-0.14196666666666674
0.21783333333333332
0.9492666666666668
1.3426
1.3250333333333335
1.7828
2.0242666666666667
1.6227333333333334
1.8805333333333334
2.3958
2.4260333333333333
2.860633333333333
3.0671
2.8693000000000004
3.4901666666666666
3.433266666666667
3.1138333333333335
3.3998666666666666
3.5906333333333333
3.426
3.0471999999999997
3.0445333333333338
3.452866666666667
3.569933333333333
3.4217666666666666
3.5577333333333336
3.6336666666666666
3.837733333333334
4.001566666666666
4.0489999999999995
3.8622333333333336
3.9545333333333326
4.221133333333333
3.8759333333333337
3.8333
3.8672666666666675
3.555733333333334
2.9495000000000005
2.5992333333333337
2.7838333333333334
2.8876000000000004
2.975333333333333
2.8548666666666667
2.667499999999999
2.5975
2.5106333333333337
2.851700000000001
3.1474999999999995
3.0836666666666672
3.0986
3.5070333333333337
3.3541000000000007
3.0238666666666667
3.5864999999999987
3.9878999999999993
3.818966666666667
3.3930333333333333
3.2963
3.7806
4.059466666666666
3.928266666666667
4.122966666666667
3.8990000000000005
3.1786333333333334
3.1103666666666663
3.4816333333333334
3.2543000000000006
3.0038
3.112133333333334
3.2319333333333335
3.0273333333333334
3.3071333333333333
3.1584
2.824666666666667
3.0327333333333333
2.566866666666667
2.677966666666667
2.8947000000000003
2.8439333333333336
3.3148999999999997
3.4364666666666674
2.8562666666666665
2.857566666666667
2.9553333333333334
2.9241000000000006
2.89
2.9687
3.4061
3.464366666666667
3.360466666666667
3.0514666666666663
2.720733333333333
2.8568
3.082333333333333
2.674566666666666
2.6248000000000005
3.0096666666666665
2.7885999999999993
3.068733333333333
3.6051
3.4967000000000006
3.0320666666666667
2.7201
2.7887666666666675
2.7968999999999995
2.926133333333334
2.7154666666666665
2.8215333333333334
2.881966666666667
2.4738333333333333
2.5345666666666666
2.2442333333333333
2.4500333333333333
3.0866666666666673
3.0952666666666673
2.9039
2.5699333333333336
3.0014999999999996
3.6569000000000003
3.831000000000001
3.741566666666666
3.050233333333333
2.7052
2.9303666666666666
3.1490666666666662
3.2185666666666664
2.920166666666667
2.6899333333333337
2.8022000000000005
2.9027
3.0732666666666666
3.344
3.2372666666666663
3.1062333333333334
3.2944333333333335
3.4723666666666673
4.0593
3.8349666666666664
3.9315666666666664
4.557566666666666
3.8693000000000004
3.4088333333333325
3.0381
3.082233333333333
3.2221333333333333
2.9416333333333338
2.8549666666666673
3.0766000000000004
3.636566666666667
3.806366666666667
3.8697666666666666
3.6470333333333342
3.2480666666666664
3.384466666666667
4.1479333333333335
4.2303999999999995
3.7647
3.6460333333333335
3.7716333333333334
4.027933333333333
4.2748
4.5627
3.9427
3.4854333333333334
3.5338333333333334
3.7009333333333334
4.102666666666667
3.8332666666666664
3.5996666666666663
3.7507
4.0285
4.232599999999999
3.8944666666666667
3.7855666666666665
3.3222666666666663
2.8166999999999995
3.323066666666666
3.7521999999999998
3.2818
2.9317666666666677
3.315633333333333
2.8171999999999997
2.4602
3.170966666666667
3.007
2.2977333333333334
2.5453666666666668
2.9945999999999997
3.494333333333334
3.738066666666667
3.337266666666667
3.225366666666666
3.708133333333334
3.4046000000000003
3.028033333333333
3.681233333333333
4.171166666666666
4.0200000000000005
3.1343666666666667
3.2227333333333337
4.117966666666667
3.802033333333334
3.4580000000000006
3.4212666666666665
3.542733333333333
3.6165
3.3631333333333333
3.3028999999999997
2.965800000000001
2.6310000000000002
2.9568333333333334
3.0593000000000004
3.0040999999999993
3.5070666666666663
3.8511333333333333
3.4586
3.085333333333334
3.2705333333333333
3.8248666666666673
4.399033333333334
3.7718666666666656
3.1944666666666666
3.0162
2.8827
3.47
3.3486333333333334
3.0979666666666668
3.3128000000000006
3.0942000000000003
3.642033333333334
3.8555333333333337
3.243
3.2408999999999994
3.141033333333333
3.034466666666667
3.3121666666666667
3.5580999999999996
3.490833333333334
3.5553666666666666
3.6361666666666665
3.2483
3.127433333333333
3.5675000000000003
3.663733333333333
3.708766666666667
3.9013666666666666
3.6497333333333333
3.473466666666667
3.4744333333333333
3.764533333333334
3.755933333333333
3.8658
4.220633333333335
3.793433333333333
3.504633333333333
3.4493999999999994
3.4332666666666665
3.5275
3.6034666666666664
4.0246
3.6761
3.0050666666666666
3.607666666666667
3.841766666666666
3.8840333333333326
3.8778333333333337
3.599833333333334
3.891666666666667
3.971033333333333
4.028700000000001
3.4951333333333334
3.284966666666667
3.3383333333333334
2.9303000000000003
3.2946000000000004
3.3380999999999994
2.8858666666666664
2.9185666666666665
3.0560000000000005
3.1699
3.6335333333333337
3.7527999999999992
3.0423333333333336
3.001333333333333
3.4775333333333323
2.9242666666666666
3.0060333333333333
3.623633333333333
3.643666666666667
3.625133333333333
3.3069000000000006
3.0009666666666672
3.3265666666666664
3.8742999999999994
3.759233333333334
3.614333333333333
3.351966666666667
3.2732666666666668
3.654666666666667
3.172233333333334
2.519933333333334
2.908133333333334
3.1213333333333337
2.579
2.4874333333333336
2.766866666666667
2.757333333333334
2.248133333333333
2.2915666666666668
2.839
3.3935666666666666
3.7848333333333337
3.555733333333333
3.088266666666667
2.796566666666667
2.9003333333333337
2.8666000000000005
2.7715
2.8031666666666664
3.0369000000000006
3.158866666666667
3.0012000000000003
2.9807333333333332
3.3838000000000004
3.0631666666666675
2.5416333333333334
2.6078666666666663
2.623333333333333
2.503666666666667
2.241633333333333
2.3959333333333332
3.008266666666666
3.5070666666666663
3.4145000000000008
3.6613333333333338
3.9583333333333335
3.795200000000001
3.6959
3.5018
3.678933333333333
3.717066666666667
3.8629666666666664
3.9873
3.6969999999999996
3.6264333333333343
3.358966666666667
3.0790333333333337
3.2706
3.7147333333333337
3.6618999999999997
3.723433333333334
3.5437
3.2668666666666666
2.8849000000000005
2.8677333333333337
2.9137999999999997
2.972466666666667
3.5983333333333327
3.5242333333333336
3.105866666666666
3.0803333333333334
3.4355999999999995
3.967833333333333
3.9854666666666674
3.7007666666666665
3.814133333333333
3.4813666666666667
3.6702999999999997
4.251833333333334
3.6803666666666666
3.3305333333333333
3.748766666666667
3.749733333333334
3.8204333333333333
3.9698333333333338
3.849766666666666
4.0957
4.1055
3.4796333333333327
3.3865
3.440233333333334
3.416333333333334
3.5108333333333337
3.563733333333333
3.2007
3.2457333333333334
3.827066666666667
3.6767333333333334
3.5797666666666674
3.669366666666667
3.9843999999999995
4.206533333333333
3.704233333333333
3.8787333333333334
4.101266666666667
4.277399999999999
4.3441
3.5797333333333334
3.537533333333334
3.3712
3.8127666666666666
4.0281666666666665
3.435033333333333
3.566333333333334
3.4851666666666663
3.681033333333333
3.900699999999999
3.6529666666666665
3.5164000000000004
3.3794
3.1728
3.2019
3.4669333333333334
3.6758333333333333
3.5976666666666666
3.382466666666667
3.2882
3.410966666666667
3.8715999999999995
3.7832333333333334
3.4189000000000003
3.5799
3.683033333333333
3.7252666666666663
3.7608
3.449933333333334
3.6660333333333335
4.018066666666667
3.8401333333333336
3.9694000000000003
3.7444
3.7393666666666676
3.7953333333333332
3.2863000000000007
3.5330666666666652
4.249533333333333
4.531300000000001
3.9421666666666666
3.724566666666666
3.8454
3.9182
4.132766666666666
4.217833333333332
4.368199999999999
3.884266666666667
3.713833333333333
4.0993
3.867766666666667
3.618133333333334
3.2936
3.2687333333333335
3.6017333333333337
3.441433333333334
4.0387666666666675
4.510366666666666
4.739366666666666
4.871866666666667
4.419933333333333
4.181866666666667
3.987266666666667
4.0577000000000005
4.5645999999999995
4.3229999999999995
3.7917333333333327
4.0979
4.154833333333333
4.101933333333332
4.8767
5.137366666666668
4.9517999999999995
4.758666666666667
4.625633333333332
4.2796666666666665
3.9775000000000005
4.236666666666668
4.443566666666666
4.400666666666667
3.802
3.8072999999999997
4.172266666666666
4.592133333333332
4.875133333333333
4.6663
4.859733333333334
4.524833333333334
3.6735333333333333
3.989266666666667
4.1372333333333335
3.501600000000001
3.5508666666666664
3.7453333333333334
4.2336
4.876633333333333
4.530133333333333
4.7406
4.922233333333334
4.441966666666667
4.6504
4.796333333333332
4.567266666666668
4.560133333333334
4.778833333333334
4.751666666666668
4.838766666666666
5.119833333333333
4.990200000000001
4.801233333333334
4.548533333333333
4.0553
4.207199999999999
4.939866666666666
5.320133333333334
5.1792
4.949566666666667
4.4274
4.4223333333333334
4.879366666666667
4.7104
4.164666666666666
4.4136999999999995
5.3907333333333325
5.058266666666667
4.7021999999999995
4.585166666666667
4.1560999999999995
3.893433333333333
4.073433333333333
4.914433333333334
5.092000000000001
4.951699999999999
4.709700000000001
4.052266666666667
4.558233333333334
4.794533333333334
4.2950333333333335
4.305
4.506433333333335
4.405933333333333
3.9171333333333336
3.8614
4.218266666666667
4.444233333333333
4.394266666666667
3.9689333333333336
4.153033333333334
4.326866666666667
3.636566666666667
3.660833333333333
3.3699
2.9927333333333337
3.2835666666666667
3.352733333333333
3.6537333333333337
3.9573999999999994
3.589566666666667
3.5964000000000005
3.947833333333334
3.8732666666666664
4.0175
3.9432666666666663
3.706533333333333
3.9443
4.149299999999999
4.145566666666667
3.7680000000000002
3.3842666666666674
3.678533333333334
3.6113999999999997
3.4373
3.7570333333333337
3.5303333333333335
3.5224333333333337
3.6199999999999997
3.5229
3.7802333333333333
3.644833333333333
3.7139333333333333
3.4751
3.1661
3.8113333333333337
3.9306333333333328
3.5816
3.6605000000000003
3.842866666666667
3.7696333333333327
3.7909666666666673
3.786333333333333
3.637033333333333
3.683566666666666
4.076200000000001
4.0994
3.8678000000000003
4.074433333333333
3.9249000000000005
3.557766666666667
