6.0
13.94
28.04
28.92
47.98
55.77
54.64
56.72
42.48
39.83
33.91
31.04
25.64
15.8
16.23
12.15
12.15
16.07
13.44
14.63
22.85
24.15
23.37
19.96
14.52
9.04
5.01
9.64
9.75
10.5
16.2
12.58
11.55
10.69
7.0
6.19
7.32
7.91
14.66
20.1
18.61
19.81
22.67
21.4
19.36
18.72
8.44
6.94
14.48
19.37
20.81
22.88
17.04
13.89
13.05
9.93
11.0
9.19
10.9
11.13
13.05
13.1
10.68
9.53
7.47
7.79
16.89
24.97
25.99
29.32
22.01
18.28
21.5
18.0
17.78
18.63
14.51
14.4
16.7
14.36
12.38
13.11
13.47
15.6
19.81
21.47
24.81
20.3
18.05
16.49
12.31
11.95
13.19
15.46
17.9
17.55
15.45
11.35
7.74
8.3
7.09
11.89
14.45
21.58
23.05
22.77
17.61
10.94
13.75
10.58
12.69
11.0
7.86
7.23
13.19
14.76
15.89
16.42
11.27
17.4
18.35
23.38
37.04
37.1
40.24
36.92
20.91
14.11
11.02
9.84
9.46
7.7
5.94
4.13
3.55
3.84
1.29
0.75
4.12
11.35
15.92
16.74
19.48
12.07
12.15
15.46
10.28
10.74
10.93
8.54
16.85
20.94
19.41
20.92
17.37
23.06
28.79
29.4
30.54
24.28
19.25
27.61
25.95
26.84
25.67
19.99
16.99
19.16
22.53
22.8
21.87
18.3
16.27
13.15
12.72
11.76
12.21
11.06
12.2
13.63
12.55
13.61
15.14
14.52
12.76
10.46
10.6
8.23
8.74
9.55
6.21
5.47
3.99
3.81
6.13
7.14
9.63
7.7
5.86
5.03
3.39
6.44
7.66
11.06
10.61
9.59
7.95
7.03
6.92
6.1
9.24
12.25
13.98
16.97
14.43
16.11
14.96
16.56
21.1
13.79
16.17
23.94
22.36
25.57
26.35
17.18
15.58
15.78
17.55
14.76
15.04
16.83
11.99
12.28
9.51
12.32
22.64
22.91
25.48
22.17
12.35
12.28
13.44
10.09
13.8
16.89
21.17
29.2
36.16
34.27
31.25
23.07
12.47
9.96
11.56
11.58
13.39
17.04
13.76
22.3
21.24
22.87
23.11
14.99
16.09
14.23
11.18
11.66
14.5
12.19
13.71
14.29
8.92
9.72
8.29
7.4
7.09
9.04
8.63
8.75
13.62
12.8
13.74
16.97
10.74
8.89
9.14
3.85
7.31
5.33
5.53
7.98
5.43
8.09
8.22
6.93
6.02
3.36
2.74
4.09
4.31
6.58
6.6
4.29
4.39
6.01
5.84
5.55
7.45
3.89
3.2
3.29
3.12
3.42
8.65
12.02
12.82
13.89
9.23
6.44
5.87
5.22
6.76
5.95
5.6
8.22
10.65
17.17
19.19
20.26
20.09
14.39
10.91
7.2
2.66
3.95
5.33
6.78
11.4
12.6
12.73
12.34
8.87
9.62
14.13
17.34
16.82
13.93
11.78
17.39
18.51
21.65
20.2
16.98
17.14
17.39
18.35
14.52
16.56
22.0
25.41
25.9
26.24
18.04
20.47
18.52
26.59
29.08
23.48
24.08
11.95
13.36
11.07
13.46
13.83
11.3
16.1
16.06
17.42
17.05
11.73
9.55
12.01
21.06
22.46
22.29
19.39
18.64
20.08
19.88
21.46
14.71
12.55
14.91
12.85
11.51
12.58
13.81
19.6
19.83
24.47
19.98
17.27
28.74
24.73
27.5
26.54
14.95
13.97
13.09
14.56
26.45
26.07
32.3
31.35
22.33
26.15
18.05
17.58
17.21
19.54
28.19
27.36
25.14
24.11
17.2
18.04
15.85
12.55
15.14
19.46
21.35
27.02
28.27
21.69
23.94
17.51
17.37
19.1
19.97
20.43
16.32
17.21
18.3
22.0
21.14
21.54
16.61
12.87
21.62
19.72
22.87
21.89
15.25
13.93
16.5
19.88
21.02
26.21
23.39
34.68
33.8
30.4
32.74
18.81
21.32
19.54
25.46
34.2
35.07
37.7
26.73
18.81
17.5
17.64
19.37
17.7
11.02
16.88
25.45
26.35
30.59
30.66
28.24
26.69
24.77
19.08
13.62
13.42
15.93
22.81
18.82
19.37
17.29
13.4
18.43
21.64
27.33
24.67
24.29
19.0
14.71
13.75
13.53
18.7
21.53
20.38
22.49
22.24
19.98
19.44
13.65
12.75
11.38
14.3
16.49
21.89
20.55
28.26
26.66
22.74
26.52
16.32
15.17
9.72
7.21
7.2
8.14
18.2
17.57
19.26
22.84
14.69
20.4
21.6
18.79
18.0
14.94
10.63
9.78
9.14
4.47
10.27
12.49
12.71
17.09
14.28
19.04
20.7
19.53
24.13
15.41
16.8
18.26
12.71
15.04
11.25
6.3
4.14
2.24
5.42
8.15
7.59
9.44
6.34
7.85
12.51
12.05
16.84
12.6
13.36
12.71
9.89
9.83
8.63
15.18
14.45
15.82
13.95
8.03
11.79
17.11
17.73
23.28
28.12
23.96
21.75
15.12
8.0
8.01
14.5
16.94
14.77
12.92
8.98
9.38
9.14
10.42
13.67
13.06
