13.76
28.02
25.56
24.56
28.28
22.84
25.42
27.22
29.38
34.66
32.19
31.24
25.66
26.17
26.46
24.48
31.36
24.76
22.12
19.84
11.09
7.43
12.59
12.39
12.28
15.94
11.85
14.41
17.98
16.26
15.16
16.52
15.83
18.79
16.92
12.78
8.8
5.32
7.98
15.23
15.01
17.58
20.4
17.24
23.37
23.59
23.6
20.72
17.98
18.66
19.19
22.99
26.97
24.04
21.49
25.36
26.51
31.01
30.59
20.75
21.45
18.5
16.0
23.34
22.42
20.14
19.23
17.51
14.12
17.13
23.71
21.23
17.52
15.09
8.99
11.94
12.49
11.2
17.44
13.86
15.86
29.92
22.8
19.69
16.28
1.04
2.64
2.64
3.05
4.01
7.72
12.39
18.41
21.81
17.7
18.32
11.46
8.05
6.98
1.88
3.19
4.43
15.49
18.06
17.76
15.93
7.19
5.21
6.37
10.28
8.41
8.17
9.96
9.19
10.36
12.24
9.17
9.69
8.24
10.96
10.8
7.72
9.91
7.91
8.08
7.91
5.57
2.6
5.27
6.17
6.95
8.06
5.03
5.28
4.09
3.04
2.48
1.88
5.9
8.62
10.89
11.75
9.12
8.53
6.5
4.82
4.49
3.95
8.85
8.98
10.84
13.26
9.34
12.33
17.53
14.78
17.48
15.68
16.15
15.66
13.14
20.2
13.53
16.74
17.49
9.36
10.66
7.47
7.25
7.34
5.33
7.27
9.29
15.38
14.69
12.4
14.0
11.86
13.66
13.9
19.15
14.51
15.87
17.74
8.32
11.77
11.94
10.36
13.8
14.87
16.07
17.18
18.13
14.15
13.98
17.74
14.17
21.16
19.26
19.17
19.61
22.52
26.13
29.33
28.83
22.47
23.96
17.72
22.95
22.9
16.96
18.67
14.7
17.77
20.53
19.54
22.32
18.65
17.23
18.06
18.25
16.37
17.92
22.62
18.16
24.65
24.37
23.08
26.17
27.7
25.66
25.75
22.53
14.03
14.55
9.15
9.64
19.83
16.88
17.92
23.07
14.0
17.5
17.23
10.69
12.35
9.92
7.73
8.01
8.3
12.25
15.14
19.04
22.54
17.48
13.42
10.49
8.4
10.92
11.57
12.41
14.49
13.28
15.23
12.71
8.43
8.88
16.38
18.05
18.14
20.78
11.23
12.53
11.11
12.78
14.4
13.66
14.08
11.11
11.87
13.08
17.26
14.75
13.76
14.19
11.05
10.4
15.78
12.45
11.5
16.06
9.12
13.38
18.81
14.07
24.08
23.1
20.2
21.34
15.55
15.38
13.52
15.56
13.77
17.2
15.58
16.02
15.93
11.53
14.23
15.65
13.73
20.5
17.46
15.77
22.73
25.35
31.18
36.86
33.52
23.66
19.59
15.81
13.82
12.32
11.21
6.02
10.05
12.28
16.94
19.66
16.32
17.07
18.4
20.32
23.42
29.99
23.83
23.56
17.56
7.39
9.37
10.9
19.76
19.63
16.99
11.98
3.29
7.82
8.03
15.2
20.64
18.13
22.94
17.7
11.87
9.84
10.13
7.37
7.37
13.69
8.86
9.91
13.24
11.8
16.51
17.72
14.39
11.29
11.5
9.74
12.09
10.93
12.01
12.9
11.15
13.95
7.11
14.12
16.13
14.71
19.74
16.13
16.57
16.88
14.06
10.28
11.1
17.39
18.16
18.7
15.37
6.61
4.34
5.29
8.1
8.46
9.64
8.18
5.59
11.59
12.16
11.0
13.2
17.99
16.4
19.81
18.85
8.23
16.16
12.75
12.21
13.05
4.32
8.91
13.29
19.84
21.83
20.77
22.17
18.06
18.62
20.23
23.44
19.79
19.35
14.64
14.83
16.5
21.26
26.56
22.14
24.31
21.98
27.62
26.16
26.54
30.08
21.29
22.13
25.36
19.36
21.19
21.92
15.91
16.42
15.18
13.43
19.53
21.87
29.44
26.19
27.99
27.85
24.52
29.51
24.59
25.47
22.26
19.0
21.25
23.06
20.44
19.35
15.7
10.21
12.27
12.14
13.5
12.72
12.13
11.65
11.5
11.57
10.77
11.91
8.1
11.75
12.0
10.47
10.8
9.79
13.59
15.32
15.38
17.11
14.12
14.14
18.02
16.84
14.37
13.23
11.01
7.66
9.66
11.99
9.95
15.22
17.36
22.89
23.57
18.52
25.11
17.68
20.04
21.61
17.31
18.45
16.39
15.84
11.9
14.12
14.48
12.11
12.34
9.36
8.77
12.9
12.08
16.16
15.14
10.7
9.82
6.37
5.72
8.9
9.35
16.18
19.65
19.27
25.28
19.12
20.63
17.23
19.84
22.01
19.2
23.54
13.71
14.47
13.17
13.01
14.58
10.27
20.41
25.63
30.07
32.99
22.99
14.16
10.35
5.52
11.58
14.02
11.85
17.57
11.67
9.26
8.85
11.69
10.28
19.51
19.13
11.43
14.42
13.31
18.11
21.16
30.63
27.65
25.75
28.94
24.38
20.82
25.58
19.02
13.83
15.49
8.16
11.15
11.65
14.07
16.2
17.86
15.41
9.85
7.84
2.93
5.86
6.13
6.09
5.41
2.05
11.72
14.43
17.04
17.81
7.17
5.19
6.99
