-1.7975928025236392
-1.111825189845215
-0.8465331375027243
-0.5471309311487027
-0.0859815312696919
0.1576963188454694
0.3515422630309965
0.4329351320082313
0.5213785492003937
0.5788580110261393
0.6304618539242273
0.6159885012175441
0.5500282838038685
0.4360677726188302
0.4205174535411521
0.3032809603661123
0.4123101659647779
0.4237561630216906
0.3844029487749998
0.3986717868010693
0.2789958009547956
0.2716606526375191
0.1531589507289262
0.1821577988735296
0.1863712639003594
0.1754272377798309
0.2951766617001483
0.2265622734440394
0.2806999872623326
0.2839172358489002
0.2882724972633369
0.2767281697970509
0.3142086450701892
0.4473772246258603
0.3547698788363054
0.4000922294386043
0.3247592118166333
-0.4698128323052071
-0.7002657127190713
-1.4351076979457538
-1.9648264749672315
-1.7115142687857725
-2.461705928139599
-2.8553996748322503
-2.5919412605779617
-2.658963931291244
-2.421412791872352
-2.4898757491029517
-2.634100997822165
-3.660920435486608
-3.529639069555864
-2.63984931308534
-3.052201577820366
-2.1449804787025597
-1.972593463843152
-1.8952588771863947
-1.8090921846713288
-1.5149162146811266
-1.9077443355680763
-2.007395246098266
-2.1246876699697634
-2.0742248083436112
-1.6719515164677754
-1.9098671998566903
-1.376647375822006
-1.6504828989790885
-1.589393712517738
-1.5485481366880185
-1.391994157216705
-1.5113926811741254
-1.4889725794327342
-1.6510080907535916
-2.231739907564513
-1.9659635661447687
-2.9085096272222684
-2.43583502968952
-2.002060462239599
-1.8764366368724967
-0.8468585747970182
-1.397646875615473
-2.1033438237089404
-2.5138237290889998
-3.130081533303995
-2.576012766904193
-2.215256727913153
-1.975477455071483
-1.6819225335662598
-2.237001284378281
-2.094403906505561
-1.8110161054545055
-2.300650671824393
-1.9227356672097229
-1.949488834777033
-2.7782418625691707
-2.13391429872286
-2.358793642356258
-2.25882189204196
-2.0456393511664333
-2.2206355251696333
-2.099750015723328
-2.647439655007943
-2.8022671886901627
-2.9116310789642683
-3.5547460011617877
-3.284389196073925
-3.524276376404635
-3.374232078994744
-3.1103478374206706
-3.7215787915407903
-3.908175930505141
-3.612120516154412
-3.610853367225386
-2.9376886351809395
-2.177654514840997
-2.3163723199106334
-2.479893515870641
-2.689747352183724
-2.5085065929297734
-2.6497494952856844
-2.612091566867201
-2.695853677746446
-3.561959588322392
-3.3036722280021307
-2.639150358874996
-2.307173774693596
-1.3141768255113322
-1.4042204101208202
-1.5912926931697269
-1.4059198951689706
-1.4484816185963012
-1.4054447314817573
-1.2943121344883135
-1.2589474618806564
-1.6926536049269998
-1.8868116736217475
-1.807151103324536
-1.6286031676986925
-1.4106659008422548
-1.1264409155463704
-1.2996709349249602
-1.4950823362140249
-1.3135141867525646
-1.5998729745077551
-1.7508722455629937
-1.7184154299521277
-1.9367904313657425
-1.897543574582402
-1.7588672288634517
-1.9428514350351327
-1.9549685066684568
-1.8853130101124629
-1.7501180446580349
-2.110401868881681
-2.2671928592464257
-2.490760717324579
-2.520307290812263
-1.9635133551767563
-1.5130503036025802
-1.5020770963435972
-1.8481014545437096
-2.0257473712441283
-2.1756735348848726
-2.161116408720462
-1.9157246327009985
-1.8849096217013253
-1.7968295473296665
-1.9574722301059
-2.2057917625087256
-2.537012607127961
-2.97316678011192
-3.010953570533178
-2.682426682495227
-2.821644133923625
-2.4041482837623502
-2.2524540888232614
-2.526672321273785
-2.235327682136829
-2.7317075910597657
-2.244222487489002
-1.950439223346252
-1.7003390689029836
-1.2262554270485235
-1.435930847770084
-1.3349072023648585
-1.2406364339712923
-1.2709919903498788
-1.278821253043678
-1.3005122729193987
-1.3615984746872385
-1.1955861747570216
-1.104211069677109
-0.980309381426101
-0.703797077981111
-0.7708969009508619
-0.5047875869136242
-0.4402938431092826
-0.5074812682024956
-0.4842702461760556
-0.5847111175788939
-0.5464513768034844
-0.5519426866261812
-0.3487630281181766
-0.2927021405849042
-0.1896588205852991
-0.1618453653626458
-0.2873958306880287
-0.3397467110039148
-0.4806129096726106
-0.2955228567308928
-0.231208862251839
-0.1222142071910411
-0.0527530174222547
-0.1093431468034145
-0.035807039312893
-0.1555828467457408
-0.040525692437515
-0.0401655039984283
-0.011076711764988
0.1182445381846503
0.1418057434831428
0.3431370849729834
0.2551900789421933
0.2745690809048601
0.129015677992187
0.0791461835130381
0.2221765701342583
0.2985491038688146
0.4167620403268657
0.379679525765121
0.3680380940897458
0.3714685262849039
0.3439651719945537
0.3333948003841679
0.3901467377811821
0.3503639366928205
0.515962393473398
0.4987867663189434
0.4718171934180873
0.5693860926397472
0.4383812159612688
0.3811052044403009
0.4003260370474408
0.3585931166261408
0.3738479214848959
0.3926181856144659
0.3011810044055577
0.2231921570991815
0.2592005464187829
0.3910180238156199
0.43943381220785
0.5441423768193423
0.4315155480111429
0.3378403368305768
0.4890830595885822
0.4962513075024702
0.6140241765613997
0.6788553838981136
0.5175751111788384
0.5219556849928239
0.507726862408556
0.4554452633824234
0.489312426762561
0.4479510971841246
0.3452323447252798
0.3884782048006224
0.4516810261397194
0.5151006657006384
0.5702660048400675
0.2686141582124201
0.1523326642817781
-0.0902642195346021
-0.0768981560362011
0.0793362640923494
0.0259144823415147
0.2466303903793228
0.3549810822028631
0.5025947320895889
0.1788460840958881
0.1061991335004424
0.056948980049769
0.0443005304539647
-0.0002966757509003
4.3415266063e-06
-0.0324665502659186
0.0087183119467677
0.5061995248762724
0.5127545293628386
0.5960728337881073
0.497496106980056
0.5091062883686124
0.6737621704816324
0.6504490032446248
0.4748478965046043
0.4662503508540001
0.0873529832833776
-0.0149534537343534
0.0260913375472449
-0.0570334564860182
0.2107542490081416
0.3563642751537957
0.5422608241322454
0.5746975160917206
0.553257989350612
0.4514489408768496
0.5288755709650387
0.4365775257119548
0.2710312924561298
0.2726434454174031
0.176730916352958
0.1215545164213734
-0.083348601631269
-0.4596945437931985
-0.7053839274145794
-0.845748433034934
-0.5886030395078631
-0.359887481853507
-0.4148387583276217
-0.0541566251741521
-0.0578565057581029
-0.1389439664628037
-0.4647613100049497
-0.5170478403950483
-0.6523839032519055
-0.5187067764881673
-0.035432406401103
-0.1275222854209571
-0.0938286612133558
-0.2518546958078862
-0.1782203141640378
-0.0963642743566832
-0.1620239545222251
0.0680566729740915
0.0621948803952555
-0.0275930080914078
0.2073638345158287
0.1294506562769081
0.1260872417890124
0.1938121238337288
-0.0344437640973682
-0.3893882287604103
-0.6945514977840395
-0.6672609585808084
-0.5306386040314846
-0.8405299364694159
-0.9845571120395198
-1.4769803425997878
-1.7652777249682732
-1.0456983903061503
-0.373241043228405
0.2124054371545742
0.5989348134836218
0.2783922201587419
0.0617567305949866
-0.5169322461845199
-0.6282898015086714
-0.2201404886556058
-0.425082216387357
-0.3392283113800957
-0.5911643670310569
-0.5676782808830906
-0.712922086632025
-0.288758688426061
0.0809033559053983
-0.265887316865842
0.0545940775790646
-0.3791363406924287
-0.4267838683412981
-0.3671628057656139
-0.4223996922219523
0.0328304534721701
-0.0723386628366685
-0.2847507135184625
-0.322547260312651
-1.213276273266192
-1.2720639667177875
-1.1906578969088728
-1.1802845664004686
-0.4615592420067246
-0.1868418215306992
0.185415838466229
0.0048617708833275
-0.3925328290715086
-0.7770094403449654
-0.9384825187342628
-0.8775670429195352
-0.7608981189699299
-0.9500875700035796
-0.8427282484778325
-0.7329393112306833
-1.276503896267651
-0.9299460450795606
-1.0251703707211268
-0.9909775200796066
-0.0685128471074333
-0.4725148821993108
-0.6098953689325339
-0.4898030760825607
-0.4630793788377406
-0.0420602942833781
0.1185645191153506
0.1198889611012461
0.0751121969858139
0.234185494116366
0.3123834188587691
-0.017852151873618
-0.0158272742648146
-0.4090099542019474
-0.4361606308291975
-0.3246983614757182
-0.3108043557546272
-0.0407803162190796
-0.1901483740702937
-0.1379503390612211
-0.110338096199559
-0.0450669645794493
0.183916484765116
0.2718684749487108
0.3331938634812124
0.1877807039818018
0.1212125091751473
0.2160988973350686
0.1389328480761412
0.1674900145046032
0.1551076782429827
0.1211225531683376
0.197825639090398
0.1654276158388607
-0.0359211918182726
-0.2180786819203728
-0.4989528114080397
-0.3102243315970076
-0.2773814581962753
-0.0684462724860291
0.2206029408076241
0.2878855544138435
0.3835600938865094
0.344726935193572
0.3334417947449744
0.2221210358123139
0.3799991793866172
0.3895862269442165
0.1439732718481966
0.2438784844602728
0.0929027131347459
0.0607200206577651
0.1906883269798929
-0.1608851770015189
-0.1431720870758846
-0.3072737404055289
-0.4480033071736259
-0.2370999937655435
-0.1276474170655805
0.1245283210722015
0.3149949481403677
0.4240005417932203
-0.2646752398995918
-0.2043418290294016
-0.1328619268853046
-0.6554367835109306
0.0250573898026661
-0.2709997529426711
-0.3799223770296042
0.134803942569838
0.125538933441868
0.3902581811105695
0.3874064378461783
0.4072122486686122
0.3701792811142955
0.2787427202938562
0.2785623974851171
0.158837114218021
0.1816121315318934
0.2220687215480495
0.3892392778108906
0.5277196570283595
0.5100667016023224
0.3049509026730768
0.1617049137662698
0.0199526595719456
-0.0168550759965111
0.3574542738968281
0.3034695043131361
0.4412559883375479
0.4422173272114264
0.3016474296383239
0.4154096714447478
0.2004496133740259
0.3002289704501762
-0.0371048660234087
-0.1428186211401664
0.0388257615191963
0.0362625988511409
0.4659945859891704
0.5032179525446913
0.5902614817016956
0.2479078969449413
0.2056985379467291
0.2393786290980724
0.0520943373191011
0.3706152313965586
0.2750356119490312
0.3999774892284649
0.5084932324301383
0.3103087031405642
0.2675536408530063
0.1394526169864678
0.1047819839498899
0.1825177771065625
0.252804714477149
0.1304682271149352
0.1033988542517906
0.221719952061017
0.319884692030394
0.5225843421076791
0.6689798398517803
0.6725434550602745
0.5001142254434271
0.3684501696269219
0.3077414398864588
0.2978525993774565
0.4117969327117501
0.5050568415280792
0.4825541418143478
0.2360423204350417
0.0655524630551634
-0.0530346001155436
0.0393154229018242
0.3431903990294964
0.4522703409045175
0.4863646164888887
0.3609840879772949
0.2245278966838571
0.1363688298493058
0.0159164797806504
0.1134744657135932
0.1271127182475471
0.2371552302099909
0.4045361257031973
0.1488386963976585
0.228077466439122
0.0373251194693004
0.0321933592514995
0.1514172379245525
0.0085738196255175
0.1556121751155673
0.1055048691471781
0.203933613520078
0.2504547863738486
0.2353256821335999
0.1074251721381098
-0.0557542535701641
0.0214678835961325
0.0618520353448107
0.2127551584865999
0.2481523863798859
0.2716360039034811
0.129919959675661
0.2148067684751978
0.0572577185882155
-0.1955656291400508
-0.0507262672555944
-0.0953171214735081
-0.2387582833849555
-0.2089489753138272
-0.2241358866727832
-0.2319092378684958
-0.0036388528630938
0.1296072847770496
-0.0856655328338382
-0.372846739263289
-0.3459446975801226
-0.3158063450754763
-0.039631963699154
0.2636889246331158
0.3366635315712601
0.2348340878416795
0.2249579697872794
-0.0934865296089343
0.0122103723160661
0.245757518418098
0.2362093628536841
0.5185424294547987
0.2718333406024744
0.1350237328615364
-0.0830089532411091
-0.1550445950525156
-0.1735169829459857
-0.2738634334500869
-0.1717132978812011
-0.2329541217449923
-0.052467960674341
-0.1703543596981526
-0.105072514744314
-0.1484335299523215
-0.3552103837394009
-0.263930502578908
-0.1415934265879843
-0.19378355435917
-0.0710908151135454
0.0175115335872496
