50.46
40.83
37.86
61.77
73.64
61.38
64.7
70.79
68.93
63.65
56.37
57.29
58.11
65.12
54.5
41.28
39.21
35.38
42.32
46.61
38.06
30.37
33.19
29.97
24.75
26.64
30.8
27.38
19.21
19.77
34.1
32.72
20.99
19.92
22.97
27.42
25.94
24.64
22.52
19.87
22.7
24.32
20.62
18.13
15.7
22.34
18.88
9.29
13.25
17.5
16.12
12.36
18.34
23.14
18.34
11.26
10.09
16.16
19.84
19.85
23.51
25.22
21.0
16.01
18.49
17.51
9.87
11.03
19.11
20.23
11.14
8.79
11.26
12.77
14.74
13.8
13.07
11.84
9.88
15.25
18.09
15.98
16.91
15.6
13.67
13.04
14.66
16.76
19.33
20.15
17.49
20.5
22.71
20.96
21.51
20.95
19.38
18.4
20.15
22.43
20.18
16.62
16.05
17.67
17.09
15.27
18.58
20.02
17.63
15.46
19.85
23.01
23.01
21.11
17.05
22.39
28.6
23.98
19.26
19.37
14.58
20.96
25.44
24.06
20.65
19.06
24.05
20.69
18.88
16.4
15.6
20.44
21.74
19.51
19.4
17.11
19.01
18.08
11.14
11.51
12.31
11.46
10.54
9.48
11.92
19.16
22.75
17.33
15.87
16.09
16.46
15.93
10.33
12.96
17.26
16.03
14.77
16.41
17.62
20.03
24.43
20.9
13.6
15.69
22.02
18.49
14.0
15.9
15.27
15.64
15.71
15.73
19.49
23.09
19.34
15.04
16.5
16.45
16.82
16.18
17.83
22.46
26.36
23.22
19.05
20.99
19.59
14.46
15.82
20.15
16.9
12.76
14.58
13.2
14.11
15.28
12.09
16.68
21.35
24.05
22.02
19.66
21.11
20.84
21.4
21.74
18.16
19.35
20.3
20.61
26.23
24.36
20.41
23.79
24.84
18.94
16.39
22.06
28.9
29.74
26.31
20.2
17.65
22.4
19.6
16.74
20.1
20.82
24.87
28.36
20.79
13.35
13.21
13.2
15.64
14.83
13.31
13.25
14.69
16.89
17.31
19.07
16.1
14.92
16.52
17.84
17.02
15.59
23.0
24.86
22.27
23.98
21.27
20.37
19.15
18.57
19.93
22.03
24.69
24.47
18.35
18.65
19.68
15.07
18.51
19.22
18.77
20.26
22.33
20.21
18.44
20.63
19.53
20.39
16.46
16.36
21.76
19.93
15.54
13.02
12.53
12.89
15.99
17.38
13.62
12.11
15.02
13.71
12.75
16.43
14.4
8.51
5.79
10.69
15.78
14.39
12.87
13.01
11.93
11.87
14.14
12.35
11.06
11.05
9.8
9.07
14.58
19.24
12.36
8.22
9.32
9.47
10.84
14.5
14.33
12.11
11.92
13.19
13.99
12.5
13.24
14.11
15.32
13.36
9.41
16.12
19.64
17.46
16.73
14.95
19.0
20.56
21.43
25.65
23.83
21.56
22.66
22.65
19.8
18.93
20.62
21.92
22.49
20.97
17.33
19.43
28.14
34.4
32.23
22.82
20.51
29.71
27.74
19.31
18.38
17.67
18.17
22.43
23.44
22.08
24.58
26.75
26.47
22.74
21.41
19.97
21.28
27.89
27.25
20.84
20.09
22.84
20.74
20.27
25.18
27.21
26.94
24.42
21.42
20.0
21.17
22.23
21.58
18.71
27.16
29.7
23.44
29.41
27.32
20.99
18.74
21.11
19.26
13.56
13.52
11.28
12.47
14.59
15.27
16.5
13.18
14.02
11.64
5.72
6.87
8.74
6.55
5.2
4.88
4.7
5.81
6.5
7.5
6.92
5.96
5.21
5.57
8.78
12.62
10.01
9.45
11.85
16.03
23.65
21.99
13.8
7.34
4.68
4.82
9.06
11.02
7.47
4.1
5.01
8.02
7.7
6.95
7.01
11.49
17.74
20.63
21.08
25.82
26.63
23.54
26.98
31.76
33.61
32.19
32.83
31.28
26.9
30.59
37.97
39.1
43.76
48.58
37.46
29.16
40.65
45.93
41.69
45.27
39.84
30.84
33.24
37.95
41.79
42.49
53.92
59.07
48.77
55.24
63.19
59.43
48.9
43.11
54.86
56.42
45.72
40.73
38.67
55.67
60.9
54.19
52.4
51.14
53.96
47.04
45.79
48.04
47.55
41.63
42.23
47.74
45.43
40.31
31.03
33.83
36.32
29.74
34.13
38.54
35.87
30.79
25.33
39.22
43.55
28.36
26.68
25.34
25.56
25.76
19.47
23.59
28.71
26.0
22.24
27.02
31.4
27.49
26.88
28.61
26.1
20.58
18.5
16.11
18.07
23.38
23.59
22.98
27.94
25.67
17.71
15.35
16.84
18.62
27.87
28.71
24.39
25.13
17.97
22.3
26.82
19.53
15.02
19.88
21.87
18.94
21.87
22.9
16.84
16.82
21.66
18.74
17.71
20.57
16.17
11.24
12.39
19.66
22.94
16.99
12.53
13.31
19.63
21.63
18.11
18.32
24.04
24.68
18.59
16.5
17.73
21.74
19.91
13.58
11.28
13.78
19.59
29.69
31.25
19.47
16.43
17.32
15.84
11.89
17.75
21.63
19.61
16.63
11.41
17.56
18.88
17.62
17.54
17.84
17.21
18.96
18.01
