84.54
82.59
66.37
44.34
46.5
59.84
67.4
65.29
58.81
55.69
53.24
65.09
75.08
65.72
68.19
64.11
47.12
47.89
54.38
55.5
57.7
56.89
57.44
68.14
61.01
43.21
50.78
68.4
61.73
53.69
49.77
44.97
47.99
56.59
54.09
46.82
47.01
50.35
51.99
40.07
38.94
42.14
44.99
49.94
43.49
42.73
50.78
47.21
34.81
29.68
30.12
31.8
30.66
30.4
38.15
41.35
39.42
36.76
36.27
34.33
30.88
30.37
26.64
24.66
27.83
29.83
26.3
27.24
24.14
21.93
30.12
31.89
27.14
26.31
30.15
27.83
23.87
21.56
20.03
25.22
30.89
34.0
32.73
25.98
27.47
26.76
20.97
19.41
18.71
18.65
23.78
26.67
22.73
21.22
23.68
29.81
27.04
18.37
23.34
24.74
16.49
18.17
22.06
19.34
15.79
16.31
17.9
21.5
20.91
17.05
16.47
12.1
13.78
19.01
16.75
19.83
23.7
23.81
21.29
20.22
18.09
16.66
19.04
16.27
13.5
12.85
13.78
17.42
18.9
20.06
18.96
18.88
16.55
16.05
17.53
19.71
23.33
19.87
16.23
15.93
17.4
20.43
20.05
16.68
16.75
17.95
17.35
18.71
19.59
20.53
21.95
16.88
20.8
20.41
15.43
15.93
19.19
19.67
17.35
20.23
17.17
19.3
21.17
18.3
18.28
14.84
15.5
13.57
13.08
14.55
13.83
12.82
14.82
20.43
17.37
19.6
24.05
20.55
19.21
19.29
16.14
14.63
15.75
13.63
13.27
16.05
14.56
12.87
14.18
16.22
17.02
16.38
15.47
16.88
19.06
18.33
18.99
17.88
19.96
20.91
18.52
21.62
18.8
15.17
14.94
13.84
20.03
22.74
16.4
13.08
14.24
17.44
17.67
14.8
13.96
12.5
13.3
15.98
13.76
13.85
12.47
8.71
11.5
12.26
13.81
13.26
11.05
14.58
14.16
14.75
15.94
12.85
13.22
15.2
14.49
18.31
18.72
11.44
13.53
13.65
13.73
15.01
10.56
11.73
13.35
14.6
16.16
15.68
12.96
12.72
15.42
15.67
14.06
11.29
11.34
12.3
14.35
14.87
11.0
9.82
12.29
13.53
11.51
10.99
15.14
19.61
19.32
15.33
11.99
12.49
17.25
18.82
15.9
16.16
16.54
13.58
11.34
13.38
16.92
13.38
11.48
16.39
17.25
12.39
8.54
13.92
17.18
11.47
8.9
10.79
15.77
15.84
13.02
14.58
14.38
14.02
12.59
11.73
15.19
14.42
14.52
16.79
15.06
14.05
11.47
9.24
11.14
10.97
10.9
16.29
20.85
16.62
11.1
15.66
16.36
12.96
15.68
12.36
13.81
16.31
11.69
15.78
17.31
14.87
13.27
12.49
18.91
21.65
21.91
20.9
20.11
21.14
17.42
19.53
22.45
22.23
21.86
19.14
20.82
21.5
17.23
18.35
19.41
16.23
18.26
20.05
18.62
18.02
18.39
16.64
14.61
14.66
16.26
19.94
17.77
15.24
18.51
15.99
14.2
16.28
17.18
16.14
14.6
16.13
18.39
18.15
18.55
21.54
20.29
24.04
23.39
17.67
18.62
16.64
11.85
13.58
18.02
18.61
19.7
20.23
18.1
15.18
12.26
14.54
16.28
14.09
13.06
16.74
15.73
15.17
18.46
15.02
12.68
12.06
12.49
14.4
17.4
19.89
19.89
15.18
13.64
14.53
15.88
16.3
13.32
14.57
16.58
13.82
12.38
12.54
14.49
17.6
15.54
15.01
16.55
18.27
19.42
15.72
16.55
23.82
23.86
18.73
21.09
21.45
18.45
18.13
17.06
17.73
18.5
23.37
21.4
18.32
17.63
14.71
14.32
14.22
15.46
15.45
14.73
15.24
16.58
17.28
14.31
11.14
11.42
12.39
12.18
17.48
19.35
17.24
14.76
15.46
16.49
12.65
13.46
14.05
14.03
11.14
13.13
17.42
17.15
17.01
16.3
13.88
13.03
13.03
12.88
13.57
12.25
13.22
11.83
11.68
13.08
14.17
13.58
14.07
15.67
16.49
15.63
9.43
11.01
13.19
10.68
10.08
12.82
12.6
11.17
11.6
17.5
26.88
22.55
13.42
13.34
17.65
18.96
12.92
9.57
11.86
10.81
9.97
11.94
12.2
14.24
16.03
18.5
17.55
13.22
14.63
12.28
10.47
15.59
17.98
13.59
9.16
10.45
12.23
11.75
12.08
13.74
14.92
16.64
13.61
9.06
14.02
15.84
11.91
12.4
12.74
15.66
17.07
15.25
19.27
19.84
16.74
14.33
14.41
16.44
14.32
12.56
14.72
18.33
18.7
18.34
16.02
20.0
22.37
17.83
17.61
15.31
10.31
14.0
19.06
17.92
15.93
14.08
18.27
19.14
20.98
21.72
16.25
20.01
23.16
15.04
13.55
16.23
17.35
16.71
14.89
17.36
18.32
17.55
20.23
18.55
20.82
24.38
22.08
21.03
17.46
16.47
16.56
17.41
19.69
19.73
15.5
17.6
26.88
24.48
22.69
26.83
24.0
23.23
21.8
20.64
23.05
26.24
23.58
20.11
22.97
27.54
25.2
