105.34
92.59
80.2
86.58
96.51
87.46
65.59
54.36
44.81
45.36
47.35
41.48
37.96
28.63
22.1
17.15
13.49
15.56
17.09
20.07
15.98
13.61
16.96
15.29
14.33
17.27
21.92
21.03
14.91
10.5
11.53
13.44
13.44
14.31
12.61
10.31
11.86
10.34
8.86
14.85
17.71
19.5
27.9
25.82
17.44
18.76
26.54
26.89
21.17
15.81
18.3
19.97
19.27
18.84
20.92
24.88
21.48
21.84
24.38
22.41
21.2
20.33
21.28
23.41
23.01
19.61
17.68
22.58
24.84
17.81
15.06
20.25
22.05
25.8
23.09
18.79
20.78
25.79
29.13
26.01
19.6
15.12
15.53
18.12
18.21
17.11
18.37
16.36
14.83
18.48
22.15
27.99
24.73
19.81
24.01
24.84
24.11
23.71
21.13
19.97
18.55
18.88
19.39
20.39
24.69
23.72
18.62
18.19
27.27
21.91
16.41
19.91
20.26
21.74
17.84
20.31
20.91
16.98
14.73
13.48
15.58
15.12
14.93
14.08
13.85
12.78
13.49
16.78
16.22
18.52
19.09
13.92
13.62
13.65
11.69
14.3
14.55
15.69
15.18
12.86
12.05
9.11
9.57
11.76
13.16
11.61
12.0
15.67
17.23
21.46
23.36
23.58
23.12
20.28
16.84
12.53
12.56
20.52
20.29
13.98
14.73
13.35
17.35
18.14
17.76
17.76
17.09
18.34
14.04
11.54
15.48
19.09
17.53
16.59
14.19
19.09
22.28
17.3
14.39
12.85
13.19
13.71
12.58
11.71
16.58
17.83
18.69
17.61
12.07
14.13
19.7
16.07
9.52
13.64
15.84
12.29
11.47
16.06
21.09
20.23
17.67
18.72
20.58
19.32
17.01
16.62
15.6
14.9
15.85
19.6
25.65
22.71
15.96
16.4
18.16
17.83
18.16
22.33
19.89
20.46
23.3
17.57
24.14
29.69
24.16
23.32
24.0
24.49
23.31
23.73
22.45
18.23
23.78
23.2
18.37
19.93
19.88
18.55
26.57
31.25
19.86
17.47
21.04
23.17
25.11
25.11
25.73
24.53
26.07
28.62
21.8
20.02
26.63
26.06
25.59
24.91
19.31
22.35
27.8
26.0
27.28
29.45
26.61
21.16
24.77
24.73
16.5
16.07
24.66
27.43
25.68
23.45
19.33
20.92
25.58
22.62
25.32
26.72
19.0
18.17
14.81
20.13
21.86
16.11
17.39
26.84
29.11
22.75
19.93
16.43
16.43
17.35
18.71
22.69
28.74
25.04
16.2
17.91
19.46
21.0
24.64
18.18
10.87
16.56
22.34
18.4
18.79
19.85
15.2
14.83
18.07
25.96
23.19
18.79
22.17
18.81
18.12
21.81
21.68
21.22
18.67
14.44
20.68
23.04
18.58
16.7
18.13
19.23
18.22
19.6
20.2
17.98
19.77
19.04
22.3
21.85
14.79
16.45
17.94
14.79
17.43
17.65
13.93
17.08
19.92
17.92
14.07
19.6
29.38
23.76
15.84
15.58
14.79
21.59
24.46
20.49
27.08
27.59
15.95
12.67
16.93
17.51
15.28
23.57
25.87
21.38
22.8
19.85
19.47
24.04
21.88
19.66
23.42
21.9
18.41
19.4
18.46
15.26
15.51
20.84
19.73
17.96
24.34
27.49
25.29
17.35
17.56
18.55
14.65
15.8
16.21
17.87
17.93
17.1
21.71
22.0
17.98
16.69
22.11
18.51
13.55
17.93
18.39
17.59
21.81
22.2
17.34
19.54
15.38
13.96
16.93
17.96
18.82
16.69
17.02
15.19
17.38
19.83
17.9
22.23
21.37
15.13
16.43
20.01
22.52
27.04
27.75
22.21
19.2
16.2
10.53
14.68
18.08
13.33
15.17
17.82
16.79
16.89
17.04
21.47
23.29
19.15
17.29
21.82
19.64
16.59
14.5
15.83
24.45
20.87
12.82
20.46
21.63
19.89
23.32
19.2
22.97
22.32
22.28
32.51
30.44
25.12
23.23
18.69
17.52
12.83
15.07
19.69
16.12
16.42
15.93
20.21
21.13
19.48
24.4
26.8
22.96
19.71
18.67
15.77
13.38
15.87
20.37
21.67
21.49
21.53
18.26
15.32
17.92
20.26
16.62
14.22
16.98
14.24
13.06
14.3
15.76
20.19
22.2
15.87
17.78
14.78
9.57
18.89
16.91
17.87
19.84
17.4
23.24
25.41
23.78
18.92
18.13
18.03
17.35
24.58
22.38
17.75
21.3
22.73
22.6
16.61
14.62
20.52
20.32
13.91
9.24
12.77
19.49
19.66
12.59
9.6
10.94
14.36
16.28
18.35
16.81
12.68
16.02
17.36
14.14
10.47
9.88
14.36
17.49
13.45
12.69
12.13
13.55
16.76
17.45
19.22
20.99
23.26
19.94
13.18
18.14
24.35
15.46
10.5
15.95
15.59
19.19
21.71
17.63
16.75
17.99
23.85
24.3
19.89
18.52
22.22
27.92
22.9
18.87
22.08
20.91
17.81
15.84
21.41
24.82
20.26
17.98
15.69
17.04
19.31
21.12
17.94
24.58
37.01
24.52
14.43
17.65
15.22
15.73
25.65
28.49
24.54
21.58
17.41
