82.84
69.6
60.91
76.41
72.58
57.27
55.07
66.74
61.08
38.12
42.47
53.49
45.75
34.55
40.95
41.23
42.26
37.84
36.16
40.53
31.56
28.65
22.22
22.69
30.89
30.62
27.6
33.51
37.27
27.27
20.18
20.93
18.98
17.33
24.05
21.58
19.75
26.47
25.23
20.38
19.97
22.62
19.06
18.39
19.29
11.97
12.88
19.9
19.52
18.26
14.09
18.4
24.22
23.07
17.74
12.03
13.27
15.78
15.36
16.05
16.22
15.33
17.05
12.92
10.41
14.8
18.85
14.99
16.12
19.8
17.43
18.17
22.59
22.65
15.29
13.18
15.5
16.56
18.09
18.58
15.65
14.07
15.1
17.9
19.77
19.16
16.5
18.07
19.46
16.95
17.67
18.55
16.34
13.03
14.53
23.22
24.79
17.2
17.33
16.95
11.72
13.16
16.26
16.7
18.37
13.31
11.19
16.37
17.82
17.42
18.59
18.05
17.85
14.97
17.49
18.72
15.83
20.99
18.04
16.48
14.69
12.84
11.96
11.43
26.85
27.44
13.2
16.2
21.23
16.1
23.9
30.88
23.31
16.7
21.02
27.12
19.21
10.53
12.87
17.01
16.91
15.69
16.09
18.37
19.85
17.98
15.32
16.85
22.11
24.45
28.35
28.77
25.56
20.46
18.14
24.38
23.21
16.65
15.51
21.46
18.93
13.61
21.7
23.7
16.93
16.29
14.09
20.53
25.06
16.79
16.52
17.01
16.23
19.53
16.6
20.83
24.89
20.67
20.48
19.74
20.82
20.81
17.92
18.77
23.25
21.27
15.97
19.9
19.21
12.11
15.49
16.1
12.69
15.08
14.65
11.97
13.57
18.65
18.98
12.38
13.14
16.41
11.3
15.6
16.51
12.65
12.75
17.28
19.3
12.45
16.4
15.24
10.97
13.45
14.84
15.24
12.71
14.92
17.5
10.6
10.99
12.63
6.08
8.81
14.36
17.38
17.87
12.8
9.16
9.58
15.59
16.08
13.88
13.2
12.74
15.63
14.63
13.91
15.16
14.72
15.82
15.61
12.85
13.95
16.18
18.22
20.36
15.11
13.49
19.42
21.13
21.86
20.34
19.95
18.3
14.34
15.07
21.3
21.23
20.45
25.74
23.47
21.92
21.27
20.8
26.41
28.93
27.56
24.83
24.09
21.69
25.93
25.33
18.75
22.98
20.27
15.07
17.8
19.29
19.25
19.78
18.13
21.96
21.82
18.4
17.15
17.29
17.64
17.95
26.79
22.82
15.56
23.16
24.64
21.06
18.57
17.87
16.58
18.18
27.19
28.83
29.44
28.99
21.87
17.95
18.36
19.24
20.46
18.65
13.77
17.55
20.92
19.52
18.51
21.58
20.5
16.93
18.99
19.84
17.72
18.03
16.01
14.76
18.63
19.33
20.03
18.65
20.28
20.34
18.21
19.23
20.45
18.85
18.11
18.99
20.28
17.51
14.78
18.38
19.35
20.89
21.87
25.41
22.04
18.29
21.06
18.3
17.51
16.61
12.94
15.26
19.13
18.18
15.71
15.86
16.57
13.33
15.32
16.1
18.82
19.78
14.42
13.45
14.48
14.87
16.31
14.78
15.77
14.97
16.33
21.52
14.91
18.72
18.63
14.93
18.7
13.08
12.78
15.27
13.89
14.84
15.75
17.45
16.71
12.28
13.67
16.57
15.64
15.5
17.06
17.35
20.83
19.13
13.74
15.51
14.78
14.11
14.83
21.46
25.73
17.55
9.8
11.55
14.0
14.36
18.42
16.51
13.33
18.84
21.61
19.73
17.6
16.73
19.53
21.8
19.47
21.21
26.78
26.55
26.17
30.59
30.36
36.87
38.45
29.52
33.94
36.61
28.01
27.95
29.59
30.08
32.81
36.7
38.46
29.93
33.22
34.98
34.83
37.44
31.34
31.5
33.72
31.97
36.26
36.66
27.02
23.16
30.45
32.62
22.72
17.81
19.07
21.02
25.33
29.64
25.72
19.82
18.24
16.78
22.68
25.63
20.01
20.41
18.14
13.95
16.57
19.8
15.78
11.53
16.0
19.83
19.61
23.35
20.2
16.27
19.57
23.01
20.97
14.53
13.8
17.79
18.75
18.81
21.81
18.98
20.36
23.0
17.79
15.84
16.78
16.19
14.54
14.31
16.83
21.25
21.96
18.08
18.09
16.12
14.04
17.36
20.11
15.69
13.67
18.38
17.22
12.3
12.03
14.0
16.96
16.19
15.76
18.04
19.25
20.29
18.89
16.91
17.23
17.11
15.6
15.52
15.1
11.82
12.37
11.53
7.61
7.92
8.4
6.78
9.19
12.36
10.49
9.08
7.72
7.95
9.95
9.22
7.98
6.85
7.5
7.94
7.59
6.24
5.66
7.56
7.68
7.85
9.18
8.18
8.79
9.68
9.11
8.59
7.72
10.11
11.6
13.46
14.47
15.06
17.05
14.01
13.61
17.47
17.23
15.89
18.11
19.37
19.57
20.09
22.91
24.51
18.46
17.03
17.73
15.66
15.66
17.72
21.03
17.61
14.27
17.28
19.53
18.66
21.52
23.88
22.45
22.98
24.47
25.78
23.39
19.72
17.62
18.45
18.72
18.48
20.71
19.63
19.58
22.37
24.14
