-0.2155999999999999
-0.0718
0.1853
0.7348
1.3675
1.5504000000000002
1.6613999999999998
1.8061
1.5960000000000003
1.5061000000000002
1.987
2.6146
2.3176
1.9183
2.3938
2.6216000000000004
2.6922
2.9867000000000004
2.9888000000000003
2.7175
2.8840000000000003
2.9525
2.347
1.9933
2.4984999999999995
2.4116
2.1877
2.5084
2.2998
1.8866000000000005
1.8527
2.1989999999999994
1.6498999999999997
1.5389999999999997
2.2924
2.1629
2.0709
2.2187
2.2189
1.8791
1.8263000000000005
2.3283
1.6545000000000003
1.5551
1.7317999999999998
1.2121000000000002
1.4766000000000004
2.1256000000000004
2.0552
1.9156
1.5382
1.8752
2.5369
1.5814999999999997
1.087
1.4314000000000002
1.8857
2.123
2.7587999999999995
2.7788999999999997
2.14
1.8471
2.2768
2.1302000000000003
1.5908999999999998
1.757
1.8741000000000003
2.0891
2.0063
2.1665
2.6397000000000004
3.2325
2.9302
2.563
2.4771
1.843
2.5848
3.2745000000000006
3.0079
2.6011999999999995
2.2299
2.2649
2.224
3.0705
3.894
3.1427
2.1574000000000004
2.3730999999999995
2.619800000000001
2.514
3.0510999999999995
2.9908
2.1623
2.4202
2.6968999999999994
2.0001
2.4441
2.8069
2.7799
2.2726
1.8953
2.8749000000000007
2.4755
2.0199000000000003
2.8352
3.2928999999999995
2.8386
2.7088
3.1621
2.7401
2.8389
2.9994000000000005
2.9461
3.0960999999999994
3.3005
2.9774000000000003
2.6435000000000004
2.4454
2.2247
2.5662000000000003
2.0816000000000003
1.7894999999999996
1.7853999999999997
1.7123
2.6443
3.0671
2.7424
2.7882
2.47
2.2355
2.5616000000000003
2.9198000000000004
2.8902
2.9748
2.7070000000000003
2.5992
2.5468
1.8545000000000005
2.2165
2.5661
2.6847000000000003
2.7754000000000008
2.5725000000000007
2.667299999999999
2.6922
2.6353000000000004
2.5816
2.5788000000000006
2.8686000000000007
2.8179000000000003
2.6951
2.2502
2.0232
2.4744
2.3357999999999994
2.5791000000000004
2.5915
2.8191000000000006
3.0825000000000005
2.4612
2.1050000000000004
2.3024
2.3044999999999995
2.0797000000000003
1.7791000000000003
1.2743
1.6016
2.506
2.3393
1.7073999999999998
1.6404
1.8047
1.869
2.155
1.8596
2.1041000000000003
2.4634000000000005
1.8313
1.9779
2.4583
2.2196
1.9527
2.0554
2.3744
2.6202000000000005
2.6107
2.3439
2.0041
2.3721
2.4498
2.4696
2.4965
2.5829000000000004
2.776700000000001
2.6093
2.3046999999999995
2.1185
2.2895000000000003
2.0037
1.5992999999999995
2.0939
2.1704000000000003
2.0322
2.4941000000000004
2.4184
2.0543
1.9633
2.7008
2.842
2.1542
1.9118
1.5318
1.9128
2.6471000000000005
2.5563
2.2812
2.3466
2.7381
2.9727
2.5581
2.0512999999999995
2.1422000000000003
2.2927
1.8659
1.9727
2.1847
2.7059
2.8771
2.1452
1.8615
2.2827
2.9788
3.6182
3.0895000000000006
2.4342
2.3529
2.5475000000000003
3.2492999999999994
2.9868
3.2716
3.6964
2.8245999999999998
3.4612
4.4283
3.8663000000000007
3.7474000000000007
3.6462
3.5198
4.171800000000001
3.7922
3.1793
4.0416
4.2824
4.1182
3.955
4.1503000000000005
4.4501
4.388700000000001
4.6399
4.8698
5.1136
5.852600000000001
5.448200000000001
4.7709
5.2456
5.186
5.4271
5.496699999999999
4.8902
4.8986
4.284299999999999
4.9341
5.772200000000001
6.091899999999998
6.071400000000001
4.8798
5.3178
5.9853
5.273199999999999
5.0956
4.9343
4.5038
5.200999999999999
5.1442
4.748200000000001
4.792599999999999
4.7878
4.337
5.5455
6.2698
4.637
4.5358
5.226699999999999
5.028
4.630999999999999
4.775
4.7559
4.158399999999999
4.303799999999999
5.025500000000001
5.113299999999999
5.2528
5.054100000000001
5.021600000000001
4.7624
4.6326
4.4501
4.327299999999999
4.7301
4.2282
3.931
4.1873000000000005
4.8443000000000005
4.483099999999999
3.6296
3.6863
3.4161
3.4422999999999995
3.8651
3.9284
4.4179
4.755400000000001
4.3492
3.8147
3.4881
4.3307
4.9424
3.7662
3.4191
3.8323
3.823099999999999
4.2508
3.82
3.676599999999999
4.8083
4.261399999999999
3.1664
3.1245000000000003
3.7143
4.2132
4.053
4.057900000000001
4.630299999999999
4.3352
4.147200000000001
4.404999999999999
4.112
4.1257
3.9271
3.653399999999999
3.9024
3.8439
3.7276
3.8567999999999993
3.2168999999999994
3.3051
3.8264
3.5771999999999995
3.7184
3.6672000000000007
3.1789
3.0151
2.4599
2.3141000000000003
2.7956
3.2323000000000004
3.0222
2.9391000000000003
2.756100000000001
2.9583
3.3364
2.8822999999999994
3.0020000000000007
3.1991
3.1244
3.497
3.3491000000000004
2.6169
2.6772000000000005
3.2077
3.1376
2.9871
3.0763
2.8040000000000003
2.7607
3.0322000000000005
3.1295
3.1325
2.9134
2.846300000000001
3.0410000000000004
3.3031000000000006
3.3255
3.1278
2.9064000000000005
2.487
2.6027000000000005
2.7880000000000003
3.2232000000000003
3.4327
2.734800000000001
2.3034
2.931
3.1624
3.521499999999999
3.7930000000000006
3.3758000000000004
2.6754999999999995
3.2227
4.0286
3.5085
3.3212
3.2698
3.2722999999999995
3.702
4.2272
4.218700000000001
4.4331
5.0894
5.796899999999998
5.984999999999999
5.9363
6.5932
7.0917
6.543100000000001
6.0361
6.439599999999998
6.0535000000000005
5.8371
6.1518
6.4402
7.403300000000001
7.5232
6.8872
6.5036000000000005
7.415699999999999
6.813899999999999
5.546199999999999
7.072100000000001
8.560899999999998
8.0516
7.505400000000001
7.7809
8.5973
9.234100000000002
7.5433
6.5481
7.1314
7.0139
6.339700000000001
6.215599999999999
6.683700000000001
6.6674
6.734399999999999
7.5316
7.1433
5.559600000000001
5.1218
5.252299999999999
4.571799999999999
3.411
3.5511
3.8572
3.6205
3.8961
4.691
5.0871
4.8149
4.1624
4.009899999999999
3.917300000000001
3.8978
4.216899999999999
4.0776
4.2195
4.0853
3.9843
4.0155
4.2783
4.3593
4.4711
4.898
4.6556
4.0255
2.9097000000000004
2.1769
2.3789
2.3967
2.9319999999999995
3.7556
4.3991
4.272200000000001
4.029100000000001
3.7112
3.650899999999999
4.1252
3.3497000000000003
3.0483
2.9099
2.69
2.6565
3.0062000000000006
2.9647
3.2078
4.1713
3.9285
3.8689
3.3526
3.2964
3.985
4.191300000000001
4.2285
3.9545
3.5579
2.8341
3.0753
3.5513
3.1006
2.231
1.9098
2.2153000000000005
2.3994
1.4798
0.8912
1.5626999999999998
2.1068
1.9773000000000005
1.1150000000000002
0.481
1.5880999999999998
2.3343000000000003
1.3726000000000005
0.6918000000000001
1.1903
1.1027999999999998
0.8029000000000001
1.9892
2.1742000000000004
1.9493
1.381
1.1946
1.1975
0.5035000000000001
1.0655
1.5943000000000005
0.6451
0.4267
1.0394000000000003
1.1949
1.2836999999999998
1.9537
1.9938
0.9175000000000004
0.8377000000000001
1.925
3.1257
3.5910999999999995
3.2364
2.2569
2.4310000000000005
2.54
2.851000000000001
3.6144000000000007
3.853500000000001
4.7318
5.1055
5.127499999999999
4.6617
4.4485
4.9983
4.6149
3.7964
3.7381000000000006
3.282
2.4724
3.544599999999999
4.3286
4.2687
4.276400000000001
3.7243999999999993
3.9978
4.3053
4.2542
4.691599999999999
5.0481
5.7822000000000005
6.1081
6.099399999999999
5.991499999999999
5.421800000000002
5.4057
5.020599999999999
5.341899999999999
5.882399999999999
5.394400000000001
6.180300000000001
6.289300000000001
5.0200000000000005
5.5484
5.9156
