-0.4254475641707306
-0.3563215355823693
-0.09568793951835
0.1782655251220825
0.6589407030144424
1.2909424198169464
1.6561163465566693
2.1247313352317536
2.6340778529306745
2.804199977546879
3.2713139176439547
3.767038804692751
4.027397096354064
4.218466456102828
4.702524626284831
5.567528140070651
5.086514756025762
4.668475071044352
5.560623676932002
5.767861642860578
5.1455387846500935
5.073575398623371
5.944979781849547
6.015685283457214
5.800951710449708
5.686623962993568
6.017096385087865
6.264836815153867
5.8300087611218485
6.214744821496733
6.592704753816502
5.720760438494022
5.45026630405024
5.544152544206076
5.073524745779045
5.400649240408304
5.329467883557896
5.409546390710808
5.81326161566039
5.612346502165182
5.541939479001527
5.914129832576759
6.138159999513695
6.443540729378154
6.695861333206169
6.241312940850126
6.190317177696856
6.472523758031786
4.995708708182856
4.722329158627583
5.698440069348175
5.291256236475191
5.64231012731656
6.208386242690173
5.907959195072369
5.542471519574932
5.770175795388477
5.540323266386942
4.781717166351552
5.026698225899904
5.458677724392909
5.805595918682996
5.924110657105581
5.349436951681253
5.273633856671257
5.481387517243899
4.681378544198626
5.251784836382375
5.8343587468348606
5.361139402518261
5.207360562655308
5.056453992387011
5.320259067645143
5.364609010377932
4.914682912014015
4.806803996747719
4.696372643462946
4.463761326223232
4.624122398662414
4.535625091041265
5.490650703927387
6.366746761483273
6.146459609281465
5.728333773513357
5.2319003221807145
4.826350996235388
4.437835607567849
4.070702414194198
4.041216557976655
4.461138677342999
4.955733862349006
4.6236361583216645
4.43432945349009
4.095179945686358
3.843470128251422
4.50241131435178
4.436168120552181
4.265099087409545
4.473121803912277
4.018505456290273
2.710377677415517
3.289328443686441
4.064736393684359
3.214818182134956
2.8557363494350176
2.9762483019885884
2.982044830307541
2.89116254463335
3.3359117386469124
4.273327539456889
4.298700736460594
3.5063980245377864
3.9915022129980975
4.713688884696153
4.418754746019868
4.121072699755744
4.463958781198696
4.739572467566253
4.732514517229314
4.3418335797146135
4.035292430539097
3.794679875915478
3.615813340169471
3.9605651451634167
4.030377602560202
3.895793029827361
3.5922643374124394
3.769462489113628
4.497179357266067
4.764845603681021
3.9215938152935017
3.3242363967138897
3.4488648964197024
3.3019005777286567
3.6022052166868423
3.875852872755796
3.756910692108801
3.611008853744356
3.5865521675993146
4.097107560957682
4.042102852514537
4.376394165460333
4.86571981765368
4.441220123116467
4.190258931432562
4.246557403231076
4.086333913024353
3.6860450012793087
4.257899337379016
4.816393925031312
4.696231198936156
4.482828752440142
4.166020515651212
4.045131284449552
4.426634461483578
4.741158554854504
4.544565858695821
4.465906915958461
4.629219692421835
4.2319691494064005
3.8065235887943896
3.968895961219319
4.114518322909181
3.8786966265570153
3.5612786108226016
3.690420427920188
4.339608389297777
4.619937601497734
4.55764025138338
3.511855840494553
2.9896266349400418
3.3347181173428946
4.171624458187298
5.113664662093172
4.7601133532859246
4.44892593495612
4.8138077742728775
4.905246148675514
4.034832501537022
3.521706263915501
3.368588016643077
3.305051224106053
3.672933042119424
4.136398460730887
3.638116611047249
3.663301652849426
3.1501312589456183
2.625017592351557
3.1963106877638285
3.999777848991408
4.466265650626084
4.089429655931825
4.241513660382044
4.304351582125105
4.352619214200537
4.923609084094579
5.117339237089741
4.74777053140823
4.255157757085756
4.517865448029315
4.979830530078271
5.100190121649557
5.231962721879745
5.3553617853913575
4.910703357889415
4.778605475961176
5.328920501438931
5.1984548671133135
5.190826016694167
5.31358577722759
5.193545265874255
4.786373952043158
4.730164368615108
4.045746792282623
3.0836574490048703
3.244478310682616
4.074214120100119
4.19774362347766
3.516688842600941
3.059412904696273
2.95302848787944
2.8004786312502112
3.0642814308049693
3.113982927876497
3.2019293789915007
3.191091646034794
2.770923891195465
3.116921228645136
3.342035794786972
3.290120640298921
3.4029231978001637
4.181894678087771
4.342426633229564
3.836941037766279
4.017374180391021
4.9606685242369535
5.1939292429402455
4.347309715969635
4.021106930985472
3.6993905564809513
3.864630392785843
4.5645658816200045
4.072391458507884
3.796526572704806
4.1689457249924855
4.409147738458396
4.352783088448959
4.379305932202528
4.903928131226632
4.683893152139717
5.0845177785708735
4.765752953626111
3.377878551115028
3.38157995622804
4.034270966905412
4.47074586352828
4.583471331232957
3.930578834718197
3.368106806403964
3.3349385117847987
3.30477545296292
3.6596740692877
3.708297788348714
3.743399950005768
4.26884707858763
4.673516281048105
4.615343057742226
4.881646416258753
4.896306830814259
4.424860127235727
4.762550269560808
4.572309942576901
3.995280792938919
3.9522428431353513
4.15490015080848
4.508709295507575
4.081614297354721
3.5839670923494333
4.2746212513008
4.245196768347295
3.902580015597009
3.888511201115689
3.698919988526377
3.759277967857742
3.3853513959496078
3.210456602021651
3.5508046398656727
3.0199934097903287
2.66228366515299
3.227302346721341
3.6324984959575977
3.5165806106431408
3.149786662574487
3.4374700767882747
3.9814621247490978
4.101949501523432
4.327482074430286
4.550289057392617
4.423913312946303
3.8639709235815705
3.607610513639096
3.684720271118427
3.295923376902796
3.0956309300881144
2.9074734719589603
3.043958798209672
3.341729678824114
3.3878679441556345
3.595162606392019
3.535848674277027
3.762020626792261
3.958166327609519
3.879867031575494
4.557402236362826
3.9745378113762895
3.735987982557917
4.673905339120136
4.308899510133396
3.8218120371379367
4.570970695859703
4.909461856511085
5.141716681263319
5.748678799853723
5.57014669745249
5.399376782310448
5.368455580311437
5.833323526794864
6.297395517132039
6.675216311619082
6.8099735994115465
6.662490384048263
7.298602951125424
7.409351695553337
6.694377595507138
6.601168218007393
6.732011487868824
6.745056109476805
6.854249710624242
7.467202050612623
7.218401120454405
6.211328350692814
6.142534168389246
6.608132022912949
6.182710712577912
5.439622818105051
5.545498656496726
4.987488764904245
5.237992248839403
5.917495643755761
5.926023002398358
5.822973013275039
5.9412923486113804
6.144689157849224
6.123847420382302
5.705141255170815
5.544799797178574
5.809846613301886
4.996719247915443
4.723714072350819
5.232557420684182
5.606860117466697
5.444208681403646
6.306531111134389
7.188343885975996
6.211404051559494
6.292043114840323
7.091869222474351
7.302614665429157
7.387750752884745
7.414958757157193
6.411943000250188
5.481472093817182
5.41379185989961
5.274638006731467
5.642083589453433
6.101681314568266
5.77429259360989
5.3684691387824754
5.242341722079763
4.758779250568653
4.39446344978554
3.8113856951216034
3.642650511763776
3.625951505818544
3.014516983210255
2.8425383478277952
3.3187321076889487
3.5789251555862456
3.8348845422204745
4.72445162935816
5.14204554675367
4.821629228181116
3.7798604090318335
2.960028370782618
2.976455710449974
4.022075164357492
4.795171294439834
4.5907174876059615
4.56426421280777
4.924137190845833
5.053108469886319
4.75751685043389
4.842541291783853
5.241451043663533
5.56773858684383
6.159872481167997
6.011474440838348
5.27293201047641
5.235612891778764
5.212697997512911
5.431587449148225
5.133956331200912
5.251943852338012
5.831475196532587
5.611390906233961
5.749749935103475
5.474675485699197
5.716702050021944
6.405434177974355
6.689777369267805
6.642863412195165
6.346043168463767
6.615967809973496
7.108453208199275
6.328870595582449
5.433003044342335
5.921897005714714
6.115388621749565
5.7775547439406525
6.157174887004074
6.0129031168875375
5.582642369129669
5.810494701060524
5.809849256125938
5.884092685307551
5.7891616044729055
5.51536662616876
5.391007518862312
5.476408010454463
5.877894868699283
6.540604204732907
6.761925271188188
5.783679205023269
5.550475834005038
5.7134971447347525
5.200185547141948
5.218222860332778
5.330175898909894
5.081454421773463
4.183460354566324
4.039318058790253
4.576867715720483
4.252756273692873
4.0360918189900445
4.7980461801237615
5.167366950126343
5.390594845204963
4.955618839802519
4.63217578623672
4.904630280283524
4.559282903601018
4.994723837442934
5.722997001536859
5.455353485502323
5.078241681807381
4.278773288065679
3.6852153962150114
4.048369973953335
4.467196680716844
4.433490022927691
3.878021142462397
3.744310893599037
4.043786870067629
4.324999169072907
4.322690354822911
4.0775009010992616
3.5149707143427777
3.58215756053371
3.511165199222256
2.931381022822547
2.782451759829405
3.0632765607359467
3.8571500661425393
4.696307795063238
4.721530939987833
4.619226233565771
4.661057417946754
4.430018488772871
4.166518443987189
4.080401133193269
3.938847500771532
3.918351188869293
4.725166342651029
5.149344239171685
4.970305450179496
4.157398097254913
4.435108640519738
5.523463476083656
5.597489000746764
5.50074351319932
5.222387362411911
5.28891029189087
5.708439927129693
5.332319737872381
5.386042097869968
5.700423426037991
5.17599880379597
5.3081355276916415
5.0002313806050775
5.112445298709798
5.497886376890848
4.989772863835347
4.673962881586975
4.652220427900724
4.869029569056703
5.086793959345203
5.244889872328493
5.267656248898548
5.73783687214617
5.4954822506464325
5.297844697183727
4.919641806226352
4.412689554265127
5.409419026203757
6.270007213669451
5.922688512274227
5.717362115410605
6.06695633641695
6.268273702297136
6.40160083380832
6.746273160873184
7.097360221801352
6.958325443923959
6.737231714564066
6.619892710649736
7.025983284527184
7.693585183691018
7.647390048150056
6.832379776312326
6.593788044981551
6.689671370587178
6.717927468409381
7.619799663942111
7.857029363109834
7.413584785568322
7.777828747557513
8.367970319657868
8.226427274596283
7.929451945602538
7.19936973164369
7.348718723677178
7.866860357155926
6.504276311796868
6.124554981335361
6.628494832368419
6.757826549838469
6.97817562687117
6.933046491417971
7.266603963944658
7.890880122412447
8.804885106233067
8.482657589850746
7.772079928148709
7.7281068766635395
7.745470483015011
7.135978164779773
6.632500236906798
6.914898783981264
7.419432924088801
8.377311079843473
7.745713412905022
7.940024249481236
8.617587611756816
8.804236082239294
9.79244786987913
9.092287242663984
7.95840060401068
7.866398039277877
8.04750411369145
9.13694020323018
9.393412034972826
9.018607072258344
8.989544756855663
8.236353953319277
8.188984627160181
8.152459636677335
8.167844465538039
8.677048091530763
9.01966831190148
9.6224963910791
9.584277771629086
9.225796357493987
9.036216493714177
8.8373897024367
8.663587707356418
8.315432841331479
8.111911967513715
8.287583048065764
8.54888573771921
8.499031101507361
