-0.2842
-0.2003
0.1732
0.698
1.3397
1.6229
1.8078
2.2402
2.4719
2.8759999999999994
3.0954
3.226400000000001
3.337200000000001
3.7673
4.0731
3.616200000000001
4.0298
3.6702999999999992
3.1929000000000003
3.7423
3.5398
3.4924
3.3928000000000003
3.1501
3.3311
3.7826
3.0891
2.1859
2.1023
2.1183
2.3491
2.2444
1.8972
1.7643000000000004
2.6152
3.3492000000000006
3.285200000000001
2.6126
2.1569
2.333
2.0367
1.6473
1.7669
1.3979
1.1045
1.763
1.2349
0.8327999999999999
1.4779999999999998
1.6813
1.7733
1.9455000000000005
2.4071
2.9444
2.8505000000000003
2.4628
2.5115000000000003
2.6464
2.6193999999999997
2.5156
2.6045
2.757000000000001
2.7641000000000004
2.2879
1.7691
1.9719
2.3505000000000003
2.8208
2.6793
2.213
1.4858999999999998
1.7057
2.0887999999999995
1.9142999999999997
2.4645
2.4858
2.2228
1.8426
1.5857
1.8777
2.1508000000000003
2.4902
2.1919
2.0155000000000003
2.5761000000000003
2.3134
2.2187
2.4492
2.5237
2.3841
2.2792
2.4538
2.7444000000000006
3.2859000000000003
3.7345
3.8622
3.6659
2.9540999999999995
2.9885
3.5184999999999995
3.3758000000000004
3.0575
3.0561000000000003
3.503
3.039100000000001
2.2817
2.8487999999999998
3.2783
3.1976000000000004
2.9204000000000003
3.0016000000000003
3.0524
2.8564000000000003
2.8216
2.775899999999999
2.909099999999999
3.0647999999999995
2.904199999999999
2.1148
2.4117
3.2212999999999994
3.8633
4.2012
3.9666
3.3490999999999995
3.1464
3.1408
3.0916
3.508
3.1594
3.7751
4.462700000000001
4.223999999999999
3.8164
3.5393
3.5682
3.7084
3.6432000000000007
3.2328
2.9886
2.6693
2.1513
2.3593
2.8324
2.6754
3.1616000000000004
3.1318999999999995
2.6539000000000006
2.6363000000000003
2.7192000000000003
3.2842000000000007
3.3332
3.2578
3.9852
3.6799
3.2342999999999997
3.634900000000001
3.7577
3.883
4.3289
4.112100000000001
3.0778
2.3522000000000003
2.8611
4.014900000000001
3.4567
2.801600000000001
2.761399999999999
3.3717
3.9335
3.2281000000000004
3.1106
3.3684000000000003
3.559
3.4629000000000003
2.8751
2.8737
3.639
3.6999
3.181
3.7137
4.678900000000001
4.4712
4.235599999999999
4.3329
4.1706
4.2757
4.102
3.6704
3.699
3.4726000000000004
2.8925
3.1831
3.8367
3.7516
3.115800000000001
3.9422
4.9598
4.055
3.742
4.5317
4.7094
4.869000000000001
5.119500000000001
4.4574
4.3286
4.619299999999999
4.7623
4.8707
5.2126
5.014200000000001
4.6615
4.927700000000001
5.007699999999999
5.2756
4.7105
4.4316
4.7577
5.4029
6.1673
5.791399999999999
5.4839
5.407499999999999
5.791
5.879700000000001
4.7827
4.5877
4.8577
4.7445
5.147200000000001
5.0396
4.5874
4.8428
4.5651
3.818400000000001
4.0016
4.9725
5.5322000000000005
4.8519000000000005
4.862800000000001
4.7819
4.8721000000000005
5.468299999999999
5.3668
5.4087
4.9826
4.9175
5.322299999999999
5.1629000000000005
4.9099
4.8657
5.268199999999999
5.462300000000002
5.8447999999999976
6.152699999999999
5.2786
5.303800000000001
6.141699999999999
5.726700000000001
5.3719
5.1981
4.7494000000000005
4.6136
5.618200000000001
5.7489
4.5579
4.95
5.3578
5.034199999999999
5.142
5.4615
5.662399999999999
5.470300000000001
6.101500000000001
6.269299999999999
5.8738
5.8816
5.2544
4.6119
3.8863
3.665600000000001
4.1002
4.9396
5.0016
4.5448
3.9905999999999993
3.3692000000000006
3.2677
3.3127000000000004
3.1936
3.4556
3.608100000000001
2.8543000000000003
3.0002
3.1299
2.7849
3.0592
3.0416000000000003
2.9423000000000004
2.9125000000000005
3.2564
4.018000000000001
3.9349
3.3
3.0843000000000003
3.5143999999999997
3.6345
3.7702
3.7442000000000006
3.4509000000000007
3.039699999999999
3.3990000000000005
4.0659
4.1083
3.7279
3.2947
3.7513
4.1439
4.5153
3.4633
3.0381
3.7781
3.9893
4.102799999999999
4.277500000000001
5.0091
5.2148
5.2008
5.3514
4.5058
3.8856
4.3837
4.1019
3.5813
3.4948999999999995
3.9483
4.644400000000001
4.428800000000001
3.8756
4.4991
4.7376000000000005
4.4981
4.8688
5.035399999999999
5.1078
4.2495
3.648200000000001
4.0062
4.5844
5.143199999999999
5.3668
4.9957
4.010000000000001
3.8974000000000006
4.7096
4.8145
4.412000000000001
5.0414
4.578
3.8475
4.376600000000001
4.1459
3.8158
4.0164
4.258700000000001
4.3333
4.6719
4.504200000000001
4.1087
4.4019
5.2311000000000005
5.718100000000001
5.7605
5.7841000000000005
5.4716
4.946999999999999
4.691
5.4635
5.4484
4.7490000000000006
5.488
5.7261000000000015
4.9608
5.0088
5.3871
5.1934000000000005
5.499100000000001
5.835
6.079799999999999
5.5985000000000005
4.5481
4.3482
4.680700000000001
4.1316
3.3887
3.5283
3.796
3.4532000000000007
3.3090999999999995
3.6511
3.0084000000000004
2.0851
1.4385
1.2441
1.2487
1.1024
0.6744999999999999
0.8575000000000003
1.2414999999999998
1.322
1.2677
0.9526
0.7623000000000003
1.2156
1.2788999999999997
0.8314
0.7044000000000002
0.7094
1.5468000000000002
1.6456
1.3730999999999998
1.4658000000000002
1.3944000000000003
1.5924000000000005
1.719
1.7358999999999998
1.5321
1.344
1.7216
1.9221
1.6726
1.2033999999999998
1.0426000000000002
1.3713
1.4833
1.3227000000000002
1.5454
1.8963000000000003
2.4596000000000005
3.4315
3.6922
3.1861
3.5665
4.5216
3.5803000000000003
3.4939
3.3685
3.187100000000001
4.3298
4.3231
3.8345
4.4129000000000005
5.0948
5.7749
6.705000000000001
7.277099999999999
8.224300000000001
7.3946
6.8938
7.290799999999999
7.097799999999999
6.2288
5.4365
5.898299999999998
6.4771
6.966900000000002
7.3936
7.6393
7.7555
7.959699999999999
8.5817
8.960600000000001
8.8033
8.966999999999999
9.237
9.0337
8.0145
8.005900000000002
8.9046
8.758200000000002
8.7057
8.8937
9.368799999999998
9.5719
9.5962
9.630999999999998
9.6521
9.9074
9.368900000000002
8.636899999999999
9.0124
9.0529
8.847
9.1152
8.7646
8.0337
7.998499999999998
8.244700000000002
7.288900000000001
5.947099999999999
5.596699999999999
5.720899999999999
5.543099999999999
4.8634
3.7574
3.3065999999999995
3.1893
3.0332000000000003
3.0572000000000004
3.8849
3.733
2.9123
2.6903999999999995
2.698600000000001
2.6176
2.4147000000000003
2.3493000000000004
2.4001999999999994
2.2299
2.7442999999999995
2.5196
2.3478
3.5273000000000008
3.0346
2.3905000000000003
2.6638
2.8695000000000004
3.4016
3.3120000000000003
3.3507
3.8887
3.9739
3.122299999999999
2.1984
2.3095
2.8768
2.7273
3.327
4.4643
3.802200000000001
3.0861999999999994
2.8105
2.5979
2.9225
3.0734999999999992
2.879900000000001
2.8270999999999997
3.3201
4.0547
3.1918000000000006
2.9815
3.1594999999999995
3.1414
3.7145000000000006
3.1985999999999994
2.798
2.7659000000000007
2.7069000000000005
2.7128
2.1056
2.3169
2.7667
3.075799999999999
3.2467
3.1889000000000003
3.7129
3.821499999999999
3.0686999999999998
3.1349
3.5547000000000004
3.6878
4.4598
4.237399999999999
3.4884
2.7751
2.3401
1.7978999999999998
2.5809
3.5925
3.0864
3.733900000000001
3.4061000000000003
2.5341000000000005
2.9932000000000003
3.3054
2.5611
2.1207
2.6806000000000005
3.564799999999999
3.3053000000000003
2.212
2.4683
2.449
2.5608000000000004
3.3150999999999997
2.9434000000000005
2.4717
2.1866
2.0413
1.8599999999999997
