-0.2530925543673948
-0.1300808343698829
0.2277518569778094
0.5355887794964203
0.6734214123418724
1.175828091167486
1.8282938414386416
2.441074385838392
2.512243893881378
2.5635622291147167
3.2623558328797424
3.3665381400386845
2.56154986775746
2.3828945469866785
2.844195863540419
2.8254029013859547
2.882360012012414
3.1989507968642523
4.012447620606135
4.625347553519074
5.092699671695908
5.675539608862696
5.874531077648125
5.355052929379761
4.615130065599007
4.815458760299802
4.660338602788152
4.62946697909346
5.593573233608509
5.976634853768491
5.52605897919755
5.044613823207404
5.216409095882007
4.959499629776074
4.630601353645052
5.0402728581830685
4.404282013999313
4.086864537192401
4.249931600611939
4.06924879779831
4.06319000080593
4.643049276427902
5.112627621162208
4.635545024306924
4.414469437867229
4.523350386999328
4.866917203021277
4.481612165183038
4.0723382322375015
4.691972087296725
5.0788207291172185
5.173586121090926
5.715567712756622
6.023712195947059
5.296572862610015
4.669826915989873
4.756015202629175
4.733766474793002
4.450148673155248
4.692049314354195
4.516444869520444
3.5276647746196823
3.1694850649196384
2.8979572656791754
3.245525002648313
3.8281919819617434
4.07797596193345
4.007711991694972
3.5328363582082183
4.8074080875595815
5.397015245637127
5.103210354274898
5.746960976187861
5.326433102608719
5.443420404161788
5.705409087319167
4.996066001437531
5.16250937792517
4.945449667811069
4.460451343312256
5.038770395432011
5.489930006617215
5.972918115794137
6.631374349819318
6.209712983939868
6.49276410460383
7.018492895884431
6.653300366291774
6.818203748436492
6.049214278342378
5.769333709637017
6.180650453719754
5.535465422166356
5.361534305407942
6.220714408379942
6.6370789562290415
6.468436777642528
6.108662463861316
6.037809098060834
6.4934834998796696
6.561582105449139
6.445197306080108
6.93154690382115
7.021663003263488
6.2415259274410815
5.630051092914898
5.197527534007744
5.6750148172770585
6.750984119521635
7.619209367352038
7.0274442100963
6.806258431579257
7.124904479711892
6.948380457209258
7.013321817867233
6.3378725742246536
5.984182094057858
5.412791901357392
5.577782835727881
5.682584528952625
5.2522753699495786
5.0039566343264985
4.886092999920943
5.019023654947912
4.641268476423322
4.880818424556725
5.724457777557376
5.460838059413745
4.57201610827063
4.57568101126948
5.123426621643745
5.2116838755830655
5.080470064171452
5.721881849391159
6.715411898815403
6.351449639949281
5.817437872975927
6.029568193852295
6.037300221105756
5.922532760007974
5.37516253808522
5.375245671972554
5.364177368975479
5.056509956921763
5.037472228856793
5.327120329459493
5.5001300341567045
5.815896189586875
5.831245578858415
5.248208255149211
5.485160364845013
5.988492193157193
6.194894168075812
6.618584368007389
6.176065185298942
5.596798976856762
6.0189775368292695
6.651404848195005
6.67100305940495
6.648190859693585
6.734826560230164
6.448013063469652
6.4756802743799335
6.61766593912245
6.468274904270532
6.4474015055360985
6.784603347801896
7.420069937007038
7.7449885446743
6.921230200489815
6.292887595152547
6.673828071420234
6.59947629100585
6.424882840292305
6.493256436871499
6.776502903264482
7.708202700937733
8.017147258811551
7.558584007718562
7.094019884889129
7.227751970234514
7.118291850912201
7.363015811587442
7.356835346499928
6.823001588534595
6.997125680131825
6.553642217832204
6.500795890356521
7.054784259558756
6.556147467950126
6.1813668823747205
6.566505148343525
6.85416794093678
6.792109139685098
6.725006302059483
6.779055922647957
6.294925401657143
6.376865529562608
6.245668783979745
5.773691690183061
6.265612912021759
6.3713667396545
6.181759790673397
5.991470356404346
6.625066373375187
7.0438061381390416
6.473737373258125
5.399727414935828
4.632257611795117
5.1674820656316
5.223703985847075
5.090703546628152
4.72423996398459
4.398375373136804
4.123170886774522
4.205898613092932
4.631811295221695
4.034814932476085
3.3884956136302664
3.2939472850104017
4.221797133138293
4.27057919236124
3.46894959998195
3.0051147776059937
2.844867052848932
3.42360411687555
3.099358552564811
3.420230050668822
3.9720642950471614
3.708371978261332
3.760732701530567
4.647323943433666
4.467479071513579
4.294490721029387
3.290290638354948
1.6893375933726518
2.123262422749076
1.9106149728567403
2.091861384017369
2.263952811873231
2.475759727738947
2.88873225399218
3.0611905221683218
3.733029454828618
3.16607209861621
2.734176887681163
3.0940293595842685
2.9319303461473605
2.986849626087789
3.1727176264855395
2.721161407074086
2.661206372498327
2.825159992423051
2.795587880468524
3.0337086474687487
2.6982755886187264
2.606586381381171
3.0317381218236674
3.4321848874393903
3.4555707886031444
3.7149842479063455
3.876347279340221
3.4842504566574126
3.261155865728405
3.3159527709122365
3.250124229806711
2.6322857720264845
2.562773566194985
2.9088262308900994
2.804026144882741
2.853561082424582
3.0049634361622592
2.880503585945641
2.732616947592244
3.544630715781591
4.356953176424936
5.061212827207062
4.825279738190601
4.731308145726237
5.822910757153624
5.7198590308672514
5.306317317773192
5.872823148149809
6.381917613342112
5.943690520641968
5.299846320667065
5.552105681780941
6.276980064255922
6.815858977975029
7.1229145939249054
6.649986489556256
6.4892519393900105
6.496894160790512
6.533427701619255
6.749307320480799
6.711913242136497
6.622612581057649
6.364150494012483
6.155300311137425
6.708587349749312
7.298889818399883
6.801415637360083
6.533450233022526
6.544436471926867
6.248733465666057
6.662417907347267
6.878051758934969
6.882220121065868
6.739083175236441
5.938878659087413
5.573993687906673
5.075362983431267
4.74700566283671
4.740451849083829
5.130940622785992
5.655301038729437
5.999965349856883
6.339067806864153
6.063382734835203
5.800584153992559
5.561072510671481
5.400372533834745
5.662156580887053
6.216832378491574
6.495574810615393
6.61272431230974
5.896140008100742
5.486535860746731
5.372606228581902
5.637284549110595
6.263230188800829
6.149778847792852
6.456471468273379
7.139582719353678
7.461593510129219
8.016884961049442
7.478278627019787
6.668765386540262
6.852575923888183
6.753411836386348
7.188108076175845
7.266038929322385
6.631310660385716
5.91565375470643
5.584078400771017
6.082834347303017
5.775127347147483
5.4550748297548965
6.531347142298203
7.42354288512588
7.399567058361519
7.015829245883512
7.20322891848886
7.454460677881293
7.520464192805657
7.444253518141338
7.196793482953142
7.108083533349246
6.58567945604405
6.66839430954719
7.112672239938205
6.956099945893752
7.325341494917978
7.827041994599893
8.389836626906877
8.304217006491491
7.742582180867897
7.954210868962287
7.992284391590609
8.207227768983767
8.755706422041817
8.172240640166796
7.379727045697618
7.189547996850341
7.066089399459113
7.554190542810721
7.560069042853451
7.0300330431229145
7.2047098359034365
6.748436104829101
6.419011284226481
6.014024627810362
5.783138663585412
6.526948295836571
6.730565732244773
6.353640450722652
5.860263645068172
6.281116209516117
7.187638463234479
6.380621740205144
5.569418565660597
5.799096591524132
6.2175242780457465
7.192425011205058
7.162004003753135
7.373362820914068
7.499815308032655
6.80861569874594
6.738131320624425
6.624152277585281
6.928957472750708
6.780007027119012
6.743152433151346
7.264294161269186
6.794123692899759
6.232573027499528
7.142256043231445
8.327576835838103
8.810219732578894
8.80664160431177
8.596779046799643
8.567909123232212
7.9653385136854
7.907265700427406
8.780031090965904
8.925864665700546
8.140925878309748
7.568037486029714
7.828959572900105
8.123290532292884
7.917910021755773
7.59943875758344
6.946889185480924
6.808090981688756
6.504914836292401
6.016923870828406
6.199452723427028
5.538375721549872
5.2476701695371055
5.367254235910878
5.646549124023704
5.7513278337888885
5.987640443065693
6.298846415076809
5.541334987308273
5.422709445484465
5.832553659037342
6.139384521781177
6.124795076465317
6.838724884908202
6.885885145127284
6.753506380809537
7.315943889758416
7.109588085059622
7.370648975396925
7.746416875075503
7.904614762234339
7.746287102364337
7.376446698354989
6.988641189402376
6.0841860131904175
5.928686876822197
6.273171333212122
5.835250315021577
5.808308011335392
6.025238207747379
6.540013018964545
7.131891461081482
6.627226665851319
6.190984954221693
6.391572178486147
7.111955783045456
8.023462393435258
8.023264019676331
7.686376562676084
7.801494531394692
7.83799013303709
8.511267893322296
8.572160925366129
8.044410978516957
7.844012055762911
8.338339076292934
8.499352957384403
7.807986999017665
7.943759230619999
8.544454518038478
8.782705803790174
8.129754869411748
7.615064872243936
6.536632983825365
5.97696048890457
6.208635854380222
5.912598228967153
5.821047314714307
6.665636292551345
7.976948724624075
8.169927928836925
7.813861844048878
8.219635024412012
8.594740840495934
8.462248493093398
8.298147155918626
8.560046382970542
8.64782907289996
8.093364438172905
7.948487218172675
8.453234883512202
8.65879445897063
9.13264629467299
9.50866387176515
9.399473710739477
9.364141499306175
9.143172637755749
9.061046486133304
9.281984217705244
9.037130295893558
8.417830115017548
8.563711327608951
8.514528694034505
7.952609541959203
7.15742911469615
6.842674977600391
7.09825870780732
6.557725375596615
6.408969854735747
7.116476498464054
7.479791141870391
7.565182388077663
7.620885551237587
8.323652667248135
8.156818453991681
8.218245209555203
7.806338932596811
6.146924390395575
6.370870976618695
6.75423915068809
6.380902245056722
6.348199000027247
7.159086591795695
7.658089566275319
7.440558440305637
7.919263185072679
8.180173057876512
8.103727398987589
7.912417499837346
8.24103993669411
8.122327428667434
7.858650690107115
8.42268645532538
8.685019968804504
9.300911887054216
9.268427277144175
8.944659460479249
9.053262938816845
8.833623562562817
8.662709514536129
8.99519773579707
9.287472323985568
9.09346237572932
8.862545523215987
9.320102608556756
8.883986918030102
8.261868478515224
8.438479750106339
7.81413920737302
7.722189313812552
8.350381908437784
8.61452921818239
7.994972942548985
7.73698337691701
8.114151003551603
7.883576493819304
7.759574176702753
8.473753886721726
8.270517885822422
7.594973809129304
8.589679540113053
8.232128412716252
6.894593720859673
6.742451028071139
7.095861108884866
7.694728076268766
7.958195047798443
8.422672787210512
8.687456506388552
8.323264182554333
7.883883591251108
8.023906469295564
8.08963882966024
8.346494732331585
8.538855946508264
8.152415597104321
8.386697173219881
8.032944917152639
7.796851516022098
8.328589201710365
8.615455377916787
8.44964766989265
8.91327926163278
8.95549580339784
8.22636537146675
8.325462664571694
8.039315538433247
7.868528528444174
8.197744612126959
8.206485966802987
7.063426302765577
6.68364550207014
7.473896250869822
7.412581582753542
