-0.2728
0.28
0.5467
0.6615000000000001
0.6501
0.4955
0.5751999999999999
0.3823
0.2573
0.5664000000000001
0.3931
0.6037
0.5241000000000001
0.6933
0.5074000000000001
0.5332000000000001
0.5885000000000001
0.8906999999999998
0.5379000000000002
0.7807999999999998
0.939
0.7949999999999998
0.8596
0.8004000000000001
0.8987
0.7434999999999998
1.1366
0.8186999999999999
1.2145
1.2086
0.9711
1.8045000000000004
1.6562
1.9415
1.8967
1.6831
2.0869
2.734
2.9137
2.8692999999999995
2.9374
2.0377
3.9209
3.4452
3.8624
4.7171
4.4891000000000005
4.0241
4.2455
4.5204
5.740399999999999
4.5172
5.5164
5.013400000000001
6.023900000000001
6.406100000000001
6.414200000000001
6.121600000000001
5.974599999999999
6.181000000000001
5.7965
6.7315
6.244700000000002
7.3705
8.4915
6.442700000000001
6.6112
7.524799999999999
7.436200000000001
9.250800000000003
8.7196
7.2512
9.0917
9.4049
8.606
9.7052
9.7123
8.713899999999999
11.136
9.874000000000002
11.0935
10.0691
11.012999999999998
9.8349
10.955500000000002
10.7917
10.3836
10.3632
10.818800000000005
10.5837
10.8176
12.711000000000002
10.806
12.0422
11.863
12.282299999999998
11.074700000000002
11.887199999999998
12.2301
12.582300000000002
12.407700000000002
12.2536
12.481799999999998
11.6598
12.8441
13.6525
13.0459
13.7311
12.346699999999998
12.589600000000004
12.9233
13.251999999999995
12.600999999999996
13.525
12.909699999999996
13.4893
14.536499999999998
12.646000000000004
13.7026
12.2861
12.7843
14.0049
13.599
14.494200000000005
13.650700000000002
13.0421
13.7929
14.361499999999996
13.9999
13.403100000000002
14.7764
13.5894
13.286799999999998
13.138699999999998
13.624700000000002
14.351299999999997
13.4958
11.798
13.5105
15.499299999999998
15.788799999999998
15.1588
14.080100000000002
13.464199999999998
13.997399999999995
14.0855
14.586000000000002
13.423699999999998
14.3979
14.3229
14.012
14.124399999999998
15.4363
13.3106
14.196499999999997
14.9767
14.1044
14.7274
14.2594
15.681599999999998
14.46
15.020200000000004
15.7015
14.5647
15.453600000000002
14.732699999999998
15.0814
15.313300000000002
15.1927
15.365900000000003
15.773500000000002
16.1238
15.931300000000004
15.7915
15.39
13.8204
15.8672
15.7851
14.249999999999998
14.955
15.672600000000005
14.8249
16.1567
15.105600000000004
14.1842
14.964999999999998
15.5422
15.8071
15.788600000000004
14.310300000000002
15.2075
14.333799999999998
16.192600000000002
15.3455
15.348800000000004
15.500300000000005
14.765600000000004
15.7731
14.657499999999995
14.168400000000002
15.1316
15.1527
15.495199999999995
15.918200000000002
15.017700000000003
14.8031
14.784
15.703600000000002
15.351399999999998
14.7712
15.7544
14.9279
14.297900000000002
14.8808
16.3189
15.5322
15.9164
16.028100000000002
16.151
16.336199999999998
15.4421
15.973999999999998
15.901799999999998
15.9006
15.1885
15.1853
15.9607
15.3651
16.391900000000003
15.8737
16.836200000000005
16.2474
16.418200000000002
16.9937
15.7556
15.670000000000002
16.235500000000002
17.554199999999998
15.0858
15.6634
16.4829
15.9367
16.5259
15.826200000000002
15.634999999999998
15.378799999999998
15.455199999999998
16.2269
16.3391
15.4967
15.747600000000002
16.243299999999998
16.534499999999994
16.5453
16.2464
16.232
16.739600000000003
15.2406
15.8928
16.8266
15.254800000000005
16.588
15.1373
16.31
16.058500000000002
16.1344
16.527900000000002
17.4676
15.6896
16.991300000000003
17.4866
17.338700000000003
16.640100000000004
16.573400000000003
16.717200000000002
16.007099999999998
16.959500000000002
17.1638
17.2145
16.590999999999998
16.3272
17.223699999999997
17.007600000000004
16.6939
17.7009
16.5372
17.783400000000004
16.5037
16.3698
16.6731
16.3475
17.4548
16.760800000000003
17.066599999999998
17.2441
16.7403
17.008599999999998
17.0573
16.9056
17.2113
16.9798
16.8574
17.9058
16.2367
17.6467
17.3254
17.300399999999996
16.956300000000002
18.134
17.6146
18.055
17.0499
16.5696
18.106300000000005
16.6314
17.7165
17.1504
17.0958
17.1545
16.526899999999998
17.3163
17.4508
17.0008
16.6559
16.1894
17.812499999999996
17.278499999999998
16.742099999999997
16.8528
17.830099999999998
16.977999999999998
17.6183
17.1501
17.152399999999997
17.089999999999996
16.5955
16.268
18.2596
17.1265
16.701900000000002
17.3433
17.0642
17.1201
18.0091
18.0039
16.4153
16.9331
16.577099999999998
17.0922
18.3861
17.4691
17.1898
16.5217
17.050600000000003
16.1593
16.913799999999995
17.4395
17.739300000000004
17.0677
16.937
17.057
16.8848
16.8628
17.380499999999998
17.2999
17.0984
16.9199
16.734199999999998
17.0852
17.4102
16.5913
16.779799999999998
17.3697
16.433699999999998
16.7102
17.1854
16.7704
15.905499999999996
16.460700000000003
15.6462
16.2449
16.4359
16.5263
18.1321
17.895500000000002
17.2148
17.5876
16.844499999999996
17.5171
17.4076
17.9392
16.874899999999997
17.8703
17.469199999999997
17.248900000000003
17.081699999999998
17.2056
16.082800000000002
17.0882
17.4745
18.1182
17.2354
16.916999999999998
16.136799999999997
17.7439
17.383399999999998
17.4979
17.884800000000002
17.5035
17.7382
17.649199999999997
16.4269
16.2603
17.471799999999998
16.901600000000002
16.7806
17.762099999999997
16.8854
17.0806
16.3065
17.641599999999997
16.4619
17.246800000000004
17.798
17.4199
18.0953
17.396
17.218500000000002
16.475700000000003
17.394399999999997
17.4449
17.5377
17.683899999999998
17.980299999999996
17.7051
17.139699999999998
17.3686
17.47
17.887999999999998
17.4865
17.9258
17.7309
17.6889
17.1548
17.016400000000004
17.6497
18.3752
18.1622
17.237000000000002
17.2968
17.224
17.8875
16.6484
17.033
17.758
18.1853
17.8423
16.974999999999998
16.460300000000004
17.5156
17.011899999999997
17.1203
17.0741
17.0488
17.039499999999997
17.2373
16.4235
17.1003
17.7056
16.7423
16.5685
17.572
16.6432
17.099
17.221700000000002
16.518700000000003
17.0151
17.197300000000002
16.653599999999997
15.848200000000002
16.144600000000004
17.7897
16.924500000000002
16.8788
17.0479
17.6436
17.3814
18.2561
17.6251
17.836
18.1749
18.1259
16.5613
16.3726
17.5654
17.2148
17.8052
17.3567
18.2614
16.7092
16.9522
17.6985
17.3166
17.8404
17.5484
17.4913
17.9583
16.5542
16.9489
17.7945
16.4356
17.9392
17.8987
17.1091
16.8085
17.8131
17.6944
17.1389
16.742500000000003
16.968499999999995
17.1662
16.6316
18.2673
17.141099999999998
17.864199999999997
17.743
17.0081
16.9495
17.4021
17.4836
17.1708
18.1509
17.8997
16.5333
17.4622
16.7552
17.3004
17.741799999999998
18.4847
17.245900000000002
16.949199999999998
17.315499999999997
17.427599999999998
17.156
17.143099999999997
17.035200000000003
17.7015
17.860699999999998
17.7205
16.8822
16.9019
17.4198
16.902699999999996
16.1701
17.630400000000005
16.618500000000004
17.1716
17.5936
16.675300000000004
16.916600000000003
16.4032
16.1736
16.734199999999998
17.457200000000004
17.528300000000005
17.408600000000003
16.822699999999998
17.318299999999997
16.714899999999997
17.0058
17.5399
17.3704
17.323999999999998
18.2097
17.046699999999998
16.8688
17.8486
17.470299999999995
17.2295
17.257099999999998
17.867499999999996
17.280600000000003
17.8799
16.4776
18.0838
17.404700000000002
18.0267
18.2218
18.144
17.662799999999997
17.628600000000002
17.651400000000002
17.3351
18.6417
17.5524
18.1636
18.3264
18.2024
16.830000000000002
17.861799999999995
