-0.2699
0.284
0.3937
0.282
0.5031000000000002
0.4757
0.4698000000000001
0.688
0.3243
0.5735
0.6589
0.3593
0.5805
0.6882999999999998
0.6768
0.4189
0.5729000000000001
0.4985999999999999
0.7344999999999999
0.7994
0.8279
0.8783
0.8537
1.1814
1.139
1.341
1.3267999999999998
1.8409000000000004
1.7909
2.5087
2.0798000000000005
2.552
2.3111
3.2465
3.0687
3.0087000000000006
3.719100000000001
4.9718
2.974
3.4487
3.6845
5.130599999999999
5.3337
6.4139
7.0141
7.7506
6.5687
8.596999999999998
7.880800000000002
8.2087
9.8114
8.998299999999999
9.4088
9.6122
10.1787
11.312099999999996
10.7682
11.576999999999998
10.748399999999998
12.0866
12.592400000000003
11.9645
11.1473
10.568
13.484599999999997
12.0432
12.0659
12.8129
13.2155
12.4265
13.238899999999996
13.8948
13.4071
12.564900000000002
13.2457
13.3967
14.1072
12.157800000000002
13.8799
12.9542
13.199999999999998
13.7786
13.6925
13.763699999999998
13.5534
13.724299999999998
14.6712
13.404200000000005
14.7862
13.6873
13.8378
14.528899999999998
14.503699999999998
14.4606
14.223000000000004
13.958
15.0352
15.7166
14.446899999999998
14.941099999999995
15.1342
14.6479
15.3608
15.137800000000002
15.259199999999998
14.4562
14.522599999999995
14.7897
15.329
15.168900000000002
15.015100000000002
14.9213
14.4735
14.878000000000002
14.6385
15.678099999999995
15.895399999999997
14.868799999999998
16.288300000000003
15.694699999999996
15.921600000000002
15.610200000000004
15.976300000000002
15.8245
15.0613
15.283600000000002
14.9987
15.365799999999997
15.518
16.8198
16.430899999999998
15.3854
16.110799999999998
16.2858
15.2718
15.2695
15.0841
15.588400000000002
15.244799999999998
15.2401
16.2523
15.7246
15.9835
15.775
15.329
15.134299999999998
15.0192
15.2929
15.953499999999998
14.3385
14.872099999999998
15.0108
14.5532
14.778999999999998
15.443500000000002
16.3456
16.3384
16.4705
16.6186
16.4396
16.4554
16.3397
16.590700000000002
16.3055
16.652299999999997
16.829900000000002
16.793699999999998
16.264699999999998
16.355499999999996
16.050600000000003
16.2771
16.1816
17.5166
16.109199999999998
15.5429
15.843800000000002
15.2424
16.757499999999997
16.3327
15.984000000000004
15.2329
16.395200000000003
17.1566
16.663899999999998
16.8356
17.1263
16.007499999999997
15.784
16.461799999999997
15.639699999999998
15.9137
15.7161
17.2978
17.2934
15.9484
16.9204
18.0991
17.4271
16.5448
16.020799999999998
17.719900000000003
17.3657
17.477300000000003
18.1535
17.262000000000004
17.4702
17.237
16.441199999999995
17.7193
17.5864
17.094100000000005
17.2455
17.6308
17.404000000000003
16.808800000000005
17.1292
17.5502
17.246899999999997
17.854599999999998
17.9355
16.842200000000002
17.4073
17.1825
17.2045
17.158499999999997
17.901300000000003
17.5157
18.3078
17.0299
17.347099999999998
17.886499999999998
17.359500000000004
17.324900000000003
17.8259
16.7084
17.3372
17.4296
17.3592
18.8447
17.8173
17.788299999999996
17.101
17.6303
17.1784
17.3274
18.3058
17.986
17.815800000000003
17.196999999999996
17.9227
17.4264
17.9798
17.315
17.9966
16.7837
18.3393
17.3147
17.9882
18.083
17.609199999999998
17.825
17.182100000000002
18.1007
17.8393
16.6341
17.5177
17.3764
16.628200000000003
17.878200000000003
17.9711
16.9715
17.4854
18.202900000000003
17.1402
18.3347
17.1097
17.093500000000002
18.943100000000005
17.4213
17.504199999999997
17.790399999999998
18.231500000000004
18.4396
17.5608
17.9827
18.0006
18.374199999999995
17.942099999999996
17.788200000000003
16.6492
17.4836
19.0562
18.5555
18.0024
17.402699999999996
17.040200000000002
17.6163
18.188900000000004
19.302200000000003
17.9116
18.0206
17.9052
18.1501
17.157000000000004
17.725
18.4098
18.2249
17.9381
18.3295
17.8669
18.570300000000003
18.0714
18.1998
17.5473
17.0674
19.4327
17.2957
18.378300000000003
18.279400000000003
17.3794
17.843300000000003
17.899100000000004
17.8284
17.7427
18.3426
17.733800000000002
17.6354
17.6877
17.9773
18.283900000000003
17.8086
19.1384
16.570999999999998
18.4732
17.889799999999997
18.6662
17.7198
18.2081
18.5448
17.4365
18.4291
17.5871
17.3707
18.1003
17.409999999999997
17.707600000000003
17.9933
17.446200000000005
18.4144
17.5455
17.8837
18.4004
18.6852
18.3409
17.9861
18.1196
18.0979
18.0718
18.1179
18.2917
17.7582
17.8379
17.9107
17.9608
18.1272
18.456900000000005
18.7256
18.0046
17.9213
18.7817
18.3597
17.5532
17.452399999999997
18.8231
19.1605
17.834199999999996
17.949299999999997
17.9121
17.563999999999997
17.4424
17.5786
18.719300000000004
17.1902
18.7668
16.635099999999998
17.9235
17.380499999999998
17.1893
18.3501
17.186
16.998700000000003
17.4393
17.474800000000002
17.7011
17.1306
16.5984
17.5993
17.9851
17.767200000000003
17.143600000000003
18.2691
18.0207
17.6016
18.2686
18.3244
17.6771
18.5773
18.5709
17.8174
18.7348
17.4623
17.715400000000002
17.866500000000002
19.0515
18.3131
18.6344
19.1341
17.7173
18.4623
18.7333
18.9717
17.907700000000002
18.6541
18.0992
18.789500000000004
19.4461
18.282300000000003
18.2938
18.118
17.9911
18.8707
18.483500000000003
18.6252
18.1352
18.526200000000003
18.5703
18.1485
17.9085
18.5551
18.398300000000003
17.730800000000002
18.6156
18.6854
18.2054
18.0767
18.8153
18.3745
18.0209
17.892500000000005
18.468000000000004
18.7651
18.1504
18.0318
18.7616
18.5222
18.5163
18.6462
17.8433
18.0293
18.3582
17.6269
17.940199999999997
18.8048
17.7587
18.035
17.937499999999996
17.903099999999995
17.8649
18.736500000000003
18.1028
17.8164
18.3689
18.9128
17.883
18.3209
18.455
19.1326
18.106
17.9336
17.082200000000004
19.2462
18.4096
18.3273
18.5957
18.0546
19.5994
18.224
18.1919
18.666500000000003
18.2958
18.3721
17.9213
18.0926
18.6349
18.4927
18.8274
17.9364
18.593499999999995
17.3975
17.829200000000004
18.3136
18.1952
18.1106
17.5331
18.465000000000003
17.8982
18.5743
18.2643
18.6699
18.208500000000004
17.6758
18.0344
19.0396
18.1099
18.785900000000005
17.7079
18.2912
17.8521
18.7973
18.4587
18.1618
18.8263
18.6257
19.445
19.2586
18.8893
18.4145
18.3055
18.4847
18.851199999999995
18.8694
17.6942
18.3954
18.7068
18.2616
18.5691
18.9707
18.2572
18.3094
18.265500000000003
18.5672
17.688900000000004
18.9875
17.3944
19.0055
18.3687
18.4627
18.401599999999995
19.2043
18.6983
19.2201
18.3723
18.521
18.4953
18.855300000000003
17.7988
18.7279
19.0646
19.1279
19.4811
18.6444
19.7729
17.807599999999997
18.9772
19.166600000000003
18.6161
18.0442
18.7772
18.9254
19.0124
18.2467
19.064499999999995
18.3271
18.4071
18.087
17.9871
18.5998
18.8196
18.4236
18.9379
19.2337
18.7082
18.7629
18.5197
18.0583
19.145800000000005
17.796800000000005
17.6067
18.1314
18.3878
19.1371
18.689
19.078
19.1153
18.5291
18.6083
18.3841
18.472600000000003
18.8208
18.5998
