39.91
24.98
25.79
42.9
47.41
78.0
59.6
70.48
58.27
49.34
50.11
54.42
55.26
57.59
54.18
43.36
47.23
47.12
40.66
48.57
30.48
51.14
41.66
32.08
45.59
40.65
34.32
42.26
29.85
42.55
33.92
22.85
20.78
33.0
31.7
31.51
28.32
28.18
24.47
41.32
26.53
26.65
27.0
25.46
26.4
23.67
28.5
24.88
28.85
27.84
32.42
24.17
23.74
22.05
17.31
21.09
17.94
21.87
21.92
22.44
22.65
20.18
22.49
27.36
18.21
22.07
20.99
17.46
20.71
18.6
23.02
24.21
28.64
21.57
19.3
20.65
19.59
24.9
20.06
18.81
17.98
18.74
14.13
20.9
17.94
18.78
16.18
16.98
19.27
16.47
15.6
17.1
13.72
11.83
16.79
20.1
26.38
21.1
17.4
14.09
13.06
22.27
15.27
17.75
15.38
15.38
14.23
19.22
19.63
21.46
17.45
20.09
18.69
15.18
16.24
14.29
15.7
12.57
11.12
11.35
18.6
18.76
16.64
18.68
16.73
15.78
18.96
18.21
21.74
11.12
13.74
15.8
18.58
14.09
17.09
19.11
13.02
10.25
15.49
14.11
10.89
15.4
12.84
16.77
12.44
9.11
13.61
13.19
10.41
16.39
9.8
19.63
14.42
15.16
21.69
13.2
18.06
26.83
24.32
21.46
21.6
17.25
22.23
19.49
18.71
21.62
14.8
20.93
20.78
22.67
19.14
23.77
18.78
18.99
16.34
18.85
14.3
17.98
17.39
13.3
18.79
15.26
18.61
18.53
11.83
18.31
15.26
15.75
19.68
15.48
15.27
20.21
19.32
14.35
20.11
10.12
13.93
11.45
18.5
13.31
13.03
13.15
16.83
14.72
14.63
16.29
15.6
13.99
14.28
13.15
11.06
12.72
11.2
18.6
17.51
14.55
17.47
15.05
15.8
13.41
15.38
13.17
13.4
12.92
19.72
14.92
14.29
14.71
12.86
14.37
15.3
13.91
18.31
15.0
22.73
16.07
21.73
16.3
15.88
17.34
16.07
15.96
21.76
26.27
14.53
19.13
18.27
14.68
18.2
16.81
10.38
13.47
14.27
15.98
14.02
19.55
19.76
19.13
22.22
13.11
15.77
13.82
20.17
21.76
20.73
18.83
14.38
23.47
17.45
18.0
21.17
15.19
14.44
15.47
16.19
17.64
20.77
13.08
12.41
19.46
15.71
17.63
15.21
15.83
17.42
26.01
14.17
12.85
22.53
17.16
23.88
19.31
17.72
17.38
12.46
22.24
18.43
15.09
18.59
23.08
14.99
21.97
15.08
21.14
18.44
17.66
13.82
15.42
14.15
21.23
17.84
16.31
16.42
16.56
12.97
18.07
22.16
18.96
14.73
18.23
14.3
16.44
17.08
17.19
15.65
16.61
16.86
14.55
17.72
18.33
17.77
15.25
20.4
20.92
20.73
20.27
16.47
14.45
13.55
19.54
17.26
14.69
17.87
16.04
22.18
15.53
20.55
24.77
20.19
18.75
19.86
16.96
16.94
16.32
20.22
18.83
17.96
19.72
17.85
20.28
18.62
21.22
18.28
20.9
19.44
12.27
16.15
16.12
17.76
20.8
14.86
14.85
17.65
16.31
15.16
18.0
20.73
17.78
12.74
18.72
18.18
17.69
13.35
16.07
19.18
15.88
16.1
15.86
18.05
16.47
16.65
12.71
21.01
18.72
16.3
15.04
14.3
13.51
11.33
17.53
21.45
20.88
14.89
13.62
21.65
14.7
16.62
18.7
14.2
16.24
14.47
17.16
13.44
20.57
18.44
13.95
18.37
18.08
14.44
19.04
14.11
17.17
19.09
18.33
16.98
16.09
13.85
16.18
12.77
18.99
14.81
14.56
15.12
22.06
16.41
14.35
14.48
15.29
16.12
14.88
13.93
16.12
13.8
13.84
15.4
20.82
16.53
18.85
14.93
14.06
13.19
16.58
15.32
17.02
12.7
17.33
15.36
18.14
22.29
20.83
20.0
16.59
19.03
15.29
14.63
20.33
19.69
22.36
16.24
15.29
16.79
19.67
15.92
17.1
11.37
19.99
16.69
16.6
16.87
12.47
20.03
17.55
13.41
17.45
18.95
21.82
18.33
14.21
14.1
15.57
20.82
17.51
16.35
18.21
16.74
18.27
18.85
14.49
15.67
15.8
14.28
19.58
20.53
15.68
16.54
19.21
20.32
20.01
21.41
19.83
18.02
14.57
19.14
23.54
29.13
20.2
24.81
16.11
20.67
22.64
22.96
22.42
21.47
22.67
21.53
22.58
21.58
20.3
18.21
14.87
20.86
25.31
23.05
18.68
23.43
21.51
19.86
19.61
19.28
23.16
20.6
20.74
22.08
19.04
21.76
22.52
27.26
16.93
19.16
24.98
16.32
23.74
29.05
21.62
16.1
21.42
17.75
19.77
20.66
23.56
19.87
19.36
18.02
19.55
19.97
19.54
23.55
18.28
17.3
19.73
19.88
16.16
19.45
19.79
16.04
17.44
21.16
17.77
20.85
19.33
20.15
21.61
19.75
21.04
16.5
16.83
18.12
18.91
15.73
16.61
17.3
17.43
16.76
13.09
9.1
13.27
22.41
16.12
12.91
17.41
