51.42
33.42
55.37
87.43
64.19
48.98
59.48
45.43
59.06
40.71
48.05
64.0
55.54
46.77
52.19
49.51
46.63
38.14
33.27
36.21
38.44
37.82
39.5
34.79
47.87
34.0
36.46
36.57
31.69
40.53
39.89
36.69
36.15
40.61
29.51
31.47
33.13
34.87
42.52
30.78
29.56
26.43
27.02
31.17
30.44
29.08
30.6
28.11
27.08
30.99
20.56
16.83
19.85
28.93
17.22
28.31
20.53
19.66
31.06
17.99
19.67
14.78
15.93
19.38
18.87
21.55
17.19
21.49
10.11
13.29
19.4
17.52
28.03
12.55
12.86
14.03
13.49
15.95
12.66
19.57
12.49
11.03
14.43
15.12
12.26
17.1
13.23
10.76
13.78
15.5
13.05
15.39
14.96
16.39
14.96
12.34
13.16
17.05
13.56
13.63
13.55
13.19
11.97
14.37
13.27
18.51
12.1
14.32
11.4
12.9
11.65
9.42
13.4
17.83
10.46
20.51
14.22
15.46
15.32
12.23
14.42
14.3
14.74
16.83
12.69
12.75
12.58
16.97
16.62
9.11
13.44
11.77
9.78
14.68
15.4
12.83
18.02
16.39
8.73
17.08
13.12
10.5
13.82
14.02
9.86
14.22
15.0
13.83
18.4
18.71
19.49
15.69
17.77
16.3
19.54
12.27
16.99
15.19
18.96
15.08
14.7
13.35
18.27
14.01
12.65
10.45
19.31
17.43
16.17
11.46
15.83
12.91
12.06
16.35
14.34
17.63
13.48
16.34
11.95
19.62
17.48
17.71
20.25
17.27
18.09
13.08
13.53
15.68
16.06
17.63
17.47
17.43
15.56
12.87
11.83
11.68
13.11
16.29
15.39
15.32
18.39
14.09
17.37
18.19
17.99
15.57
15.58
15.6
16.23
13.54
16.94
19.42
19.1
20.82
16.6
18.38
16.77
20.27
15.89
17.36
19.63
15.43
21.25
17.7
15.92
18.54
20.18
20.01
20.73
18.89
19.11
20.84
21.05
17.16
23.41
14.05
14.68
14.73
22.17
17.73
21.4
21.55
19.24
19.92
19.91
19.18
20.71
21.09
17.29
20.27
19.32
21.44
15.1
17.13
22.66
21.1
20.18
21.86
23.67
18.01
19.15
25.27
17.07
18.27
25.43
18.27
19.46
14.62
16.73
12.02
16.73
20.82
17.81
10.6
19.07
15.21
16.98
10.1
17.7
14.55
13.03
16.64
13.45
14.08
18.77
16.82
15.52
19.39
15.81
14.01
12.14
15.36
17.17
20.25
18.53
15.99
16.15
16.98
15.2
14.66
11.11
13.01
14.92
17.51
13.9
18.17
14.61
13.21
10.94
12.88
15.6
12.71
16.09
15.12
13.97
12.7
14.3
14.47
19.26
17.66
15.47
15.14
14.38
17.04
19.1
14.96
13.97
20.34
18.17
22.81
16.32
20.71
18.64
18.62
18.63
16.03
18.31
21.29
22.31
19.24
16.8
16.29
19.44
14.43
14.36
20.41
16.43
12.58
13.79
12.64
13.91
14.13
17.26
15.48
19.83
17.2
21.37
15.62
16.53
20.82
15.34
16.82
20.17
15.03
19.16
16.39
21.86
16.59
17.58
19.11
16.11
13.03
19.01
16.85
19.52
17.78
16.22
12.91
21.78
17.19
14.89
17.89
14.72
17.51
17.37
20.17
20.3
15.06
17.9
22.77
17.82
14.41
15.07
15.33
19.67
23.03
18.67
15.98
18.38
23.4
19.05
19.82
18.37
15.62
15.73
16.92
15.77
14.21
16.35
14.42
21.94
18.37
20.67
20.59
20.08
22.61
15.83
19.44
17.54
17.84
20.99
19.21
19.44
20.54
19.06
20.33
22.72
20.19
18.93
19.45
16.92
19.8
15.03
19.83
14.83
18.88
18.94
22.88
20.1
15.3
20.22
18.98
19.38
21.64
20.7
15.56
28.08
23.06
14.71
15.82
23.76
14.84
15.88
13.86
14.73
19.63
13.69
18.56
13.5
14.75
13.59
15.4
12.88
14.01
11.63
15.39
13.55
14.96
14.11
10.42
15.6
13.16
12.76
12.17
13.13
12.31
11.78
10.42
9.33
12.94
11.91
16.37
12.25
14.2
13.79
10.91
10.95
19.31
14.99
13.24
14.54
12.7
15.55
14.95
15.41
14.71
12.81
10.64
16.37
17.23
16.21
16.65
14.1
14.24
19.08
15.02
17.62
13.87
16.3
14.62
11.51
14.53
18.03
17.98
12.97
20.2
14.99
15.81
17.69
16.55
20.11
18.77
17.15
22.88
15.13
14.39
14.85
17.64
15.1
21.92
17.4
13.59
12.66
17.86
18.19
18.97
14.46
17.46
19.51
13.99
19.81
17.87
17.64
16.38
14.96
19.47
20.97
16.59
17.71
19.43
18.45
20.29
17.48
15.59
16.57
20.99
17.18
16.84
19.85
17.83
18.14
13.04
17.88
19.93
17.13
18.12
17.9
23.1
17.48
17.0
21.23
17.58
16.83
18.81
18.96
18.05
20.47
21.43
16.16
18.6
18.82
14.76
19.37
14.03
21.3
22.67
23.35
29.37
28.57
25.47
26.75
27.39
23.45
26.07
28.16
23.51
23.92
26.81
20.93
18.81
