75.67
55.65
46.49
45.7
49.91
60.63
64.58
56.82
50.95
57.19
61.8
55.9
42.59
48.24
54.08
50.17
51.49
51.12
37.7
49.02
44.57
35.15
35.58
37.04
40.45
36.26
31.39
40.54
25.42
22.89
24.36
27.24
25.83
27.46
33.17
22.82
39.53
34.71
20.25
34.56
23.54
22.07
23.25
30.48
24.22
19.65
21.56
21.9
21.96
20.51
21.23
27.14
21.01
25.07
19.39
25.92
19.42
20.83
22.54
23.98
26.25
21.84
22.35
18.77
12.36
17.72
16.05
13.98
21.37
15.85
18.55
19.73
22.22
23.36
25.89
22.88
20.78
20.29
22.47
20.15
23.24
26.53
21.03
17.88
19.2
16.4
11.2
15.44
10.5
10.1
14.14
13.27
13.56
19.44
21.22
15.47
14.16
11.64
15.76
14.91
14.38
14.59
10.56
16.81
14.39
16.69
17.96
11.16
9.79
17.6
10.63
17.73
18.07
20.63
17.12
15.58
22.08
16.02
22.13
19.31
16.15
14.2
13.82
19.82
22.14
18.82
17.72
20.88
23.86
24.13
18.12
16.27
19.95
18.54
17.74
12.5
16.57
16.97
18.36
15.47
22.64
16.97
14.98
14.33
16.18
18.38
14.29
12.59
15.71
13.47
13.2
8.15
17.19
14.19
14.02
14.02
20.36
16.58
12.41
20.67
17.44
17.36
14.72
11.13
15.59
13.05
19.23
18.53
16.0
15.45
12.2
13.15
16.94
12.41
15.04
12.18
21.24
15.1
19.53
17.81
12.73
14.16
16.64
13.28
15.0
16.97
19.41
15.81
22.09
14.4
17.89
18.88
16.62
19.01
17.16
13.79
17.51
16.95
13.56
23.87
16.24
22.62
21.22
20.15
16.84
16.38
17.63
13.28
25.36
14.89
13.24
19.33
14.09
21.95
17.47
12.26
24.8
16.11
16.63
18.43
19.14
17.58
20.33
19.86
22.4
23.51
14.69
23.04
18.24
18.64
21.75
21.14
27.05
20.3
22.15
23.18
19.52
28.27
22.13
22.37
24.06
22.25
23.82
24.77
23.5
22.49
23.38
20.38
21.21
25.04
22.8
24.72
22.64
17.38
21.77
19.92
21.09
13.11
19.19
15.4
14.98
22.41
16.53
18.76
19.92
22.97
14.1
15.53
14.21
13.96
15.69
13.01
15.96
14.96
17.72
13.18
16.65
15.15
14.12
16.35
16.03
10.03
17.81
15.58
15.36
16.38
14.78
13.33
15.6
9.05
12.69
13.89
8.91
15.83
14.08
14.68
15.65
10.89
13.18
10.78
14.75
15.09
13.92
14.59
13.76
11.44
13.97
11.79
10.91
13.97
10.78
9.23
13.65
10.07
16.29
11.61
13.1
14.78
9.52
13.7
11.86
14.23
12.86
15.79
17.76
17.06
15.15
14.95
10.74
11.97
17.69
13.89
13.5
15.89
14.95
16.57
10.88
18.35
18.68
19.99
16.04
20.21
17.81
16.71
13.09
14.94
21.94
13.11
12.31
15.95
22.17
15.34
17.88
22.79
16.88
17.45
17.75
14.48
18.71
16.72
16.01
14.8
13.2
14.21
21.78
21.64
17.52
20.8
18.35
17.23
15.54
14.66
19.2
19.42
17.84
24.75
20.71
16.19
19.16
19.06
14.63
18.43
14.54
17.31
17.65
13.57
18.84
15.72
19.95
16.85
21.01
17.72
13.64
22.11
14.75
14.81
22.0
18.02
15.42
20.8
17.28
18.08
21.17
17.56
19.72
24.16
19.07
15.52
20.3
16.39
17.73
18.54
23.97
21.48
18.24
20.45
19.63
19.97
24.91
19.88
18.72
19.71
17.58
21.27
15.54
21.31
20.85
20.73
17.1
14.93
19.01
22.78
13.97
18.62
17.2
14.19
15.9
19.34
19.77
25.34
20.99
18.7
17.42
14.07
21.57
17.72
18.18
15.41
22.63
18.23
17.3
12.62
20.84
17.68
18.8
25.81
14.74
15.18
16.0
16.05
19.94
11.44
22.44
17.4
12.98
18.55
21.13
19.54
24.29
19.15
18.14
20.53
16.55
18.47
14.35
20.35
15.28
15.49
17.09
16.92
15.17
17.2
17.57
19.91
18.34
18.82
18.23
16.89
21.14
17.4
18.45
16.62
20.18
17.7
18.74
19.53
13.49
15.69
23.44
24.37
18.82
18.9
18.41
17.1
15.56
16.17
24.46
12.66
14.37
17.23
15.04
18.97
17.0
16.8
17.64
25.29
16.65
15.1
14.88
18.86
13.39
17.66
15.63
16.15
18.25
18.56
14.33
16.33
17.35
19.69
16.98
15.54
12.71
12.67
14.16
13.5
16.54
14.38
12.81
15.67
15.56
15.28
9.43
12.41
11.5
16.88
12.73
13.37
12.89
13.14
13.31
15.83
16.34
16.61
17.18
11.08
12.59
18.29
12.99
15.91
17.44
15.97
17.55
21.25
19.98
11.21
19.3
16.17
12.85
16.29
14.84
18.9
14.32
20.58
13.09
14.52
19.25
17.91
14.77
16.83
18.28
18.25
13.03
15.55
13.43
13.89
18.91
13.11
13.68
15.02
16.35
14.81
18.9
18.35
10.96
11.94
14.33
13.22
18.69
10.4
