85.65
80.53
106.61
97.31
89.43
86.47
69.18
62.24
53.5
44.48
37.28
31.75
26.58
27.37
20.6
15.03
16.46
14.37
11.76
12.25
9.01
13.19
11.52
12.33
10.27
11.28
10.56
10.11
15.58
14.53
15.19
21.94
23.61
19.47
22.73
23.63
25.15
21.05
22.47
19.56
19.55
22.27
19.64
24.46
21.54
23.13
30.32
23.8
25.91
27.32
23.12
24.15
26.74
19.89
28.19
22.89
22.1
21.67
26.04
23.87
25.98
23.58
23.93
28.06
20.62
25.21
20.82
18.78
18.11
24.31
16.82
24.25
19.35
21.43
17.92
23.55
25.99
27.71
19.47
22.77
27.18
17.55
16.01
12.63
16.97
17.74
16.57
30.34
19.52
15.22
22.4
22.37
22.51
13.5
15.83
15.58
19.14
18.24
15.0
16.61
12.67
10.93
12.76
11.82
14.44
12.09
16.05
11.1
13.26
16.38
14.53
15.19
9.62
13.76
13.55
14.42
11.34
18.12
12.5
16.95
13.26
15.43
15.62
13.78
12.05
9.93
14.97
18.32
10.99
11.68
10.16
13.73
13.82
21.44
7.22
9.96
12.63
14.72
14.86
12.04
16.74
15.68
17.82
13.81
17.62
14.26
13.58
16.4
16.18
15.74
19.51
14.99
21.28
17.99
21.23
17.8
12.73
18.34
20.03
21.41
20.32
24.35
16.69
20.78
24.27
21.76
18.78
23.27
19.54
22.62
16.49
22.62
22.54
19.16
15.13
19.89
13.75
22.86
17.37
20.11
18.47
17.75
20.2
15.1
14.57
17.73
15.38
16.96
15.34
20.36
15.88
17.47
16.9
18.63
18.5
19.95
18.55
23.3
20.03
16.31
16.52
16.92
19.95
14.41
18.9
18.21
18.95
18.07
18.76
19.74
16.89
19.88
17.85
17.44
15.93
16.64
17.84
14.48
15.35
17.74
15.67
18.95
21.42
20.57
19.73
23.28
15.6
17.53
17.55
21.61
19.46
17.77
20.13
15.21
18.46
21.2
19.6
16.68
20.9
17.64
20.81
19.36
17.48
15.49
14.77
17.1
16.8
17.4
14.69
18.89
14.6
19.03
13.96
12.94
13.78
14.25
19.65
16.47
18.89
18.41
16.25
12.66
15.72
18.15
16.94
18.13
17.38
16.4
19.51
22.1
23.72
18.33
14.89
15.27
19.39
21.79
16.27
23.11
16.55
15.28
18.19
18.79
20.71
16.12
12.13
21.41
16.89
17.84
16.04
10.58
19.95
19.46
13.33
23.91
18.67
16.2
16.85
15.95
14.86
14.59
14.4
16.25
24.46
14.4
21.71
17.64
14.07
19.86
18.82
16.1
16.06
20.63
18.91
20.72
14.95
14.71
20.2
18.63
14.06
16.84
13.0
14.56
17.32
15.89
15.42
18.18
16.92
17.81
14.73
17.53
15.06
15.33
20.09
19.2
18.82
19.32
22.68
21.35
16.21
15.34
19.28
13.9
15.45
16.37
10.7
17.69
16.5
19.08
17.03
19.6
18.86
21.33
16.59
13.71
19.97
18.61
12.41
23.54
14.17
14.85
11.4
18.58
18.7
13.45
16.06
11.84
13.11
15.13
14.5
15.23
18.57
14.02
15.58
15.83
16.97
17.34
13.36
13.02
15.99
13.94
13.01
13.91
18.93
12.23
13.6
19.74
13.07
12.15
12.97
14.35
13.48
15.25
13.85
16.83
13.02
14.85
16.22
17.65
16.73
19.11
16.98
19.39
14.2
22.21
23.46
19.29
20.39
19.83
21.89
23.75
20.46
17.24
23.48
25.3
21.18
21.94
16.12
18.71
19.24
16.49
16.29
16.44
19.81
20.8
19.41
24.69
19.75
21.74
24.67
17.15
18.74
20.92
21.54
25.3
21.32
23.6
20.45
17.17
23.63
17.48
20.23
22.97
24.07
19.91
20.24
25.74
17.38
17.45
19.43
19.28
19.2
20.79
20.59
19.51
24.58
21.2
15.65
20.68
17.75
16.74
20.2
22.73
19.29
13.87
16.54
17.82
19.91
12.98
23.47
16.63
17.07
16.64
17.08
20.67
19.66
15.46
24.26
14.26
15.81
17.54
18.08
17.92
16.41
20.24
18.34
12.58
15.23
20.88
16.81
17.64
17.54
20.97
18.18
15.76
15.36
17.08
16.39
15.07
12.87
17.42
18.92
15.97
15.12
16.94
16.3
14.03
21.74
12.55
15.92
17.44
14.62
17.74
13.79
18.14
16.07
15.73
15.83
14.37
16.42
15.8
15.29
18.46
21.76
17.19
19.03
17.85
14.84
16.58
14.24
15.36
13.6
14.98
15.89
15.37
12.3
13.68
13.1
18.17
13.66
15.45
17.26
17.18
18.95
12.72
16.83
20.02
15.38
14.2
13.56
17.89
18.08
15.77
19.03
12.31
18.61
18.07
16.24
16.89
18.53
17.76
16.5
14.24
23.33
15.78
20.44
17.87
17.36
20.78
14.99
19.39
20.72
24.89
16.59
18.41
16.52
16.13
15.42
18.16
21.92
17.57
19.3
17.89
12.75
18.73
14.97
15.64
15.46
17.33
19.07
20.89
19.24
22.17
19.87
17.4
18.88
19.36
17.44
17.79
15.25
13.91
