67.22
68.7
68.4
59.39
59.57
70.95
71.35
60.42
64.03
71.42
73.62
70.74
62.82
61.05
65.61
64.37
62.56
62.24
60.84
71.37
67.62
53.45
56.54
54.75
55.35
54.16
47.71
51.79
51.85
48.44
41.62
38.11
39.33
44.71
43.41
48.98
53.21
47.24
46.92
45.72
41.0
36.7
38.16
37.19
36.41
36.53
31.37
34.1
36.15
35.39
38.68
33.01
28.33
30.36
31.1
29.21
26.83
28.27
28.88
24.81
23.81
34.05
29.98
21.7
27.09
26.7
27.97
30.19
33.13
32.97
23.6
19.4
17.86
17.46
18.53
18.74
22.22
24.61
22.94
21.91
19.13
18.4
21.99
22.76
29.38
32.01
26.79
28.18
27.53
20.07
25.03
27.43
20.8
22.57
24.6
21.71
21.59
21.37
19.88
19.13
16.64
16.85
17.63
18.48
19.36
19.88
18.61
21.98
22.51
20.53
17.81
14.64
23.52
24.76
20.93
17.99
18.52
23.19
21.49
25.32
26.98
23.31
22.96
25.25
25.3
25.01
24.09
22.2
23.34
22.97
18.37
15.42
18.89
19.78
15.86
18.07
19.92
16.09
17.91
22.17
18.26
14.18
12.34
13.36
17.51
14.33
12.01
14.23
13.42
13.92
16.25
13.42
11.1
15.02
13.78
12.09
15.17
12.89
14.96
15.36
10.43
12.51
16.0
15.56
21.08
22.7
15.26
17.34
18.61
13.78
17.09
18.29
13.18
13.55
12.97
15.54
17.35
14.92
15.0
15.67
14.54
13.84
13.97
11.7
12.23
14.42
15.31
18.23
15.06
12.44
13.44
7.96
5.73
7.47
11.06
12.28
12.24
14.92
17.45
15.67
12.71
16.21
16.44
13.68
15.8
18.27
14.62
16.03
21.15
17.82
16.58
16.9
16.97
20.5
22.1
19.63
17.84
18.22
19.72
18.53
20.98
19.86
16.87
19.62
17.84
17.98
18.87
14.65
11.97
14.26
13.3
10.98
13.55
17.45
17.47
14.85
15.48
15.29
17.13
19.4
15.07
12.84
13.87
17.27
19.43
15.72
13.79
10.34
7.07
10.52
10.48
10.68
15.06
15.58
12.69
13.66
15.0
14.36
12.74
15.48
18.65
14.98
14.3
17.36
17.3
15.48
16.45
15.33
12.79
13.25
19.42
20.72
15.72
17.54
16.47
14.63
15.57
14.27
16.73
12.73
9.34
15.41
18.37
20.56
16.94
15.62
14.8
14.15
16.61
14.53
9.59
5.58
9.89
11.86
13.54
14.01
9.85
10.73
10.22
7.79
9.28
13.65
14.66
16.1
18.3
13.59
9.32
12.32
15.04
9.93
9.79
12.52
11.73
11.58
10.58
10.33
14.16
14.68
11.91
12.23
17.98
22.6
15.53
11.96
15.22
14.67
17.14
16.78
13.14
12.02
14.41
16.29
14.02
13.08
13.44
12.84
14.4
13.51
14.96
22.98
21.05
19.14
20.12
19.31
22.01
22.77
16.4
16.36
20.75
17.88
17.56
17.66
18.01
17.1
20.58
26.32
23.84
21.86
19.7
20.51
20.87
17.43
17.48
18.5
20.27
17.87
14.31
16.57
16.27
14.45
18.74
19.0
16.07
18.1
18.88
15.97
14.69
16.55
20.08
20.72
20.22
21.76
21.11
21.4
20.35
19.15
16.73
18.04
19.48
14.72
15.46
17.61
17.75
18.89
21.82
18.59
16.51
18.2
15.14
12.77
13.45
14.5
14.05
13.91
15.07
17.23
16.53
16.62
18.2
16.39
13.76
15.93
16.48
13.98
11.7
12.62
17.6
23.21
22.12
20.76
20.41
15.87
18.8
20.41
15.43
13.06
12.13
11.43
12.99
12.91
13.09
12.7
16.05
19.06
16.47
16.01
12.87
13.18
17.67
16.27
15.56
14.31
16.1
19.76
16.78
17.61
19.86
17.37
16.98
18.54
21.31
21.4
16.74
16.08
19.13
19.64
18.97
18.71
20.3
18.82
14.38
13.58
19.21
23.15
18.52
14.51
14.86
16.75
21.11
22.44
19.02
18.98
21.23
24.03
26.33
24.91
21.41
21.76
27.32
23.85
18.49
22.36
20.14
20.83
28.73
24.94
20.22
23.37
22.01
18.85
18.57
18.14
15.41
17.96
21.1
23.21
22.24
19.71
22.46
22.78
21.31
20.21
21.86
21.71
17.1
17.09
18.34
16.82
18.48
18.83
16.2
14.54
13.3
13.19
11.14
11.86
12.23
10.49
10.26
9.82
14.68
13.72
9.38
12.78
12.22
11.86
14.68
14.1
14.03
17.13
17.22
13.45
15.29
16.59
16.26
17.51
17.76
18.42
15.5
14.01
12.12
11.24
15.27
19.34
17.93
15.89
17.03
21.5
20.85
13.59
15.98
20.56
17.71
17.05
18.23
17.62
16.22
12.27
8.66
9.68
13.01
9.85
6.59
8.64
11.14
10.01
10.32
11.39
10.19
12.01
14.16
10.75
8.42
12.15
11.72
10.8
12.71
13.58
13.03
11.23
13.31
13.03
13.32
14.67
14.15
14.63
15.37
15.03
12.32
9.86
8.79
10.94
14.67
14.41
14.32
15.38
15.54
16.0
13.73
11.04
