-0.2186
-0.2282
-0.0311999999999999
0.5822999999999999
1.1751
1.2756
1.6717000000000002
2.111
2.2522
2.5820000000000003
3.1715000000000004
3.8558
4.0528
3.9309
3.6342
3.8602
4.482
4.3278
4.1332
4.278199999999999
4.3552
4.636
4.9829
4.870100000000001
4.685300000000001
4.4678
4.9281
5.562899999999998
5.478300000000001
5.439799999999999
5.141699999999999
4.6484000000000005
4.9193
5.6323
5.4419
5.347199999999999
5.7094000000000005
5.844200000000002
5.7563
5.95
6.2698
5.826299999999999
5.7073
5.5519
5.473000000000001
5.539599999999999
5.761199999999999
5.816499999999999
5.3936
5.276800000000001
5.584200000000001
6.0413000000000014
5.673100000000001
5.8725
6.066899999999999
5.3775999999999975
5.5668000000000015
6.309
6.406999999999999
6.076199999999999
5.969899999999999
5.7986
5.843500000000001
6.3767000000000005
6.078
5.745699999999999
6.115500000000001
6.291000000000001
6.542999999999999
6.575500000000001
5.8766
5.122999999999999
5.146300000000001
5.3538000000000014
5.681799999999999
5.889399999999999
5.2356
5.810099999999999
6.142600000000001
5.5912000000000015
6.1049
6.4057
5.845600000000001
5.9648
6.7377
7.0844
6.8916
7.033200000000002
7.293100000000001
6.826100000000001
6.538399999999999
6.613199999999999
6.7948
7.0878000000000005
6.756199999999999
6.6062
7.194599999999999
6.9792000000000005
6.4676
6.4357
6.6484000000000005
6.3244
5.8894
5.937099999999999
6.538500000000002
6.107200000000001
5.413899999999999
5.6163
5.898999999999998
6.330400000000001
5.911199999999999
5.599799999999999
5.8017
5.900499999999998
5.811199999999999
5.9906
6.712000000000001
6.760499999999999
6.536499999999998
6.5201
6.8678
7.0646
6.9598
6.969999999999999
6.5875
7.3001999999999985
7.943400000000001
7.497600000000001
7.368700000000001
6.962899999999999
6.630599999999999
6.711900000000001
7.043799999999999
7.001
6.096199999999999
5.3804
5.509600000000001
5.794900000000001
5.6656
5.821899999999999
6.279300000000002
5.678
5.2598
5.3260000000000005
4.4707
4.134799999999999
4.300800000000001
4.724500000000001
4.9262
4.955099999999999
5.0641
5.2818
5.6375
6.1399
5.552099999999999
5.199200000000001
5.288800000000001
5.3334
5.842099999999999
5.5389
5.209100000000001
5.2577
6.047899999999999
6.4978
6.3276
5.881799999999998
5.203199999999999
5.205299999999999
5.2378
4.4877
4.8261
4.898999999999999
4.755999999999999
4.919099999999999
4.2928
4.3805000000000005
4.582300000000001
5.1804
5.7663
4.9518
4.6911
4.8205
4.256200000000001
4.287100000000001
4.630999999999999
4.8011
5.418499999999999
5.416799999999999
4.548900000000001
4.5141
4.7934
4.0841
4.2558
4.8832
4.405200000000001
4.0433
4.0481
4.757
5.1752
5.2864
5.5784
5.183600000000001
4.9476
4.9434
5.0118
5.7567
6.399100000000001
6.3514
6.235799999999999
6.168099999999999
6.050700000000001
6.3686
6.780799999999999
8.3462
8.5452
7.767900000000001
8.0947
6.711800000000002
6.245299999999999
6.998099999999999
7.617600000000001
7.456
7.462300000000002
7.8784
7.377299999999999
7.162000000000001
6.6257
5.844100000000001
5.348199999999999
5.5133
6.245900000000001
6.300800000000001
5.655399999999999
5.3946000000000005
5.909299999999999
5.834299999999998
5.218999999999999
5.4686
6.026400000000001
6.6252
6.681400000000001
6.991299999999999
7.1218
6.1998
5.9976
6.5291
6.0787
4.501
4.806699999999999
5.5486999999999975
5.6128
5.9442
5.3211
5.4985
6.1004
6.089
5.3102
4.9023
6.015
6.4765
6.214300000000001
5.9773000000000005
5.802199999999999
6.2938
7.130700000000001
7.187900000000001
6.7603
7.3181
7.3973
7.3211
7.239300000000001
7.4247
8.118900000000002
7.4703
6.7901
6.744299999999999
6.340300000000001
6.306699999999999
6.3375999999999975
6.096700000000001
6.126199999999998
5.440399999999999
5.4705
5.9777
5.568200000000001
5.693099999999999
6.1027999999999984
5.703599999999999
5.670599999999999
5.354199999999999
4.4035
4.1147
4.434200000000001
4.282000000000001
3.9781
4.6523
4.8186
5.2824
5.4575
4.4716000000000005
4.6559
5.380800000000001
5.0764000000000005
4.549
5.3417
6.438699999999999
5.7479
4.716200000000001
4.308499999999999
4.6229
4.742100000000001
4.4587
4.4123
4.5296
4.994800000000001
4.9245
5.261
5.9270000000000005
5.949
5.4154
5.3416
6.109800000000003
6.2014
6.0122
5.8209
5.9666
6.552000000000001
6.188700000000001
6.339900000000001
5.7718
5.6323
6.583400000000001
6.410299999999999
6.3675
6.8782
7.1622
6.734500000000001
6.4678
6.553399999999999
7.2702
8.1618
7.6727
7.4858
8.0223
8.0145
7.296699999999999
7.031399999999999
7.6771
8.01
8.4147
8.070800000000002
7.543200000000001
7.931
8.4943
8.546500000000002
8.358600000000001
8.243599999999999
8.684999999999999
8.6247
8.1107
8.0726
7.6113
7.752899999999999
8.083599999999999
7.843100000000001
7.286599999999998
6.895600000000001
6.113199999999999
5.8104
6.358500000000001
6.9036
7.058999999999998
6.968499999999999
6.917499999999999
6.7166
6.988999999999999
6.985700000000001
7.448
7.854400000000001
7.966699999999999
8.0607
7.365600000000001
7.3839
8.1356
8.857700000000001
8.632699999999998
8.115699999999999
8.6328
7.8219
6.687499999999999
7.884600000000001
8.7313
8.9656
9.1043
8.8645
8.4642
8.016999999999998
7.472399999999999
6.6918000000000015
6.6758000000000015
7.0104
7.148199999999998
7.5703
7.777799999999998
7.7965
8.2672
8.4504
8.104099999999999
8.1979
8.7106
8.233799999999999
7.5964
7.9207
8.365400000000001
8.437100000000001
8.6571
8.079799999999999
7.465399999999999
7.7624
8.050899999999999
8.327399999999997
7.7183
7.100200000000001
7.270899999999999
7.4716
7.2833
6.891099999999999
7.448199999999999
7.363599999999999
6.8009
7.153600000000003
7.411899999999999
8.5071
9.2754
8.0874
7.8991
8.3397
8.0868
8.1574
8.176499999999999
8.3088
8.3931
8.5015
8.677999999999999
8.3687
8.7393
9.3376
8.911
8.603100000000001
8.751100000000001
8.8812
8.9007
8.8973
8.734300000000001
8.882900000000001
9.1276
8.822199999999999
8.7889
9.465000000000002
9.2315
9.0452
9.064799999999998
8.7521
9.738
10.2967
9.137
8.698399999999998
8.8406
9.0241
9.7903
9.6947
9.4774
9.6459
9.8516
10.0551
9.9818
10.0461
10.1707
10.031300000000002
10.0343
10.1444
9.776
9.3886
9.9053
10.649
10.048799999999998
9.7602
10.2566
10.5004
9.6512
9.4051
9.6061
9.0273
9.1749
8.820699999999999
8.8718
9.3819
9.8214
9.7931
9.1586
8.957800000000002
8.853699999999998
8.581499999999998
8.480300000000002
8.035100000000002
7.1159
7.0099
6.932199999999999
7.6041
7.9771
7.115500000000001
7.388699999999999
7.808599999999999
7.064400000000001
6.765599999999999
6.811900000000001
6.597700000000001
7.137
7.193199999999999
6.739599999999999
6.9862
6.4413
5.8903
6.769899999999999
7.129699999999999
7.062200000000002
7.297999999999999
7.473400000000001
7.9053
8.3715
8.2653
8.0157
8.017900000000001
8.6652
9.3599
8.9188
8.4055
8.5105
7.864300000000001
8.3466
8.7531
8.9362
9.5821
9.19
9.2346
9.9721
9.1329
7.9994
9.023
9.23
8.689700000000002
8.5446
8.546899999999999
9.384399999999998
9.1218
8.0468
7.692299999999999
7.411400000000002
7.490299999999999
7.542600000000001
7.723900000000001
8.1478
7.124300000000001
6.4797
7.1797
6.799
6.761399999999998
7.196000000000001
6.491200000000001
5.769799999999999
5.5166
5.5673
6.2012
6.927400000000001
6.416600000000001
6.287700000000001
6.9743
6.9133
7.043500000000002
7.072199999999999
6.7918
7.326499999999999
7.8823
7.611300000000001
7.851
8.0609
7.5699
7.741799999999999
8.110299999999999
7.6995
7.166100000000001
7.4267
8.3638
7.925799999999999
8.258000000000001
7.923999999999999
6.5794
7.1107
7.502999999999998
7.533100000000001
