0.0136
0.2898
0.5238
0.6960999999999999
0.7173
0.8395
1.3452000000000002
1.1933
1.4758000000000002
1.6214000000000002
0.9596
0.7964
1.4027000000000005
0.7394000000000002
0.7245999999999999
0.6692
0.3237999999999998
0.5958000000000001
0.9348
1.0251
0.4477
1.2285
1.3642
1.7289
0.9102
1.0583999999999998
1.4656
1.7351
2.1526
2.9195
2.7684
3.2390000000000003
3.823700000000001
3.8314
4.2956
4.667
4.1215
4.349500000000001
4.7551000000000005
4.9045000000000005
4.9793
5.125800000000001
5.349599999999999
5.458800000000001
5.0607
5.2137
5.801900000000001
5.740499999999998
5.9049000000000005
6.2773
5.9019
5.5774
6.496399999999999
6.523199999999999
5.9379
6.972699999999999
6.470700000000001
6.075399999999999
6.8476
6.1711
5.9764
6.149500000000001
7.168399999999999
6.605500000000001
6.7375
6.486300000000001
6.590199999999999
7.163100000000002
6.9036
6.714099999999999
6.4129
7.272699999999999
7.1957
6.947100000000001
6.898999999999998
7.125699999999999
6.6369
6.640999999999999
7.0881
7.095
7.0406
6.9678
6.8051
7.5127
6.9019
6.6386
6.9451
7.654400000000001
7.373200000000001
6.103399999999999
6.523800000000001
6.910500000000002
6.7001
5.8726
7.219399999999999
6.828099999999999
5.6824
6.474200000000001
6.846699999999999
5.999499999999999
6.2718
5.9708
6.821400000000002
5.8499
6.8219
6.7348
6.3174
7.107800000000001
7.053300000000002
7.365299999999999
5.7175
5.838800000000001
6.000300000000001
6.469999999999999
6.927699999999999
6.539199999999998
5.935599999999998
6.3799
6.3195
7.3768
5.989
5.9632
6.3339
6.3893
7.359700000000001
6.276599999999999
6.8532
7.220899999999999
6.675800000000001
7.0498
6.897500000000001
6.5379000000000005
6.783100000000001
6.9949
6.777699999999999
6.8447000000000005
7.635300000000001
6.996099999999999
6.4747
6.7037
8.2059
7.9083
7.289
7.970199999999998
7.9062
8.4768
7.9525
8.4519
8.433499999999999
7.829300000000001
8.867200000000002
8.75
9.081799999999998
8.6223
8.830499999999999
8.7931
8.696399999999999
8.648
9.5289
9.4302
8.671299999999999
8.805900000000001
9.3641
9.5865
9.4041
9.8988
9.302799999999998
9.4195
9.8116
10.070100000000002
9.6904
9.819
9.6115
9.1743
9.433800000000002
8.9662
9.3401
9.8404
9.8266
8.907900000000001
9.4126
9.206
9.781
9.9125
9.1797
9.5777
8.9955
9.1744
9.1697
9.2372
8.1949
8.4537
8.4655
8.9588
10.0
9.8956
8.511
9.2644
10.3504
8.595899999999999
9.7627
10.0874
9.5404
8.234700000000002
8.6074
9.1062
8.960500000000001
9.8188
9.8618
8.7806
9.3364
9.9912
8.056700000000001
8.645000000000001
8.3539
9.556400000000002
8.8514
8.2751
8.585600000000001
9.534399999999998
8.376900000000001
9.044899999999998
8.9965
9.7124
9.8119
9.638099999999998
10.030300000000002
9.6104
8.7608
8.9749
8.9129
9.9321
9.2119
8.931400000000002
9.2927
10.339399999999998
9.8429
9.3765
8.8637
8.8444
8.7433
8.9691
8.5723
9.672300000000002
7.9003999999999985
8.825700000000001
8.299
9.2161
8.6248
9.431400000000002
8.901900000000001
8.7838
9.1384
9.6286
8.552
7.7805
8.858099999999999
9.437500000000002
9.047
8.5296
8.5481
9.4838
9.163099999999998
9.1519
9.5878
9.1947
9.5657
8.7624
9.1674
10.2442
9.5158
9.0064
8.9655
7.983
8.6942
9.5533
7.8398
9.4515
8.9636
8.9129
9.3928
8.7662
9.4761
8.764000000000003
7.927700000000001
9.557000000000002
9.1156
9.7247
9.272799999999998
8.046999999999999
8.8627
8.5705
8.647200000000002
9.0172
10.270300000000002
9.7069
9.1199
10.2522
8.5653
8.2158
9.1402
9.239
9.048
8.215399999999999
9.4251
8.7035
8.4823
9.5294
9.5523
10.1773
9.4633
9.9214
9.4491
9.5719
9.4943
9.8728
10.688
10.3917
8.7778
9.64
9.5974
9.5295
9.6353
8.905
9.7394
10.670800000000003
9.0378
10.4575
8.726700000000001
9.0021
9.7115
10.106
9.847
11.0712
10.885099999999998
9.8142
11.147899999999998
10.1253
9.3607
9.7802
10.8801
10.5939
9.5638
9.3691
9.9325
9.9486
9.8161
10.4123
10.582200000000002
9.7142
10.1191
9.7444
9.155499999999998
9.3343
10.0178
9.867
9.1241
10.9988
9.5066
9.7075
8.7194
9.7723
10.0463
9.6955
9.9207
10.2117
9.653
9.480399999999998
9.6564
9.074
9.5369
9.1412
9.8738
9.2601
10.2506
9.2031
9.4691
9.6045
9.0051
7.928199999999999
9.0123
9.1688
9.2888
9.371
9.2471
8.6817
8.855199999999998
8.2066
8.607899999999999
9.3844
7.8612
9.8443
10.2601
9.5456
9.4034
10.3988
10.743799999999998
9.1748
10.111300000000002
9.851
10.5538
10.6621
9.937400000000002
10.281300000000002
9.7906
9.8786
10.4924
10.820500000000004
11.2892
11.3008
10.7945
10.958199999999998
11.5942
11.358
11.084599999999998
11.0537
11.085400000000003
11.5645
10.992900000000002
12.571000000000002
11.0499
11.5999
11.5881
12.007600000000002
11.5207
12.634199999999998
12.341199999999995
11.4423
12.415
11.8857
11.362999999999998
12.410500000000004
13.091599999999998
12.7023
12.3161
11.433
12.2191
12.1894
11.7783
11.139300000000002
11.6964
12.587500000000002
12.3001
11.398700000000002
12.0239
12.324200000000005
11.7821
12.5622
12.452300000000005
12.196799999999998
12.0625
13.027
11.6776
11.476
11.454499999999998
12.560900000000004
11.7459
11.779900000000003
11.593700000000002
12.56
13.1185
11.633100000000002
12.4052
11.380400000000002
11.2346
10.8378
12.0887
11.5689
12.242499999999998
10.7368
12.212399999999995
11.638700000000002
12.937900000000004
11.2739
11.1771
12.064399999999996
11.8753
11.506700000000002
11.524899999999995
11.3808
12.508800000000004
10.9883
11.6254
11.4516
11.010699999999996
11.0558
11.326199999999998
11.2138
11.568499999999998
10.798800000000002
11.6679
11.2677
11.103
10.4649
10.5506
10.1946
10.0825
10.827099999999998
9.8354
11.519
10.1144
10.921199999999995
10.712299999999995
10.4023
10.7587
10.4823
9.992300000000002
9.193500000000002
10.1179
10.4673
9.903699999999995
10.4445
10.696700000000003
10.8051
9.8899
9.9011
10.5409
11.627300000000002
10.641100000000003
10.3255
10.1953
10.9699
11.2951
11.6183
11.692500000000004
9.667000000000002
10.0867
11.4507
11.9486
11.1535
11.3108
11.271600000000005
10.4678
11.1118
10.8643
10.590099999999998
10.264699999999998
12.0257
10.9789
11.0279
10.611300000000002
10.806400000000002
10.9702
10.336999999999998
11.065300000000002
10.774
10.870000000000005
10.8294
11.8918
10.421399999999998
11.4779
10.8311
11.9394
11.983999999999998
11.137200000000002
10.2603
11.650600000000004
12.761599999999998
11.651699999999998
11.9695
11.666999999999998
11.070600000000002
10.885099999999998
12.409500000000005
11.932299999999998
11.589200000000003
11.2244
11.763199999999998
11.154799999999998
11.989800000000002
11.2931
11.251300000000004
12.1657
12.872299999999996
11.0429
12.452099999999998
11.599099999999998
12.049
11.8382
11.7521
12.7719
11.673799999999998
11.7495
12.277
10.8089
11.9944
12.0454
12.171800000000005
10.6451
12.0165
11.9874
11.974700000000002
11.9793
11.0126
11.4087
10.881799999999998
12.5723
12.4745
10.924
10.7939
