4.48
10.26
13.99
11.93
13.46
11.28
13.44
17.52
13.94
12.46
9.02
10.25
18.23
18.22
12.2
10.95
13.65
21.99
27.49
20.65
18.94
21.23
21.4
24.19
22.69
22.11
25.02
25.91
24.47
22.87
24.72
25.9
20.95
25.09
25.74
24.59
28.51
23.12
22.37
24.16
25.21
25.5
23.05
22.97
34.51
30.45
18.2
18.55
16.14
15.76
16.64
23.03
24.29
21.17
21.6
15.34
12.63
11.7
8.56
12.86
11.94
6.24
7.32
15.0
15.26
11.94
15.81
18.12
18.15
19.17
18.76
15.08
15.02
14.33
16.18
15.92
12.83
10.94
13.56
20.51
23.69
24.55
28.89
23.05
14.33
14.62
11.66
15.62
16.38
12.65
10.39
8.51
13.04
17.93
18.58
14.84
11.1
13.01
12.8
16.26
17.55
12.56
13.81
12.84
11.07
13.1
12.02
9.98
12.15
14.49
11.02
13.57
17.54
11.55
14.53
20.81
23.16
22.32
14.18
14.36
15.54
14.75
13.11
11.89
14.46
11.15
9.92
8.42
9.5
12.71
8.58
8.9
14.43
16.42
12.26
8.89
12.69
19.89
21.44
18.15
14.42
10.36
8.87
10.99
13.43
15.38
16.86
16.54
15.33
16.15
19.3
14.92
12.49
15.36
14.69
19.1
17.89
10.42
10.28
12.94
14.83
16.71
16.16
12.09
15.88
19.75
18.1
14.76
12.28
13.3
11.75
12.22
13.68
12.22
15.46
17.89
20.34
18.12
11.47
13.17
14.19
14.02
13.3
14.54
16.22
14.72
14.02
18.54
17.63
14.14
17.47
15.34
12.3
18.89
18.3
12.98
16.85
21.09
17.42
14.13
15.41
11.7
11.04
10.82
8.21
12.56
16.65
13.2
18.22
18.15
12.43
14.75
16.0
13.68
15.89
20.4
14.42
12.39
10.26
7.87
10.41
12.01
13.16
12.4
14.55
14.11
14.25
17.28
13.56
10.81
10.96
11.11
12.97
10.53
9.4
16.3
15.6
10.6
9.22
9.3
11.47
12.72
16.85
15.49
10.95
13.3
16.11
11.75
11.72
14.82
17.14
19.38
16.92
12.4
12.4
14.94
14.39
14.03
13.89
11.16
10.46
14.47
14.1
11.02
9.34
10.01
11.72
11.26
11.05
14.2
12.71
13.29
17.93
13.65
10.53
10.95
11.74
12.13
10.83
12.83
15.31
13.12
13.24
12.96
12.32
17.58
16.73
10.78
9.96
8.28
11.98
15.28
13.66
17.62
14.0
11.89
12.33
12.2
18.53
18.8
12.71
11.77
12.04
9.71
8.16
10.67
10.02
9.99
14.05
14.23
17.22
15.38
10.87
11.02
14.11
17.76
14.82
9.02
11.92
16.64
16.7
18.0
14.16
16.21
22.77
17.55
15.79
18.69
18.52
17.81
16.44
18.13
18.41
14.19
16.08
21.25
19.4
13.69
15.48
17.06
14.38
18.6
18.68
15.83
15.6
16.8
15.48
14.24
21.29
20.89
15.6
16.29
17.81
16.82
19.59
24.92
20.58
15.18
17.4
18.12
14.81
17.24
20.98
17.54
15.2
16.05
15.31
12.22
11.66
14.82
15.17
14.06
16.07
17.06
17.11
12.93
11.85
18.57
17.37
17.83
18.85
13.2
14.15
19.81
25.27
20.83
14.9
19.63
19.47
17.71
16.34
13.94
14.84
11.26
11.09
16.27
14.55
14.82
12.66
12.34
22.01
21.83
18.86
14.23
9.89
12.37
11.81
10.6
15.03
20.64
21.35
17.86
16.67
17.88
14.98
15.35
20.9
19.14
14.28
14.13
13.15
12.48
12.94
17.59
19.86
16.77
12.95
14.02
17.73
18.96
17.7
11.14
9.57
9.76
11.69
17.24
18.47
16.97
14.07
17.31
17.66
16.56
19.26
18.08
16.52
15.88
16.76
23.99
19.7
15.14
20.0
21.33
19.15
26.55
30.3
19.82
21.12
21.49
17.07
14.82
14.55
16.08
20.54
20.54
20.71
23.07
22.58
20.15
18.93
24.93
24.51
18.64
15.51
14.15
16.12
16.11
21.97
21.83
22.26
20.41
11.28
12.41
17.08
21.93
24.55
18.61
14.43
20.54
21.49
17.14
14.85
19.99
23.09
24.26
21.34
18.72
17.58
9.93
13.65
17.79
14.49
15.93
16.86
13.4
13.04
10.06
5.84
6.45
15.61
16.28
6.41
6.1
7.78
10.36
11.62
13.12
15.19
11.77
10.0
14.47
14.28
12.15
10.47
15.14
15.29
9.22
17.48
23.17
18.53
13.41
8.18
4.31
6.45
16.47
15.81
7.38
11.8
10.26
2.29
4.01
5.28
10.45
17.71
16.39
16.1
14.92
7.98
11.09
19.27
11.9
6.07
9.6
11.16
9.96
16.37
12.86
6.71
10.2
17.49
14.84
4.02
4.37
3.79
2.64
10.2
10.1
10.22
17.5
12.66
10.41
14.04
13.42
10.46
8.17
8.74
10.89
12.03
16.12
16.32
18.19
15.09
18.77
28.47
18.94
19.06
17.44
12.15
14.1
13.3
13.58
13.55
20.25
21.79
19.21
16.34
15.79
19.66
20.32
21.35
20.42
