34.12
36.3
38.18
26.38
15.71
17.59
16.98
23.33
25.73
25.51
24.03
20.31
26.37
25.13
16.26
17.25
19.08
16.11
15.69
16.86
25.67
24.61
13.86
7.1
8.03
11.96
16.04
21.09
16.94
14.46
13.57
13.36
15.99
17.63
18.33
16.07
15.58
18.9
18.2
13.65
10.25
13.09
14.14
19.07
21.85
14.65
14.44
14.11
11.91
16.66
21.62
15.13
12.83
14.2
12.13
13.93
13.57
16.54
15.11
11.76
12.54
11.04
11.64
9.54
8.5
8.26
12.7
22.38
22.76
15.91
12.04
13.31
13.98
11.73
9.63
9.95
16.4
12.73
16.69
22.97
13.9
9.1
11.85
15.18
13.34
14.68
18.03
15.13
9.86
6.25
3.19
4.32
5.71
8.08
14.1
16.99
13.74
8.64
14.13
17.98
17.32
18.09
13.24
9.87
10.49
14.78
13.79
18.13
18.34
12.73
19.37
21.84
13.12
8.97
14.83
13.22
11.97
12.35
8.98
8.01
10.56
14.69
25.26
24.51
13.65
14.4
16.01
15.01
16.89
17.41
14.55
16.49
16.76
20.41
18.91
15.09
19.49
22.15
20.39
16.56
21.22
27.26
21.08
15.43
14.29
13.56
16.54
18.26
15.45
14.11
14.24
15.94
21.09
19.49
19.56
19.95
16.98
16.72
20.08
20.55
16.01
21.18
20.62
17.34
19.18
15.04
13.2
11.74
10.64
16.2
18.5
17.23
19.53
17.77
17.9
21.96
19.73
19.76
19.51
18.37
16.6
18.1
23.09
19.34
20.9
19.5
18.38
20.41
15.58
14.32
12.86
12.61
13.81
16.89
21.78
20.84
24.8
26.6
18.83
14.73
16.07
19.36
25.92
23.02
17.45
18.56
14.6
12.49
17.78
20.09
20.43
19.32
15.06
19.3
17.87
17.94
18.81
19.64
19.45
15.12
15.56
17.11
16.07
12.83
16.05
17.74
18.17
17.39
17.32
19.18
14.42
17.11
22.12
20.26
17.29
14.54
17.78
20.3
22.39
17.53
16.57
20.36
22.83
22.74
15.2
14.86
17.09
16.29
17.0
18.41
17.91
15.07
15.37
14.83
16.94
20.73
14.44
17.82
23.81
19.85
12.6
6.01
6.83
12.1
17.55
23.01
19.53
18.49
21.95
16.44
16.62
19.98
14.83
10.94
12.29
14.8
15.0
11.06
11.71
11.99
12.78
15.0
14.4
16.13
16.91
13.44
10.28
13.7
17.32
12.81
11.0
16.05
21.56
19.41
17.49
18.01
14.85
13.15
12.95
12.45
11.92
14.83
13.94
18.68
23.14
15.06
12.07
14.9
17.37
16.11
12.45
15.09
14.09
10.98
9.47
10.59
14.07
10.31
5.58
4.99
5.98
6.13
9.83
16.06
14.97
13.89
19.93
16.54
11.21
12.34
15.62
19.43
19.24
15.22
11.39
22.65
27.96
15.61
8.23
16.13
24.1
20.14
14.2
10.67
9.23
12.03
21.87
22.77
14.73
8.92
17.41
18.29
7.31
9.52
9.98
9.81
13.93
13.41
11.29
20.4
27.5
20.31
12.97
10.7
6.89
11.77
11.11
4.63
5.76
11.27
19.89
16.61
20.61
27.77
17.41
9.64
13.93
12.8
17.75
25.77
18.61
12.16
9.86
10.87
16.25
20.43
15.17
9.22
13.52
14.65
10.71
9.16
10.73
14.31
17.79
16.1
14.35
21.36
22.34
14.05
9.08
9.22
18.28
20.4
12.67
19.75
23.2
14.17
10.61
7.93
8.69
12.45
10.31
6.78
7.45
16.0
18.35
13.28
17.31
17.25
10.82
8.98
16.97
23.94
18.92
19.2
19.69
12.72
9.58
14.25
20.14
30.7
30.56
16.57
13.56
16.51
18.1
14.94
10.26
10.83
14.65
11.75
15.72
20.03
14.37
14.24
18.65
20.22
22.67
18.96
11.96
19.45
18.92
9.78
15.13
19.56
15.53
13.76
13.29
12.57
10.26
8.14
8.56
11.17
21.66
19.98
11.0
11.64
9.96
7.53
13.14
14.61
12.93
16.9
14.65
15.41
16.02
18.47
19.56
23.58
25.7
17.02
10.07
11.76
12.44
12.34
15.77
14.02
16.71
19.98
17.17
11.73
13.3
15.15
18.74
25.33
19.8
14.53
18.78
25.07
21.17
16.68
15.52
12.38
9.77
13.12
19.33
20.41
16.64
10.6
15.12
17.53
19.57
21.38
13.99
8.04
17.88
21.54
11.93
9.71
22.3
23.21
13.97
20.95
14.91
10.99
15.08
15.44
18.86
12.76
5.29
13.4
20.24
29.0
23.12
9.14
8.86
7.3
4.71
6.9
12.27
16.91
13.23
6.39
8.59
14.2
13.57
8.22
13.08
14.81
12.16
10.6
12.51
13.81
11.14
7.99
10.57
14.99
16.71
14.36
8.18
8.93
11.83
7.75
5.32
18.61
21.84
14.6
19.89
16.93
4.78
6.94
18.04
17.22
13.18
16.4
19.6
13.56
5.1
6.02
9.88
17.5
17.7
13.29
12.71
22.82
24.18
19.51
17.52
12.46
12.87
19.02
19.32
12.52
11.65
13.4
14.98
16.91
13.88
10.16
