-6.487600000000001
-5.8229
-5.1721
-4.6903
-3.8108
-3.2887999999999997
-2.7077
-2.0424
-1.6662
-1.2309
-0.7521999999999998
-0.5120999999999999
-0.4559
-0.1336
0.1018
0.1539
0.1071
0.2096
0.4168999999999999
0.4646
0.7914000000000001
1.0022999999999995
0.8897000000000002
0.7533999999999998
0.8601000000000001
0.9245
0.9039
1.0264
1.1874
1.2159
0.9414
0.8948000000000002
1.2557000000000005
1.571
1.6415999999999995
1.3594
1.4295000000000002
1.7253000000000005
1.7949000000000002
1.983
1.73
1.6107
1.7515999999999996
1.5623999999999998
1.6047999999999996
1.7606
1.6624000000000003
1.9426
2.2176
1.7160000000000002
1.7091000000000005
1.9565
1.8441
2.0072
2.138
1.9874
1.6896
1.7550999999999997
1.8062
2.079
2.3058
1.943
1.9792
2.2259
2.2021
1.9015
2.0589
2.3832
1.9261000000000004
1.9899
2.452
2.3249
2.4161
2.2290000000000005
2.0099
2.0854000000000004
2.1567000000000003
2.5114
2.623800000000001
2.5582
2.4889
2.6633000000000004
2.8239000000000005
2.7061999999999995
2.7324000000000006
2.7926
2.9262
2.938
2.4598
2.095
2.0662000000000003
2.3721
2.5608000000000004
2.4387
2.7214000000000005
2.8812
2.5448
2.2969000000000004
2.4794
2.5388
2.7026
2.6617999999999995
2.1347
2.4124
2.8785000000000003
2.7331
2.7519
3.019399999999999
3.1785
3.0725
2.7038
2.6886
3.0402000000000005
2.9744
2.7447000000000004
2.6741
2.8575
2.6259
2.6104000000000003
2.7497000000000007
2.7374
3.0078000000000005
3.2370000000000005
2.997
2.4499
2.7593
2.8044
2.5768
2.5882
2.8814000000000006
2.969
2.9504999999999995
3.1903999999999995
3.3224
3.5709000000000004
3.4369
3.392
3.3504
3.1658
3.4268000000000005
3.6615
3.5561000000000003
3.2994
3.0158
2.9572
3.0129
3.0291
3.0449
2.881
2.9407
3.0935
3.048
3.2157
3.2025
3.1150999999999995
2.9258
2.5787
2.7689
3.0203
2.8141000000000007
2.653
2.8149999999999995
2.8758
3.0083
3.224600000000001
3.1560999999999995
3.1121000000000003
3.4748999999999994
3.569
3.1741
3.3686000000000003
3.5394
3.3893000000000004
3.2641000000000004
3.4717
3.747700000000001
3.443
3.4661999999999997
3.5321
3.7227
3.7026
3.6304
3.5836
3.5781
3.6949
3.684399999999999
3.6849
3.639699999999999
3.7148
3.5537
3.692600000000001
3.6771
3.3464
3.2701
3.1576
2.8650999999999995
2.9764000000000004
3.0596000000000005
2.8816
2.8678000000000003
2.9421
2.9718
3.004700000000001
2.9759
2.9314
2.9510999999999994
2.6281
2.5155
2.7014
2.9739
2.9942999999999995
2.8742
3.234900000000001
3.737899999999999
3.4922000000000004
3.006
3.0911
3.2775
3.5741
3.5878
3.2014000000000005
3.5381000000000005
3.753200000000001
3.4715000000000007
3.378
3.3871
3.5993999999999997
3.423999999999999
3.4035
3.8118
3.87
3.5005
3.4981
3.9376000000000007
3.935999999999999
3.8247
3.5043000000000006
3.3749
3.507599999999999
3.4634000000000005
3.6303
3.8627
3.6588
3.5877
3.7604
3.4928
3.595600000000001
3.3109
2.8772999999999995
3.1061000000000005
3.1023999999999994
3.102600000000001
3.3824
3.6336999999999993
3.6908
3.6313
3.6617000000000006
3.9398
4.107200000000001
3.5375
3.1072000000000006
3.2311999999999994
3.7119
3.8542
3.4206000000000008
3.0798
3.1544000000000008
3.4998
3.5161
3.458999999999999
3.5761000000000003
3.5720999999999994
3.800300000000001
3.8504
3.4935
3.5720000000000005
3.793100000000001
4.0244
3.932700000000001
3.7339
4.2022
4.0981
3.5005
3.625199999999999
3.6735
3.5962999999999994
3.5737
3.2944000000000004
3.3035999999999994
3.285
3.3247000000000004
3.25
2.9611
3.2837
3.757
3.6296
3.2314
3.1694000000000004
3.2804
3.2682000000000007
3.235
3.2664
3.2327
3.3544
3.3216
3.5832
3.801799999999999
4.0371
4.3144
3.925
3.8505
4.0072
4.3044
4.5642000000000005
4.4376
4.253299999999999
4.2029000000000005
4.295
4.3114
4.0758
4.025199999999999
4.3442
4.2425
4.286300000000001
4.3161000000000005
4.117000000000001
4.422999999999999
4.436400000000001
4.2935
4.530300000000001
4.4986
4.407399999999999
4.3171
4.014799999999999
4.3803
4.5102
3.9694
3.8127
3.8722
3.9011999999999993
3.8998
3.802200000000001
3.8695
3.9909
3.7697
4.186699999999999
4.6454
4.6926
4.722900000000001
4.5011
4.314500000000001
4.127699999999999
4.179399999999999
4.0386
3.883900000000001
4.228299999999999
4.1637
3.7498
3.5189999999999992
3.8085
4.2471000000000005
3.9603
3.8099000000000007
4.094899999999999
3.8314999999999992
3.5548
3.7032
3.5851
3.5414
3.3119
3.2551
3.582
3.6756
3.8545
3.74
3.3775
3.7560000000000007
3.9185
3.8231
3.782400000000001
3.4883000000000006
3.397399999999999
3.4337
3.4443000000000006
3.1163
2.8447000000000005
3.0479000000000007
3.4372000000000003
3.3391
3.4923
3.7846
3.8034
3.856100000000001
3.5115
3.0674999999999994
3.0508000000000006
3.702
4.1682
3.9965
4.1745
4.2637
3.8391
3.7579
3.768299999999999
3.4057
3.3864000000000005
3.5326000000000004
3.1614
3.4068
3.4298
2.9859
2.9811
3.1127
3.3978999999999995
3.6719
3.521700000000001
3.9355
4.3357
3.8229
3.6819
3.7357
4.06
4.063700000000001
3.7761999999999993
4.0478000000000005
4.0737
3.7621
3.9002
3.9481000000000006
3.5031
3.2643
3.6512
4.0021
4.200500000000001
4.1054
3.8587
4.089600000000001
4.0477
3.7993
3.7405999999999993
3.807700000000001
4.0655
4.1553
4.1801
4.476
4.7803
4.606300000000001
4.593299999999999
4.660900000000001
4.266
4.1616
4.2833
4.3727
4.2689
4.4815000000000005
4.6779
5.146699999999999
5.3455
4.675
4.7479000000000005
5.0657
4.8434
4.7881
5.0347
5.124300000000001
4.9297
4.3247
4.5713
4.939500000000001
4.893700000000001
4.6657
4.4466
4.4606
4.1667000000000005
3.826699999999999
3.6473
3.5749999999999997
3.648
4.1226
3.858400000000001
3.5793999999999992
4.156199999999999
4.354
4.0425
4.1186
4.255400000000001
4.2018
4.3334
4.3014
4.1939
4.3489
4.1799
3.6788
3.4439000000000006
3.4297000000000004
3.6023
3.4828999999999994
3.781399999999999
3.7052
2.8086
2.8045
3.22
2.7403000000000004
2.4223000000000003
2.7849999999999997
2.4955
2.1649
2.2968999999999995
2.6667
2.6111
2.6337
2.891099999999999
2.9778
3.0718999999999994
2.9491
3.1775
3.659600000000001
3.6129
3.755700000000001
3.900299999999999
3.8538
3.931800000000001
3.8471
3.5021
2.9378999999999995
2.7486
2.6125
2.4160000000000004
2.4052999999999995
2.3460000000000005
2.1162
1.9246
1.9677
2.0348
1.8798
1.9023
2.1379999999999995
2.0564
1.6482
1.4049999999999998
1.3457
1.5011
1.666
1.5195
1.4545
1.6336000000000002
1.8212
1.8027
1.818
1.879
1.6608999999999998
1.4151000000000002
1.5036
1.8143
1.625
1.4336000000000002
1.5306
1.6919
1.8134
1.7952
1.9456
2.0123
1.8155
1.8060000000000005
1.9018
1.8778
1.8507
1.7359
1.9684
1.9339
2.0292000000000003
2.2879
1.9848
2.0563
2.5653
2.8410999999999995
2.950600000000001
2.6615
2.3174
2.842199999999999
3.0982
2.9296
2.8237000000000005
2.7522
2.8248
2.8639
2.7623
3.0306999999999995
3.2962
3.0265000000000004
3.0055
3.3742
3.5912999999999995
3.466
3.7883
4.2097
4.266500000000001
4.0385
4.0474
4.322299999999999
