-3.5052
-3.3902000000000005
-2.6503999999999994
-2.1475
-1.7160000000000002
-0.8480000000000001
-0.3945
-0.326
-0.3076
-0.06
0.369
0.5955999999999999
0.5119
0.6778000000000002
0.8487
0.9183
1.0704
1.1087
1.1639000000000002
1.2675999999999998
1.2024
1.1884
1.3514
1.4654999999999998
1.4028999999999998
1.2575
1.2801
1.3000999999999998
1.3420999999999998
1.3728000000000002
1.4184000000000003
1.5120999999999998
1.7334000000000005
1.8012000000000004
1.733
1.7566
1.7518
1.6763000000000003
1.6875000000000002
2.1388000000000003
2.1076
1.7216
1.6813
1.9548
2.2454
2.4148999999999994
2.6443
2.5832
2.3035
2.1894000000000005
2.4595
2.5759000000000003
2.4851000000000005
2.538
2.444
2.2842
2.1989
2.072
2.0027
2.2060000000000004
2.3647
2.2002
2.3348999999999998
2.3754
2.3576
2.5201
2.558
2.7638
2.8957
2.7458
2.6708000000000003
3.0489000000000006
2.9246
2.4474
2.7259
2.9488
2.7834000000000003
2.6262
2.2261
1.942
1.8141
1.9202
2.1822000000000004
2.1149
2.1143000000000005
2.0701
2.0928000000000004
2.4737
2.5045000000000006
2.6764
2.786000000000001
2.8852
3.3339000000000003
3.244900000000001
3.1516
3.2323000000000004
3.0984
3.0974
3.139
3.1209
3.0779999999999994
2.7981
3.1264000000000003
3.2019
2.8062
2.9896000000000003
2.4483
2.2801
2.1886
1.7856000000000003
1.9649
1.8951
1.9671000000000003
2.3432000000000004
2.3074
2.2992000000000004
2.8025000000000007
3.0148
2.9021
2.6180000000000003
2.3452
2.2158
2.389
2.7918000000000003
2.4146000000000005
2.0217000000000005
2.0777000000000005
2.2675
2.7675
2.8215000000000003
2.2868
2.1286
2.6398
3.0534
3.0127000000000006
3.1631
3.6568
3.473599999999999
3.1662999999999992
3.6751
3.8449999999999993
3.7631
3.6927
3.4864000000000006
3.600799999999999
3.6004
3.4816000000000003
3.3526
3.1142000000000007
3.1811
3.1109
3.0699
3.4267000000000003
3.2865
3.0551
3.414
3.5021
3.1775
3.0217
2.9913000000000007
2.9653000000000005
3.0197000000000003
2.9896
3.276
3.4908
3.4166
3.3922
3.5382
3.826500000000001
3.7689
3.87
3.5375
3.2231
3.4335
3.4523999999999995
3.6981000000000006
4.1212
4.2665
4.1949
3.9453
4.098600000000001
3.9147
3.991
4.0157
3.6478
3.814400000000001
3.5792
3.863099999999999
4.2922
4.3051
4.3941
4.1576
3.8703
3.8941
4.2197000000000005
4.1556
3.8461
3.7344
3.7851999999999992
3.9684
4.163500000000001
4.2445
4.0518
3.73
3.5485
3.6596
3.537100000000001
3.4151
3.4721999999999995
3.4891
3.3435
3.1761
3.2857
3.3883
3.4233
3.5340000000000003
3.9652
4.122199999999999
4.0331
4.0912
3.991799999999999
3.5578
3.3545
3.5162000000000004
3.605700000000001
3.7832
4.0469
3.606799999999999
3.4743
3.5105
2.806
3.0055
3.4917
3.6193
3.523
3.6439
4.0251
3.8257
3.805300000000001
4.100299999999999
4.049600000000001
3.887
4.1376
4.3408
4.2701
3.9278
3.9696
3.7678
3.1991
3.3577
3.3311999999999995
3.4609
3.8819
4.1538
4.0199
3.795699999999999
4.0785
4.2516
4.234800000000001
3.8872
3.813800000000001
4.152699999999999
3.8597
3.4284
3.5569000000000006
3.7624
4.0781
4.449299999999999
4.251799999999999
4.0073
4.3938
4.3881000000000006
3.9109
3.6723
3.61
4.0544
4.2998
3.7624999999999993
3.156999999999999
3.2108000000000003
3.094499999999999
2.7171
2.908300000000001
2.9866999999999995
2.7906
2.65
2.5729
2.2768
2.1447
2.676
2.6617
2.722900000000001
3.0794000000000006
3.2675
3.4368
3.497700000000001
3.9093999999999993
4.142
3.4815
3.2849999999999997
3.3039000000000005
3.4739000000000004
4.0715
3.9039000000000006
4.0458
4.146599999999999
3.944
4.2144
4.3548
4.4331
4.668499999999999
4.707800000000001
4.206300000000001
3.9756
4.0836
4.0752
4.2394
4.3927000000000005
4.3423
4.4428
4.3764
4.1079
4.5023
4.784199999999999
4.8596
4.791399999999999
4.202000000000001
4.1008
4.495999999999999
4.6957
4.5376
4.6856
4.9091000000000005
4.5237
4.4367
5.0876
5.1591
4.7096
4.7718
4.8973
4.8461
4.8178
4.9155
4.8941
4.6403
4.833099999999999
5.4869
5.4023
5.042199999999999
5.2197000000000005
4.978099999999999
4.4606
4.5371
4.7831
4.858
4.665800000000001
4.813
4.403200000000001
3.9598
4.649500000000001
4.7902000000000005
4.607200000000001
4.6866
4.6408
4.990200000000001
4.806699999999999
4.4860000000000015
4.5241
4.176799999999999
3.8565
3.927
4.183
4.3127
4.266
4.4344
4.808599999999999
4.8433
5.0582
5.0631
5.083899999999999
4.9835
4.771599999999999
4.99
5.201999999999999
5.1093
5.126899999999999
5.211300000000001
5.399600000000001
5.589099999999999
5.17
4.9891
5.271600000000001
5.380200000000001
4.712
4.3834
4.421800000000001
4.4156
4.1793000000000005
4.2594
4.9209000000000005
4.9682
5.0173
5.2532000000000005
5.0368
4.8883
4.946899999999999
4.9451
5.1803
5.3718
5.1435
4.978800000000001
4.9822
4.9171
4.850099999999999
4.8969
5.094199999999999
5.3588
5.543199999999998
5.460799999999999
5.360499999999999
5.384
5.5153
5.5438
5.9348
5.4869
4.9811
5.4343
5.784800000000001
5.739199999999999
5.764599999999998
5.7522
5.43
5.5451
5.796099999999999
5.2559000000000005
5.023200000000001
5.5056
5.732499999999999
5.884899999999999
5.491700000000001
5.5697
5.666
5.3809
5.355
5.105200000000001
4.8314
4.9406
5.372000000000001
5.6675
5.5426
5.5911
5.7365
5.532900000000001
5.7345
5.503100000000001
4.7911
5.027400000000001
5.472500000000001
5.3475
5.0662
5.419799999999999
5.894400000000001
5.854499999999999
6.043599999999999
5.8775
5.394399999999999
5.2410000000000005
5.313400000000001
5.379500000000002
5.1925
5.2285
5.5199
5.862600000000001
5.902600000000002
6.1465000000000005
6.487200000000001
6.283200000000001
5.8864
6.062
6.406399999999999
6.044100000000001
5.711600000000001
5.984100000000001
6.1076
5.787800000000001
5.7759
5.8597
5.675000000000001
5.523600000000001
5.849200000000001
5.860400000000001
5.470699999999999
5.378700000000001
5.3558
5.5648
6.025600000000001
5.9974
5.673500000000001
5.9846
6.275399999999998
6.223699999999999
5.8645000000000005
5.664
5.9282
5.862800000000001
5.883100000000001
5.7658000000000005
5.4625
5.5691
5.520999999999999
5.6893
5.8289
5.666999999999999
5.6443
5.530999999999999
5.2155
5.3512
5.931899999999998
6.085
5.9212
5.900499999999999
6.102599999999999
5.827499999999999
5.4234
6.0144
6.013600000000001
5.3239
5.511699999999999
5.5873
5.488
5.7751
5.834699999999999
5.4856
5.0613
4.9612
5.5061
5.333200000000001
4.9693
5.1327
5.0637
5.0569
4.9801
5.0339
5.8185
6.089700000000001
5.566299999999999
5.3817
5.9796000000000005
6.401299999999999
6.3696
6.1559
6.025600000000001
6.207500000000001
6.1473
5.9265
5.759399999999999
5.505800000000002
5.415699999999999
5.637399999999999
5.6063
5.767
5.684899999999999
5.7973
5.965699999999999
5.813600000000001
5.8125
5.866499999999999
5.9567
5.8206
5.8721
5.89
5.872599999999999
6.0004
5.961199999999999
5.9554
5.923500000000001
5.7024
5.541799999999999
5.938299999999999
5.9430000000000005
5.9239
6.1837
5.764200000000001
5.8554
5.9162
5.7127
6.1001
6.343000000000001
6.1546
6.158400000000001
6.1263
6.060200000000001
6.178999999999999
6.2811
6.235299999999999
5.8058000000000005
6.2065
6.323999999999999
5.849100000000001
5.656000000000001
