24.11
28.64
20.97
29.74
27.81
29.47
18.66
22.98
21.57
15.38
16.92
25.01
16.40
20.37
26.71
21.54
19.40
23.97
16.96
20.31
18.54
19.57
28.56
22.52
27.28
22.28
27.71
35.94
30.21
29.72
40.94
26.48
28.28
28.13
28.48
28.71
24.88
29.13
25.04
21.31
20.77
31.74
21.48
26.76
27.50
27.64
21.42
20.98
15.79
22.41
27.61
25.09
23.11
27.66
23.91
17.95
23.58
18.73
19.01
18.82
18.59
22.18
18.74
20.14
14.58
19.76
19.84
14.18
17.70
12.63
18.14
13.33
12.10
11.63
10.84
14.28
11.77
12.39
17.23
16.30
9.52
13.49
11.83
12.08
13.41
17.16
13.13
11.33
12.44
11.44
10.75
15.80
15.37
19.12
13.93
16.93
18.05
15.36
16.18
15.28
16.38
12.39
19.64
19.73
14.25
16.51
14.03
14.07
12.03
21.39
23.05
22.26
18.93
16.57
21.05
18.63
19.69
17.07
18.90
16.41
16.81
13.43
22.54
17.01
18.54
15.60
12.89
18.79
20.53
18.25
14.12
12.56
13.06
18.57
16.25
16.95
19.64
14.96
16.90
16.95
17.50
17.19
13.40
13.23
18.80
20.50
20.50
17.71
8.90
14.07
18.40
19.84
19.56
19.03
14.06
16.57
18.43
16.62
18.82
14.47
19.56
17.69
12.01
17.92
17.67
18.06
21.96
17.67
23.43
19.64
16.78
16.81
14.65
15.49
22.69
19.68
14.16
21.61
15.39
22.12
17.13
17.77
19.21
18.18
19.11
16.25
16.41
17.25
20.10
17.50
22.98
18.45
15.17
21.79
19.09
22.14
19.75
18.02
24.19
20.39
20.09
17.59
18.51
21.41
20.23
13.83
21.88
17.99
13.31
14.79
13.64
15.77
14.23
16.82
17.47
20.06
19.21
15.61
11.84
14.94
17.15
22.51
20.14
18.77
17.74
17.84
19.29
16.42
15.51
13.82
18.35
17.28
13.94
15.54
19.26
11.21
16.41
10.95
17.97
18.71
17.89
17.89
20.75
20.59
17.60
21.09
12.84
12.93
17.97
17.02
14.55
14.53
13.76
18.63
14.81
13.20
16.79
15.52
19.70
16.81
13.16
16.43
21.20
20.65
21.00
16.70
21.51
19.58
18.28
21.78
17.03
18.37
24.70
16.59
19.88
21.58
19.48
13.77
21.67
19.76
18.33
20.88
21.91
16.25
10.15
19.99
15.14
23.57
20.47
14.42
18.04
17.06
20.59
20.90
20.80
21.91
15.84
14.15
24.53
20.31
19.36
18.86
14.97
14.71
17.29
17.85
13.51
13.27
18.94
15.55
18.83
16.16
21.34
14.32
15.75
10.36
19.67
14.84
19.43
15.39
13.46
17.24
16.01
19.65
17.91
24.46
17.81
19.64
18.38
12.82
18.55
20.27
12.68
14.09
12.47
14.54
15.02
11.98
18.66
19.41
18.57
15.32
15.52
18.47
13.01
21.68
14.34
21.56
20.05
18.48
21.47
22.18
20.88
18.33
24.07
18.69
25.19
16.18
19.64
18.58
13.21
24.75
23.53
21.74
17.29
20.56
20.90
23.74
23.44
19.90
22.40
20.50
21.99
17.91
20.75
16.92
24.72
18.59
24.01
25.59
19.25
18.94
15.30
22.66
22.70
20.12
18.06
17.58
24.44
17.99
22.66
23.75
16.75
27.71
20.89
18.59
16.36
17.89
22.21
14.88
16.72
18.38
18.71
21.68
14.50
16.54
21.18
17.16
11.78
13.57
13.70
22.56
16.07
12.78
15.06
18.67
22.15
12.38
12.58
9.77
11.21
11.98
12.07
15.39
9.46
13.63
11.81
12.77
14.83
12.67
13.67
14.54
12.10
8.83
8.01
8.59
10.26
14.43
15.51
10.85
9.80
9.97
14.84
9.36
14.93
10.02
11.46
17.11
18.73
13.48
13.08
14.49
20.02
12.68
13.79
17.19
14.73
18.37
17.41
10.87
20.79
16.15
14.93
17.53
15.88
22.24
15.53
17.11
12.40
12.91
14.06
18.52
14.20
17.84
17.25
21.38
18.02
18.35
16.86
23.61
15.50
13.55
14.15
17.85
18.63
20.05
23.13
16.85
19.39
16.93
21.90
19.90
17.97
18.84
19.28
15.82
19.05
18.69
20.79
24.12
20.17
16.02
15.44
21.65
27.54
18.38
21.98
18.17
21.25
22.37
24.54
19.55
25.05
20.52
20.13
24.79
21.60
24.11
23.72
20.03
25.17
26.14
18.85
20.86
20.90
19.72
24.57
19.89
17.60
22.53
20.10
32.34
24.40
22.63
26.64
22.74
23.13
25.78
19.76
23.43
24.42
19.75
34.97
21.57
25.45
24.51
19.37
20.13
21.07
14.96
19.46
21.67
24.17
22.77
17.48
16.70
20.19
18.83
18.96
24.10
23.43
19.00
19.04
14.87
15.96
18.00
22.92
19.54
21.53
16.90
21.84
16.05
17.70
23.82
20.06
20.30
25.72
25.26
21.34
18.43
22.92
22.53
20.99
21.88
21.12
19.09
21.81
19.27
19.65
17.49
25.92
16.62
15.72
11.95
15.95
17.07
18.76
20.94
19.73
16.40
