75.94
75.12
70.52
59.24
64.42
64.05
53.49
54.60
47.70
45.67
52.14
45.09
34.41
37.43
49.20
54.00
44.31
38.62
45.29
47.60
48.86
61.94
54.90
31.11
29.18
38.45
45.84
47.07
39.81
43.58
45.47
31.78
22.88
29.77
34.85
36.32
38.29
36.34
35.85
36.33
35.85
31.55
35.10
32.14
23.03
23.27
31.06
30.28
23.97
24.53
22.32
20.44
34.77
37.57
23.27
26.14
21.08
16.21
22.13
29.74
28.05
23.39
35.35
37.11
29.80
26.54
24.79
20.87
14.88
27.66
35.65
21.42
14.36
19.46
24.35
22.21
15.46
17.31
22.52
27.61
34.09
37.35
31.82
24.22
21.35
18.71
22.19
29.15
33.42
28.09
32.87
41.27
26.32
18.46
20.42
22.03
28.81
26.09
21.56
22.14
23.77
18.28
15.61
27.72
30.92
27.38
23.51
17.53
20.69
26.85
33.25
33.06
28.05
21.33
16.34
21.14
24.64
24.12
18.35
19.39
20.00
17.53
19.27
21.95
26.66
28.20
24.63
19.25
22.36
21.88
18.26
17.51
16.24
21.53
33.10
32.55
19.95
18.89
27.90
26.40
18.02
12.42
11.90
18.56
16.76
13.75
19.20
27.58
23.23
11.84
14.11
16.48
11.88
16.45
23.73
24.27
18.35
9.98
8.56
16.71
20.14
21.32
24.43
16.05
15.97
18.28
18.80
22.19
15.48
11.12
15.96
16.29
17.63
20.43
19.91
19.26
15.57
10.81
11.40
17.55
19.48
18.74
21.36
20.16
16.29
12.51
10.07
11.98
13.04
12.99
15.64
19.59
16.32
9.75
12.30
26.72
26.76
17.18
15.87
13.94
16.36
17.68
19.37
21.22
19.81
18.61
22.97
24.34
24.11
19.43
17.46
18.73
15.32
14.61
15.53
26.94
26.39
15.92
12.85
16.58
18.63
15.58
20.90
23.73
22.10
16.13
13.52
16.76
17.53
16.06
11.68
12.99
17.71
16.95
18.96
18.02
14.81
18.03
20.99
19.77
15.38
14.92
12.80
13.70
18.71
18.73
14.50
22.24
26.62
16.97
16.14
18.43
18.84
17.68
19.38
24.94
25.76
18.40
9.41
13.65
16.69
11.43
17.38
20.47
17.49
22.19
20.70
16.31
14.56
17.71
21.18
16.64
15.39
15.93
18.15
18.70
12.77
17.23
21.80
16.70
17.56
18.28
14.29
14.15
15.30
14.07
15.39
16.93
19.07
16.96
12.20
18.67
21.52
19.86
16.65
20.99
20.25
10.97
15.40
19.75
16.65
20.02
21.32
19.28
17.80
24.20
24.74
18.73
27.12
20.42
15.53
17.86
16.89
18.11
19.13
24.71
20.56
14.42
22.52
22.83
16.79
15.52
15.52
14.87
17.78
17.77
18.85
21.86
20.54
19.02
15.73
16.61
20.48
18.64
21.71
20.49
13.27
10.10
9.89
21.22
27.07
27.42
23.07
19.07
20.49
19.82
16.50
16.23
17.96
18.66
18.37
16.41
14.06
14.79
23.27
28.55
23.07
18.11
16.48
16.56
23.46
26.36
24.06
18.73
18.07
24.00
21.34
21.67
19.68
22.18
23.47
15.77
20.45
22.50
18.88
15.29
17.12
16.97
15.59
18.36
13.44
14.20
17.89
17.73
15.91
10.54
17.17
22.30
16.69
20.97
23.41
21.24
26.07
35.07
30.75
16.78
14.14
14.72
16.03
20.42
19.75
22.23
23.94
19.78
20.23
21.09
16.31
11.22
12.90
20.02
23.51
21.37
19.81
16.85
16.20
12.73
12.68
17.07
20.20
20.60
23.66
22.23
15.98
29.36
30.02
16.59
17.51
30.13
29.05
18.95
20.83
26.98
31.74
27.31
19.22
15.00
12.30
14.08
16.59
19.72
23.34
22.09
17.95
17.70
18.83
13.82
13.84
21.49
25.27
25.12
21.01
23.95
29.06
23.90
19.17
17.70
17.53
18.11
18.01
15.49
19.16
21.02
21.55
16.27
10.16
13.86
20.94
23.14
17.89
15.15
15.99
22.73
25.48
25.40
21.84
15.73
19.56
21.45
15.88
16.73
28.07
25.63
20.65
17.44
18.02
20.37
21.87
30.39
22.13
11.76
15.42
22.67
19.76
16.23
14.64
13.35
12.55
13.02
15.25
14.29
14.58
19.69
25.42
22.76
19.81
20.06
18.69
15.72
18.14
19.53
13.82
14.45
17.42
15.91
13.71
15.16
22.11
22.77
16.90
23.54
29.52
22.94
14.01
8.93
13.30
19.81
17.56
20.41
25.64
16.05
17.04
23.80
20.08
14.73
14.11
12.66
10.38
14.53
18.82
17.36
14.51
14.11
21.35
24.29
18.92
22.90
18.59
14.56
19.44
19.17
18.14
13.56
20.09
21.18
14.84
21.14
24.78
16.19
11.13
19.64
22.28
16.13
16.08
14.61
16.02
17.73
18.13
19.60
26.07
26.80
13.66
15.18
17.78
23.19
23.38
18.90
15.28
15.75
16.62
14.92
15.96
18.11
17.30
15.04
15.15
20.21
21.42
18.67
22.03
19.11
15.76
13.22
13.04
17.50
23.01
21.27
22.94
20.16
21.23
24.85
