0.14982480021575745
-0.08525377666339665
-0.15418891066666324
0.01282291466006091
0.1172032915359649
0.6128359699232122
1.1050610744445493
1.6968043834595223
2.082726817627878
2.2932546438996773
2.918196254675712
2.974182297218748
3.2992500939500875
2.950155708803485
3.7484402312392753
4.488678345837916
4.020089715908501
3.8226127825600047
3.5810224273660003
3.693565794700185
3.2888613954252457
4.130028184645777
4.3777784548556244
3.7272191931006056
4.100969171687931
4.432473841970679
4.506026641447482
4.084265681102358
3.9228165407234687
4.994647476522013
5.558850954430233
4.654603105603854
4.211860404919685
5.454395220871678
5.622718832929118
4.969707592551618
5.3084000862766425
5.737732871447467
5.230438481490031
5.025098093238298
4.900788536857522
5.28373770626636
5.768463647352717
4.893849735327421
4.794942684665283
4.620045204658406
4.152534647716056
4.379370661244801
4.7323414222191715
4.356034463260953
4.017277871172535
4.436055289962476
4.679895921331386
4.3039109538660405
4.459452504574612
4.343951747920105
4.245870989357845
4.533532207432245
5.281601773378816
5.152073226569934
4.581150964286447
4.459013285013956
5.629664549115353
5.7672133993408154
5.124602437723927
4.863870101521581
5.172591883398211
4.9385952748572715
4.403896131525407
4.454606868365964
4.379985707726153
3.726664727308982
3.27340662715476
3.296154830611502
5.067737985879183
4.523007035922792
3.4948037122206053
4.5428923987576955
5.575156968713285
5.980676262783337
5.773938329978237
6.463083006874651
5.871634146192972
5.312606629447785
5.0998047979358345
5.18776971163955
5.28495050503403
6.360488663118904
5.956879562333651
5.2541171638613235
5.860878358694983
5.454354608238871
4.780944154839059
4.4113956145543725
4.306920336395687
5.261707234609797
5.593841613168804
4.8230556886117295
4.604680091406493
5.251759156487009
5.38616024529596
4.87907435135204
5.459824953024538
6.7807211506591925
7.191019008198838
6.809706381028762
5.938943811631909
5.781933464568372
5.972585762132413
5.9992130478698105
6.031503410862662
6.356385385056722
5.481185017779484
5.13490696150286
5.2908853195525305
4.91009823560898
4.630145846713736
4.836431518076068
4.307338881632838
3.8656035208788495
4.46984546602736
4.789371565380629
5.256154618156662
4.231320065501231
4.3543118463872785
4.788365038207035
3.942217195836285
3.515453725925836
4.298060555176479
4.415648574874643
4.083200074561435
4.049331228588158
4.336230707215587
4.6978343052814715
4.743080509507232
4.949820969134389
4.927847615531073
5.1021095551072015
4.865132069275331
4.346570836241974
4.826987854220127
4.866697134380318
4.203033895716647
4.003908375200761
4.550701648712838
4.286560284375656
3.933619961249548
4.2134404005190955
4.5683332805808865
4.088033304411977
4.300471529612109
4.311353189633663
4.163113128330529
4.446633445279436
4.35228488348128
4.876767929950709
4.784638555139323
4.513036489666435
4.168335702250959
4.228526604438658
4.667234840986852
5.0145316576430785
5.254040785741519
4.9413428652908005
5.293110486165714
5.559662509369581
5.083200313817643
4.966069673021019
4.9762336846183794
5.181005532986839
5.829078529118085
4.584685562600432
4.837651752300536
5.255669785459169
4.57337005752137
4.37142657691121
5.0279744882621715
4.36731716239268
3.8941475508276198
5.1707016706053315
5.394733766666264
5.005352340830989
5.29838459018654
5.808789162596467
5.5961104548900735
4.758608494275391
4.545259257985855
3.9511450308306757
3.2238956505979184
3.576485735419872
4.703728995587022
5.123749492593417
5.042860882256154
4.837991368924374
5.124177967723808
4.702763264336036
3.8494404680179417
5.204569972394133
5.355895734474993
4.541464117168134
4.755400876266966
5.111199973237642
5.139526437272544
4.860451016131212
5.192064667520134
5.21173183888122
5.120147475889331
4.705075855392856
4.109877519410012
4.472252906142214
4.673840257097622
4.9349115465294
4.439601029335146
4.481266979294871
4.843084041816605
4.746090642328945
5.411008052143374
4.938932856592158
3.8140836462190806
4.016208290120309
4.367069965191827
4.371011550909416
5.306169540381092
5.132279332397839
4.665662291009577
4.042021664928574
4.811981777851966
6.112291875375845
5.420188113982618
4.67498349940223
3.76588320917387
4.505249125104264
5.386270220073805
4.715663192425568
5.024538187804426
4.879579283914097
4.142207329514866
4.719508343683689
5.227629082221871
4.511380529123861
4.076636852870237
4.558840887060088
4.675536070079351
4.7154175770182665
4.5035803620798145
5.359097136169459
5.264486925435214
5.105506517334454
5.458660266977583
4.854083038828084
4.538165350053654
5.284807791802725
5.364103800925615
4.564595874523349
4.825207275668429
5.2233085634416145
5.187711811337326
5.621542442795725
4.417735196532503
4.468130788057326
4.165056672590435
4.65266120413645
5.506215142552798
4.510410240227906
5.214043125738984
5.898627604448071
5.206777187240756
4.324278181140628
4.277908894609839
4.681543338150028
4.768324366611069
5.597899413591816
5.697294147638245
4.662478105190904
4.936997628893586
5.685366732665592
5.438989659656027
5.243218376338711
5.0463183875969175
4.894392686447936
5.174469168684628
5.227521447217155
5.183940466358548
4.610743019480708
4.578628257322957
3.963754218636631
4.9037225248809735
5.62602889332456
4.98175202166678
3.9677303302836395
3.2120710984674496
3.0683103055422474
3.558323598603749
3.896506375134868
3.563617054915442
3.6241884552088206
4.16909450282283
4.306991456604089
4.568366848103777
4.869831953176075
4.156722985214369
5.600603898766264
5.8535874354886435
5.2905458573676585
5.381068445985202
5.442694147375071
4.683187420861954
4.284624231207316
5.365840370229677
5.335680512701892
4.711963193943479
4.918652179190154
5.310511235103109
4.920338539817129
4.521657762602956
4.462368173267951
4.853593695061715
5.556452230212632
4.739789029737735
5.03829861257784
5.444358992012252
5.585175425140987
5.34382391501892
4.876369803320301
5.4022115929899295
5.903047743440779
5.419521948066536
4.601737701601695
4.594054030609035
5.305061657690067
5.28841838187401
5.9088351849165255
5.483660860484438
4.83114981181787
5.715630647735667
5.3910175581529804
5.640188991349832
5.239491846191365
5.394806445208154
6.364926900996074
5.996732458734199
4.9286061304231845
5.116423375129343
5.869115660859815
5.506030882920362
5.378282008949467
5.897312382033057
5.795954466921579
5.591726600307429
5.665209611071075
6.134597325763911
6.3244488946901205
5.756533662414283
5.542747370352994
5.4662562954399325
5.905895984347976
5.9098820750570695
6.960505582696557
6.5924039156714
6.203700428135114
5.804167582717503
5.984707331314423
6.008000405209593
6.1863810103464125
6.704076677970428
6.533168478455848
6.0260303805618305
5.924101896049344
5.957687714991082
5.980149764600955
5.58401832641975
5.2888698813559465
5.450735089343323
4.857908958513742
5.305774130279369
5.7122167252133424
5.123730800932607
5.146117721698947
5.77758128111105
6.3677611857262475
6.111709975058667
5.077645752490199
5.137063546011735
5.4025886245652215
4.984136170525906
4.62401630036169
6.05524706504659
5.967647277519969
4.773743404905439
5.604765080207019
6.067295050778097
5.156000368812268
5.424093033882068
5.493710703050542
5.67806803267005
5.142928409872347
4.32250923352208
5.266515779146342
5.74075796419589
5.963196319286529
6.172148710489136
7.102128801563795
6.654888860604061
6.058580768608139
6.408034431310508
5.781595084909286
5.297386358354395
5.278392671351715
5.005135917381246
5.583806151307363
5.513936562566594
5.826052473189611
5.927817200326248
5.672214264002873
5.852682527205225
5.850340310634729
5.4291590228855995
6.1268988403863585
6.554577682739583
5.705747715196967
5.651737862536173
6.492169149307733
6.003934025985565
5.8047952137147085
6.613897256016578
6.452594461214329
6.592538953194351
7.003083415370688
7.121137562817555
6.663280002692693
6.3575677580700924
6.085852490844464
6.392123923157298
7.144018738782634
6.548252741218656
6.028286770516453
5.518541071452301
5.879649811462702
6.303332147681622
5.793084473042719
5.663834912796355
5.874511555018931
5.85252028661875
5.699730723054121
5.553414404625801
5.665647362529202
5.816995233780181
6.321753085422041
5.774868746865111
5.753388578353029
6.4217614956729365
6.299470972012956
5.950941805353015
5.229094782810675
4.761893644676187
5.190193391917555
4.998544262656426
4.786901320845746
5.80156252654156
5.723056574680203
5.875380587096275
5.818822192095181
5.466068665562988
5.3677309110202005
5.053372123459804
4.585064414142461
4.641306867809067
4.7229395930940425
4.945508026992091
5.023874432675146
4.147561516240335
5.313036985959439
6.4563888936965546
5.319514115718208
5.3418576423096225
5.535021037430359
5.423741016945813
5.702288560985496
5.230272307988307
4.627385479336257
4.888096803685334
4.740739226449617
5.7599717485443245
6.401764911642808
4.676494758886125
4.750593823907613
5.547995085230343
5.932178831199693
5.7812501928156985
4.986490328461843
5.852672349065012
5.809931514215783
5.346809355099692
5.709658164017508
6.424482768756495
5.931817955213647
5.523813009053549
5.167738105286676
5.499711785222905
5.560228920246607
5.585419801539132
5.460740604822059
4.795002241376841
4.672728002848385
4.543634800424901
4.904585011358069
5.281460505996341
5.719986640689438
5.980676098010883
6.441134461933465
5.758764090270139
5.306465799719383
5.799954786267662
5.238064322042821
5.06051098043857
5.643573765073045
5.172036276021446
5.2902131499736225
5.746386306740232
6.932130456332129
7.049231241519718
6.237106869523441
5.997153298196173
5.8267728708665505
6.561885499021683
6.051167350241143
5.321905533986588
6.081870894775214
6.213136425739231
5.585088466661972
5.307214767406773
5.4825630745194225
5.785486605154471
6.259725801579145
5.521247740357026
4.931421772310559
5.969884831855087
5.90902046097231
6.077325092614506
6.095296903343366
5.853438479298808
5.427968422389618
5.477688881549642
6.700395117735843
6.88412600377752
5.845849399954748
4.9970330018479014
4.176730891125059
4.154547869898426
4.179983975553146
4.381960161578251
4.358309323769769
5.116325997778372
5.059642583527206
4.2363393636793925
5.224643447639967
5.828505380822414
4.548022957573778
2.9810218548900265
3.9422130305891607
4.546295692797593
4.267864902201942
4.517194022380548
3.8095413260346693
3.952789789961966
4.487713159743638
4.672475199734368
4.47591234383503
3.9352769730675163
4.672100572086139
4.619903719274084
3.75574584710006
3.5722521912149885
5.190066838695146
6.477580841459148
4.883319696538799
3.5862618014106653
4.156437333043149
5.124679639396017
6.200315211203645
5.9151709840969495
5.501248205640924
6.061502298545029
5.554860823074621
5.520337758721357
5.626078592151633
5.917366394841834
6.304743278576957
5.599306452191114
5.039397418697276
5.860199672950994
6.194101141977071
5.7622090606958425
6.76530088265578
6.538961992824063
6.85549816952555
7.387225108769631
6.618874427319361
6.276853209161877
5.948515881179058
