-2.801800199784242
-2.6240037766633963
-2.8835639106666635
-1.3556770853399391
-1.3765467084640353
-0.5991640300767878
0.29931107444454896
-0.05594561654047731
0.5467268176278786
0.8531296438996773
1.0844462546757119
1.4365572972187475
1.8863750939500867
1.9830307088034853
2.5784402312392753
1.670053345837915
2.6118397159085003
3.2596127825600045
2.8083974273660006
3.341940794700185
3.3032363954252464
3.785028184645776
4.115653454855624
3.499719193100606
3.9624691716879297
3.8394738419706784
4.3336516414474815
4.023265681102358
3.3106915407234694
4.319022476522014
4.4791009544302325
4.207728105603855
5.054860404919686
4.365395220871679
4.175843832929117
4.597207592551618
4.365650086276641
5.142607871447468
4.240063481490033
4.768098093238298
4.943913536857522
4.873112706266362
4.834588647352716
4.84122473532742
4.653567684665283
5.158795204658406
4.870034647716056
4.464245661244799
4.811091422219172
4.291659463260953
4.4652778711725345
4.6610552899624755
4.731520921331386
5.200410953866039
4.939827504574612
4.620951747920105
5.2447459893578445
5.237782207432246
5.623226773378817
4.814698226569935
4.848525964286447
5.059138285013956
4.911164549115353
4.976338399340817
4.592102437723925
4.176995101521582
4.598966883398211
3.35409527485727
4.177021131525407
3.886606868365964
4.682110707726153
4.786914727308982
5.29603162715476
4.724654830611501
4.756987985879183
4.354132035922793
4.183928712220605
3.8672673987576944
4.037406968713285
3.8760512627833363
3.9096883299782377
4.010458006874648
3.750759146192972
3.935106629447786
3.758929797935834
3.8981447116395507
3.17020050503403
3.903488663118903
4.472754562333648
4.193867163861324
3.804628358694982
3.125854608238873
3.563069154839059
3.9901456145543728
3.7651703363956863
3.5878322346097975
4.553091613168804
4.20718068861173
3.9851800914064928
5.374884156487007
4.80566024529596
4.300199351352041
5.038449953024538
5.040971150659193
4.448144008198836
5.991081381028761
5.959068811631908
6.212308464568371
5.760085762132413
5.535088047869811
5.267003410862661
5.888135385056722
6.276310017779483
5.784031961502862
5.194760319552529
6.003723235608982
5.730395846713737
4.98605651807607
4.812838881632837
5.19310352087885
6.1014704660273615
5.234621565380628
6.352404618156663
5.32669506550123
5.458561846387279
4.959365038207035
5.369467195836287
5.373703725925835
5.644685555176479
5.961523574874644
5.550075074561434
5.885331228588158
6.278855707215587
5.0510843052814725
5.363330509507231
5.780945969134389
5.505222615531072
5.833984555107202
4.97475706927533
5.867570836241974
5.589112854220128
5.608447134380317
5.205033895716644
6.2167833752007615
5.277826648712837
4.961435284375656
6.20186996124955
6.413190400519095
5.512583280580888
5.827283304411976
5.939721529612108
5.439978189633662
5.17048812833053
5.5877584452794355
6.11565988348128
5.69539292995071
5.6186385551393245
5.579036489666436
5.621335702250959
5.566901604438655
5.005609840986853
5.168281657643079
4.212790785741519
4.7653428652907985
5.426360486165714
5.181037509369582
5.207450313817642
5.1809446730210205
5.121108684618379
5.4820055329868405
5.947953529118086
5.7355605626004325
5.019776752300536
5.21941978545917
5.492120057521368
6.0183015769112105
6.032099488262172
6.29994216239268
5.152897550827619
5.98857667060533
5.240858766666265
5.739102340830988
5.644884590186541
5.241164162596467
5.749610454890075
5.026983494275392
5.205634257985855
4.7335200308306735
4.80189565059792
5.129235735419871
5.16060399558702
5.656374492593417
6.513735882256153
5.789616368924374
5.642302967723808
5.523888264336037
5.586315468017941
5.696444972394133
5.385395734474993
5.460839117168135
6.0720258762669665
5.505074973237643
7.076651437272546
6.029701016131211
5.6645646675201355
6.17410683888122
5.96452247588933
6.104075855392855
5.516252519410011
5.427002906142214
4.8853402570976225
6.7107865465294
6.375351029335147
5.578391979294869
5.650084041816605
5.869715642328944
6.566508052143373
6.2994328565921585
6.205833646219081
6.050333290120308
5.283069965191826
4.935761550909415
4.514294540381091
3.9624043323978384
4.755037291009577
5.215021664928574
4.892231777851967
5.2662918753758445
6.137938113982617
6.160983499402229
5.093883209173869
4.631749125104264
5.563895220073808
6.6210381924255675
6.313788187804427
6.392954283914096
6.109582329514867
6.06113334368369
5.326379082221871
6.418005529123863
4.945261852870236
5.950965887060086
7.589911070079351
7.654042577018265
6.945705362079814
7.92784713616946
7.373236925435216
7.719881517334454
6.204160266977585
6.441083038828084
5.6114153500536545
6.749682791802726
4.794853800925617
6.051720874523349
6.160457275668429
6.923933563441614
6.652836811337327
5.829042442795725
6.647860196532501
6.617005788057326
5.399806672590435
6.753661204136451
6.292590142552799
7.284910240227906
7.1997931257389824
7.138752604448071
8.060027187240756
8.57540318114063
6.712783894609839
7.695293338150028
6.801324366611069
8.397149413591816
7.837044147638241
7.091978105190904
7.550622628893586
7.282741732665592
7.376114659656026
6.55184337633871
6.080818387596917
6.272392686447937
7.3229691686846285
6.445646447217156
6.01419046635855
6.26199301948071
5.489628257322957
6.328129218636631
6.242097524880974
7.734153893324561
8.560252021666779
7.267355330283638
7.893946098467448
7.6801853055422455
6.910073598603748
7.833131375134869
7.342492054915442
6.50756345520882
7.134344502822829
7.461366456604089
6.050991848103777
7.913206953176075
8.09097298521437
6.027103898766263
5.2830874354886435
5.508545857367659
5.710943445985202
6.398069147375072
6.399062420861954
7.861624231207317
6.750465370229679
7.113430512701892
6.833588193943482
6.347527179190155
6.750011235103111
7.035088539817127
6.745032762602959
6.77111817326795
7.4470936950617155
6.8547022302126335
6.512039029737734
5.974423612577839
6.5154839920122525
6.760675425140988
6.8344489150189185
6.528994803320302
6.60908659298993
5.9062977434407795
5.903021948066535
6.646987701601692
6.1309290306090345
6.751561657690066
6.13504338187401
5.448210184916525
6.685535860484438
6.866774811817872
6.945505647735667
7.23339255815298
6.06456399134983
6.438366846191365
6.695806445208153
7.208551900996073
7.709232458734199
6.573231130423185
6.191923375129342
6.664115660859813
6.556905882920361
6.982032008949466
7.119062382033058
7.784704466921578
7.753601600307431
6.9919596110710724
6.791847325763912
7.719323894690122
8.181783662414283
8.255997370352995
8.088506295439934
8.417770984347976
8.412757075057069
8.245380582696558
7.9346539156714
9.146325428135116
7.993417582717504
8.780582331314424
9.522750405209594
9.064006010346413
9.108076677970427
8.637168478455848
8.750280380561827
8.790976896049344
9.601062714991082
8.770149764600959
7.818268326419751
8.354119881355947
9.124985089343323
8.861908958513741
9.30739913027937
8.798966725213342
9.093855800932605
8.782992721698948
8.64220628111105
8.629011185726245
8.530709975058668
9.539145752490198
8.816438546011732
9.13233862456522
8.717386170525906
9.26889130036169
9.300872065046592
9.23352227751997
8.202868404905438
8.364015080207022
8.564170050778095
8.250750368812268
8.583468033882069
8.243835703050543
8.417068032670048
8.983803409872346
7.9682592335220805
8.971265779146343
8.72813296419589
8.569446319286529
8.283773710489136
7.355628801563796
7.80688886060406
7.020830768608139
7.574909431310509
8.012220084909286
7.852636358354395
7.252767671351715
8.150260917381244
6.914806151307361
6.895186562566595
6.6336774731896115
6.6833172003262495
6.803089264002874
7.187307527205224
7.08021531063473
6.7301590228856
6.677523840386356
6.344327682739584
6.834747715196967
7.047112862536171
7.378169149307735
6.607934025985565
7.103670213714713
7.1827722560165785
7.4859694612143315
6.575913953194353
6.610583415370689
6.635512562817553
7.013530002692693
6.1468177580700925
7.632102490844465
6.8288739231573
7.0101437387826335
7.165252741218655
8.428411770516451
8.2684160714523
7.513274811462702
7.435832147681622
6.34308447304272
6.721334912796356
7.028011555018931
6.343020286618748
6.55385572305412
5.3665394046258035
6.179897362529202
6.861245233780181
6.222628085422041
6.31074374686511
6.405763578353029
7.0811364956729355
6.380720972012956
6.568191805353013
6.720969782810675
6.556643644676188
7.287443391917556
7.901294262656425
8.160401320845747
8.343187526541557
7.743181574680202
7.7340055870962745
7.64019719209518
6.751193665562988
7.149980911020203
6.040872123459805
7.394439414142461
6.450056867809069
6.431564593094045
6.89188302699209
6.885249432675146
7.5804365162403355
7.342036985959436
6.734638893696554
6.070014115718209
6.564357642309622
6.30964603743036
6.045866016945813
7.201038560985497
8.210147307988308
6.824510479336258
6.912971803685333
5.171864226449618
4.993846748544324
6.6021399116428094
7.006869758886125
8.021593823907613
8.062495085230342
8.345803831199692
8.4422501928157
7.926490328461845
8.195172349065011
8.811306514215781
8.265309355099692
8.932283164017505
9.113732768756496
7.925442955213649
8.851313009053547
8.971363105286674
8.410961785222906
8.469103920246608
9.259044801539131
8.753240604822059
8.833127241376841
8.389603002848386
9.960259800424902
10.213585011358068
9.955835505996344
9.63698664068944
9.961551098010883
8.502259461933463
8.921514090270138
8.915715799719385
10.170079786267667
9.202064322042824
10.30513598043857
8.803198765073043
9.475911276021446
10.209338149973622
9.443386306740228
9.33138045633213
11.101481241519718
9.318356869523441
10.113153298196172
9.100022870866548
9.672635499021684
9.130667350241142
9.163405533986587
8.869495894775216
8.70401142573923
8.329463466661972
9.320089767406774
8.734563074519423
9.56498660515447
9.293725801579146
9.279872740357025
7.8284217723105565
8.868634831855086
8.506145460972311
7.829325092614505
8.267671903343366
8.354063479298809
8.407093422389615
9.097063881549639
9.249520117735841
8.78087600377752
8.42372439995475
8.493033001847898
9.134480891125058
9.534297869898426
9.331608975553147
8.73158516157825
9.479684323769767
8.208825997778373
8.043392583527206
8.285714363679393
7.281143447639967
8.381255380822413
9.083897957573779
8.192771854890026
9.286963030589158
9.391670692797595
8.537489902201944
9.384694022380543
9.301166326034668
9.076914789961966
8.907213159743637
8.72197519973437
8.462787343835034
8.652901973067516
7.786975572086141
7.592778719274084
7.693620847100061
6.43000219121499
7.200441838695146
6.524705841459148
6.748819696538801
7.323011801410664
7.57381233304315
6.095179639396015
6.849065211203644
6.140045984096951
6.672498205640926
5.5181272985450285
5.055485823074622
5.355837758721358
6.5558285921516335
6.885366394841837
6.548368278576957
5.643056452191116
5.063522418697277
6.219574672950994
5.673226141977072
5.542084060695842
5.33417588265578
6.890586992824062
6.978123169525551
6.799600108769629
6.243749427319361
7.361103209161877
7.0927658811790595
