-0.7868001997842425
-0.7888787766633969
-0.9845639106666632
-0.4053020853399391
0.0378282915359649
0.671335969923212
0.8403110744445492
1.2481793834595225
1.4519768176278787
1.9027546438996776
2.201446254675712
2.0483072972187477
2.354125093950087
2.489655708803485
2.3848152312392754
2.5715533458379145
3.3598397159085
3.5362377825600046
3.2871474273660013
3.670440794700185
4.122861395425247
3.733403184645776
4.372403454855624
4.422344193100607
5.066594171687931
4.833598841970678
4.758026641447481
5.5813906811023575
4.704816540723469
5.1947724765220125
5.550850954430234
5.233353105603855
5.520235404919687
4.742520220871678
4.937968832929117
5.484707592551619
5.691275086276642
5.516732871447467
5.769063481490033
5.797973093238299
5.377913536857522
6.1849877062663605
5.810463647352717
5.638724735327423
5.261067684665283
6.420170204658405
6.073034647716057
5.9092456612448006
4.871591422219171
4.754034463260955
5.806527871172535
6.098805289962477
6.132520921331386
4.655035953866039
4.316577504574612
4.519326747920105
4.918745989357847
4.881407207432245
4.273476773378816
5.2498232265699345
5.189775964286446
4.599638285013954
4.648039549115355
4.4333383993408155
4.028602437723926
4.547620101521582
4.22446688339821
4.77122027485727
3.869896131525409
3.8414818683659635
4.4331107077261525
3.236914727308982
3.3335316271547604
3.6607798306115007
3.799362985879183
3.651507035922791
3.982928712220605
4.182517398757694
4.182781968713285
4.255551262783337
3.1170633299782375
3.6839580068746494
3.6227591461929727
3.757356629447786
4.448054797935835
4.198894711639551
3.8149505050340298
3.801738663118904
4.10625456233365
4.243492163861323
3.8958783586949814
3.984479608238873
3.9644441548390588
4.1072706145543725
3.271670336395686
3.371332234609798
3.5085916131688037
3.3918056886117287
2.9984300914064934
3.618134156487007
4.44603524529596
3.8240743513520408
4.914449953024538
4.1899711506591935
4.480894008198836
4.552081381028762
4.1846938116319095
4.099183464568371
3.8704607621324127
4.18521304786981
5.159128410862662
4.952885385056722
5.097810017779484
4.71390696150286
5.19001031955253
4.706598235608982
4.379020846713737
5.461431518076068
4.702588881632838
4.567103520878849
5.31847046602736
4.862996565380628
4.749654618156662
5.085695065501231
5.2144368463872794
4.895365038207035
4.305467195836287
4.943578725925835
5.166935555176478
4.915398574874644
5.365700074561435
4.423081228588159
5.049105707215586
4.785334305281473
4.68045550950723
5.259570969134389
6.069472615531071
5.7207345551072
4.68650706927533
5.723070836241976
4.7704878542201286
5.891572134380317
5.738908895716645
5.502408375200761
5.788576648712837
5.4891852843756554
5.37936996124955
4.624815400519097
4.667333280580888
5.392908304411977
5.45497152961211
4.5402281896336625
5.524488128330529
5.078633445279436
4.86240988348128
5.8103929299507096
4.735513555139326
5.050411489666436
5.452085702250959
4.646151604438656
5.628109840986853
5.507031657643079
4.61104078574152
5.601592865290798
5.231485486165714
4.998912509369581
5.604825313817643
6.14069467302102
6.47648368461838
5.95488053298684
6.564328529118086
6.3395605626004325
6.067526752300536
6.04766978545917
6.255495057521369
5.5823015769112105
6.362724488262171
6.29806716239268
6.56389755082762
6.31320167060533
6.221358766666266
6.325727340830988
6.6841345901865425
6.056539162596466
6.465110454890075
6.8868584942753905
7.001259257985854
7.565770030830675
6.154770650597919
6.424735735419871
7.03447899558702
7.015249492593416
7.051735882256153
7.344491368924374
7.256927967723808
6.722513264336038
6.1774404680179416
7.554694972394134
6.805270734474994
7.216089117168134
7.547650876266964
6.683449973237642
7.649276437272545
6.9293260161312125
6.5601896675201345
6.117606838881221
5.776522475889331
5.991825855392856
5.361377519410011
5.202252906142215
5.047465257097622
5.250161546529401
5.4422260293351465
6.047016979294871
5.442834041816605
5.7422156423289445
5.694258052143374
5.0851828565921595
5.60070864621908
4.795208290120308
5.3748199651918265
5.141886550909415
4.726419540381091
4.281279332397839
5.2720372910095765
5.4867716649285745
5.737231777851967
5.002041875375844
4.897813113982617
4.53885849940223
4.479133209173871
5.115999125104264
5.638145220073807
4.101413192425569
4.962413187804425
4.6569542839140965
5.063582329514865
4.837008343683689
5.435504082221871
4.806255529123862
4.515761852870235
5.251090887060087
4.955161070079352
5.538167577018267
5.349955362079815
5.7198471361694585
5.058986925435215
6.111006517334455
5.518535266977585
5.976833038828084
6.873540350053656
6.502807791802725
6.019353800925615
6.017095874523349
6.225332275668429
6.263558563441615
6.251336811337327
5.746917442795726
6.564360196532504
6.937755788057326
6.713806672590437
6.947786204136451
6.248840142552797
6.818410240227909
6.069418125738983
6.616252604448071
5.904152187240757
6.529778181140629
5.8900338946098385
6.270918338150027
6.378324366611073
7.2027744135918175
7.409294147638244
6.6679781051909055
7.034622628893586
6.417491732665593
6.519864659656027
6.775593376338712
6.622193387596919
6.456267686447936
7.06321916868463
6.228771447217156
6.487315466358548
6.877493019480708
6.562253257322957
6.488379218636629
7.057722524880973
7.237778893324561
7.235377021666779
6.571355330283639
6.23057109846745
6.567560305542248
7.144573598603749
6.018256375134868
7.038117054915442
6.367313455208819
6.821969502822833
7.508991456604087
6.283616848103777
7.533206953176077
7.26597298521437
6.585478898766264
5.539837435488644
5.810545857367661
5.5030684459852015
5.073069147375071
5.601187420861954
5.371499231207316
5.941965370229676
5.210805512701891
4.809088193943481
4.709527179190154
5.1816362351031096
5.362963539817129
5.166532762602957
5.185243173267949
5.617093695061714
5.409827230212632
6.324914029737733
4.967923612577841
5.38648399201225
5.216425425140987
5.57182391501892
5.188119803320302
5.1183365929899285
5.813922743440779
5.438771948066536
6.420612701601694
5.919179030609034
6.774936657690065
6.967918381874012
6.220085184916525
6.948910860484437
6.58152481181787
5.6623806477356675
5.75501755815298
6.231188991349831
5.745116846191365
5.759181445208154
5.738051900996075
5.858482458734198
5.993106130423184
6.433298375129343
6.9462406608598135
6.067655882920363
6.826782008949469
6.4520623820330565
6.896454466921583
6.84885160030743
7.633834611071075
7.379972325763913
7.970073894690123
7.728158662414284
8.064997370352993
7.79725629543993
7.532270984347977
7.40738207505707
7.970755582696557
7.265903915671399
7.198575428135116
7.257792582717503
7.344332331314423
7.055875405209593
7.064131010346413
8.188951677970426
7.743168478455847
8.219280380561829
7.3878518960493444
7.569812714991085
7.780274764600959
7.550268326419748
6.847744881355948
7.5213600893433235
7.202783958513743
8.02689913027937
7.698091725213341
6.780980800932606
7.972617721698949
7.5584562811110505
7.565136185726246
6.684959975058667
6.4140207524902
6.922938546011736
6.9940886245652205
6.570886170525905
7.02026630036169
7.1316220650465905
6.908022277519971
6.54111840490544
7.038015080207019
7.297170050778095
7.3072503688122685
5.009093033882067
7.072335703050541
6.344068032670049
6.878928409872348
6.48713423352208
6.342640779146342
6.68025796419589
7.027571319286528
6.905898710489135
6.706253801563797
6.554388860604063
6.9939557686081395
6.833034431310509
6.360845084909287
6.921261358354395
6.054017671351716
6.148760917381247
7.1199311513073615
6.618561562566595
6.49355247318961
6.8506922003262485
7.747089264002873
7.188432527205226
6.553215310634729
5.478409022885599
6.506773840386359
6.827202682739582
6.155747715196966
5.701237862536174
6.235669149307733
6.583184025985565
6.422795213714711
5.540022256016579
5.80634446121433
6.1465389531943515
5.656833415370689
6.255137562817554
6.2566550026926935
6.172817758070092
5.723227490844463
6.082123923157299
5.578643738782634
5.906752741218656
6.74728677051645
6.237541071452299
5.954774811462701
6.065707147681622
5.064584473042719
5.933584912796355
6.597636555018929
6.066020286618749
5.24323072305412
6.447164404625804
5.383897362529201
5.951745233780182
6.868753085422041
7.092993746865111
6.3293885783530275
5.790511495672939
6.331845972012956
7.003941805353012
6.755094782810676
6.339768644676185
5.9644433919175555
6.6020442626564275
6.457276320845745
6.542937526541559
6.408431574680201
7.187255587096274
6.191697192095181
7.482943665562986
7.682355911020202
6.643122123459805
6.995189414142462
6.825931867809068
6.8948145930940425
7.28375802699209
6.497749432675145
7.467436516240333
6.571536985959439
7.802263893696557
7.552764115718211
6.101857642309623
8.09277103743036
7.317991016945811
7.805413560985497
6.4455223079883055
6.767760479336257
7.642096803685333
7.353489226449618
7.125721748544323
8.144014911642806
7.663494758886122
7.650218823907613
7.368495085230345
7.838428831199693
8.6578751928157
7.959615328461845
7.8569223490650115
7.376681514215782
7.635309355099693
6.985658164017509
7.351482768756494
7.281192955213649
7.5189380090535485
8.286863105286677
7.192211785222904
7.457603920246607
6.995544801539133
8.52524060482206
7.288502241376842
8.050228002848385
8.1135098004249
7.91921001135807
7.905335505996344
8.963111640689439
7.217551098010886
8.320384461933466
8.276264090270137
7.466840799719383
7.263079786267663
8.724439322042825
8.624010980438571
8.167948765073042
8.475161276021446
8.795463149973623
9.47238630674023
8.712130456332128
9.256856241519715
8.701231869523442
8.79665329819617
9.88052287086655
8.360510499021684
8.635292350241143
8.126030533986588
8.197120894775214
7.78963642573923
8.951463466661972
9.721089767406772
8.573938074519425
9.450486605154467
8.005350801579148
9.819247740357028
8.80767177231056
9.600884831855087
8.560895460972311
10.036950092614507
9.440046903343365
9.100188479298808
8.89096842238962
9.10206388154964
8.795395117735842
8.73125100377752
7.733974399954749
7.1821580018479025
7.77660589112506
7.794797869898429
7.3908589755531455
7.91208516157825
7.949434323769768
7.766325997778374
8.060642583527207
8.500214363679394
7.018018447639968
7.159755380822414
7.284647957573778
6.869521854890027
6.579713030589161
7.739795692797595
7.865364902201942
5.804194022380546
7.14104132603467
6.604039789961967
6.173713159743637
6.941225199734368
6.742162343835032
6.895401973067516
7.537225572086137
7.046528719274084
6.78274584710006
7.63862719121499
7.620441838695147
7.237330841459149
6.897444696538799
7.315136801410666
7.396437333043148
8.430179639396016
7.019190211203645
6.977170984096947
8.509373205640925
8.061252298545028
8.50786082307462
7.913837758721357
8.160328592151632
9.003616394841837
8.556993278576956
8.390806452191116
7.880647418697275
8.426949672950993
7.847351141977071
7.162209060695842
7.687300882655779
7.623336992824063
8.59024816952555
8.735725108769628
8.22749942731936
8.262103209161879
8.903640881179058
