38.4
39.7
48.16
41.51
48.76
51.29
46.88
58.76
58.28
64.77
61.0
54.69
52.88
49.56
53.65
55.98
52.72
42.31
34.66
25.97
20.74
25.2
29.22
27.43
22.83
24.29
20.14
22.99
22.69
17.49
25.95
28.71
41.35
48.77
42.73
37.0
30.14
20.47
24.09
24.06
25.87
36.43
33.62
43.49
48.51
37.95
36.32
36.21
37.71
45.31
44.72
50.45
44.03
51.07
65.39
51.89
45.45
27.58
7.85
6.67
10.66
22.11
39.42
41.18
54.76
60.9
56.67
59.22
42.34
26.77
17.8
16.26
25.63
33.52
36.39
50.91
42.99
58.02
96.63
91.7
93.06
78.72
45.55
41.51
49.19
45.39
47.14
54.68
58.48
78.4
92.11
90.6
92.72
83.75
74.93
77.38
73.94
77.08
65.39
58.33
56.76
51.3
54.9
48.97
46.51
56.1
56.53
62.34
63.04
55.65
54.33
54.04
52.57
51.32
53.13
66.3
68.1
69.01
69.89
46.85
40.12
27.81
27.16
36.61
34.14
32.15
23.88
13.91
15.52
18.59
19.8
26.98
28.07
22.49
19.86
16.21
13.12
12.97
11.07
7.01
9.79
17.79
19.1
20.98
17.21
16.63
25.96
35.7
50.15
57.75
57.32
54.09
51.06
39.27
37.3
38.33
38.24
48.24
62.25
95.97
103.65
100.97
101.15
85.64
92.11
102.85
101.22
95.98
97.12
87.78
79.85
76.57
58.73
62.93
74.41
60.4
68.34
61.75
40.83
42.99
31.84
26.65
29.7
28.73
25.32
20.8
27.25
27.29
30.09
33.39
25.87
24.55
23.49
22.43
26.65
23.76
24.04
27.6
26.78
30.6
31.62
31.53
31.61
33.48
35.26
46.14
48.39
48.05
51.98
45.72
46.72
44.73
39.94
35.78
35.04
42.51
46.1
47.86
58.63
52.06
50.93
54.13
41.82
47.32
51.93
52.61
49.5
53.02
58.42
63.5
83.36
88.84
82.37
81.14
68.57
59.43
66.11
71.68
88.66
107.74
100.16
92.97
71.7
61.28
57.55
57.8
58.92
55.51
66.28
57.95
63.68
59.49
44.46
47.93
37.16
30.53
32.77
39.61
41.97
51.69
52.29
44.51
52.13
54.86
67.64
73.11
73.72
68.18
69.64
67.09
67.26
64.79
50.59
46.65
40.56
41.95
50.26
59.09
64.89
63.99
62.95
62.11
64.95
73.14
72.11
77.93
64.52
64.39
69.31
56.23
65.61
49.44
47.36
55.42
51.92
58.71
62.76
55.2
64.65
69.9
59.43
72.07
75.23
71.85
75.38
67.87
70.24
76.29
80.65
80.72
65.9
57.45
56.98
58.22
59.45
63.19
61.68
60.57
56.17
62.42
65.63
68.75
70.12
60.64
58.65
61.42
73.96
77.91
80.9
72.68
62.57
61.74
58.45
59.47
69.94
59.75
50.9
50.64
43.42
51.59
55.08
55.83
52.95
52.54
55.49
49.18
52.45
53.81
47.11
60.83
61.63
71.02
78.67
76.24
70.37
60.7
61.17
51.44
55.01
63.16
62.15
69.94
61.05
63.73
58.06
56.41
67.26
50.27
50.28
51.87
71.78
79.86
93.91
93.23
74.42
90.38
98.55
116.35
132.96
132.6
113.84
102.99
88.8
80.45
86.4
81.78
78.24
69.68
67.04
55.35
53.42
52.88
43.51
54.77
56.36
53.72
55.43
53.58
57.48
56.86
71.47
66.46
60.58
61.47
44.56
55.02
53.67
56.06
57.14
44.98
41.15
34.46
44.0
43.58
51.61
51.4
41.02
42.14
35.41
42.52
42.45
45.94
42.89
48.61
46.42
42.25
44.41
38.83
46.06
48.52
47.16
46.69
46.54
43.24
54.65
54.83
57.53
55.24
41.88
45.47
41.32
45.02
51.99
52.91
56.78
65.63
59.02
50.3
46.62
32.1
33.02
32.23
26.74
29.95
32.1
28.48
38.59
39.77
34.74
32.81
22.01
22.84
30.05
36.8
37.03
33.36
29.92
37.31
36.79
45.81
45.0
32.02
37.95
29.82
26.89
31.48
24.86
20.33
24.91
27.31
28.44
34.41
27.54
24.72
29.05
31.87
38.51
37.15
37.75
37.86
44.48
53.32
58.76
61.24
57.69
66.51
62.44
62.14
61.17
41.74
46.71
48.21
58.71
62.48
65.51
68.65
54.1
52.72
42.3
36.41
41.44
49.33
48.22
46.4
41.76
46.79
49.72
53.08
70.35
60.66
65.99
60.1
50.51
47.64
48.53
57.4
51.77
48.69
54.45
51.13
49.17
54.72
47.76
45.83
52.3
49.49
45.14
41.91
38.14
38.95
42.52
42.48
47.54
50.04
44.05
49.98
51.12
53.54
50.63
45.92
40.5
39.3
46.64
52.59
49.33
50.74
46.74
44.59
48.75
43.65
48.81
45.91
43.08
55.39
53.54
56.27
53.43
40.06
39.1
32.01
34.67
29.89
29.36
34.11
39.52
49.73
48.01
51.57
48.1
52.76
57.95
51.94
53.07
46.75
42.12
39.98
38.09
30.01
23.92
27.03
23.77
28.18
35.2
33.11
36.4
39.93
47.19
48.76
44.07
39.65
