56.36
75.56
73.53333333333333
70.48
75.59
65.58
78.34
86.4
81.06
70.38
52.52
35.78
28.85
41.13
35.92
38.36
49.59
50.71
50.14
51.51
40.72
33.39
28.36
20.26
31.44
37.53
40.73
54.29
44.27
43.39
47.09
36.04
33.94
32.07
43.23
50.29
56.51
74.09
67.36
60.83
64.75
40.57
40.0
47.55
45.4
63.51
60.01
60.5
54.32
40.16
47.4
46.25
49.23
54.86
49.2
53.3
70.22
72.22
83.55
86.5
73.37
73.13
70.51
74.94
96.65
118.96
130.23
114.87
97.23
75.5
71.43
79.82
80.1
83.79
68.83
65.14
63.87
53.77
55.25
59.29
54.4
54.34
52.1
44.83
38.15
43.61
50.2
53.24
60.81
57.15
57.74
72.16
86.21
87.7
87.88
78.38
67.57
72.65
73.24
69.95
68.76
63.94
70.7
79.76
86.25
88.36
77.94
85.31
70.2
71.5
77.08
58.6
65.86
58.98
56.59
57.57
68.64
69.52
74.47
67.89
69.09
77.54
71.09
88.1
86.64
89.33
83.84
81.57
68.24
58.93
60.9
63.84
68.53
82.29
81.46
72.74
77.33
64.93
69.68
69.4
65.92
67.48
61.95
58.34
46.38
45.71
49.24
59.73
62.08
57.95
54.43
44.22
48.67
44.96
53.52
57.38
53.98
55.16
49.17
54.82
58.55
57.92
58.16
51.84
58.27
61.54
62.3
53.38
47.82
41.78
34.43
38.3
40.64
44.11
45.96
45.15
35.24
41.37
46.55
47.44
58.6
56.36
46.34
46.28
41.24
39.23
40.67
46.74
46.35
43.0
43.9
41.51
42.36
47.48
47.48
43.07
52.13
51.86
63.06
62.23
54.99
53.89
42.72
52.79
47.85
42.5
43.58
28.09
22.53
23.22
27.9
32.78
50.22
56.95
52.72
60.2
50.13
48.6
53.29
49.24
47.07
43.37
45.91
43.99
50.61
57.98
62.39
75.18
73.58
69.68
61.99
50.36
46.3
53.03
56.39
57.62
65.38
61.01
64.82
60.56
49.95
49.83
42.76
46.58
53.41
47.73
49.14
54.73
43.4
46.41
38.93
31.22
36.23
31.68
33.99
29.11
24.62
28.73
21.83
25.79
28.67
19.73
24.15
23.16
19.49
19.91
19.2
15.37
15.82
13.43
10.78
9.88
16.11
20.14
17.27
18.52
13.24
9.75
12.7
9.68
9.38
14.06
14.21
25.95
28.88
26.37
27.0
16.88
13.35
14.3
25.35
25.74
30.11
28.89
18.2
21.3
16.09
17.0
19.12
19.02
19.44
18.3
15.33
9.88
9.67
7.75
6.01
10.91
9.57
10.91
13.51
9.45
11.94
16.45
15.42
15.86
14.74
9.67
9.16
7.46
10.7
10.96
10.87
18.05
25.34
28.54
27.11
22.94
13.52
13.62
16.33
15.41
13.07
8.5
6.69
11.94
16.67
19.91
18.64
11.91
8.91
5.82
5.71
8.17
6.6
8.68
11.12
11.03
11.31
16.04
19.42
20.0
24.11
23.85
23.45
28.69
27.88
27.28
24.8
27.45
24.16
22.49
21.8
18.77
21.6
17.46
21.97
19.92
15.69
16.63
11.26
5.97
8.13
9.5
8.69
12.07
10.93
19.47
20.29
21.41
25.32
22.24
28.44
26.42
27.43
22.41
18.25
19.28
18.21
20.62
28.81
26.1
25.85
24.18
22.52
23.46
26.1
25.81
23.34
28.13
27.78
28.88
26.11
26.67
21.66
23.12
20.92
19.64
23.81
25.17
27.49
25.14
20.76
17.59
15.22
19.73
20.31
24.57
30.39
23.88
27.81
23.36
31.5
33.04
30.78
33.19
17.74
20.7
22.51
30.12
43.82
46.93
43.88
31.93
24.42
17.2
15.33
20.49
18.93
24.66
29.94
29.59
29.81
25.7
27.62
26.2
21.85
19.09
13.67
16.23
22.51
28.71
29.32
30.13
30.38
25.59
25.54
19.59
13.23
17.85
15.29
15.05
16.3
14.29
23.26
25.24
26.24
24.08
19.6
18.02
23.4
25.0
25.83
29.47
26.68
26.36
25.04
21.01
23.9
22.08
23.26
25.61
18.04
17.59
16.36
19.52
25.81
29.92
28.74
25.14
21.29
21.61
32.71
38.62
38.27
40.22
31.34
21.14
19.03
15.54
27.74
30.0
36.02
32.68
16.49
17.59
12.35
15.89
16.12
19.09
25.04
27.43
32.54
32.2
30.3
23.15
16.97
14.69
10.66
13.95
17.55
14.43
17.29
22.15
18.72
28.48
26.88
19.8
20.5
10.85
8.61
9.55
11.17
12.81
12.52
12.31
13.81
17.66
19.15
27.05
24.29
22.41
20.31
12.74
13.49
15.62
16.96
22.56
22.43
15.81
21.85
16.13
17.29
18.32
10.17
15.75
16.26
20.22
21.93
17.46
19.86
20.82
26.7
33.07
29.37
23.58
16.74
8.84
13.36
14.76
14.4
14.08
16.59
19.71
22.52
28.17
22.13
27.54
27.69
22.64
20.95
18.84
24.85
24.28
25.11
16.91
10.16
11.78
11.86
16.81
18.53
15.16
13.54
10.29
5.46
5.76
9.17
9.82
12.72
16.86
