0.2929467162893762
0.2833201723506355
0.6045748291877743
0.9466550040323616
1.2267639347840749
1.4177711978521614
1.511545876769274
1.4988439598594416
2.0831961675395814
2.9581744845827784
3.214630858455743
3.5792034184635044
3.526636470518873
2.83664221572854
2.6147451234945542
2.272341847651952
2.0205454178790494
2.420699250264588
2.789803513114363
3.0930222028414804
2.945072868129019
2.6725084468928597
2.602596341769309
2.800973956471664
3.212308694091704
3.023141262942584
2.773849278720115
2.919406666182705
1.9811920633966196
1.2803842833709391
0.9928473125053148
0.4864734607778879
0.9490954744401228
1.622338118035067
2.0885927281380137
1.093786629156794
0.4917360577511192
0.0420580875587785
-0.3547232493720496
0.1776803380576645
0.6240808241593259
0.6461226238358548
0.5085153575320323
0.3023871692488587
-0.269053218178948
-0.7550564711546266
-1.351496283565437
-1.7426626141954802
-1.7664675945146042
-1.4956793243226063
-1.2740055643748454
-1.0466782686170566
-0.9171130141715672
-0.8186511499392465
-0.6686202383258388
-0.4932615551656334
-0.3656522952848156
-0.2051018557744056
-0.258545283639417
-0.417783742321648
-0.4512345904191543
-0.4620793166864594
-0.3893109067603357
-0.1789118072656841
-0.173496568579406
-0.2366098855365878
-0.1171110101356559
-0.1173947650300905
0.0706556090137164
0.3006270541438056
0.366048375426527
0.4958919285474393
0.3069968724186441
0.0353884702026339
-0.3456918618846443
-0.7392133146848282
-0.8665660606229814
-0.9865393607032468
-0.9309022265380268
-0.8482229975017939
-0.7949838416531886
-0.7594536258893991
-0.6699388911680311
-0.7731776698498328
-0.753853603844563
-0.5908978473353321
-0.576831964651132
-0.3080487793436671
-0.1351474590199429
-0.1525603076927546
-0.1444645843949216
-0.3053492110121562
-0.3827076313092449
-0.1914576123797893
-0.1470644079783026
0.0761037574752729
0.0265365339721495
-0.1331024316549731
-0.0635134132212391
-0.2140421089980216
-0.1066851458907336
-0.2029915225455489
-0.4275883626721152
-0.4950198075058215
-0.6681634840560017
-0.5703097201497694
-0.6067215185256537
-0.4010369230539441
-0.2750781832065676
-0.215156987847202
-0.0965658641250101
-0.2253641674436078
-0.3431894001169428
-0.2173684085239363
-0.1400372239569548
-0.1483930008394535
-0.1574234065439943
-0.4878609438357579
-0.4262328388234044
-0.4603436118868663
-0.3823101377659195
-0.246842259086384
-0.4451706785773794
-0.4121018659623124
-0.1583287383104018
0.2227269837840533
0.7828584341469426
1.2099277368186447
1.5861968799300936
1.8734966527963988
1.8215838232382056
1.503276513016098
1.19592237431042
0.8631253298815941
0.7023535300677883
0.5956122772017911
0.4096573956101431
0.5694159882920174
0.3965522261844626
0.4437236788026345
0.5171108838864172
0.3285423568283568
0.6175357073094376
0.8688143205450087
1.1083128582716102
1.060420498363107
0.9117302816699372
1.0204799968447855
0.8295152342402824
0.7828103880422489
1.03736897270947
1.186903285825683
1.3066145259438169
1.1396227309375482
0.7090491670114674
0.2118840185483001
-0.1432941822997695
-0.2892053001292188
-0.4016652050088239
-0.6156819850617753
-0.7800982740655584
-0.782661692307888
-0.8632174006300322
-0.9115207229099886
-1.0120124626420068
-1.1281944143777438
-1.3537499465754843
-1.427266015929996
-1.5826550965291302
-1.776471290369232
-1.7563542697121084
-1.9448979489617424
-1.945079536592383
-1.9121051809240563
-1.9023563058559487
-1.5504958581823904
-1.3566438559113994
-1.2147145664284718
-1.084297666414144
-1.1991317443652392
-1.123607374793972
-1.0647954234085255
-0.8757412722990918
-0.7133762993193105
-0.6775086574146861
-0.5549358662300595
-0.4723584584491043
-0.5224331598206541
-0.5325172978710573
-0.5054368919256528
-0.5583584732006901
-0.5501668207580998
-0.5594842425512118
-0.6497713483995305
-0.6088738547181888
-0.5086630241352218
-0.4238551125801531
-0.3494528483403584
-0.3721997000128844
-0.3636676877873601
-0.0717909968882729
0.1227525072942331
0.1474789552379857
0.3224604783591357
0.2227538516489986
0.2446196266550661
0.4918267301396493
0.7724784268631621
0.8774827849671206
0.915722900275232
0.9772606324594656
0.8647577125156357
1.075222723508449
1.4506403829526096
1.523345573324845
1.8355927577413576
2.057836914082159
2.0622871656186814
2.263247241241961
2.459357576406588
2.3721672401457643
2.307887253563817
2.214427005452412
2.088357826370302
2.188466745575312
2.459249529775316
2.3352530449702558
1.802102490476026
1.399288411855878
0.8272812840597524
0.553130975528625
0.4361513360666804
0.2320694497264575
0.1042953655413204
0.0438727812687988
-0.0682255818944743
-0.1026896702324371
-0.0702329851828277
-0.1257337925785671
0.1347023434387676
0.2149899532422207
0.2281212310246152
0.4835182983238033
0.4265953226258748
0.5556343030233939
0.674548343189625
0.6192526111348261
0.7124557838511295
0.6431232253710994
0.8282576366360824
1.3125769930111346
1.5303964339434486
1.7005355843690626
1.6721126386979688
1.493822735752485
1.3505870841412724
1.4317210821492106
1.0459663887000352
0.6095966820923683
0.3380416357715844
0.1489098819728236
0.2273204267067401
0.2555988275731822
0.2137297194772274
0.1217742462399745
0.1524282902138787
0.3724451084098767
0.5163030869882539
0.4926857493427218
0.834760817920707
0.903521849725604
1.0836265471349968
1.4435108876648672
1.2467975224049863
1.2981752088803264
1.3748815238397731
1.2609105999990775
1.5341925296634318
1.6795242813109394
1.476867727917968
1.6607631892075163
1.3023453534239542
1.2820223641998512
1.315207564604442
1.2316111660909193
1.3403979096422234
1.1577198529435753
1.3141819325965856
1.5763957582292067
1.884703653247631
2.084215184178478
2.0746566042838737
1.577707512731239
1.426177085787553
1.26213554890031
1.270716669351342
1.4337540168061549
1.3132799656504546
1.254202686620023
1.3563270324389014
1.3779713179117477
1.4535009635495078
1.5894991279678932
1.8549388924613937
2.1847332599268507
2.586890498402852
3.0996561152758875
2.9751182963249905
3.1221995156508724
3.171096654223697
2.852586906477851
2.815701723278744
2.609233820721994
2.634518061097236
2.666467820123215
2.834516197353277
2.907818166603504
2.736583968289178
2.7184822108317173
2.7810106677785225
2.742920990808071
2.356997388626628
2.0075524358724555
1.6112819915381786
1.2258137570783492
1.282370709556608
1.2244206133443718
1.1123639209533918
1.1337672037352349
1.257467918764131
1.406015126250873
1.6473432235966516
1.8349266386893173
1.6627730552740294
1.624008812456452
1.505664583043793
1.5545359567528
1.6820549183204527
1.8971111962360931
2.1700325223173325
2.180488396686818
2.1917492975237303
2.1329759338062786
2.1794453800383224
1.852660988310642
2.0261125638256945
1.987889015503668
1.586550966150034
1.822542165833071
1.5836823041713988
1.4279259021030235
1.621017869394005
1.9117097452869347
1.8003034245424914
2.090092802555481
2.104077229279309
1.7671298168641898
2.01199359341188
1.8497896991172809
1.8326071991608608
1.8963099399908376
1.826267134463268
2.2010093390101333
2.135185358690632
2.13091992284646
2.2184452904819416
1.6938306036593935
1.7867384590295217
1.744145123124298
1.5067524494198945
1.4279508648342911
1.32672990042152
1.3668600553031451
1.4429122097935647
1.539129874853044
1.6471224910470652
1.7181346785453968
1.688359484402837
2.150432865258077
2.0252053766616496
1.927448224213533
2.0433967483053563
1.4394855789805563
1.304166513038786
1.082246124246864
0.9189967889382094
0.9674269936656112
0.9011780769452632
0.981517154852355
0.8312612862978375
1.0023376916696891
1.1307395275412242
1.045752688550572
1.0673577182651552
1.0403725587457675
1.092541629700338
1.4917520748377833
1.7387155756638235
1.7983275445414422
1.7942856472944642
1.687693762016213
1.6867416156756407
1.7683747325119072
1.712787934516883
1.6889151533637934
1.6787642167858747
1.711924198986715
1.7306911190263248
1.4083146904240704
1.3064991242728587
1.382722702929526
1.3170506793567751
1.423945264129313
1.5030319322580972
1.3272085827085016
1.5974114831785904
1.7095218777733097
1.7934007835780077
1.8323029015300023
1.7600149152069633
1.6608745638013402
1.6875248325606305
1.8136170634289643
2.031085350339577
2.269889923945689
2.57440226085732
2.789741411894754
2.951518310044792
3.344445987326394
3.5926833374633045
3.789873631974845
3.7896624957965135
4.269609604838305
4.129949561413151
3.932440333972193
3.8228753446751234
3.7633145101787897
3.920921550638718
4.053418712768774
4.359880366752886
3.883515993631408
3.755445042281468
3.8046091351350286
3.900272839899054
3.852688676420959
4.042151268842264
3.898670412556272
3.668853664443401
3.673185858502027
3.750344910455176
3.96425497101206
3.9996277620566794
4.438278210071533
4.368998364837458
4.095272671830156
3.980949093177864
3.4822788901531023
2.8946713006207125
2.4467963368857832
1.8241709553770935
1.593135592668061
1.702769925901468
1.8659242563043568
1.8961183107161816
1.841169561653091
1.5260573135781366
1.4231919700816371
1.5210665236176777
1.3682788262473655
1.4412287744318095
1.27453149664412
1.103407646348152
1.1045901458557754
1.0158574526352433
1.2176419633520528
1.6767175872126636
1.8268037745141072
1.6597090218351331
1.7519177161097157
1.2759065016796345
1.088607711727312
1.1681506269688078
0.7477052074338052
0.9508869484758172
1.1223630647228382
1.3477330122408675
1.6561814888782818
1.7704919599996836
1.7551226430785902
1.807669979365876
1.658635546574858
1.4620141699076006
1.472555971852924
1.4546981225103035
1.6793834899928948
1.6788033519114751
1.5205974185289997
1.296311381257255
1.050651133981132
1.0109240150187384
0.7483000195668515
0.7604879053371849
0.6393825249227961
0.5041431628579544
0.5580334996146711
0.2872018374032714
0.2702408035191744
0.13487566531675
0.0690172310495017
0.1915207792904585
0.1116349910202032
0.3315354165983795
0.4593586009272525
0.3775946416290461
0.5685834750932315
0.3996185126275019
0.5141445942378581
0.619705861529897
0.7004710130654663
0.7922908125681173
0.6704675363617887
0.7593876889985282
0.502701036427585
0.4955180103855737
0.4623996930736318
0.4323634624435468
0.4439170395150236
0.4836293532779903
0.4951868235584962
0.4659496330853538
0.522382951918175
0.3409335198467824
0.3603686010819538
0.4149266932836967
0.4165056813606088
0.8170190725294916
0.8784846060861017
0.9886989805467544
1.0890747882051364
0.9770099189965364
1.0321371100022625
0.7592805260345967
0.6427962387918612
0.7714646594540935
1.0162730135123632
1.426293628210456
1.774207093075629
1.7158373766377215
1.713987475534227
1.7437005728714068
1.6929346729801664
1.9344253808826608
2.008088297931069
2.128145358030853
2.2637569819315377
2.583394818572288
2.67767435292587
2.856475274707532
2.870269434641292
2.6249857653923767
2.651090295016422
2.4584848448862573
2.6611664044939825
2.966560026582835
3.1079318610799773
3.151086806966297
3.3297741157149208
3.1144074293406665
2.903897483263472
2.918679335708332
2.773391278719864
2.642169157440062
2.6265677057286543
2.738848248552711
2.348942682732261
2.131712086103268
1.882969513725609
1.608353845503818
2.002684876165426
2.2694814528112
2.3524600590124973
2.6510695989972355
2.492771932124945
2.2905122544987027
2.4761818358831538
2.1327354673277066
1.9794245303200848
1.8952031633270017
1.759962897283126
1.8570321353533337
1.9449587837444795
2.297323830001541
2.404579895708054
2.408049268919982
2.523970523120117
2.6341448936202165
2.860596188705358
2.951366489826274
3.010476070090651
2.957969341265937
