28.3
32.9
33.45
29.81
31.33
36.65
31.05
24.64
20.53
21.12
25.75
25.54
22.01
19.23
25.35
25.1
19.42
16.74
16.37
16.3
18.83
18.5
19.42
18.56
17.98
14.06
8.92
14.05
14.55
20.35
18.77
9.65
20.24
29.43
30.91
23.37
18.73
18.69
19.28
20.93
12.01
10.65
12.03
12.67
20.41
15.48
5.54
9.42
16.38
19.98
13.35
11.9
13.47
13.59
12.28
6.21
6.42
7.78
4.37
4.92
15.32
26.53
26.59
16.41
13.69
19.92
19.2
15.32
25.25
20.29
9.57
14.17
12.89
12.95
15.4
16.46
15.04
12.76
12.16
10.25
15.97
18.89
18.01
23.3
16.86
14.97
17.17
15.43
15.1
12.3
10.4
12.76
15.07
12.23
14.28
12.28
11.21
15.07
13.21
12.87
15.3
11.57
5.66
7.36
10.97
8.15
6.3
9.07
16.2
12.49
9.38
14.36
15.26
14.84
11.63
11.34
16.26
17.04
13.45
12.97
16.44
18.24
14.91
13.41
14.02
10.19
8.53
10.74
16.0
21.03
17.13
15.64
14.15
11.56
12.92
13.24
13.6
14.26
10.03
8.15
11.6
11.63
14.74
17.25
18.81
19.31
13.38
9.19
10.61
12.98
13.35
15.53
13.67
14.39
20.39
16.25
12.55
11.66
13.2
19.56
16.7
12.14
13.22
19.27
18.66
15.77
16.91
16.8
11.37
7.26
8.65
10.55
18.36
21.35
15.24
12.92
9.91
12.09
16.12
10.53
7.09
11.49
13.12
12.65
15.29
20.53
18.14
11.97
10.65
9.27
16.4
18.17
11.11
9.56
15.8
17.99
15.83
16.06
14.84
12.79
12.28
12.38
15.25
17.88
18.38
30.17
21.53
16.43
22.66
17.31
21.25
17.6
14.13
15.66
13.41
14.73
17.17
15.17
21.15
26.8
20.66
13.4
8.03
11.02
20.51
14.5
8.41
14.13
22.84
26.5
20.34
11.75
13.91
34.68
38.09
23.12
24.69
18.62
9.54
12.09
16.48
24.91
19.3
11.77
21.85
18.9
17.37
26.17
18.76
10.39
14.16
18.84
13.47
13.55
17.59
12.72
14.07
25.58
21.43
16.19
13.56
12.54
21.71
25.15
25.38
29.37
27.04
16.03
16.42
26.89
24.9
16.91
18.61
18.87
16.97
16.71
17.61
17.73
20.46
19.76
21.97
25.74
19.79
15.71
21.02
23.19
17.24
19.46
23.44
18.71
15.38
16.52
16.71
19.48
18.08
13.66
18.53
17.44
13.85
13.98
15.08
17.43
20.61
20.11
14.02
21.75
23.67
14.51
16.77
16.73
12.19
18.36
25.26
26.33
23.56
21.0
19.4
24.25
33.42
21.85
12.02
19.12
19.14
17.41
21.58
21.72
14.25
13.34
25.25
19.69
17.32
20.06
12.71
19.41
22.45
19.84
16.96
15.19
13.76
17.3
21.7
18.11
18.7
17.19
20.37
21.87
15.91
17.76
27.37
25.58
17.97
22.91
23.89
18.14
13.36
15.92
16.58
21.94
25.03
15.53
12.76
15.24
15.3
15.63
13.53
9.62
6.59
15.76
21.41
10.87
13.66
15.55
17.62
21.4
15.22
14.68
10.74
9.82
14.4
18.35
24.21
17.11
13.23
13.91
13.53
14.71
11.87
12.04
18.55
19.22
15.82
13.91
10.79
11.15
14.44
15.22
11.68
9.16
12.39
16.54
18.68
16.33
11.85
13.02
19.14
21.65
21.65
16.77
10.56
18.29
18.81
10.8
12.48
15.94
22.09
18.69
6.81
11.77
17.22
14.69
11.67
12.97
17.05
13.37
10.03
17.65
23.72
17.2
7.04
5.17
11.64
16.57
16.75
11.96
5.45
14.47
16.45
8.09
5.91
10.88
19.97
20.07
26.84
30.26
16.55
5.22
5.33
10.22
11.28
10.77
15.06
14.87
14.49
12.89
13.2
12.61
6.7
13.73
16.31
16.98
17.67
11.37
19.21
16.7
9.47
14.31
19.01
16.04
12.36
12.75
9.2
11.89
13.48
10.16
9.14
9.48
12.1
12.95
13.06
14.58
12.98
12.01
17.45
18.25
13.83
14.01
14.12
10.53
10.05
14.09
13.76
22.54
25.05
16.09
14.38
13.34
15.17
13.56
15.34
14.28
14.01
16.07
10.75
19.88
22.5
20.09
20.9
14.12
11.74
12.67
9.0
5.93
13.09
11.72
5.67
10.16
16.43
14.06
12.12
12.81
9.21
12.61
19.93
17.8
23.11
20.69
13.22
18.19
17.28
16.43
19.08
18.27
13.74
15.02
16.39
15.43
10.97
6.13
8.12
14.8
14.98
9.23
8.74
9.32
6.64
11.44
18.03
17.64
19.43
15.12
11.85
13.71
10.61
7.64
14.47
18.12
21.11
25.4
29.41
28.53
16.51
10.35
7.85
9.4
10.37
10.97
13.16
12.96
9.38
6.74
7.52
15.33
25.1
27.85
18.76
8.88
19.8
21.56
11.95
16.75
14.06
8.7
9.89
8.45
11.68
13.29
9.81
10.43
12.53
12.68
18.46
16.62
12.23
15.24
14.46
18.24
22.46
14.87
12.5
18.26
