-0.4827999999999999
-0.4463
-0.2525
0.0167999999999999
0.2189999999999999
0.3991999999999999
0.521
0.4499
0.3768000000000001
0.4855
0.5092
0.6075
0.6282
0.5568
0.7072999999999999
0.9061
0.8616000000000001
0.7056999999999999
0.838
0.7580000000000001
0.5610999999999999
0.6981000000000002
0.7361000000000001
0.7432
0.7387999999999999
0.6437000000000002
0.6535000000000001
0.7494999999999998
0.7626999999999999
0.6944
0.792
0.6478
0.4634
0.8236
0.8769000000000001
0.7005
0.7547000000000001
0.8338000000000001
0.9295
0.7353999999999999
0.5367
0.6904
0.7604000000000001
0.6521000000000001
0.5880000000000001
0.7152
0.7759999999999999
0.8053
0.8005000000000001
0.6575
0.4921000000000001
0.482
0.565
0.5567
0.6709
0.726
0.6883
0.6968
0.6729000000000002
0.5211000000000001
0.6088999999999999
0.7748
0.8240999999999999
0.7204
0.6144
0.7153000000000002
0.6831999999999999
0.5498000000000001
0.5836999999999999
0.6476
0.8102000000000001
0.5674999999999999
0.4967000000000001
0.7254999999999999
0.6018000000000001
0.6436999999999999
0.7672
0.7364999999999999
0.8264999999999999
0.8937999999999998
0.8865999999999999
0.9704
0.9366
0.8213000000000001
0.9195
1.0866999999999998
0.9039
0.8818000000000003
0.9355
0.9242
0.7960999999999998
0.6897999999999999
0.8970999999999999
1.0242000000000002
1.0261
1.0043999999999995
1.1703
1.2392000000000003
1.1433
1.1735
1.166
0.9785
1.0448
1.165
1.1126999999999998
1.0452
0.8102000000000001
0.9701
1.0073
0.6958999999999999
0.5706
0.7448999999999999
0.977
0.9111
0.7305999999999999
0.7268000000000001
0.9855
1.148
1.11
0.9808999999999998
0.9668
1.0308000000000002
0.93
0.9239
1.2209
1.2573
1.1992999999999998
1.31
1.1753
1.1262
1.2503
1.3809
1.2996
1.1603
1.2312
1.3699
1.4650999999999998
1.4348
1.4305
1.3628
1.3761000000000003
1.3721000000000003
1.3544000000000005
1.1707
1.1323
1.2638
1.3727
1.2508
1.1569
1.4985
1.3748000000000002
1.4306
1.5917
1.5628
1.5996000000000004
1.5571999999999997
1.673
1.5816999999999997
1.3392000000000004
1.5215000000000003
1.6776000000000002
1.3983
1.3042000000000002
1.3997000000000002
1.2508
1.2047999999999996
1.3876000000000002
1.4812000000000003
1.2368
1.0577
1.0657
1.1421
1.1036
0.8987
0.8386
0.8289
0.919
1.0211
1.0172
1.0730000000000002
1.1150000000000002
1.0453
0.9063
0.9974
1.4405999999999997
1.6913000000000002
1.5095999999999998
1.3732000000000002
1.3912999999999998
1.3668
1.3113
1.2626
1.0065
0.9361
1.2454
1.2948
1.0685
1.0241
1.0785
0.9816
0.8844
0.8792
0.9757
1.1883
1.2413999999999998
1.2201
1.0667000000000002
0.9962
1.2403
1.2634
1.2711
1.4480999999999995
1.3504000000000005
1.3347
1.3413
1.1659
1.3647
1.4556
1.3957
1.2115
1.0849999999999995
1.1956000000000002
1.112
1.1531
1.2049
1.1024999999999998
1.1747999999999998
1.2519
1.1486999999999998
1.1831999999999998
1.1886
1.0742
1.1518
1.3619
1.3500000000000003
1.1895000000000002
1.1171
1.0647000000000002
1.1659000000000002
1.2976
1.2858999999999998
1.2143000000000002
1.2172
1.1575
1.0985999999999998
1.3510999999999995
1.4344
1.3632999999999995
1.2944
1.2069
1.3434999999999997
1.4619
1.3765
1.271
1.4228000000000005
1.3752000000000004
1.4278
1.5654000000000006
1.6177
1.6281999999999996
1.5763000000000005
1.6878
1.7479000000000002
1.7805000000000002
1.8353
2.1019
2.1874
2.0422
2.0298
1.9701
1.7632
1.8673
2.149
2.0326
1.8112
1.9393
2.0796
2.115
2.3091000000000004
2.2792000000000003
2.0259
2.0509000000000004
2.1471
2.209
2.1263
1.7409999999999994
1.9850000000000003
2.2619
2.0908
1.9047000000000005
1.9249
2.1977
2.4153
2.2021
1.9321
2.0931
2.2364
2.1793
2.1135999999999995
2.3207
2.5273
2.4253
2.3072
2.2162
2.2631
2.6206
2.6539000000000006
2.3209
2.1159
2.1748
2.2801
2.1121000000000008
2.1785
2.5235000000000003
2.6188
2.4265
2.1707
2.246
2.1289
2.0557
2.244
2.2892
2.1458
2.0813
2.314
2.3584
2.0916
2.123
2.2491
2.2005
2.3962
2.3188000000000004
2.0655
2.3463000000000003
2.4681
2.1830000000000003
2.0762
2.0416
2.143
2.2257
2.0555000000000003
1.8113
1.8089999999999995
1.9776
1.9231000000000005
1.9992
2.1043000000000003
2.2399000000000004
2.3852
2.5459
2.4726
2.1499
2.0185000000000004
1.8242
1.936
2.0279000000000003
1.9651000000000003
2.1033
1.8456
1.7461000000000002
1.865
1.6217999999999997
1.8762
1.867
1.4110000000000005
1.5655000000000003
2.0051
2.2735
2.1095
1.7349999999999997
2.2044
2.4737
1.8753
1.9241
2.184
2.5034
2.1096
1.7521
1.9376
1.6045000000000005
1.5619
1.9399
2.1916999999999995
2.0735
1.9639
2.0162000000000004
2.1696
2.0402
1.9778
2.152
2.2074000000000003
2.2303
2.1314
2.0749
2.3139000000000003
2.3854
2.3244
2.4113
2.3378
2.2244
2.1341999999999994
2.0599000000000003
1.889
1.8322
1.9363
1.9816
2.0627
1.9947000000000004
2.3099000000000003
2.3846000000000003
2.2806
2.2186000000000003
1.8858
2.1248
2.3359
2.0404
2.1017
2.149
1.9946
1.963
1.8516
1.747
1.6442
1.7409
1.6998999999999995
1.555
1.6024000000000005
1.5408000000000002
1.639
1.7911999999999997
1.6892000000000005
1.7604999999999995
1.7833
1.6793999999999998
1.5929999999999995
1.5036
1.4978999999999996
1.5873999999999997
1.6544
1.5968
1.4790999999999996
1.2581
1.3017
1.5088
1.4998000000000002
1.5766999999999998
1.5681999999999996
1.5939
1.6788999999999998
1.6313999999999995
1.5802
1.5071999999999994
1.5113
1.5182000000000009
1.5191000000000003
1.3178999999999998
1.0904999999999998
1.3970999999999998
1.5525
1.4705
1.4664999999999997
1.4478
1.5719999999999998
1.569
1.6885000000000003
1.6872999999999996
1.717
2.1193
2.299300000000001
2.1802
2.1491
2.2662
2.0535
1.9025
1.9285
2.0606000000000004
2.1106
1.9811
1.9651000000000003
1.9607
1.9634
2.0233000000000003
1.9107000000000005
1.7414999999999998
1.7675000000000003
1.779
1.9186
1.8398
1.8952
2.1901
2.2626000000000004
2.0985
2.0618
2.0469
2.1196
2.3715
2.3359
2.0384
1.9352
2.0476
1.8847
2.0237000000000003
2.3348
2.1709000000000005
2.0787
2.2805
2.1909
2.1079
2.3454
2.5061000000000004
2.3753999999999995
2.3463
2.3778999999999995
2.0741
1.8875
2.1656000000000004
2.3142
2.0405999999999995
2.1121
2.2616
2.2404
2.1671
1.9131
1.7908000000000002
1.5683
1.6481
2.0475000000000008
2.2967
2.2822
2.0773
2.1109
2.1798000000000006
2.2017
2.3176
2.3852
2.151
2.0328
2.1135
2.0876
1.9446
2.0409
2.1436
2.333
2.3733
2.1864000000000003
2.1113
1.9467
2.0023
2.1767000000000003
2.1258
2.0203999999999995
2.0254
2.0382
1.8654
1.5505000000000002
1.6102999999999996
1.6255999999999995
1.6585000000000003
1.6206
1.3089000000000002
1.0203
1.3152
1.8135
1.7631999999999997
1.6734
1.6563
1.8095
1.9072
1.9079
1.961
1.9913000000000003
1.9642
2.0877
2.2196
2.2562
2.1619
2.1717
2.3273
2.0083999999999995
2.1557000000000004
2.4702
2.3256
2.028
1.8621
1.7945000000000002
1.7532
2.2867
2.4390000000000005
2.2448
2.2969
1.8216
1.3884999999999998
1.5748
1.8185
1.9238
2.0368
1.8581
1.5987
1.7125000000000004
1.616
