-4.0004
-3.3869000000000007
-2.0663
-1.1232
-0.4954
0.0627
0.4296999999999999
0.6217
0.5512
0.6082999999999998
0.6680000000000001
0.6121
0.7604000000000001
0.9018
0.8078
0.6996999999999999
0.5902000000000001
0.3968
0.4745
0.6699999999999998
0.4858
0.6661
0.8680000000000001
0.8447
1.0492
1.1622
1.2593
1.092
0.8787999999999999
0.9366
0.9729
0.9992
0.8533
0.666
0.7501000000000001
0.9084
0.9122
0.9199
0.9635
0.9439999999999996
0.9751
0.8331999999999999
0.8910999999999999
0.9622
1.0064
1.0031
0.9878
1.0852
0.9688
0.9338
1.1429000000000002
1.3216
1.1034
1.1842
1.358
0.9577
0.8365
0.9765
1.0067
1.0315
1.0701
1.1186999999999998
1.1461
1.3523999999999998
1.2478
1.0759999999999998
1.1017000000000003
1.1266
1.2441000000000002
1.1969
1.4146000000000003
1.4204
1.3211999999999997
1.2645000000000002
1.2323
1.1915
1.278
1.4823000000000002
1.3458
1.3305000000000005
1.2113
1.0529
1.0874
1.3578
1.4587
1.4829
1.394
1.4241
1.3051
1.1537
1.158
1.1084999999999998
1.3098
1.2819999999999998
1.1166
1.1746
1.2541000000000002
1.3335
1.2735
0.9829
1.1161
1.2828
1.1796
1.146
1.2333
1.1385999999999998
1.1085
1.2992
1.3309000000000004
1.3128000000000002
1.25
1.2502
1.3549
1.3447000000000002
1.2578
1.1949
1.3089000000000002
1.2352
0.9827
0.9564
1.0702
1.1886
1.2292999999999998
1.3894
1.2104
0.8828
1.0787
1.3136
1.2678
1.2966000000000002
1.2484
1.1188999999999998
1.0388000000000002
1.1431999999999998
1.4388999999999996
1.2696
1.0775
1.0015
0.8382000000000001
0.919
0.9541
0.8446999999999999
1.0408
1.0219
0.8124000000000002
0.989
0.9572
0.7956999999999997
0.7879000000000002
0.9665
1.1423
1.1478
1.1867
1.0836
1.0514
1.2374
1.1223999999999998
1.1528
1.3436999999999997
1.0911000000000002
0.8162
0.961
1.099
1.0598
1.1381
1.0906999999999998
1.1591
1.4222
1.4746999999999997
1.4605
1.22
1.2636
1.5832
1.4122
1.2536
1.318
1.4363
1.6068999999999998
1.5829000000000002
1.7701000000000002
1.7633
1.5759999999999998
1.7889999999999997
1.7001
1.7116999999999998
1.854
1.7194
1.8951
1.9639
1.4568
1.1451
1.3189
1.4791
1.5511
1.5021
1.3866999999999998
1.3433000000000002
1.4867
1.6108000000000005
1.6978
1.7991
1.7094000000000005
1.7248
1.7672000000000003
1.785
1.7257999999999998
1.6591999999999998
1.5967999999999998
1.368
1.2525
1.3261
1.4014999999999995
1.6404000000000003
1.5409
1.5608000000000002
1.7185
1.3023999999999998
1.2357999999999998
1.4875999999999996
1.7135000000000002
1.8076
1.6814000000000002
1.8063
1.8389
1.6170999999999998
1.3467999999999996
1.4132
1.5233999999999996
1.3674999999999995
1.3951999999999998
1.3142000000000005
1.2982999999999998
1.3585999999999998
1.2076
1.2351
1.2635
0.9639
0.8665
1.009
0.9295
0.7764999999999997
0.9034
1.2767999999999995
1.3196
1.1141
1.2127
1.4704000000000002
1.3839
1.1916000000000002
1.1662
1.3296999999999997
1.5599999999999994
1.5907
1.6616
1.5411
1.2494999999999998
1.0944
1.1621
1.3732000000000002
1.3826000000000005
1.2118
0.9818000000000002
1.0982
1.2528
1.2091
1.1456000000000002
1.1813
1.3014
1.2266
1.3431
1.2277
1.0485999999999998
1.1191000000000002
1.2612
1.4025999999999998
1.0443
0.8321999999999998
1.1635
1.3731999999999998
1.4395999999999998
1.4682000000000002
1.4107000000000005
1.4034000000000004
1.3326999999999998
1.4013999999999998
1.6486999999999998
1.7913000000000003
1.7818
1.7234
1.5295
1.3855999999999995
1.4137000000000004
1.5385000000000002
1.6718000000000002
1.3709000000000002
1.2938
1.5853999999999997
1.5313000000000003
1.3688999999999998
1.5693
1.7351
1.7300000000000002
1.7098999999999998
1.9564
2.2229
1.9004
1.7061999999999995
1.6607999999999998
1.5945000000000005
1.6565000000000003
1.7071
1.7394000000000005
1.7672
1.8045
1.6206
1.4589
1.7993999999999997
1.8104
1.5799
1.8375
2.1604
2.1777999999999995
2.1639
2.0434
1.7059
2.005
2.3921
2.0554
1.783
1.9655
2.223
2.1754
2.2237
2.1499000000000006
1.8715000000000004
1.6829000000000005
1.9248
2.0192
1.7737
1.9378
1.9875
1.7783999999999998
1.8188
1.7131
1.7931
2.2309
2.3838
2.5236
2.3163
2.1307
2.1421
2.056
2.1948
2.3014
2.1067
2.4596
2.6674
2.3359
2.1457
1.9049
1.8675
1.9872
1.9775
1.8071
1.7772
1.9017
1.9375
2.0229
2.0344
1.9547
1.8599000000000003
1.9994
2.127
1.9364
1.7616000000000005
1.7725
2.1180000000000003
2.2878
2.2734
2.3302
2.2222000000000004
2.0534
1.9648
2.3164
2.5935999999999995
2.5221
2.3138
2.1456
2.0577
1.9531
1.7786
1.499
1.4019999999999997
1.5152999999999996
1.6313
1.7058000000000002
1.9038
1.6925
1.4014999999999995
1.3832
1.4546999999999997
1.4143
1.3232
1.4576000000000005
1.5239000000000005
1.7945
1.7726
1.6997
1.6578999999999997
1.7145
1.8828
1.6533000000000002
1.9413
2.1106
1.6613999999999998
1.5036999999999998
1.7520000000000004
1.7242000000000004
1.776
1.9064
1.7496
1.5008
1.646
1.9696
1.7996
2.0721000000000003
2.181
2.0866
2.262
2.1697
2.0111000000000003
1.6314999999999995
1.681
2.2086999999999994
2.2668000000000004
2.0668
1.6445
1.7337000000000002
1.8712
1.5458999999999998
1.6184
1.5146000000000004
1.4708000000000003
1.5419000000000005
1.3859999999999997
1.3075000000000003
1.1876
1.1353
1.3702
1.3817
1.4752999999999998
1.6381
1.8014000000000003
1.7512
1.5212
1.6414
2.0291999999999994
2.2013
1.9713
1.9968
2.1389
2.2175000000000007
2.1078
1.92
1.7603
1.9993000000000003
2.12
1.8866
1.7660000000000002
1.8301
1.9741
2.016
2.0465
2.115
2.1319
1.8834
1.7088000000000003
1.9279
2.1337
1.8744
1.7472
1.9371
1.9956
2.0761000000000003
2.222
2.2077
2.1996
2.3092
2.4229
2.144399999999999
1.9034000000000004
2.2326
2.4658
2.3771
2.4410000000000003
2.3609
2.4759
2.5829000000000004
2.4436
2.5276999999999994
2.2881
2.2821
2.4204
1.9414
1.8268
2.2966
2.2143
2.0589
2.2921
2.3343
2.2957
2.0997
2.1212
2.4277999999999995
2.2738
2.1486
2.1418
2.1925
2.3284
2.3439000000000005
2.2376
1.9641999999999995
2.0916
2.404
2.3175
2.1772
2.2154
2.398
2.3182
2.2922
2.3618
2.3335
2.2545999999999995
2.1188
2.1434
2.2077
2.1015
1.7902999999999998
1.8083
2.1565
2.1534
2.075
2.1707
2.1312
1.9619
1.8747
1.612
1.4392000000000005
1.5936999999999997
1.8524
2.0934
2.3081
2.2344000000000004
1.8384000000000005
2.0662
2.5152
2.6225
2.3297000000000003
1.9891
2.2540000000000004
2.4129
2.2447000000000004
1.7740000000000002
1.4888
1.8702
1.9724
1.6959999999999995
1.4339
1.3167000000000002
1.6081
1.9011
1.9822
2.2734
2.1915
1.7534999999999996
1.6244999999999998
1.9931000000000003
2.2407
2.1167
2.0509
1.8571
1.8525
2.2423
2.2139
1.7786999999999995
1.6902
2.0354
2.0576
2.0903
2.1167
1.9398
1.8878000000000004
1.8554
1.5992000000000002
1.3320999999999996
1.6127
1.7137999999999998
1.7338999999999996
1.6558999999999997
1.6484
