28.17
53.28
26.4
37.15
112.36
121.93
150.52
190.14
194.9
220.59
218.68
222.01
226.01
220.73
225.22
236.94
242.23
237.26
231.38
227.55
230.16
228.84
217.74
232.45
219.65
230.31
225.89
221.17
223.41
220.05
220.4
221.97
226.17
220.36
215.02
225.9
227.89
233.15
225.34
224.47
223.97
232.43
236.46
239.02
244.11
237.32
244.38
248.19
258.01
241.23
244.4
238.04
240.14
245.02
239.58
234.68
207.86
191.02
215.44
195.49
209.81
202.3
203.52
216.93
214.37
220.59
211.49
208.59
204.0
187.48
191.75
207.09
201.21
194.25
200.96
200.56
184.34
182.12
173.52
168.04
175.26
170.29
177.91
170.56
184.79
181.24
202.32
172.67
181.75
181.65
186.78
180.93
148.91
186.29
200.31
191.17
179.52
193.44
203.26
200.48
212.85
207.56
201.62
228.49
213.99
217.34
188.03
180.69
173.24
172.25
179.86
182.32
189.12
202.49
220.18
216.57
225.86
228.19
217.6
206.47
214.48
220.45
208.98
226.81
215.23
211.13
210.05
199.15
199.11
205.44
211.47
206.97
232.65
205.88
207.66
194.21
179.61
192.94
191.07
204.6
192.55
208.28
192.86
191.55
190.92
184.73
172.9
197.99
198.98
180.56
210.47
204.17
214.23
196.14
219.15
218.77
202.54
206.95
195.57
208.01
191.24
182.78
177.09
157.94
150.34
155.45
136.25
146.29
169.07
183.09
194.01
204.28
207.42
190.94
176.31
180.16
176.32
173.98
188.3
193.25
210.6
228.91
233.59
204.74
200.42
195.7
189.32
198.98
192.95
193.71
203.5
199.78
216.25
216.6
210.68
215.55
224.07
209.02
206.3
216.27
212.78
213.85
207.91
202.46
191.79
201.99
196.16
194.5
196.89
207.36
197.34
215.97
220.48
223.42
219.53
220.14
216.96
202.79
195.72
191.71
185.29
185.16
179.75
178.98
166.7
178.97
168.12
184.16
180.76
196.96
204.01
202.1
215.33
231.37
231.82
208.4
213.57
199.73
207.34
204.4
207.18
208.75
219.77
217.95
191.88
194.84
182.63
184.85
186.17
186.68
199.77
189.67
216.66
191.29
206.72
214.28
210.17
220.09
218.93
207.43
209.05
205.5
193.75
187.79
187.14
196.58
208.17
202.1
206.19
206.68
204.07
203.38
220.18
192.5
210.64
187.34
185.14
193.5
184.8
196.6
199.97
200.35
203.22
198.5
200.16
196.28
194.15
196.82
197.84
204.22
201.52
179.65
169.45
166.02
152.76
178.43
177.94
177.92
187.25
201.5
192.97
188.5
205.17
201.7
209.66
203.76
182.86
175.48
185.04
185.69
193.88
209.82
211.08
201.11
170.01
180.6
190.66
200.75
202.54
179.66
206.82
207.24
221.7
207.95
212.03
212.71
213.28
201.45
211.64
198.32
206.55
207.03
200.67
177.48
164.04
163.96
168.12
172.27
187.32
177.85
209.75
208.44
202.76
207.21
201.31
194.3
191.8
178.74
170.57
189.82
186.58
192.56
192.86
202.8
195.2
193.18
193.01
195.41
195.4
194.88
209.41
213.48
185.03
178.81
181.42
190.26
182.64
178.1
168.41
183.12
182.59
196.54
197.34
190.52
205.33
202.42
199.61
194.96
197.12
206.68
200.42
207.82
190.89
184.11
181.03
199.34
212.9
204.55
198.3
217.19
206.75
200.29
202.44
199.76
196.31
185.27
198.74
191.76
212.46
208.58
211.71
212.71
206.25
210.96
213.39
210.62
219.37
215.16
192.91
204.22
211.64
195.94
200.5
218.52
221.9
224.31
213.45
210.86
215.24
223.89
223.88
197.02
185.56
205.89
209.55
205.85
220.2
223.37
212.52
215.7
210.46
219.14
224.14
218.9
225.27
206.29
197.22
204.22
221.44
206.74
177.83
191.19
201.41
205.64
213.1
213.89
217.77
214.28
228.97
233.46
211.39
219.9
218.51
217.7
187.55
193.89
199.86
194.69
218.11
210.96
206.0
216.25
204.04
199.48
198.48
197.88
196.16
201.58
197.64
195.09
195.33
179.68
180.66
186.47
197.27
193.49
195.08
197.15
189.76
206.81
204.56
221.55
221.08
226.24
229.85
232.76
236.19
240.35
235.22
238.59
210.96
205.21
196.44
200.29
198.97
197.86
202.05
198.0
200.51
192.3
196.67
207.48
194.59
188.53
197.14
180.97
187.38
203.56
196.05
200.27
203.57
206.21
187.0
198.12
200.67
201.14
194.73
210.03
201.22
203.43
196.46
196.23
205.01
198.07
207.64
208.35
203.83
205.2
202.11
221.33
206.78
203.71
189.12
188.0
188.42
187.42
185.1
195.51
194.58
198.71
205.76
205.59
213.41
188.96
192.6
202.84
202.69
223.78
229.19
220.3
220.77
217.38
209.17
214.18
206.08
210.21
208.59
189.17
197.77
205.84
205.06
209.73
194.04
188.37
195.38
191.41
179.53
161.51
170.74
167.27
164.8
158.46
162.55
155.02
154.96
162.34
162.69
148.58
149.26
148.23
151.9
183.14
180.6
188.6
197.44
186.19
170.37
175.6
194.85
199.65
194.8
202.26
181.9
185.39
185.67
186.58
179.26
199.46
217.53
222.11
