28.86
37.33
34.49
45.37
86.06
97.5
126.9
151.76
162.88
182.08
189.96
195.92
206.17
222.92
233.27
233.1
242.83
241.54
245.87
245.3
242.55
242.59
239.55
236.95
234.63
241.97
241.49
234.39
231.14
233.46
226.25
217.65
230.0
228.53
224.62
230.38
232.46
233.69
230.49
227.36
229.77
225.29
224.96
222.21
223.76
215.9
212.2
208.99
204.92
210.5
218.34
209.67
200.32
201.58
194.96
193.43
182.31
180.33
187.71
192.49
189.35
189.85
198.93
203.43
201.18
201.58
195.72
182.62
185.88
177.89
187.89
190.09
181.11
183.57
190.91
188.31
186.71
187.47
180.24
162.88
173.55
186.77
190.81
186.46
194.87
180.41
183.88
179.55
184.12
182.86
177.49
180.75
166.0
182.1
192.02
190.79
190.53
194.3
198.81
197.0
199.63
197.77
184.58
202.35
198.34
192.26
176.04
175.68
186.28
180.72
197.93
188.71
199.14
202.83
198.71
202.18
205.14
213.08
213.35
203.55
208.38
204.07
199.17
192.88
196.67
197.28
201.89
194.32
197.36
194.07
194.3
186.05
211.94
210.68
200.67
208.41
196.87
199.02
191.04
191.69
187.17
185.33
177.69
179.3
190.41
189.93
174.48
192.63
199.42
196.26
197.71
192.84
194.94
194.14
200.24
200.75
191.97
201.83
192.88
194.88
199.71
183.77
188.55
187.67
182.22
187.69
187.39
183.92
196.94
197.5
199.4
205.29
196.92
194.93
188.45
197.78
202.98
198.54
213.31
214.86
212.75
215.14
199.35
189.91
192.5
187.65
184.9
181.16
183.88
177.27
187.12
190.31
203.53
194.78
195.2
192.48
192.03
187.34
183.25
185.94
185.9
189.29
183.61
180.08
175.48
172.69
188.16
189.26
190.22
196.09
197.99
203.1
206.53
213.0
211.46
218.35
212.19
207.43
205.41
199.72
196.86
181.88
174.42
178.07
178.88
182.38
192.99
193.11
194.21
200.95
206.63
209.48
211.12
208.53
213.75
206.71
205.18
196.03
191.35
185.04
196.04
190.09
195.89
208.46
195.55
201.26
193.63
193.96
181.15
190.66
195.71
191.7
201.69
194.66
200.09
196.47
196.11
198.32
194.12
196.13
205.35
198.99
205.84
219.61
220.82
213.49
211.19
211.89
217.31
210.61
207.14
209.3
213.1
210.55
215.82
200.53
187.15
191.25
190.59
205.14
204.64
200.12
202.32
205.27
206.46
209.21
211.76
205.17
202.5
206.2
204.13
201.04
191.7
198.04
190.78
200.4
197.63
192.42
200.52
204.15
201.04
201.78
200.69
207.7
209.05
208.42
198.39
199.25
207.03
201.94
206.46
211.55
206.37
201.26
194.63
199.12
200.05
201.49
197.82
194.93
196.69
194.47
195.36
196.05
185.25
186.94
187.94
188.32
197.13
186.9
190.9
185.31
185.67
183.44
174.22
188.4
181.4
184.85
185.64
184.88
193.44
191.81
197.02
195.37
194.29
201.47
201.4
203.66
202.28
202.91
207.11
199.32
193.91
197.39
197.01
187.56
194.27
189.74
184.21
183.55
191.6
187.2
173.37
172.57
172.04
172.67
174.39
167.35
160.3
174.87
174.4
177.99
192.65
182.7
185.81
181.06
184.41
184.28
179.54
185.11
179.61
185.16
187.29
183.9
182.8
193.32
201.46
187.71
186.95
191.46
184.26
181.46
187.31
180.75
186.48
175.36
181.47
193.09
200.38
198.73
188.97
198.69
198.77
189.38
183.51
183.09
183.44
182.62
186.24
181.24
186.18
181.5
179.69
187.59
177.77
197.33
193.53
192.29
195.13
191.23
199.41
200.17
204.64
202.94
195.5
193.14
183.49
202.47
196.12
201.24
193.92
201.52
190.64
189.74
197.12
201.08
194.27
205.95
199.61
207.67
203.25
202.4
198.11
189.86
196.0
199.57
200.75
200.25
209.33
206.44
206.42
207.6
210.92
218.31
200.2
202.31
203.01
205.46
203.08
193.45
190.04
196.88
201.78
198.4
197.31
201.48
200.02
200.26
195.91
185.11
189.0
187.84
189.87
183.09
184.99
181.55
178.99
173.82
178.36
183.65
185.55
186.26
183.35
184.79
186.39
184.92
184.72
188.23
191.06
194.5
194.15
192.57
192.2
202.42
209.58
209.51
208.99
198.0
201.88
199.46
205.86
207.68
199.22
197.57
205.99
201.41
196.08
208.66
202.34
200.98
198.31
191.56
183.38
197.18
202.12
204.36
203.11
208.7
204.5
203.46
208.17
197.91
206.24
195.39
210.69
212.48
210.65
201.56
201.67
195.66
198.44
195.87
192.88
192.54
189.71
188.53
197.26
200.13
206.72
200.95
204.71
205.57
206.07
198.82
195.42
197.12
205.98
211.91
210.77
205.96
208.81
201.84
198.4
196.11
196.54
196.11
193.5
199.39
185.03
188.07
199.63
201.18
188.08
187.71
191.04
192.91
199.33
195.26
197.18
197.24
200.41
196.44
200.61
198.08
199.91
200.21
193.04
194.71
194.45
192.21
194.24
199.35
200.65
210.92
207.52
207.19
201.19
201.87
198.54
201.82
196.31
202.9
192.27
185.91
181.48
185.27
190.87
199.73
204.05
210.54
