66.05
77.23
91.44
103.89
141.3
138.29
162.42
181.16
197.0
206.9
192.38
203.02
218.24
218.99
218.79
210.79
228.14
234.11
230.55
229.18
226.66
219.23
219.24
218.88
220.19
227.3
210.86
194.04
192.59
194.53
181.33
176.65
191.04
193.32
194.85
197.36
188.55
194.69
194.53
189.7
210.45
211.06
200.22
197.99
196.61
197.53
181.97
157.6
135.53
165.95
181.23
172.92
167.8
173.58
158.75
167.28
137.22
153.28
148.57
175.83
169.8
180.97
190.25
194.21
195.44
192.13
182.32
173.02
188.42
189.42
173.7
169.94
142.8
148.82
156.24
146.21
142.26
141.72
137.43
132.35
149.77
190.77
208.1
206.66
191.58
163.72
183.46
183.63
194.71
200.2
213.55
213.1
213.45
195.31
216.26
209.69
192.9
198.1
188.77
193.24
197.82
187.46
187.24
195.87
200.76
194.64
176.5
175.03
193.66
210.79
223.02
192.79
201.46
209.06
199.76
212.89
229.87
224.16
229.43
216.53
206.11
188.01
205.31
182.04
165.57
171.46
200.35
193.97
198.25
193.87
158.77
181.75
210.21
200.7
189.26
219.15
209.28
182.7
173.02
183.54
188.65
172.64
174.41
192.05
187.95
200.05
166.79
183.65
208.99
205.29
194.26
190.45
185.11
218.56
212.5
208.79
205.2
212.39
202.11
184.47
190.55
179.62
177.84
176.9
173.68
192.75
213.75
205.93
216.88
199.88
191.65
196.32
162.06
166.51
172.07
215.91
210.82
199.77
213.62
215.43
201.24
206.13
209.4
181.69
181.74
180.59
195.05
181.41
181.89
185.57
189.13
195.53
211.74
201.56
199.88
197.15
197.43
195.41
197.31
192.0
197.16
203.28
188.12
194.33
184.04
193.03
221.68
229.09
225.46
231.26
243.23
243.18
234.7
240.49
240.96
241.37
233.69
242.49
219.67
222.88
211.17
168.97
172.53
200.07
204.02
198.99
205.62
204.03
205.05
196.7
207.32
221.4
216.63
219.26
217.94
222.7
228.34
210.04
203.12
201.31
204.29
195.26
196.92
201.31
165.06
178.72
182.54
176.89
165.67
193.29
195.5
216.25
221.13
228.18
230.89
238.59
222.78
222.63
207.6
219.17
225.4
224.46
229.48
231.69
231.94
234.42
230.56
232.59
232.49
236.16
230.75
207.1
198.1
190.58
202.04
184.59
170.72
157.98
178.5
206.3
202.29
193.27
189.01
191.52
193.49
208.37
206.13
209.52
201.1
196.35
190.93
202.22
206.45
187.84
199.11
220.58
205.55
202.26
207.03
206.65
214.05
217.21
217.13
222.24
204.08
171.51
144.44
177.77
180.26
173.31
178.72
188.3
190.54
182.98
184.56
175.09
174.57
169.12
164.02
169.31
192.03
184.46
175.33
185.08
174.75
169.52
182.74
198.12
198.05
187.89
176.41
201.87
220.62
215.83
224.12
230.77
229.28
236.67
228.05
235.95
229.22
204.73
202.24
173.1
181.24
186.34
201.9
209.92
212.9
195.25
182.56
187.01
175.74
174.83
176.69
161.6
159.57
162.57
161.24
150.9
155.67
138.76
138.85
145.83
134.74
132.23
121.37
127.15
121.28
145.68
146.37
142.79
142.05
141.75
136.07
128.24
142.0
121.55
125.02
132.26
140.44
148.45
173.18
161.79
157.71
157.11
148.52
131.97
142.58
139.19
131.81
135.94
128.48
129.22
128.29
116.4
135.06
156.66
169.76
163.2
164.32
157.68
156.55
152.81
139.45
150.48
132.49
117.75
112.98
116.45
105.66
121.19
102.7
100.43
103.44
139.4
153.64
146.38
170.37
162.7
177.56
186.61
206.81
218.0
219.31
176.05
196.28
221.88
219.11
220.66
231.9
221.76
205.43
213.75
232.88
233.08
230.27
229.03
211.34
217.36
215.95
214.65
197.99
185.64
187.22
208.45
196.78
202.38
191.67
192.48
200.65
218.41
213.06
220.89
214.46
220.56
222.8
230.39
230.37
232.91
234.17
220.34
221.18
226.75
225.8
227.01
225.6
212.49
208.41
181.44
191.16
206.95
199.63
202.32
191.56
171.25
174.31
158.83
155.48
157.85
146.74
132.48
134.83
138.5
126.2
127.92
119.22
139.37
144.29
165.7
179.83
195.61
195.53
191.31
188.28
210.93
201.99
177.58
167.01
182.33
182.94
204.24
195.25
195.23
224.53
218.73
211.39
210.46
183.29
169.31
168.69
166.64
177.1
183.94
204.7
216.99
209.28
207.89
217.85
234.21
221.89
201.05
198.61
179.19
198.15
210.67
199.14
191.77
193.6
165.5
169.79
199.42
202.52
223.37
208.11
197.87
216.75
210.74
216.43
198.7
177.01
189.23
190.78
188.27
188.19
181.24
209.95
203.15
212.25
218.2
205.47
196.82
202.98
191.46
197.15
193.28
192.6
182.63
172.54
173.17
169.8
167.1
159.38
177.82
171.11
209.1
215.46
213.67
206.32
220.06
224.95
225.13
221.64
227.08
223.96
211.57
205.46
214.42
206.7
193.75
201.93
197.32
189.94
190.57
183.15
191.22
209.0
199.14
211.13
221.41
223.45
229.75
226.5
210.49
201.32
213.08
217.63
228.11
224.51
231.68
