8.32
7.17
11.67
18.44
58.07
67.0
105.01
128.42
133.75
141.23
163.81
172.76
188.88
210.58
221.12
217.6
237.88
228.68
240.99
259.9
260.01
269.07
273.02
266.7
251.15
267.86
267.72
274.8
261.16
270.55
272.73
257.59
268.18
248.59
252.18
253.22
252.75
255.64
257.63
239.97
241.08
228.88
224.52
223.38
208.97
206.46
204.51
209.35
198.71
198.27
206.51
204.76
192.23
193.09
204.25
205.81
210.49
195.66
202.83
197.04
187.49
188.71
185.46
184.2
186.03
204.82
214.94
185.97
195.3
181.66
200.01
208.78
207.51
217.93
217.93
214.02
205.34
214.28
208.49
203.18
201.53
200.69
197.65
211.59
205.0
195.43
159.26
195.97
170.52
179.22
158.69
169.57
139.43
182.71
163.01
181.91
203.44
203.99
217.07
206.98
225.67
231.7
208.9
214.84
215.83
201.18
175.66
168.81
181.1
167.64
191.31
185.52
199.32
199.6
194.13
168.63
190.34
198.9
196.78
194.18
207.15
192.12
178.83
179.72
203.98
209.06
212.1
208.49
210.8
184.59
186.72
169.19
180.55
183.45
182.02
203.3
194.02
193.81
207.66
195.06
173.49
187.18
177.83
184.83
202.53
182.6
182.79
190.88
190.6
182.53
203.72
196.37
201.71
185.68
206.53
194.51
183.35
199.82
197.7
212.54
212.64
196.99
201.77
202.78
207.47
209.18
192.04
178.11
195.22
194.21
197.41
200.98
212.41
208.34
203.67
212.71
220.6
190.97
212.19
210.0
213.09
206.47
187.02
188.56
220.04
203.27
187.39
197.11
185.93
191.21
194.52
194.06
214.35
204.77
214.09
189.71
204.17
191.97
188.31
189.42
202.19
188.16
185.95
171.89
159.57
156.13
182.44
194.01
205.71
201.44
210.92
213.62
217.96
195.87
188.47
200.25
200.19
198.82
205.98
194.26
208.7
202.56
185.67
182.73
173.81
170.97
180.32
190.05
221.33
212.63
204.96
182.68
207.76
216.17
219.12
219.52
206.79
200.65
201.24
193.95
213.13
213.0
209.33
224.31
228.31
231.74
234.7
228.7
226.85
210.81
217.1
224.72
213.58
209.23
216.42
208.32
201.63
209.95
211.45
214.97
216.13
202.54
217.41
214.11
223.38
212.73
210.6
212.74
200.83
198.4
204.24
214.69
218.51
237.25
232.79
224.89
220.34
211.07
220.21
204.79
203.39
203.9
211.07
212.26
210.04
232.55
221.09
221.47
224.09
218.79
221.95
224.44
220.4
228.09
211.91
209.91
216.34
205.83
220.56
201.14
201.72
204.17
193.67
199.68
208.31
211.76
224.28
213.31
214.57
205.9
213.82
207.84
195.16
209.23
233.11
223.03
213.25
208.77
199.11
209.88
209.42
209.98
227.08
234.88
232.0
236.33
232.02
228.69
216.22
211.05
223.79
198.31
193.42
202.97
184.06
201.36
200.33
194.04
205.19
207.33
220.08
225.17
211.81
198.74
208.66
218.01
216.64
215.27
218.4
216.89
229.29
215.82
213.28
199.68
211.57
200.84
215.37
207.6
200.84
209.55
199.79
187.12
196.06
189.14
204.82
206.33
207.12
191.92
183.02
196.06
210.4
204.11
230.12
213.27
212.75
211.38
204.83
191.72
189.38
173.57
172.99
194.63
190.67
187.54
191.22
195.96
200.59
196.14
200.42
195.37
197.98
198.06
200.26
189.75
199.4
204.57
214.52
213.03
212.18
203.58
201.04
210.11
208.16
194.78
213.04
202.17
202.33
205.97
213.64
210.06
207.68
194.06
207.8
207.94
219.55
225.3
210.91
188.23
191.59
189.95
191.31
209.2
213.63
211.88
203.41
207.99
179.08
198.26
188.94
206.61
199.11
216.96
195.97
186.56
180.42
191.59
164.95
185.39
181.62
182.94
193.6
192.4
194.45
195.01
210.02
180.88
184.2
181.53
200.77
203.51
213.75
202.67
204.12
216.38
198.88
201.61
206.13
211.62
193.77
171.48
170.29
181.99
193.2
183.64
188.45
202.39
198.15
199.89
197.76
197.18
196.99
191.76
208.0
203.68
218.0
218.52
230.3
236.51
220.62
209.67
213.17
203.46
188.8
175.35
186.76
185.91
205.53
198.64
205.24
212.47
218.41
219.38
226.42
228.9
221.6
221.08
218.63
213.15
209.74
206.37
203.13
197.54
204.51
198.44
213.34
203.83
217.89
222.51
225.49
227.4
223.62
207.24
181.75
195.25
191.12
201.29
199.46
197.0
199.66
196.05
211.23
212.08
208.2
203.81
213.04
205.27
200.66
202.34
198.35
203.41
207.78
188.24
184.42
192.99
190.36
206.5
213.12
221.28
217.44
219.72
234.1
216.81
216.47
216.47
212.3
217.03
209.61
205.53
214.06
215.13
216.09
216.0
207.41
202.62
196.38
202.32
202.64
217.78
212.04
188.8
209.98
204.91
192.83
198.82
188.8
181.18
204.47
200.71
192.5
192.79
200.92
207.67
219.24
214.42
222.16
219.15
198.5
209.64
207.16
196.75
212.08
216.73
220.98
226.22
227.86
218.36
206.44
219.44
201.79
198.53
202.42
193.08
204.71
204.52
189.0
196.94
196.72
199.61
195.35
195.78
