0.0220195916276917
0.1312937308404613
0.4531747137739709
0.939644963846078
1.5296553582551302
1.939791262293463
2.1358564076320965
2.7302000667681967
3.6779335273165263
4.512915489337795
5.057039222419673
6.097253963788509
6.629150070041347
7.396971939111859
7.781369428321319
8.271696856226285
8.104252510643532
8.905082198031561
9.255246627943736
9.408630522880424
9.709401043232322
9.609655735004296
9.984873000296169
10.387738586608926
11.495077642069136
11.582259130672986
11.596771876146386
11.766494536272106
12.0786346059582
12.56306351297731
12.0690782037721
12.459036518605435
12.911622997140356
13.897454517934053
13.73438586799999
14.266945607837265
14.155971950451416
14.613871077734432
14.477898657685945
15.646525687677338
15.516595095251173
16.330833461196292
16.488016341716534
17.260439436213733
17.743484615245283
17.79691668104575
18.16886324014331
17.913812645150923
18.020747517828752
18.180601493451874
18.37640020646829
17.841947122816894
18.193510461301617
18.60722354688962
17.995982407618563
18.24228626415711
18.45624111272032
19.039071949650825
18.52536948969442
18.847486423831267
18.939093729585103
18.777975475719927
18.84556435898668
19.06637294649704
19.114229998653315
19.27190868521632
18.82174327745365
19.71252676269644
19.678412145886316
19.81615600266113
19.143511826773548
19.42398865177495
19.54635348459564
19.12630158026537
19.372955588612545
19.208732129010045
19.476475453689197
19.606536371379843
19.38342676420293
20.10804970111486
19.942825698469417
20.17576075306505
19.703852097197046
19.59365871051113
19.9025249348457
20.60331931823211
20.81066662501737
21.025569190965665
20.850732469201265
20.845620160527528
20.57054833751604
20.22288320209016
19.75902108289639
20.889755779770617
20.535421249576817
20.897965431522863
20.678308766029048
20.313715316274585
20.09779538743558
20.714431328480643
20.60269791167863
20.245667190897077
21.00910484199967
21.151020462671987
21.017584166206262
21.122974590096945
20.98243053244315
20.79832593383568
21.70740109803797
21.370137063091857
21.300144265381768
21.32860497413076
21.0354638954681
21.62354424533692
21.604829527773727
21.35130367031648
21.7765512364381
21.588919062272385
21.65845813948771
21.504906346937645
21.147908758130043
21.813198733645766
21.580197370717965
21.50146959410467
21.891540289831678
21.635341145950356
21.16143629696512
21.6004585726772
21.743203739402237
21.376515321938108
21.689907453152973
21.452525983359127
21.892521311543124
21.617944503961347
21.879247288303333
21.88171690825353
21.991387999889348
21.73626418160206
21.71774302569828
21.87058154830845
21.96665025127896
21.50092817709808
21.48090695245392
21.81834186361759
21.667524408621244
21.99867357002461
22.15071133025562
21.884410340178466
21.82895051801943
21.57288074804537
21.95565593259978
21.990880943742063
22.335971085488996
21.920961600752456
22.420403378858158
22.039047304788763
22.27316908589904
21.508836663222496
22.0744661037001
21.968258153430988
21.851238591585616
21.758667386796237
22.33481380505056
22.04911208420099
22.2063014814567
22.18116119373293
22.044614042141657
21.78395033856137
22.28484381037754
22.10948246668489
22.33065286314616
21.836342370711197
21.6150299169614
21.768284520684443
21.64295823237405
21.920727792894404
22.10018706259927
21.960215022234514
22.10013891714022
22.107055104420027
21.82168978253407
22.249256622655444
22.04265742785878
22.107442416065364
21.91934628703955
22.10787683534359
22.15066220428868
22.340520230518468
21.990326627479583
22.125371520759053
22.186927106921665
22.227968422873804
22.12280832195122
22.49721118657824
21.59840255676688
22.104944162505017
22.19922588823605
22.24518270494849
22.2218054275253
22.16480418776595
22.55842430526501
22.54502965739348
22.18268912801968
22.146146493195698
21.485232623489296
21.48035933451389
21.851262943194413
22.115575724015
22.396445078370345
22.791997571265497
21.715498353579115
21.025524561444925
21.5832076954428
22.210577846093592
22.41672336076106
22.486843070086277
22.109999691907717
22.16298530701334
22.35665596513299
22.404502389690528
22.108458147514785
22.218573173414097
22.259531369939413
21.903836662613923
21.62316356422813
21.725790114772
22.06164887045962
22.497759210438
21.732078810063296
22.416792760453013
22.35424650925141
22.36146530552872
22.084964543120176
21.93394697914571
21.645031776613006
21.60937857618036
22.495191763673848
22.173792953835733
22.356327802325666
22.55504033299193
22.48530657550331
22.55865608179548
22.596291492572615
21.75428198181401
21.820468493418776
21.684440191211426
21.64338981226909
22.171994608504185
21.88712017105398
22.244842281470337
22.211393394063656
21.994843825435964
22.211934024870637
22.3887025665997
22.13965753916169
22.504514344229488
22.47848384478164
22.478107496498804
22.618280552132475
22.58401994521325
21.8579014117034
21.65486500298705
21.92719287519951
22.886033817028924
22.27042879458549
22.75730496618841
22.455478701751048
22.467513290066744
22.51090803060577
22.553094746172604
22.72475605706757
22.610547461544854
22.345024340943805
22.049326179171608
21.44129055832409
21.680082431707724
22.432990387098428
22.57825852262865
22.580555851921883
22.22463217566981
22.547541658775994
22.69515735166953
22.4355740512578
22.01381344800497
22.12434744352458
21.841246353821447
21.749650158682005
21.563313022445968
21.719296707524627
21.744455225204675
22.351366456011657
22.39759549490986
22.31696522229293
22.1948938541856
22.17780133536735
22.3227652574922
22.714236128837943
22.58958645945459
22.426719558192957
22.621618258927324
22.540324774013847
22.45352096092195
22.758210087972724
22.764001228437568
22.957774528929548
22.39602202547301
22.60289956625853
22.685250167119897
22.334513858829645
22.58720828589365
22.495731849874023
22.45515126691675
22.92695819554256
22.57833083447839
22.096131842576145
22.505501668034317
22.174320639875024
22.50660970668637
22.617231442794505
22.45308783778692
22.391391944209985
22.411565850294306
22.0708065981033
21.53198180703693
21.74410285911662
21.030601989159717
21.771558918266187
22.011600313504037
22.499269374453227
22.49249901399545
22.613914914255798
22.716351149049512
22.80357469298123
22.559065358912346
22.41901304312315
23.00563932432517
22.43355234015366
22.533331846064584
22.85426887643421
22.68165096325072
22.37545291254147
21.91774848088913
22.55493346095832
23.082755068046268
22.237783772438625
22.41471864883274
22.67779036685262
22.56858444047118
22.38829402303806
22.52500806929684
22.291980932837973
22.45853869008249
22.74403908924161
22.06220227117669
21.881166377791377
22.070216159003813
22.19144515157589
22.855175466212245
22.49845960161856
22.87436229454932
22.27690910448447
22.76331259988885
22.972067470981177
22.72689970175741
22.43276547917228
22.638719910383607
22.571864059947853
22.22069809930568
22.13080380507717
22.32486533402245
22.2323778662431
22.596401069370778
22.25730656416434
22.591246135443363
22.36121037942144
22.710326290803454
22.695841916479758
23.115582235604663
22.894594233604657
22.4274396720194
22.541213258171048
22.89269407941422
22.77854479952241
22.66617855503685
22.59402330900223
22.61927328374464
22.88185128883023
22.82328662573942
22.878029846273368
22.737674419281845
22.57113060031746
22.38643382995619
22.803727899314303
22.41753571059201
23.03077875447915
22.913294292462307
22.7598199700034
22.796710099872488
22.857001555031243
22.71456185820558
22.95874258369212
22.75522649206417
22.801726687315803
23.09797296104241
22.83171964388742
23.523604739834056
22.99779103219344
22.38739191022212
22.79180781124184
22.784570597652188
22.631859635549755
22.94352101867249
22.747895464730213
22.91218906836947
22.61941056491501
21.847863111760045
22.765777735216812
22.347546597613867
22.4270189880763
22.665677697184616
22.77095087120404
22.51591105332598
22.71706096812902
22.8205513305949
22.926610241541468
22.757303092969455
22.62532266085725
23.302635275444032
22.95422129320821
22.896240597341272
22.85942814484931
22.59312918419424
22.903788314761957
23.0746131199742
22.675067708616776
23.12242961582614
22.346846311114447
22.63192785356904
22.500667285093613
22.527111708259827
22.86445095673987
23.063055042239125
22.93372905783154
22.90335009783433
23.277626788346133
22.69899955448148
22.739436045717657
22.786467103370494
23.057886678091915
23.24525489673837
23.04145739512012
22.967882194592804
22.96599041599461
22.830816466064
23.19908232267101
22.98176438552717
22.95426644363305
23.419656373501294
22.671489313792463
22.24022088508289
22.42359664420487
22.661364853457723
23.074130898857085
22.65759469266964
23.131300994535607
22.829719309506643
23.185904078005024
22.955842472579484
22.80310193652881
22.99590795591777
22.74846008149583
22.92633988488616
23.043138275850847
22.98943796616652
22.763578702889173
22.894356151533216
22.43040366610243
22.208361844543933
23.106553613022324
22.9247440808606
22.84184152267104
23.195863887050773
23.061378237887222
22.35654973166188
22.83294801108003
22.853269795446423
23.285151802902107
22.69425844647638
23.265755015361155
23.33836306861216
22.98913039749755
23.120301599516907
22.72634653483276
22.138351263879414
22.812043971294237
22.91451430460988
22.719361979460697
23.081717399200965
22.916716681993485
23.09456140476079
22.96093760489861
22.92680719558044
23.213318508446232
22.982860610556124
22.97853236856017
23.389354312886294
22.689503441853127
22.63698083736844
22.37729093936288
22.42544645264848
22.56168929725928
23.05399645455728
22.720893394004865
23.14649342774283
23.05793994539347
22.5448129341786
23.031905981095875
23.3375664738638
23.176622674718043
23.21739826554306
23.108187768178716
22.90144281121805
23.10391820604024
23.25754685695913
22.945218626095023
23.10053069101257
23.047565493230195
23.102001401377585
22.957221216375537
23.304394517600944
23.098537557319705
23.17883023577516
22.82497195876775
23.04419173811664
23.31880515759605
23.08390418461889
22.88250809333183
22.68446010669675
22.65571630071244
22.68974582631198
22.44727603992058
22.46000522068429
22.157040469909457
22.502914202730885
22.33937825526131
22.638525032417483
22.5838676463031
22.971951706153916
22.80624581482101
22.985386427080563
22.88031907804997
22.793853018504983
23.240633609446714
23.224887200887064
23.125937882205463
23.06783560427404
23.047812689280185
23.09213486164581
23.11027563544077
22.92006470131844
23.15518115597771
23.16659461419681
23.239765013089244
22.934617580092592
22.93312224189649
22.67814442341156
22.892842094481285
23.3603337618094
22.96226195586748
23.180066234543368
23.38728963142579
23.07008762419977
22.957660162617422
22.914087306481164
22.884197658719295
22.85134147647042
23.02693444190521
22.738956639482616
22.48756814765724
22.324183877263746
22.71211495448399
22.923991791042507
22.88408999523152
22.501229499347414
22.73768948646887
22.909169287668025
22.94342602587284
22.79561515744881
22.976371651696198
22.959934885339248
23.16092721019555
22.848626351306496
22.90450518229161
22.785506573368604
23.15628617721161
23.14954746795544
22.79373142776436
22.94884393073263
23.076259356424853
23.31427416472726
