-0.7597000000000003
-0.3920999999999999
0.0504
0.6689000000000002
1.276
1.984
2.6815999999999995
3.3642000000000003
3.8493999999999993
4.4823
4.8226
5.1065
5.3889
5.4682
5.500399999999998
5.854600000000001
6.021199999999999
6.067600000000001
6.3329
7.683400000000001
8.7412
9.7592
9.8109
11.1029
11.5235
12.2838
11.5001
12.2606
12.4562
13.653
14.058699999999996
15.040399999999998
13.9351
13.109600000000002
13.8069
13.663400000000005
12.655399999999997
12.939199999999998
13.1482
13.1896
13.5232
13.609100000000003
14.5067
14.324199999999998
15.258300000000002
15.520299999999995
15.9516
15.766500000000002
16.0786
15.7048
15.876099999999996
15.990500000000004
16.0638
17.031699999999997
17.305999999999997
17.5698
17.817100000000003
17.996799999999997
17.965899999999998
17.285600000000002
17.5456
17.7423
17.585900000000002
17.580399999999994
18.1069
18.006999999999998
18.5832
18.7537
18.477200000000003
18.7444
18.7644
19.0557
19.158900000000003
18.8199
18.3423
18.2851
18.4104
18.5127
18.817
18.8811
19.3457
19.2572
19.39
19.5456
19.3768
19.6329
19.3194
19.4141
19.437700000000003
19.7564
19.8055
19.9092
19.800200000000004
19.6413
19.5478
20.003000000000004
20.1053
19.827600000000004
19.7
19.5455
19.7011
19.753
18.7338
19.693
20.0135
20.1923
19.8797
20.0302
19.7064
20.1206
20.1967
20.1564
20.0426
19.847400000000004
20.5288
20.0956
20.5119
20.3905
20.344500000000004
20.3167
20.3342
20.3625
20.3776
20.7749
20.750100000000003
20.0783
20.436000000000003
20.2429
20.5074
20.7665
20.2939
20.413300000000003
19.3595
18.0925
18.8973
19.8121
20.1125
20.5191
20.8486
20.7973
20.6609
20.7434
20.495800000000003
19.3805
20.8917
20.811300000000003
20.668500000000005
20.9207
21.0033
20.7992
20.9468
20.9355
20.7173
20.538799999999995
20.599
20.5255
20.131
20.5643
20.2294
20.4186
21.073600000000003
19.967600000000004
20.9604
20.6888
20.922
20.8902
20.8152
20.7289
20.871
20.542
20.6025
20.5713
20.698500000000003
20.5345
20.84060000000001
20.641
21.1523
20.7425
20.125200000000003
19.5939
19.9839
20.6553
20.5834
20.8905
20.8802
20.806800000000003
20.8203
20.49
20.3049
20.2948
20.3597
20.2112
20.2496
19.8734
19.9724
19.8702
19.8695
19.7057
19.558200000000003
19.5495
19.523100000000003
19.3983
19.3392
19.3241
19.2432
19.281
19.3728
19.1617
18.8477
18.9876
19.0599
18.544
19.968400000000003
20.7103
20.954100000000004
20.5531
20.5436
20.8491
20.922500000000003
21.076200000000004
20.5529
20.2205
20.1945
20.009
20.889
20.7348
20.2449
20.8743
20.4739
20.8833
20.7676
21.1646
21.2852
20.6088
21.0719
20.697000000000003
20.3666
20.0988
19.9322
19.6989
19.624299999999995
19.4902
20.2272
20.9291
20.843100000000003
20.798
20.668100000000003
20.4508
20.267
20.1455
19.8411
19.8721
19.793099999999995
19.8259
19.2431
18.9571
18.791
18.6631
18.7173
18.2087
19.8921
19.968
21.149
20.114000000000004
19.881599999999995
20.9075
20.8636
21.0577
20.3567
20.968000000000007
20.898700000000005
20.9343
20.865
20.6791
20.8815
20.8901
20.8279
21.1352
20.866499999999995
21.1828
20.7267
21.099500000000003
21.1068
20.9901
20.5122
21.274100000000004
21.2711
21.2168
21.3163
21.5472
21.6038
21.2506
21.15900000000001
21.3777
21.3748
21.398899999999998
21.2694
21.0975
20.7538
21.3099
21.3305
21.324300000000004
21.2605
21.4951
21.2766
19.8909
20.2054
20.0419
19.9001
20.0103
19.6833
19.4458
20.023200000000003
21.1123
21.614300000000004
20.7476
21.0712
20.9889
20.9018
20.918000000000003
21.474400000000006
21.0315
20.5472
20.4396
20.1113
19.7057
19.6015
19.3723
20.5473
20.3865
20.158600000000003
19.8901
19.533600000000003
19.5152
19.1128
19.3024
19.1853
19.1481
18.721000000000004
18.8234
18.2488
19.648
20.6197
20.8877
21.0595
21.046199999999995
21.457399999999996
21.3274
21.2572
21.3551
21.341000000000005
21.2222
21.40460000000001
21.3363
21.3972
21.38330000000001
21.183200000000003
21.5182
21.473700000000008
21.4762
21.6355
21.3788
21.4017
20.753200000000003
20.5104
20.3752
21.194900000000004
20.739799999999995
20.6025
20.6444
20.3095
21.0578
21.4263
21.1915
21.1151
21.245500000000003
21.2853
21.065000000000005
20.949
20.9616
21.3459
21.367400000000007
21.4766
21.367200000000004
21.5372
21.4962
21.3035
21.3999
21.4387
21.2077
21.433300000000003
21.327
21.1577
21.4629
21.06150000000001
21.3259
21.4863
21.5378
21.7311
21.5451
21.5919
21.6353
21.372900000000005
21.6583
21.2896
21.1903
21.1469
21.3336
21.4431
21.6704
21.6319
21.0373
21.3594
21.7069
21.3646
21.725399999999997
21.389199999999995
21.4862
21.5475
21.525199999999995
21.7464
21.830200000000005
21.59240000000001
21.1565
21.0044
20.9171
20.6763
20.616999999999997
20.550700000000003
20.1366
19.800300000000004
19.6097
19.1916
19.5008
20.355100000000004
21.1351
21.7749
21.49299999999999
21.3855
21.16960000000001
20.777800000000003
21.3233
21.5946
21.2498
21.038400000000006
21.318100000000005
21.5475
21.4438
21.3213
21.4882
21.722800000000003
21.598900000000004
21.7073
21.590100000000003
21.5746
21.693
21.7282
21.42649999999999
21.0578
20.9134
20.7308
20.3901
21.0484
21.4899
21.3283
21.769899999999996
21.517000000000003
21.345500000000005
21.1282
20.6346
20.5269
20.471400000000003
20.0311
20.0457
19.4275
19.3032
19.0645
18.8255
19.6566
20.1592
20.8919
21.379300000000004
21.1013
21.3958
21.5544
21.2376
20.8996
20.6767
20.6363
20.507700000000003
19.6571
19.4854
20.4797
20.8302
21.607899999999997
21.4434
21.356200000000005
21.4216
20.6033
21.127
20.3572
21.188
20.753200000000003
21.3573
21.445200000000003
21.283999999999995
20.9587
21.426500000000004
21.5599
21.661200000000008
21.2366
21.062200000000004
21.2561
21.650100000000005
21.4017
21.4974
21.5038
21.2032
21.5409
21.6492
21.1707
20.977
21.620499999999996
21.405900000000003
21.27480000000001
20.6473
19.7993
20.9693
21.3721
21.538
21.7313
21.4392
21.4432
21.2517
21.0932
20.733999999999995
20.531600000000005
21.265300000000003
21.6947
21.6223
21.582
21.573600000000003
21.4974
21.7617
21.807600000000008
21.706
21.8223
21.4989
21.714700000000004
21.3497
21.395200000000003
21.13
20.645
20.8339
21.5947
21.217299999999994
21.2059
21.4042
20.9227
21.5367
21.641700000000004
21.6476
21.6037
21.5191
21.7152
21.2628
21.509200000000007
21.724799999999995
21.437800000000003
21.6041
21.4547
21.3161
21.728300000000004
21.6429
21.6895
21.7133
21.7604
21.9283
21.7075
21.1852
21.6821
21.294300000000003
21.209600000000005
21.146000000000004
20.8188
20.9787
21.5155
21.8638
21.844200000000004
21.5199
21.4863
21.09210000000001
20.78270000000001
20.434900000000003
20.4995
20.1285
21.2115
20.9863
21.53270000000001
21.7014
