-1.1750504367407808
-0.8781834685839819
-0.1397655549009517
0.4217713328920232
1.363527859021561
2.1444888753110827
2.965516331735772
4.029433776590899
5.681504025963541
6.836002397080126
7.506544335331755
8.541008256071345
9.400210682270249
9.61065994052566
10.645336391065143
10.965656846753363
11.042371236128272
11.818950449028884
12.0419099128489
12.501361742503272
13.12599998096157
13.202738958782083
13.42586312956521
13.554539169958542
13.67556529591731
13.64505529329346
14.090657532051155
14.354809324866851
14.471566928498325
15.164013682884718
15.714208198206968
15.42989460756213
15.589993461011936
15.582983900361436
15.97301159440647
15.912128941208938
16.04282816552664
15.75008748232434
16.09284163337599
16.19536741759027
15.84492551670968
15.792183960060015
16.196452539228616
16.214429720990516
16.44150078477081
16.838463227413126
17.36822619823585
17.98090250192745
18.04678647042569
17.72361464684344
17.911233023092798
17.985989802344477
18.055269316675883
17.87774385024519
18.13437844670181
18.26057404605522
18.150697049511678
18.514590423990438
18.32202860214824
18.1207043807645
18.530568998230446
18.20283272379276
18.172405983588963
18.23601360282793
18.109903405724108
18.516527454980935
18.82835201062546
19.036232784963893
18.899704273184124
19.154280261656844
19.159566933508863
18.98333173419306
18.659702535259747
19.100346171608027
19.106995849379103
19.23887194794964
18.81612182624348
19.013014125990708
18.771394435264387
18.62118815787049
19.16248548532676
19.174918376904746
18.52046183331421
18.66972840699501
19.333805993857624
19.66748278575632
19.373648541858405
19.57525215776592
19.946011267149835
19.08648946063137
19.11848063977016
19.4063897283464
19.038284275850536
19.812012575458755
19.259310058311687
19.519807199095123
20.089905172705937
19.87078821317008
20.04538144345974
20.15613589254265
20.062276173769614
19.94260710567751
19.84093163793528
20.11066432094111
19.866648113597968
20.04655721032797
20.192283463425085
20.18196815649211
20.44229519263986
19.851730982068705
19.876612996001608
20.2692993042488
20.0222346013535
19.8525981522026
20.44469448609276
20.08255733588385
20.057141066996827
19.73664380733518
19.930150997635486
20.0703978763605
20.48982912134141
20.37989977958952
20.39932576530143
20.25930032928633
20.241170985855064
20.313186639617136
20.568081412847388
20.60388401021253
20.58761707358969
20.350357532263367
19.998613198261108
20.330857182400635
20.492607194635703
20.2561530944554
20.521069162486945
20.418917662072605
20.45899391254954
20.33060036026735
20.533078053247618
20.56992304790485
20.4670402081492
20.13135577947306
20.45410014365844
20.65629041038736
20.49721211789308
20.584464207434333
20.028594207721657
20.64082702414921
20.602214763364277
20.576507256949395
20.70124174991301
20.51208909282809
20.81236499962
20.418394134258744
20.222764658320884
20.718178385847537
20.60118636364304
20.440068611755372
20.740256171562333
20.78138360697149
20.804192271468523
20.419292078975214
20.62891954043006
20.56056820615952
20.18569285830405
20.922370544615145
20.3991215420299
20.50992482295723
20.770795670656263
20.820150695507017
20.65426404336638
20.550159034143796
20.27240711972556
20.216170805467872
20.732868141649387
20.594045667004305
20.828878746061392
20.85210046718612
20.558367858574798
20.44193477876064
20.77563371166034
20.940789070014706
21.13224481324045
20.83765129931588
21.086922479101236
20.76121556383589
21.0784642061858
20.817310331918325
20.96790818217079
20.933373167164483
21.23014416059464
21.101271188341943
20.960267625735774
21.0979574640032
20.95137030291319
20.96740298848468
21.32183512033837
21.217759479082652
21.16737594731648
21.37549078789422
21.43315529040948
21.57981794922585
21.22567959798027
21.39952602775976
21.23809772692198
21.100931447619505
20.751410976697095
20.32920424019581
20.46411566853292
20.14777705193738
19.339443276377885
19.52627654821073
19.79834512205864
19.80573231469782
19.783324687428838
19.89961287827673
19.712177668228723
19.705191555627906
20.75292098000164
20.33680096751383
20.94212263655866
21.119201853669992
21.179394960105288
21.14745759608046
21.498320588816743
21.445162090452385
21.283507597391573
21.577804956161323
21.12981980680257
21.50013802038396
21.37689744817521
21.01129343604977
20.88951644746071
20.91822116867319
21.051650992254643
21.08178582551025
21.02907031237737
21.01080472616709
21.7355686815123
21.609881578252963
21.480068261442668
21.55962863082956
21.58833293691493
21.692312157872053
20.89384969641237
21.278816478042007
20.951136702369208
21.236935834646424
21.170329788739743
21.581738359822577
21.430905124099706
21.341995563782216
21.150317367854697
20.654772675677304
20.879333696206388
19.95388138050689
20.880133337688285
21.194055222345288
21.24457480546513
21.09542053537551
20.97014162461808
20.936643003339
20.74482933086929
20.741016775883622
20.41228506634301
20.466366706431167
20.34383170391736
20.255335585925973
20.2194517278392
20.04274009417107
20.464460259818036
21.317649603081332
21.571436773817315
21.26629422549076
21.645430405219127
21.50483843661721
21.0070786531891
20.76627589200285
21.49105016195131
21.82971622416356
21.57435024656188
21.630833859590854
21.559363254565337
21.741774059110007
21.746839435867983
21.48074124281128
21.505619584012077
21.579204226797756
21.63987873262837
21.639655396123903
21.736353320279107
21.77962487001852
21.72900823191475
21.737138644471628
21.74458854582319
21.3875376516956
21.61412659110889
21.7221225229962
21.696648943211976
21.838471401425565
21.53048046258524
21.517522785349875
21.282759375154683
21.48232544047931
22.04957711245832
21.302997274889563
20.615079576794347
21.69049488482888
21.643341413959764
21.174160411363516
21.36316315606929
21.854839741410125
21.29471821161347
21.18341927631065
21.62024536723604
21.42340876549724
21.13879612876526
21.177310572988404
20.850783096832487
20.9502748648082
21.70301294941867
21.319870379193848
21.42687035622073
21.61785698363897
21.34145860588166
21.110847273592043
21.413386887655605
21.875569194992504
21.396878086698077
21.18051285570204
21.054065361553736
21.98178826745612
21.2996973337556
21.3596867748406
21.42364022028653
21.09560769201455
20.87729091998105
20.55488238618648
20.83014386990676
20.753519499186663
20.73976354752535
21.558547299349303
21.746176280550145
21.246639804009668
21.52204213400775
21.84008784694727
21.646158164675203
21.796300966160352
21.655425736033195
21.98133533455518
21.813847754072462
21.389946981477188
21.615515874508738
21.24168649301475
21.16446093098079
20.617447089908445
20.84471840849296
20.510764818950904
20.70292385043776
20.37439952469221
20.41300851761444
19.991101504778623
19.87675099907561
20.05581697198024
19.492432231722397
19.47624429754828
18.93396519991572
19.11211057995101
18.33595729150092
20.182640630365405
19.716453459088072
20.02219832391471
19.208502418354584
19.323841651482347
19.21970596303408
19.2505370533053
19.286446199764917
18.65880499207719
18.55971651752876
18.822796298447344
19.35915518405944
18.96460440171257
20.809973673048177
20.353799155801138
20.057199914902093
20.034568904103796
19.7875290478257
19.37339714362256
19.4653877234583
19.21606128233433
18.875198273953583
18.92374476919092
18.42993115585148
18.766773377300733
18.30926627496791
18.19763093505749
19.160872897514743
19.74758114598944
20.111560646643813
20.328712942512112
19.64240785236712
19.79261196636207
19.29099453402392
19.130579195922763
18.971891139236245
18.084222006304017
18.615646825267607
18.15433019028542
17.663397727249702
17.557233818862116
16.891814180291018
16.48336855657306
16.224167909515593
16.289478859473228
16.3194648611603
17.91618483324764
18.99573679807636
18.738007160199203
19.360685761961037
19.842827981019425
20.31192828977724
20.1078363575518
20.93254544162746
20.454463882451734
20.556770585071217
20.66040290014691
21.087319063512545
20.714901274582356
20.542856995672167
21.002438068761936
20.86850093456652
20.86609595808802
21.23410733086351
21.56494139236102
20.64956310840625
20.90888457822405
20.80180664572164
20.84592126226661
21.32629396480023
21.18179260125093
21.16154604175861
21.1886840476393
21.60303047516954
21.24908171212702
21.23531639751958
21.3226000079656
21.207913976720416
21.49016647904112
21.298727983840607
21.693190963703135
21.558316812446648
21.30420770880219
21.346320372705797
21.280022465148438
21.536079877596386
21.22145928462501
21.00344821677983
20.8171665823968
20.7240417367099
20.714645966921207
20.90371921738606
21.28054577845518
21.193339856978252
21.00343320132452
21.207624466915885
21.26233740005496
21.22837521795496
21.45266697992522
21.62926323419882
21.691728077916736
21.84658571183552
21.613818557285093
21.554478363037816
21.6658616562364
21.497669213276858
20.998724667613416
21.199488968015547
20.817208763200554
20.72649021934309
20.56469972834171
20.423663094241864
19.582384446329367
19.947241041233028
19.647593477646478
19.35060359214028
19.225675322131025
19.10739652755324
20.08295520806813
20.192568281894584
20.724165575909907
21.07239234226364
21.373815813378705
21.581976362982804
21.332936920079888
21.253831560580625
21.25321433987193
21.32773698223401
21.372800195904905
20.718260422608
21.4274215771808
21.39157481868488
21.570134286090397
21.489668684210205
21.626636664009297
21.258900719399502
21.596626005698027
21.44556005751878
21.49131227203415
21.542115599026094
21.009264345509973
20.792326074423432
20.97314248003777
21.202779605158035
21.412796752742874
21.48218170705676
21.426914340716685
21.68545345385895
21.621574616658496
21.35973660488786
21.20302781755692
21.122183624728414
21.582518914594463
21.849313893706984
21.54693755512637
21.53277343757221
21.785971587855222
21.880981113031694
21.69585037103148
21.83051551292277
21.173221292946693
21.27009022080412
21.69220829387417
21.780975555088325
21.29168407933197
21.55243635280853
21.79073335495242
21.616991724817083
21.58013889340636
21.665665066839917
21.83528698724824
21.147866454444884
21.629858694828403
21.76530105750761
21.679867561720084
21.547739787338926
21.36627243084882
21.838795148721115
21.876664020125453
21.662678078521104
21.394987223184383
21.651876432198694
21.659466502066543
21.68464193134402
21.861526162310447
21.6948154138101
21.620905114536946
21.93556197391448
21.57019224119656
21.4522483830706
21.09503351030839
21.05863186082019
20.66697999929428
20.84548800145932
21.44308158533659
21.414201480692828
21.71204796914576
21.677252170461223
21.86947112152593
21.557179411299344
21.387003420756518
20.874871103323915
20.99110794805267
21.462798858324344
21.184064525000977
20.90284007911516
21.7553160302817
21.482031006564053
21.45702109654095
21.821249508567725
21.638097815770102
21.63557485529305
21.79703493835864
21.83408150549472
21.838974555624063
21.505715151851728
21.77417461329021
21.71928363567866
21.725646152081094
21.71440636214181
21.20381151171552
21.405221774187805
21.63447724023112
21.50119742238022
21.521520111145406
22.262672194092765
21.74368333657206
21.632064316484172
21.29284673018741
21.434329452816165
21.045323280926688
