20.87
17.06
19.97
15.43
18.22
18.16
19.17
24.69
12.39
20.82
21.4
17.66
20.11
27.94
29.84
21.29
19.88
22.88
26.2
29.07
21.33
25.7
18.87
27.53
31.57
22.98
20.36
27.0
22.16
21.59
20.66
26.85
22.43
30.85
24.41
21.83
19.76
29.66
20.32
28.03
24.84
30.86
23.35
13.03
18.33
22.62
17.35
12.1
13.29
10.31
11.87
14.01
17.77
18.86
18.74
21.98
16.51
20.51
18.03
19.47
16.76
16.27
14.99
14.71
17.43
10.46
13.71
13.33
13.0
7.55
14.75
16.8
10.29
7.72
12.37
9.43
17.7
17.87
15.83
18.4
19.25
13.9
15.65
13.79
11.17
14.54
12.71
18.0
11.69
9.28
11.59
17.01
10.73
11.83
16.03
18.24
13.68
20.3
15.09
13.71
22.27
14.69
17.36
16.49
15.55
9.96
15.23
12.55
11.86
12.87
17.06
15.92
18.96
19.42
18.96
16.21
13.51
12.19
19.46
17.7
10.91
17.49
15.77
8.68
15.08
18.35
22.59
14.95
19.29
15.48
19.08
21.1
12.27
20.46
16.44
17.71
14.89
14.84
18.55
16.12
12.51
11.35
16.42
16.35
16.68
13.36
12.03
20.37
14.5
14.49
15.6
17.9
15.01
15.7
15.34
21.69
14.86
15.42
18.52
9.92
12.2
12.05
14.81
22.69
19.45
20.15
17.54
17.28
15.75
13.89
11.55
16.13
21.15
17.56
22.04
17.89
13.43
18.06
16.83
15.15
15.18
21.46
19.12
19.94
17.22
17.85
19.59
19.08
23.28
24.06
20.69
17.7
16.37
17.75
18.94
18.43
14.37
17.47
21.66
20.51
16.42
17.15
17.82
23.56
17.16
13.2
12.75
25.44
14.85
17.39
20.97
20.11
17.69
22.93
16.59
20.68
22.74
22.87
20.92
20.28
24.34
14.6
17.61
16.81
12.79
19.04
11.89
18.19
16.05
13.41
15.48
12.11
15.79
16.89
17.35
15.37
9.14
10.88
12.3
15.86
16.64
12.07
14.28
9.72
15.78
16.98
12.72
19.98
18.85
15.08
14.24
16.36
12.42
21.27
16.64
13.35
17.67
16.38
20.14
18.63
25.29
21.11
18.48
15.15
19.72
13.57
17.44
16.29
20.78
12.45
8.4
14.62
15.35
13.58
8.78
10.06
13.2
15.06
6.77
11.29
11.85
14.76
14.52
13.24
8.21
11.83
13.84
14.12
16.41
11.69
15.56
12.62
14.46
12.33
15.28
13.89
13.89
8.93
13.63
8.71
11.59
13.86
14.22
15.22
12.83
13.94
9.95
11.9
9.8
8.11
11.53
13.96
9.12
12.89
15.31
17.0
11.27
16.98
13.96
10.88
17.64
10.89
13.24
9.8
20.47
12.53
12.18
21.67
16.15
21.72
13.8
16.63
14.8
20.3
14.35
13.72
20.26
16.65
18.31
15.68
21.68
26.19
17.16
21.02
22.81
23.89
21.31
17.56
22.76
21.44
22.29
20.91
18.62
20.38
16.94
19.9
17.41
20.48
16.7
16.85
18.8
17.51
19.31
18.23
22.66
20.6
12.31
18.5
14.15
17.38
14.65
17.75
15.99
16.39
16.17
12.07
16.06
16.54
14.65
12.48
11.49
12.6
12.41
10.95
10.0
10.37
17.3
10.67
13.17
12.53
8.76
13.04
12.96
13.72
13.7
13.26
14.54
13.15
9.55
15.46
11.9
11.27
13.66
12.09
16.42
16.34
17.03
14.45
15.44
15.66
11.72
15.49
14.77
12.02
11.67
13.7
9.81
14.04
10.26
14.73
18.11
18.03
14.72
15.45
15.55
19.67
14.81
18.86
14.3
18.41
18.1
18.5
16.96
17.62
12.17
10.52
16.09
20.36
14.7
21.03
19.66
18.76
18.47
18.63
22.34
15.59
20.46
15.22
16.62
17.14
13.45
15.35
27.3
21.17
25.33
17.8
21.52
25.55
22.69
17.68
20.63
24.3
22.13
19.9
23.49
22.96
20.49
30.07
22.16
20.7
26.07
24.45
20.44
24.71
18.87
19.53
23.12
20.75
24.76
21.15
24.97
25.81
20.3
20.78
28.21
27.37
24.55
25.88
23.24
24.33
26.18
19.77
23.25
23.44
25.87
24.5
20.58
22.43
20.08
33.63
20.32
25.06
27.44
20.66
20.25
15.25
15.9
15.69
21.0
13.75
17.61
15.37
17.03
12.59
19.68
20.93
19.81
14.83
13.07
20.54
14.88
14.85
19.49
16.14
18.93
15.16
19.27
17.8
17.1
15.89
19.16
16.13
15.19
12.49
19.34
12.86
15.97
15.29
13.47
14.98
18.94
13.48
14.76
14.43
13.58
9.7
8.39
16.41
16.54
12.64
13.85
17.16
14.14
17.63
13.84
13.5
12.87
8.84
8.09
15.34
8.91
11.3
8.95
12.2
14.01
11.22
15.43
10.22
14.46
11.9
16.02
11.42
13.1
15.01
12.25
11.25
9.98
13.6
14.43
13.0
10.12
9.05
9.66
8.85
14.24
11.46
9.71
14.9
8.27
12.64
12.03
11.27
8.5
9.12
10.73
7.24
15.87
11.37
10.55
10.53
