-2.293
-2.2295
-1.8337000000000003
-1.5690999999999995
-0.9637999999999998
-0.419
-0.1738
0.0328
0.3768
0.8624999999999997
0.9297
1.5289
1.7271
2.4222
2.3250999999999995
2.0141
2.7752000000000003
2.3934
3.1495000000000006
2.6885000000000003
3.6445
3.3077
3.8249999999999993
3.5927
4.3312
3.6388000000000007
4.199299999999999
3.9087
3.4424
3.9475
4.303999999999999
4.1594
4.484400000000001
4.5894
4.532399999999999
4.2628
4.5164
4.062
4.2965
4.648
4.109399999999999
4.222499999999999
4.8628
4.1532
4.2986
3.9438
4.2363
3.6852
3.608600000000001
4.481399999999999
3.8874
3.5705
4.1543
3.9053
4.0023
4.459899999999999
4.5654
3.6974999999999993
4.5228
4.1717
3.694500000000001
4.4067
4.0022
3.4216999999999995
4.1731
4.407
3.956
3.8832
4.079000000000001
4.2898000000000005
4.0103
3.8413999999999993
3.8717000000000006
3.8766
3.6506000000000007
3.8787
3.4888999999999992
4.105
3.3846
4.2264
3.8041
3.543100000000001
3.8154
3.6658
3.957099999999999
3.4799
3.8244
3.8539
3.7343
3.4847
3.423
3.820300000000001
3.965300000000001
4.3319
3.7669
3.7869000000000006
4.384
3.4984999999999995
4.052
3.8235
4.1876
3.9541
3.721000000000001
3.9877
3.7315
3.8475
3.2802
3.7067
4.538399999999999
4.2536000000000005
4.1213
4.395600000000001
3.8066
3.4679999999999995
4.5739
4.4368
3.6566
4.7506
3.7028
4.3454
4.2597000000000005
4.5324
4.648300000000001
4.786100000000001
5.0064
4.609
4.8307
4.6439
4.332999999999999
4.6751
4.517
5.167999999999999
4.3866000000000005
4.607399999999999
4.4068000000000005
4.392
4.4674
4.4905
4.7929
5.139100000000001
4.2281
5.310899999999999
4.6999
4.833000000000001
4.919999999999999
5.007099999999999
4.9537
4.6591000000000005
5.2363
4.8466000000000005
5.1819
5.6876
4.977199999999999
5.5043
5.3475
5.787000000000002
5.4288
5.0639
4.8545
5.5981
5.814100000000001
6.068099999999999
4.6869
5.548900000000001
5.453399999999999
5.212900000000001
5.104500000000001
5.531499999999999
5.139200000000001
5.427199999999999
5.894900000000002
5.829400000000001
5.5412
5.3489
5.5785
5.4343
5.444100000000001
5.4464
5.615799999999999
5.5928
5.232199999999999
6.044099999999999
4.729
5.304000000000001
4.6599
4.639800000000001
4.8852
4.7073
5.265100000000001
5.4035
5.1035
5.027100000000001
5.7162000000000015
5.5925
4.8437
5.0281
5.2328
5.072800000000001
5.4623
5.312799999999999
5.5807
4.9533
5.427100000000001
5.0124
5.1024
4.8933
5.517099999999999
5.0247
4.610799999999999
5.5021
5.0072
5.021400000000001
5.1482
4.7635000000000005
5.8099
5.354299999999999
5.348700000000001
5.9928
5.675699999999999
5.427099999999999
4.9239
4.963900000000001
5.798999999999999
5.4344
4.780799999999999
4.7418000000000005
5.441
5.236599999999999
5.3714
5.6164
4.7469
5.151800000000001
5.596399999999999
6.083400000000001
5.428
5.2537
5.505300000000001
5.697299999999999
5.0736
4.2043
4.6632
4.8255
5.051499999999999
4.621300000000001
4.6401
5.266400000000001
4.791599999999999
5.183499999999999
5.475700000000001
5.4354
5.6512
4.7056
5.281600000000001
5.1486
5.1188
4.4239
4.977799999999999
5.4747
4.6501
5.103800000000001
5.2261
5.458799999999999
5.803300000000002
5.381500000000001
4.781899999999999
4.7492
5.8503
5.1755
4.8598
4.9147
5.626999999999999
5.2451
4.8893
5.822500000000002
5.426900000000001
5.4876
5.494400000000001
5.7553
5.5012
5.0036000000000005
5.0506
5.248399999999999
5.0128
6.203099999999999
5.9883000000000015
5.2677
5.799499999999999
6.376799999999999
5.316599999999999
5.898300000000001
5.682500000000001
5.0363
6.055900000000001
5.905399999999999
4.9905
5.9935
5.915800000000001
6.221800000000001
5.7592
5.5581000000000005
6.1926
6.621399999999998
5.084700000000001
6.248499999999999
5.5123
6.506800000000001
5.663700000000001
5.574699999999999
5.698800000000001
5.8317000000000005
6.5482000000000005
6.2887
5.6853
7.007000000000001
5.5443
5.313900000000001
5.359
5.4117
5.679900000000001
5.758700000000001
6.3499
6.1414
5.4678
5.9399
6.976
6.639399999999998
6.424600000000002
6.1274
6.4627
5.730999999999999
6.524
5.8261
6.017200000000002
5.979799999999999
6.1918
5.481600000000001
5.359699999999999
5.0001
5.771500000000002
5.791399999999999
5.953699999999999
5.6476
5.605
6.474400000000002
5.979400000000001
6.9008
6.2929
5.556899999999998
5.1514
4.541300000000001
5.1661
5.334699999999999
5.2332
5.1108
5.5905
5.640899999999999
5.2654000000000005
5.0452
5.6829
5.5706
4.851400000000001
4.759
3.7293
4.059
4.427899999999999
3.538300000000001
3.7461
3.8056
2.6212
3.5547000000000004
4.139600000000001
3.6641
4.8881
4.1789000000000005
3.69
3.632
4.3218000000000005
4.060899999999999
3.5797
3.7231
3.8228
3.4287999999999994
2.7043
3.1590999999999987
3.5117000000000003
3.8336
3.7487
4.0316
3.7373
3.8078
3.7379
3.6535
4.475899999999999
4.148499999999999
4.4562
4.9001
4.5341
3.7913
4.238
4.580000000000001
4.5619
4.9404
4.6368
4.7239
5.0569
4.48
4.9868
4.716
5.354799999999999
5.143
6.374099999999999
6.4354000000000005
6.025799999999999
5.903999999999999
6.653800000000001
7.1195
6.0691
5.9377
6.339900000000001
6.793499999999999
5.7298
5.252199999999999
5.8266
5.798900000000001
6.2284000000000015
5.285999999999999
6.492100000000001
6.992400000000001
7.146299999999999
7.4918
7.4761000000000015
8.0178
7.0849
7.385400000000001
7.398099999999999
7.334
8.048499999999999
8.0124
7.730499999999998
8.1528
8.3468
7.987599999999999
8.132
7.568599999999999
7.6223
8.5518
8.1023
7.939699999999999
6.9703
7.8
7.889099999999998
8.109300000000001
8.6301
7.814400000000001
8.6831
7.785900000000002
7.612299999999999
8.0433
7.4919
8.1006
8.123299999999999
7.862999999999999
8.000200000000001
7.899999999999999
8.0205
7.2035
7.985299999999999
7.103700000000001
7.428999999999999
8.1334
8.1766
7.7282
7.3125
7.454499999999999
6.9774
7.3392
6.991999999999999
7.386600000000002
7.9451
7.477600000000001
7.276
7.7175
8.1106
7.2937
7.866200000000001
8.0166
7.469799999999999
7.603099999999999
7.592199999999999
7.5076
7.8491
8.039
7.2334
6.714
6.795300000000001
6.5516000000000005
7.2003
7.235899999999999
6.8973
7.096900000000001
7.117299999999999
6.5326
6.739999999999998
6.8111
6.401
7.415299999999999
6.576400000000001
6.6283
6.5503
7.2317
6.410100000000001
6.5484
6.5649
6.8473000000000015
5.831600000000001
5.9858
6.3093
7.0523
6.5772
5.649700000000001
5.903900000000002
5.7666
5.5549
5.4056
5.9963
5.255100000000001
5.1086
6.006399999999998
5.9293000000000005
5.314799999999999
5.3362
5.2348
5.5565
4.9195
4.3456
4.1075
4.5414
4.4466
5.21
5.0797
4.3608
4.7789
3.9785
3.774600000000001
3.8411
4.4292
4.0629
5.022500000000001
4.7894
3.4743
3.6658
4.1511000000000005
3.8327
4.174099999999999
3.7918
4.2351
3.3017000000000003
4.339600000000001
3.4847
4.082999999999999
3.3294
3.8145
4.198000000000001
3.671
5.1502
4.2346
4.120099999999999
4.851
4.449900000000001
5.0218
5.185499999999999
4.7506
3.435
3.665
3.0175
3.2535000000000003
3.3563000000000005
4.1675
4.7543
4.5674
5.021800000000001
4.834900000000001
4.7708
5.325099999999999
5.312900000000002
6.360000000000001
7.174600000000001
6.850899999999999
6.310800000000001
6.0777
6.217999999999998
6.587499999999999
7.092399999999999
6.935600000000001
6.503600000000001
6.4015
5.876
6.270599999999999
6.4807
6.448
