-2.3166
-2.2108
-1.6658000000000002
-0.9259000000000002
-0.2844
0.173
0.4635
0.7752000000000001
0.9171999999999998
1.2494
1.899
2.0042
2.0867
2.5472999999999995
3.1129
3.2169000000000008
2.6827000000000005
2.9668
3.16
3.2048999999999994
3.534
3.7201
4.0457
4.2756
4.252
3.7705
3.2643
3.7297
4.652500000000001
4.262600000000001
3.5518
3.2769
3.5507999999999997
4.3033
4.3942
4.0035
3.8428
4.4256
3.9474999999999993
2.8955
3.1255
3.9754
4.648999999999999
4.828200000000001
4.5246
4.2758
4.509
4.5355
4.5272
4.5551
4.2326
4.0174
4.5527
4.477600000000001
4.354500000000001
4.7447
4.0037
3.7745000000000006
4.200799999999999
3.6787
3.3257000000000003
3.2917
2.9805999999999995
2.9738000000000007
3.4963999999999995
4.158399999999999
3.8885
3.702
3.1221
2.6931000000000007
2.6253
2.334
2.5497999999999994
2.7965
3.1576
3.5591000000000004
3.6898
3.4456000000000007
3.2470000000000003
2.9321
3.4930000000000003
4.2416
4.1275
3.7851
3.7843999999999993
4.219800000000001
3.992799999999999
3.46
3.639000000000001
4.0446
3.8318
3.7044
4.1204
3.8402
3.5145
3.8318
3.5628
3.0994000000000006
4.0282
5.0006
4.7564
4.569100000000001
4.3859
4.0246
4.4748
4.911599999999999
4.200899999999999
3.1550000000000007
3.5656000000000008
3.9062
3.7573
4.3747
4.193299999999999
4.0385
3.996
3.8524
4.1277
3.917999999999999
3.7279
4.139500000000001
4.5886000000000005
3.9509
3.6353
4.3907
4.4136
4.2973
3.9602
2.9293
3.4606
4.6253
4.2127
3.7765
3.7482
3.3074
3.8319
4.518199999999999
3.9297
3.6876
3.7093
3.859
4.446300000000001
4.0982
3.8635
4.2073
3.9974
3.609
3.3232
3.6602
4.216800000000001
4.2962
4.0802
3.8868
4.434200000000001
4.086
3.7639
4.1887
3.8486
4.3005
4.370900000000001
4.028700000000001
4.0722000000000005
4.1666
4.6256
3.9053
3.1549
3.7143
4.3379
4.8376
4.2713
3.6978
4.155200000000001
4.3518
3.530399999999999
3.685
4.9007000000000005
4.792199999999999
4.032400000000001
4.0995
4.1019
3.5277000000000003
3.8222
3.8821
3.6944
3.9354999999999993
4.0554
4.1657
3.8870999999999993
4.109100000000001
4.303599999999999
3.8040000000000007
4.2797
4.328099999999999
3.8421
3.6232000000000006
3.5981
3.8225
3.6168
4.5714
5.0917
4.665799999999999
4.746100000000001
4.4215
3.8507000000000007
3.9582
3.7719
3.8593
4.3458
3.9758
3.872099999999999
4.0644
3.8026
3.7602
4.416
4.321400000000001
4.7408
5.6236
5.2532000000000005
4.362799999999999
4.606599999999999
4.7658
4.503800000000001
4.694
4.278299999999999
3.749
4.120699999999999
4.1252
3.5799000000000007
3.306
3.0474999999999994
3.8291
3.8244
3.6346
4.1323
3.653999999999999
3.418100000000001
3.8444000000000007
4.1729
4.0812
4.065799999999999
4.0585
4.0188
3.8699
3.812700000000001
3.7815
3.952699999999999
4.4590000000000005
4.357100000000001
4.2105
3.6398
2.7754000000000003
3.1959
3.821400000000001
3.6455
2.9981000000000004
3.2622000000000004
3.5472
3.2836000000000003
3.2964
3.2722
3.5315
3.4528
2.9984
3.2547
3.0713
2.6218
3.646100000000001
4.017499999999999
3.7009
3.6288
3.7987
3.9356999999999993
3.9689
3.6614
3.666200000000001
3.8683
4.025499999999999
4.3284
3.767700000000001
3.0013
3.1338
3.445
3.7434
3.6668
2.8427
2.8451
3.6221
3.875
3.5434
3.103800000000001
3.0148
3.789
3.2413000000000007
2.6910000000000003
2.7694000000000005
2.6011
2.9562999999999997
2.874
2.8567
2.4398999999999997
2.4151
3.2825000000000006
3.4118999999999997
2.9137
2.7357
2.5734
2.6368
2.4978
1.9946
2.2073
2.2916
2.0784
1.946
2.1385
2.0207
2.6924
3.393600000000001
2.8493
2.6831
2.7894
2.6291
2.8806000000000007
2.6427
1.8407
2.2818
2.5755
2.5144
2.8622
2.8029000000000006
2.5159
2.7016000000000004
2.7480000000000007
2.4384
2.2269
2.2654
2.4216
1.9588000000000003
1.797
2.4701
2.6132
2.5164
2.3832000000000004
1.5826000000000005
1.5233999999999996
1.9943
2.0098000000000003
2.0
1.9506
2.4447
2.7347999999999995
2.3364000000000003
2.031
1.8993
2.1125
2.7171
2.9278000000000004
2.4298
2.2018
1.8134
1.7262999999999995
2.194
2.1374000000000004
2.1344
2.1875000000000004
2.1376000000000004
2.1853
2.4304
2.631
2.6229
2.6984
3.208
2.7778000000000005
2.6673
3.2338
3.1866000000000003
3.5944000000000007
3.3702
2.3823000000000003
2.9087000000000005
3.5999000000000008
3.0624000000000007
2.8441
3.3144
3.419
2.9755000000000003
3.1512
3.5347000000000004
3.3348
2.9506
3.2539
3.2254
3.0945
3.6431
3.6371
3.0617
3.3079
3.729400000000001
3.5141
3.334799999999999
3.1561000000000003
3.2966
3.5117000000000003
3.493899999999999
3.4583999999999997
3.5627000000000004
3.6667
3.456900000000001
3.37
3.5266
3.6814
3.7126
3.718600000000001
3.2363
3.2518
3.2969000000000004
2.8491000000000004
3.3188999999999997
3.2185000000000006
2.8953
3.1090000000000004
2.9930000000000008
3.2915
3.5578000000000003
3.5941
4.0318000000000005
3.5826000000000007
2.905099999999999
3.8907
4.5547
3.909
3.6803
3.5745
3.3893
3.2657000000000007
3.0672
3.0643
3.1069
3.0964000000000005
3.0469000000000004
3.072199999999999
3.0697
3.1583999999999985
3.3402000000000003
3.5353
3.3311
2.6857000000000006
2.5838000000000005
3.2456
3.7095
4.215
4.8457
4.2076
3.9185
4.375900000000001
4.0873
3.9522
4.9149
4.0777
2.6546
3.6879
4.011699999999999
3.8936
4.305600000000001
4.2128000000000005
4.065499999999999
3.6919
3.4452
3.6399
3.9452
4.125699999999999
4.13
4.225299999999999
4.2933
4.146700000000001
4.1456
3.8279
3.8394
4.4429
3.876700000000001
3.8568
4.4138
3.5963
3.9344
4.4634
4.0909
3.8312
3.9913
4.4551
4.1301
3.6499
3.653
3.8463000000000007
3.4935
3.8112
3.9447
3.7614
4.0074000000000005
4.146
3.7496
3.742900000000001
3.6355999999999993
3.6355
4.0251
3.4704
3.2319
3.4893
3.6866
3.0146
2.3755999999999995
2.5198
2.5184
2.6179
3.0753
2.9266999999999994
3.085400000000001
2.9503000000000013
2.5343
2.4884
1.9513
2.4659000000000004
2.8470999999999997
2.5098
2.5317000000000003
2.4966
2.8522000000000003
3.7698
3.7976
3.1597000000000004
3.3746
3.5964000000000005
3.551
3.7482000000000006
3.389100000000001
3.0877000000000003
3.3166000000000007
3.2097
3.2242
3.3479
2.7873
2.6689
3.661800000000001
3.946800000000001
3.5609999999999995
3.9517
3.475199999999999
2.5572000000000004
3.1076
3.3914000000000004
3.282100000000001
3.6632000000000007
3.6012999999999997
3.7167
3.8783
4.0142
3.7645
3.3744
4.0587
3.891000000000001
3.1616000000000004
2.8244
3.1806
3.0264000000000006
2.6939
3.0266
3.062900000000001
3.1638
3.2609
3.4704
3.6299
3.1486
2.8124
3.4582000000000006
3.1238999999999995
2.6937
2.8482
2.4897
2.2122
2.4087
3.0092000000000003
3.5846
3.5338
3.226300000000001
3.5778000000000003
3.3966000000000007
2.5959
2.989
3.525299999999999
3.4906
3.5920000000000005
3.3185
3.3273
3.5979
3.2949
2.914
2.8692
2.8287
3.1086
3.657
3.662100000000001
3.0361
2.844499999999999
