46.94
48.03
60.17
61.59
52.83
57.78
47.7
44.21
53.68
53.48
45.78
41.77
42.64
40.59
39.84
33.46
35.9
38.63
38.95
28.71
16.9
22.46
25.32
19.7
17.82
18.14
15.45
13.07
8.64
15.8
23.17
21.98
22.08
27.29
28.56
23.9
17.14
8.81
6.49
6.2
6.54
5.78
5.0
6.1
5.76
3.77
4.73
6.5
5.43
4.25
9.42
11.8
7.7
7.76
8.06
8.68
6.38
3.4
3.16
6.15
12.44
9.36
5.28
4.5
6.54
10.96
12.43
7.92
7.26
8.38
12.97
12.7
15.39
18.32
14.63
19.68
20.67
15.97
9.98
14.6
16.09
14.12
12.66
13.24
10.44
7.77
9.65
6.94
8.9
12.52
15.15
13.28
13.38
12.19
10.6
13.12
15.56
12.96
9.1
13.3
18.5
17.18
11.23
13.12
14.41
13.55
11.6
10.12
12.67
17.53
18.06
14.1
11.01
9.21
13.53
12.05
11.23
15.8
12.99
9.53
10.05
11.06
11.4
12.02
10.89
8.93
7.5
6.89
8.44
10.68
10.45
6.37
8.99
14.28
17.33
18.93
20.05
22.2
20.23
21.68
22.91
14.0
12.57
20.95
20.65
18.89
18.86
14.94
12.33
16.51
18.99
14.28
15.74
18.91
14.79
17.2
17.86
16.33
17.67
15.23
11.63
13.98
20.34
18.62
16.53
12.3
19.2
27.71
17.92
15.06
17.34
17.83
22.15
21.0
17.43
17.5
16.63
17.83
20.76
17.57
13.71
14.11
15.58
16.98
16.96
15.49
17.0
17.89
16.68
16.21
19.61
27.72
24.01
14.5
16.25
16.06
13.75
17.78
18.33
21.72
24.81
22.28
18.74
16.33
17.23
18.71
17.42
15.81
15.02
16.59
16.11
16.03
17.63
21.11
23.04
15.9
12.72
15.86
19.25
20.72
21.85
21.2
21.77
19.71
14.76
12.1
15.97
15.0
11.29
13.52
12.06
10.17
12.05
13.39
11.94
10.37
10.41
10.72
8.68
10.44
13.94
14.81
13.74
11.84
8.9
9.0
11.77
10.96
10.98
12.52
10.97
8.14
10.64
11.75
9.46
9.34
7.37
6.43
7.76
10.89
10.19
11.86
12.45
12.22
12.73
9.85
8.81
7.24
8.26
7.74
5.48
5.96
6.73
11.31
11.4
8.95
9.72
7.65
11.12
12.13
7.13
7.03
7.73
9.4
9.91
8.12
7.72
6.82
10.88
10.84
6.68
5.92
6.82
8.93
7.91
7.61
12.83
13.95
10.81
9.29
7.86
6.64
8.34
9.85
9.6
8.86
8.6
9.11
10.0
10.68
11.39
13.82
13.53
10.5
11.04
12.8
11.26
11.4
12.64
9.58
8.15
12.79
12.82
9.8
16.35
15.59
11.59
12.54
10.67
11.26
13.39
12.85
14.96
15.7
14.45
13.37
11.75
14.41
14.63
15.71
17.32
19.08
17.25
12.5
14.47
19.77
20.01
16.07
15.96
16.06
16.59
19.03
19.1
20.63
18.66
18.4
21.12
21.96
24.06
23.5
23.5
25.81
25.45
23.44
26.1
26.39
22.48
21.63
19.36
19.5
21.1
22.54
21.99
20.9
21.02
22.04
22.46
19.92
22.98
25.89
24.1
27.29
26.23
22.82
23.43
24.49
26.57
23.86
23.38
24.37
19.23
17.72
18.35
14.07
14.56
16.68
15.17
17.4
18.81
17.57
14.58
10.47
8.61
9.11
12.54
13.31
10.64
9.38
9.09
7.83
9.02
10.39
9.5
9.71
9.28
8.49
7.66
10.28
10.64
8.3
9.21
8.2
9.6
11.4
11.53
10.39
13.86
12.43
10.28
11.66
10.01
11.7
11.26
9.62
9.88
12.14
12.88
12.18
12.77
12.57
11.72
14.71
12.69
8.18
9.31
9.1
11.46
12.66
10.22
10.84
11.79
13.34
11.61
10.05
11.36
10.63
10.39
9.79
10.55
10.26
13.41
14.14
13.29
12.95
12.83
14.97
12.03
12.43
14.71
15.88
14.45
11.11
11.26
11.71
13.47
14.83
15.28
17.73
16.52
11.85
11.18
15.35
14.85
18.95
19.41
14.1
15.21
17.71
17.55
14.51
16.75
21.49
19.26
16.08
16.32
15.46
15.36
15.62
16.08
19.17
19.07
15.95
16.87
19.22
17.01
17.59
20.95
20.28
21.49
18.3
17.23
19.78
18.35
18.26
20.85
21.22
20.77
20.63
17.59
16.53
17.25
18.06
20.13
20.78
19.24
17.36
19.45
23.91
19.41
15.72
16.54
11.73
11.08
17.83
19.96
18.35
15.99
13.85
14.59
15.89
15.71
11.68
11.7
14.72
15.8
22.64
20.87
20.06
22.88
17.41
15.38
14.99
19.25
20.97
16.06
12.79
12.02
15.33
16.2
19.33
19.34
12.86
16.39
16.68
15.87
15.79
15.31
13.97
10.53
16.0
23.05
25.19
24.44
21.01
14.05
14.23
17.22
15.5
11.95
11.61
12.7
16.92
19.67
13.92
12.79
20.46
23.41
16.96
14.51
12.63
11.35
15.96
18.07
19.13
17.11
16.15
17.22
17.04
16.7
16.72
