48.78
49.38
60.16
66.88
54.45
44.28
39.29
35.15
34.87
38.56
42.44
37.45
30.94
27.36
30.24
34.81
25.77
24.16
26.45
18.26
15.22
15.79
15.38
15.22
11.8
8.11
12.94
16.29
13.55
10.52
8.1
5.82
5.67
9.71
10.71
9.22
7.89
5.15
4.38
5.05
6.53
6.36
3.87
8.6
12.34
12.66
12.63
13.59
12.85
12.99
13.65
10.07
11.65
12.32
12.82
12.4
9.32
7.61
8.52
9.41
10.73
14.8
16.49
14.71
13.5
16.12
16.93
15.64
15.31
15.82
20.6
20.72
17.73
23.19
25.72
18.24
15.64
19.95
19.61
16.35
14.44
18.3
25.85
23.31
19.86
18.86
16.86
22.23
21.84
14.3
13.04
15.08
18.32
17.31
13.2
13.72
13.41
13.56
14.15
14.81
14.24
13.31
9.95
5.91
9.73
14.06
12.16
10.69
12.29
12.75
10.69
7.93
7.15
6.94
9.32
9.99
10.17
8.9
7.9
9.27
10.04
9.63
8.42
10.38
12.57
13.68
12.0
11.94
13.83
12.82
12.06
12.37
13.82
14.27
15.05
18.2
15.59
12.88
12.86
11.58
12.5
16.94
18.66
15.34
12.18
15.6
19.63
18.03
14.66
11.87
9.91
7.42
11.02
15.97
12.56
12.82
17.48
14.47
12.3
10.9
10.8
13.22
14.57
13.65
13.9
13.58
11.55
11.29
12.07
12.29
14.47
17.96
17.26
17.63
17.5
16.51
18.26
20.88
19.46
18.37
19.36
18.63
15.99
14.5
16.17
15.08
15.02
16.51
14.52
14.71
17.97
22.62
24.45
19.52
17.9
22.54
25.32
24.14
25.76
25.51
23.99
24.55
24.05
21.32
21.9
23.15
25.85
27.38
20.67
19.24
22.81
22.22
17.47
16.49
20.95
24.87
22.13
18.36
20.43
20.56
17.96
17.17
14.86
15.22
17.44
16.84
16.41
15.6
15.24
15.3
15.57
17.16
17.1
16.34
16.24
13.3
9.3
9.98
11.42
8.89
7.57
6.89
4.95
7.29
9.27
8.19
6.4
4.59
6.12
8.1
8.5
8.08
7.66
7.53
6.79
7.55
9.35
11.29
10.66
9.94
11.89
9.32
6.4
7.75
8.06
9.18
9.07
8.0
9.07
8.09
9.18
12.64
12.62
11.77
9.55
9.61
10.67
8.24
8.35
10.55
10.56
10.08
11.95
14.05
13.12
11.54
12.18
10.97
11.19
11.81
12.72
15.29
15.95
15.87
15.99
15.46
12.43
12.58
14.98
15.37
14.75
14.65
17.31
18.73
14.71
12.38
14.53
15.35
13.57
11.88
10.26
10.19
13.68
16.48
15.08
15.38
16.98
15.11
13.71
13.53
12.51
13.04
15.24
15.62
15.73
16.16
16.66
18.59
19.14
19.49
21.35
17.66
17.37
19.63
17.36
18.52
18.49
18.17
16.64
15.88
16.59
18.07
20.1
19.34
16.43
18.64
20.67
18.34
19.87
18.26
18.93
18.99
17.29
18.97
19.43
18.53
17.84
19.81
19.86
18.94
20.7
23.34
22.06
18.01
19.41
20.48
17.16
17.85
19.9
18.54
18.66
21.08
17.82
13.98
17.36
21.16
21.46
19.15
17.44
17.69
17.69
17.09
19.62
22.16
23.03
23.43
21.33
16.44
14.13
16.66
16.2
13.75
15.38
18.28
16.44
12.69
12.38
14.89
17.26
18.43
14.99
11.96
14.26
13.83
10.83
9.55
9.58
8.37
8.23
8.35
9.08
10.5
12.03
12.47
9.42
9.76
10.81
9.68
9.02
11.84
12.33
10.22
11.1
11.97
9.72
7.26
7.44
10.88
10.42
7.24
7.11
9.55
11.22
9.57
10.56
11.83
10.46
9.2
8.68
8.74
8.82
8.29
8.06
7.99
8.45
7.76
8.62
11.61
12.17
10.8
10.04
7.97
7.87
9.34
8.55
10.15
10.48
10.52
11.58
9.9
10.95
11.01
9.48
11.06
13.45
12.32
12.44
12.45
12.16
12.44
11.4
11.24
11.22
11.31
10.6
10.66
12.44
12.16
10.3
11.07
13.6
13.89
11.71
10.79
12.97
14.14
11.71
13.57
17.16
14.83
12.65
13.17
13.98
13.68
15.69
17.11
16.91
15.72
13.4
13.72
15.27
14.36
15.25
17.99
17.12
15.18
12.46
12.21
15.02
16.88
15.18
11.89
12.17
14.87
13.98
15.61
14.15
12.41
15.31
19.23
21.34
18.04
17.06
17.86
17.33
17.98
16.37
15.5
17.29
16.97
16.19
14.15
14.43
16.81
16.1
14.26
13.63
14.9
19.22
21.33
18.5
21.77
22.03
15.51
16.75
18.78
16.99
16.25
16.09
19.54
20.7
16.89
15.98
14.51
18.33
18.14
15.68
18.91
17.03
16.05
14.99
12.95
14.94
15.23
16.69
16.96
14.54
14.09
15.54
18.07
18.48
16.95
15.71
16.32
15.93
15.51
18.22
18.93
20.74
23.12
18.1
15.63
16.6
15.65
13.46
13.17
14.44
15.78
17.29
19.62
20.37
17.96
20.25
17.63
13.64
16.48
19.08
18.77
17.22
16.49
