86.66
102.23
87.78
49.78
56.32
77.54
65.7
42.17
35.03
29.8
28.28
23.71
16.38
18.08
18.83
17.26
13.16
10.13
13.2
15.49
17.34
17.65
18.93
20.46
15.44
12.85
16.7
17.17
16.35
14.13
17.03
18.76
16.13
13.87
10.32
13.11
15.16
15.93
13.79
15.78
19.7
15.84
13.4
13.54
16.49
14.22
11.53
13.44
11.89
12.36
14.32
14.37
11.84
14.07
17.18
12.45
13.71
16.28
13.37
13.28
12.99
13.43
13.73
15.63
14.96
12.12
12.97
13.25
12.39
8.55
7.09
9.79
9.47
8.55
11.31
11.75
11.23
11.72
9.38
8.08
11.49
14.46
13.37
11.6
11.39
16.29
18.52
12.63
9.6
9.89
9.64
8.14
10.06
10.76
7.12
6.95
7.24
8.69
12.97
15.09
10.28
5.71
8.48
10.06
11.28
11.72
11.27
9.44
7.46
7.89
9.03
11.12
12.34
11.58
9.9
10.3
8.55
7.78
11.57
13.07
11.73
11.16
14.22
15.77
12.6
10.54
13.38
15.48
14.35
16.69
15.76
12.95
12.38
12.57
17.21
20.63
18.8
16.01
11.68
11.87
16.75
17.39
14.51
15.03
17.62
16.75
13.22
17.41
21.08
18.32
18.33
19.89
18.64
19.37
19.6
18.2
20.52
20.28
19.12
17.69
18.39
20.34
17.96
20.61
23.44
21.58
21.6
23.35
26.4
25.09
26.33
26.39
22.05
24.16
25.45
24.13
24.94
22.23
19.17
17.85
18.31
20.33
21.57
23.59
22.06
19.35
19.17
17.23
23.16
27.68
24.07
23.52
20.9
19.72
21.47
21.56
20.75
21.42
20.46
20.72
23.03
19.44
18.35
20.81
17.98
16.08
17.93
16.87
13.68
15.26
13.77
11.19
11.69
11.55
13.27
16.3
18.26
13.44
12.86
16.7
18.25
15.24
13.12
16.12
13.72
11.6
12.15
10.71
10.49
11.22
13.48
15.65
13.32
12.21
12.77
14.79
16.09
14.01
14.04
12.59
13.52
14.43
11.02
8.03
7.03
11.04
14.1
11.14
10.06
10.6
11.41
16.36
17.05
16.73
16.37
13.78
11.69
11.4
12.21
9.71
13.68
14.7
10.39
11.25
14.05
14.01
11.4
12.16
12.58
15.51
17.9
13.55
11.44
12.33
12.44
12.58
13.09
14.83
13.15
8.76
8.35
12.89
15.92
14.83
15.87
17.5
14.0
10.03
10.36
12.49
12.35
12.3
14.64
14.18
18.12
19.62
15.97
17.33
21.14
18.23
15.32
14.84
14.18
12.46
13.74
15.3
13.71
18.0
16.37
12.53
14.48
14.05
13.8
15.65
18.01
18.23
15.77
15.52
15.15
13.83
13.79
14.39
13.28
12.43
15.89
15.17
9.08
10.9
15.02
14.43
15.53
16.03
15.24
14.86
14.12
15.35
17.13
21.83
18.35
17.53
27.28
24.11
15.39
10.26
10.83
14.08
12.75
12.98
17.71
18.83
18.29
20.55
18.37
12.7
12.75
15.41
17.11
20.14
24.14
22.54
20.1
17.61
13.53
20.94
27.22
21.87
14.79
13.34
14.67
16.53
17.97
17.89
16.96
15.94
18.32
21.36
16.08
10.53
14.65
16.4
11.91
12.24
16.36
15.75
13.49
13.03
13.52
12.83
13.54
15.66
18.46
18.3
13.11
12.03
14.89
16.38
13.79
14.28
15.68
11.55
12.1
16.66
17.08
16.48
16.42
15.18
19.97
19.4
16.58
19.19
14.36
11.14
14.1
17.28
20.24
19.45
15.45
17.88
19.43
15.57
10.45
12.1
15.89
13.25
13.16
14.16
13.26
21.43
21.98
13.27
13.69
17.52
18.01
14.84
15.39
20.4
20.84
16.39
12.85
14.57
17.06
18.28
21.56
19.9
17.56
18.36
20.84
21.64
22.05
21.13
17.29
19.62
22.78
16.45
14.87
15.08
11.53
13.83
14.06
12.1
13.25
18.31
17.9
16.75
15.67
13.09
14.26
18.46
19.51
15.76
20.43
20.02
13.45
17.48
20.3
16.05
13.52
13.76
15.23
17.38
19.1
16.0
16.78
16.33
22.36
23.94
17.35
14.47
10.0
15.18
16.71
18.65
16.46
10.68
12.51
14.46
19.92
21.81
17.21
14.74
15.22
11.74
8.63
17.76
19.91
12.82
14.97
17.42
14.61
15.16
20.03
14.97
9.69
13.35
12.97
12.21
15.33
13.57
9.45
14.35
16.5
10.74
14.09
13.73
8.78
9.58
14.95
15.98
12.04
11.07
9.44
9.06
18.07
18.67
9.73
16.44
23.58
20.31
17.28
20.17
21.45
19.96
19.38
26.16
20.34
7.55
9.51
14.98
15.72
11.47
8.04
9.62
11.41
10.21
10.55
13.54
12.74
8.84
12.72
16.73
15.46
12.02
10.38
13.67
12.54
14.47
18.96
17.63
13.98
8.6
7.14
9.93
17.38
15.49
12.04
14.21
11.96
15.86
13.68
7.54
8.45
10.58
12.74
14.27
12.45
11.6
12.04
11.34
12.43
11.71
11.58
11.67
11.34
11.73
13.58
13.6
11.83
10.78
15.38
16.83
