28.6
37.44
59.03
67.15
67.08
68.29
67.95
60.77
66.25
78.21
75.82
65.99
44.54
42.46
42.24
35.93
36.74
27.28
23.66
32.99
40.35
25.06
10.85
9.72
5.8
5.78
9.33
12.92
10.96
16.69
25.1
20.04
17.63
23.78
31.8
33.73
28.2
25.32
31.12
39.2
45.97
41.65
31.45
35.74
33.75
24.17
19.88
18.15
16.88
25.19
23.64
15.73
15.29
14.84
13.38
14.62
15.16
11.67
17.65
16.58
12.61
17.3
15.6
7.02
3.24
5.06
5.42
5.14
6.21
6.48
7.7
9.14
10.97
13.06
9.25
19.55
29.23
35.82
31.4
16.45
21.68
18.84
13.21
23.77
25.49
17.68
20.83
22.18
23.61
29.43
33.95
25.55
19.95
34.53
31.86
17.72
14.28
15.55
15.15
24.84
22.0
26.33
37.27
34.18
28.71
19.53
22.68
18.72
15.1
19.14
18.74
13.27
12.93
11.54
10.46
10.46
12.34
12.61
8.07
7.44
9.94
15.25
15.72
14.18
17.17
16.94
18.18
19.9
15.39
15.57
22.07
23.34
19.32
15.72
13.18
15.71
16.5
20.94
23.44
22.79
18.44
8.74
6.17
6.18
9.41
11.78
10.17
7.41
7.3
11.79
11.13
7.21
6.63
9.85
10.82
8.3
6.88
9.54
9.16
4.8
4.52
5.99
11.03
11.62
7.32
4.68
4.98
6.89
8.32
9.8
9.64
9.33
9.33
7.83
10.19
8.79
8.14
15.39
15.38
10.1
6.44
7.62
12.46
9.7
6.33
8.34
10.2
7.85
7.14
9.71
17.05
18.83
13.46
9.49
6.99
8.69
12.68
12.53
14.25
11.85
11.23
24.37
22.33
13.03
9.75
12.64
14.32
12.79
13.37
18.58
17.66
14.29
18.47
21.42
17.94
10.44
16.66
16.69
10.72
14.61
22.27
22.57
16.24
14.18
16.78
16.41
14.94
17.22
11.97
11.97
15.11
17.26
24.48
24.63
21.13
27.72
22.14
14.69
25.72
23.92
14.73
13.19
27.38
28.38
22.65
24.81
19.11
34.34
31.85
13.38
15.14
12.08
14.3
19.1
16.75
23.69
29.12
25.34
23.82
26.43
24.15
27.07
25.28
14.75
12.67
12.91
17.82
22.23
16.57
15.36
17.16
13.39
14.14
14.79
14.2
21.41
21.03
10.02
8.89
13.44
11.4
10.11
11.58
14.09
16.81
13.59
8.24
8.7
11.28
13.06
11.31
9.28
10.03
12.16
16.2
13.85
8.21
12.68
12.08
6.56
11.9
9.14
7.56
8.19
6.87
8.59
9.67
9.74
7.0
6.2
7.54
9.77
18.22
15.23
5.14
7.41
11.06
9.44
8.13
13.39
16.58
11.4
6.18
5.82
14.56
23.11
17.19
20.36
20.14
11.99
16.19
17.31
13.01
12.88
12.26
19.6
22.29
16.6
14.32
15.85
24.61
27.51
22.48
20.66
15.79
12.9
32.95
42.35
36.28
36.49
27.95
23.19
26.22
27.53
34.66
34.06
21.85
16.24
14.37
13.8
16.33
30.2
33.62
21.0
19.08
22.49
20.14
30.63
31.01
17.03
24.15
20.92
19.48
22.77
16.78
18.31
16.15
17.64
20.44
16.31
18.23
23.52
20.96
18.34
30.65
28.84
19.81
19.14
13.19
15.91
22.45
23.52
20.0
22.33
26.42
17.2
16.93
15.94
8.62
11.9
14.78
14.19
13.04
11.94
11.75
12.75
11.28
10.35
17.84
19.12
11.89
7.15
6.27
6.4
8.99
15.54
18.48
15.27
9.1
8.47
7.67
13.19
18.71
15.99
16.18
12.99
9.72
10.24
13.36
17.16
13.9
8.58
11.27
13.31
10.77
8.9
10.57
15.54
14.12
10.63
8.56
10.28
20.14
23.45
22.73
14.77
9.48
24.63
28.13
15.6
10.97
17.44
17.85
17.64
23.61
18.38
10.28
8.33
11.23
11.5
10.38
9.86
17.14
35.24
29.58
12.04
11.1
12.11
15.11
14.54
18.98
20.12
12.23
9.3
10.33
15.83
13.42
9.2
10.92
10.64
13.79
16.3
11.73
17.44
15.78
9.0
8.91
10.18
19.07
18.96
17.51
22.88
18.18
14.76
12.96
9.21
20.23
20.81
12.79
14.22
12.25
15.59
14.3
12.05
15.62
18.67
19.15
12.4
8.12
10.1
13.11
8.27
5.34
10.12
11.59
11.81
14.27
17.15
13.89
10.14
9.55
19.03
21.42
12.2
12.55
12.94
18.02
16.65
13.23
14.1
13.4
19.7
27.53
23.68
16.19
20.3
17.63
9.79
9.28
12.13
15.36
15.73
16.19
15.38
12.94
13.82
16.91
19.59
23.54
20.72
17.26
20.94
21.36
20.58
22.34
23.95
27.77
24.48
26.13
26.56
21.28
27.65
24.65
22.38
30.43
32.74
32.83
35.22
31.75
28.71
35.54
37.93
31.33
39.55
40.31
34.7
38.22
30.05
45.34
50.2
48.02
55.53
51.55
42.94
34.25
44.41
40.26
42.79
47.04
48.27
54.35
43.6
49.06
51.43
39.51
33.74
36.93
47.19
55.74
52.52
