-1.333459123897652
-1.0108921572991243
-0.2103422306947918
0.8212879418362479
1.949741895385013
2.870024991445672
3.7067249266715687
4.272324015668311
4.843169243352616
6.036997164028505
7.203883511363606
8.449587807823645
9.703298570224833
9.995814320752656
9.237845282400423
8.186227148123544
8.462590063146077
9.057370254683669
9.60874851283426
9.215631154022304
8.315151501381566
8.2844971776843
8.91200714949387
8.97258680783552
8.631172896951249
10.170181240771742
10.34812912946782
9.303839107921636
8.2872265552654
8.225474577735632
10.315494875155071
10.564061052295123
10.242990591792797
11.684112440113976
8.81264502560922
5.0452741805385
2.4779332665385607
-0.0503890803752855
0.044359085788651
0.4752978796892877
1.0519732362902336
1.9689254719642637
2.5304381246711376
3.305267819336072
4.075661116307707
4.518655615375106
4.423270395640422
4.456510254583338
3.956068361469335
2.5905754250507496
4.56743321825446
5.265434262310244
3.7953530626679295
4.508613147375192
4.417830159126486
5.41805518288167
5.671608221607655
3.5584033224980702
2.501187347067362
2.584016901987805
3.268981309486632
3.615855583082584
3.783072924659728
4.480217833050185
4.855871661474681
3.9833930457895246
3.543439107816582
3.66528048473692
4.017103248149919
4.307303666224331
5.051544467528161
5.160415176781698
4.575825388855176
5.250815276364651
5.187608004079527
5.789380537053456
6.374157421427352
6.67061497606682
7.460514545187943
7.64528054587378
6.163985447787426
5.308988803360157
6.140758392880805
6.240080805569389
6.020500586196871
5.912985703357639
5.697197701566625
5.7365189230349936
6.108512695606297
6.815758482965882
6.628934118364357
6.056891674178373
6.345964822957455
6.227611871495083
6.881000417591959
6.927184233002929
7.028102571652917
6.780607094089787
7.447946030619213
9.292541889612178
9.085264299620023
7.986620485229593
8.310507612388738
9.882457672420204
8.772733046569334
8.824280185204318
9.72377306312914
8.011147963241266
7.156226757708068
7.216614896313899
8.158685741317314
8.259827772364002
7.679463937100991
8.256477628590646
8.715685631181808
9.654986455623504
9.81746158861574
9.813412206390955
9.284348933502166
8.5554830143995
9.913660080361415
10.533604883470147
10.230466831341053
9.70672511375374
9.921386304520947
9.743285145761956
8.34997845101014
8.717653404731463
9.968715351402984
10.59783364472204
10.144004199230652
9.088554342530758
9.39969282251394
11.038875405792588
12.604654066273252
12.319989868266502
11.291164478746508
12.172336151769194
12.961645810621192
11.91062314004706
12.08474903409794
12.907802802163337
12.461425581881258
11.534285164080934
12.153332260250698
13.154399747511809
13.436013420815966
12.936562139797076
12.206003770477782
13.012166128027124
14.07837506317891
14.48528769155521
13.963303608170682
14.109611809132662
13.847859904175458
13.850683480495338
15.307747275429747
14.139040336719054
13.100861166288254
13.675461159784644
13.591268227863017
14.201037957897206
14.702407558136285
14.940254595160614
13.668083763997949
11.81366795113288
14.529011273964672
17.067500546314612
15.031624313357556
14.479010038462295
15.594444382227453
16.783563413502076
18.064980212157785
18.001038852003752
15.885210805358302
15.132214629281345
16.99411995554698
16.70893078382606
15.850255928871343
15.807148021453116
16.115928947356235
16.316574572913577
16.416256979078337
16.850842108113785
16.16027872036053
16.090644636690882
16.368669620009268
16.009843554157978
16.69902256933217
17.06357357522587
15.782458574524483
15.593813191456638
16.303799755066517
15.595572145106216
16.180168023075634
17.31172075577858
15.833745425987535
15.845831522282142
17.858240835293785
18.30966873922924
18.779069949471296
17.31621770707711
17.53383413216462
17.558283782593513
16.821490561509407
17.819364442636658
17.693759990764885
16.893794996784035
16.76073901862173
17.88652028299008
18.3803231499962
17.835983725071415
16.427101079836557
15.328235289565114
15.610386445433598
16.824352155738957
17.71542012879053
17.091557533534242
15.76797284626162
15.126227699193194
15.741743831476212
16.628622625195824
15.673077390568473
13.299217308347268
13.639303249775434
16.05074297597629
15.71169086731456
13.965581665952538
12.469706193232293
12.3157124612464
13.268598074120211
14.721283116062503
15.899585192411053
14.437541383339868
12.692334822698449
13.295182142182014
14.525736665710896
14.607709492382948
15.51947184280208
17.160291422460617
16.84660020532409
15.440783482198666
14.852052361947068
15.508190779704387
14.97170372501605
13.480343649570491
12.680178249715455
12.882039163635948
14.109808908686643
14.000036666351075
14.271781996519088
13.52627950825577
11.80219608760882
12.783189979867334
13.432347178100931
13.422402351855183
13.183936943801706
12.59009015957216
12.334342134448516
12.432800951562124
13.167004217655697
14.337574490654813
13.6346187060658
13.071422972073709
12.195283202732004
11.107078216373631
11.790676341238122
10.846696459680334
11.46700915150912
12.86348788961392
12.87495675605236
12.909051574856912
12.863455416130186
12.614397005664223
12.154686312422893
12.342494081444327
12.291209913484456
12.576714288500389
13.767197527200024
12.856649715053832
12.016451517127669
12.803177995979254
12.970038423139489
14.740924862808995
15.07507574083158
14.390308322751345
14.085146597561616
14.94787515914765
14.722305333471663
14.584852321361565
15.799823639971487
14.399889777857044
13.413470329674457
13.489245653111311
11.977982077178972
12.136898730076178
14.941023552244628
15.481408879631164
14.105222026676502
12.689840353157296
13.087702639340568
14.325305179825865
15.440785781168836
15.487398970775262
15.651657043677616
15.465985522387436
15.223741468445429
16.129101428440546
15.42160085003641
14.981204266773773
15.552095022520833
16.16455271264152
16.4269214570587
16.688056332204766
16.61832323125735
15.309864453700666
14.610995499069611
15.23820196117066
15.742445256686947
16.72637069890813
16.62612410311725
16.584061530963737
17.00060031275068
17.774669457421943
18.33893846847605
19.05671294077784
18.089850069168715
16.89802105269213
17.838377745000972
18.44695065010302
19.73397682661098
20.585649664383645
20.12097496999349
19.66607626929936
21.027554435456988
20.85422442643356
20.21575059842342
19.51584255493056
19.206196954970174
21.133353150987
20.469844906681136
18.98751129652273
20.606599779359712
21.409213166525333
21.246127610371413
22.821008583444744
22.939450687129305
21.492742239721974
21.67353289052429
20.911057513742158
20.522947631444666
22.254162988528385
23.09934714128318
22.41447056337057
22.200294669058817
21.899546511669023
22.34313920639174
22.17408207719029
21.897690773160008
24.05220107155359
23.67975143793743
23.050085236668988
23.80226486316399
23.47078294629183
22.40153080316877
23.061161856175666
24.52342474223228
24.874896372413787
24.204249417531106
23.673354745313272
23.13372417142477
22.79894487051366
24.436803455489848
24.77764955104227
23.01866698761601
23.0396641319223
23.268287700866185
22.24475930796299
23.72735989010786
25.131954102426494
23.818473693710825
24.263915607882208
25.36186590841644
24.71136528589605
24.50317399782165
24.95540077159477
23.70540023631193
22.760407327598656
24.02024775978132
23.705264722495134
22.01211219534072
21.57425808085572
22.57727500092902
23.25000695258339
22.737133027974085
22.287509819091596
21.77424661095271
21.03782891191395
19.643505815171068
18.4417728221301
18.560264456861415
19.25577231610008
19.040997568691893
16.409256100780812
14.64826679853618
14.85738368534242
16.340645169917025
16.259685138641792
15.28307038438044
15.354876342548303
13.80840384621374
13.79736230749552
16.267558432911134
17.56064403984241
17.214381942253816
16.189455706371398
14.91069603107969
15.036676844952348
14.871652725012307
14.259103158126344
16.09481415230028
18.069773585099096
16.903493505253614
15.83338942877116
15.768158788207293
15.203413593753163
16.410839908832614
16.908212782981654
16.565838598763168
16.875868367578903
17.42669044302128
17.099866850929583
17.13394884602799
15.914985679799958
15.125347731493925
16.607995900243164
16.448416642870537
15.71614377210504
16.679462504516195
17.31419986804261
16.525365059956428
16.414273467202296
17.298613817604387
16.451444601335908
15.78092513903741
16.408996501372723
14.810087453878072
15.038327042309016
15.05778419849718
13.476753997018005
15.40601013343664
17.49490988967701
17.057665748847523
16.58255839513506
16.479782387674557
17.118821956437174
17.163920839595527
14.927821965952376
14.173089762238568
15.736472989089162
14.710941025214838
14.578735838933149
16.527112784787047
16.86590173610196
17.496991281385473
16.54217495636719
16.400270513136217
18.11008846633349
20.043295838064537
20.102643419713782
18.716179971804003
18.637942990629465
18.687998582196887
18.031778428995807
18.330984641028117
18.534916536273453
17.38187411478121
17.803678403681932
18.001753120161183
19.264183654740187
19.35257472977853
18.51951416148976
18.77042062764157
19.03365800618342
20.096545509784345
20.060282469905985
20.147952699177917
20.732793383904305
19.382457775335787
18.250507596485683
19.03024381756764
19.06313472408767
18.597330519539423
19.40806935370366
20.122695223749982
21.32451424172101
21.08363804575474
19.95500531656393
20.417779996788568
19.829202212671955
20.241742938134596
20.6684163096294
20.353372360636516
20.73840152617709
21.209607368442
19.177547046836366
19.4375213116416
22.01617911520907
20.823630674642065
20.17383848740192
21.77683107341733
22.74199117642303
21.372864491746
19.889579216996008
19.976954769619372
21.21835744077689
21.715666712803905
19.78985241966029
20.416750470693017
21.075513526842432
19.124867286906117
20.146461258942697
20.91463923273518
20.851870605900167
21.82602249074556
21.443989267139983
19.350182915413637
19.363092998387827
20.48444251438056
18.49694564309724
17.90208207201634
18.151844149064704
19.18861668124656
19.481975905325957
18.580503132403315
18.9481507049588
18.51437696663358
19.17773463798867
19.6795046479658
19.33777477103394
18.71801485891668
18.39573086094097
18.81757039179803
20.07926878451598
20.195164164270608
20.12793806865517
20.46276954467087
19.74354098189792
19.03476557823707
18.56798435383148
17.928592468631408
19.43340940936028
19.83481375436985
17.34586606747938
18.55291627845208
20.788610449034312
19.648182854104377
18.67050286738897
18.15483551940335
18.24944572501383
18.0325660800519
18.664058212890147
20.631358359658694
20.602990908308115
20.56152998661854
19.09552428755477
17.886496267492383
18.34846492563497
17.1006333985773
17.075545644894554
18.157485803262844
17.880215479133376
18.126335914950587
18.728036315178077
18.566245145121137
17.436670339737283
17.01791014076951
18.3424249538027
20.216946430306763
19.736363788814927
19.36164913451911
19.15114055805792
19.282443488571992
21.602165747784078
20.59440410541813
19.23053762264175
19.299042889509032
17.65177406837367
16.87858607060356
18.00874443348999
17.12792704717167
16.956556242465126
18.28408936874848
18.291485869750552
19.601406944492943
19.9718130586916
19.03717941161222
19.41776599950032
19.107606750958904
18.530760190371616
