-3.6343
-3.1475
-1.9652000000000005
-0.7074000000000003
0.2037999999999999
0.4562
0.7109000000000001
0.5821
0.5882999999999999
0.6431
0.6047
0.6142
0.4391
0.5845999999999999
0.6029
0.4778
0.5801
0.4695
0.9526999999999998
1.1189999999999998
0.9653000000000002
1.0435
0.871
0.9053
1.1060000000000003
0.7875999999999999
0.8214000000000001
0.9082
0.7696000000000001
1.0295
1.2395000000000005
1.0359
1.1393
1.2060000000000002
1.6231000000000002
1.6516
1.6854
2.1205000000000003
2.0108
2.0768
1.8693
1.7587000000000002
2.0793000000000004
2.0591
2.6746
2.3298000000000005
2.4527
2.8866
2.8364000000000003
3.0891
3.3835999999999995
3.2697000000000003
3.1712000000000007
3.39
3.8516
3.2917999999999994
3.1356
4.0423
3.3256
4.1389000000000005
4.1994
4.3580000000000005
4.113200000000001
4.3413
4.4165
4.575200000000001
4.736000000000001
4.498
4.466200000000001
4.9888
4.9665
5.1065000000000005
4.9103
4.251099999999999
4.423000000000001
4.5574
4.769900000000001
5.1613
5.3180000000000005
5.468900000000001
5.538399999999999
5.0545
5.224000000000001
5.47
5.3968
6.124300000000001
5.739900000000001
6.2545
6.152900000000001
6.1957
6.5086
6.0949
6.041399999999999
6.119300000000001
6.310600000000001
6.4705
6.789800000000001
6.596700000000001
6.775399999999999
6.4047
6.193600000000001
6.146499999999999
6.649400000000001
6.925200000000001
6.419300000000002
6.568199999999999
6.607800000000001
6.7848000000000015
7.274399999999999
7.0602
7.6075
7.487700000000001
7.297099999999999
6.9625
7.308099999999999
7.4063
7.6199
7.0483
7.313299999999999
7.552799999999999
7.946299999999999
7.177
7.5219
7.2425
8.185400000000001
7.6925
7.0426
7.1482
7.3767999999999985
6.7303
7.2424
7.2588
7.5279
7.0509
7.7898
6.9650000000000025
7.1842
7.2773
7.569300000000001
7.8005
7.598800000000001
7.485999999999998
8.0399
7.985800000000001
7.963999999999999
8.1765
8.246000000000002
7.929900000000001
8.3491
7.9152
8.3397
8.5619
7.532700000000001
8.2127
8.396899999999999
8.601500000000001
8.2239
8.542799999999998
8.2412
8.1472
8.3687
8.2529
8.1048
8.629799999999998
8.345
8.1311
8.333800000000002
8.396700000000001
8.689100000000002
8.5342
8.519400000000001
8.502299999999998
8.2118
8.6082
8.6845
8.8547
8.6056
8.0258
8.291699999999999
8.5267
8.727400000000001
8.1004
8.3104
8.6839
8.404100000000001
8.4034
7.7425
7.780200000000001
8.028799999999999
7.516400000000001
7.5078
7.706399999999999
8.0312
8.051499999999999
8.2107
8.3572
8.312000000000001
8.842100000000002
9.013
8.354099999999999
8.9744
8.762
8.8093
9.044099999999998
9.0763
9.001700000000001
8.8349
8.9778
8.800600000000001
9.1223
8.7434
8.469100000000001
8.9185
9.2838
9.1043
9.0301
9.4521
9.027
8.527899999999999
8.715
8.8268
8.783999999999999
8.875300000000001
8.6991
8.6051
8.5484
8.560500000000001
9.177599999999998
8.876900000000001
9.0737
8.9561
9.1971
8.9871
8.5911
7.744799999999999
7.9491
8.333
8.1192
7.569199999999999
8.074200000000001
8.4761
8.1077
8.1032
8.603600000000002
8.872899999999998
8.7392
8.587799999999998
9.0659
9.000499999999999
9.2347
9.4872
9.1415
9.0079
9.0982
9.534200000000002
9.2625
9.2855
8.974400000000001
9.068599999999998
8.908
9.2632
9.459599999999998
9.3822
9.3184
9.6598
9.2459
9.072
8.9752
8.4448
8.7411
8.9428
9.386499999999998
9.3243
9.430100000000005
8.997200000000001
9.3691
8.8248
9.1932
8.8628
9.4537
9.2798
9.6193
8.959299999999999
9.3425
9.0674
8.729700000000001
9.6055
8.910799999999998
8.3756
9.0624
8.9323
8.9822
8.670499999999999
8.353499999999999
8.3855
8.461900000000002
8.8677
9.3661
9.3294
8.911200000000001
9.181
9.4427
9.1885
9.2371
9.400600000000004
9.5491
9.2361
9.5073
9.6666
9.757599999999998
9.2715
9.0593
9.0344
9.029199999999998
9.367
9.5435
9.7203
9.9041
9.4253
9.6349
9.6197
9.6138
9.7152
9.5404
9.9576
9.7199
9.7657
9.6613
9.7689
10.0599
10.004
9.4451
9.3342
9.511
9.9788
9.5978
9.775
9.5462
9.5241
9.741
10.1101
10.150099999999998
9.559
10.1167
9.6744
10.1179
9.7626
9.9692
9.941299999999998
9.8583
10.3819
9.788900000000002
9.7543
9.9728
9.8381
10.0
10.3702
9.763
10.144
9.6325
9.859000000000002
9.6047
9.8127
9.3432
9.987100000000002
9.8403
9.6669
9.7233
10.1582
9.7198
10.0195
9.621
9.8067
9.9005
9.9537
10.063299999999998
9.213300000000002
9.3365
10.078
10.1536
9.9736
10.0002
9.9322
10.0889
10.072
9.9648
9.6822
9.5033
9.9135
9.9622
9.7979
9.5861
10.1802
9.852200000000002
10.0006
10.0027
10.1317
10.046499999999998
10.1336
9.5657
10.1057
9.5461
9.7299
9.6571
10.228599999999998
10.0232
10.1295
9.9026
9.6159
10.222900000000005
9.485400000000002
9.8387
9.7484
9.9262
9.9891
9.627900000000002
9.8851
9.729799999999996
9.703
10.1825
9.7472
9.497799999999998
9.7257
9.4447
9.6302
9.4019
9.7276
10.127899999999997
10.202799999999998
10.0627
9.942899999999998
10.3214
10.1903
9.6255
10.1253
10.2187
9.9428
10.1203
10.147700000000002
10.0504
10.048000000000002
9.4615
10.227999999999998
10.0731
9.7536
9.8642
9.8998
10.1995
9.9778
10.1652
10.0635
9.9342
9.9019
10.0203
10.1416
10.053299999999998
9.9232
9.9918
9.9737
10.1945
9.7198
9.8144
10.1622
9.9321
10.0811
9.9928
10.4192
10.193499999999998
10.443599999999998
9.7751
9.8764
9.7607
9.3781
9.618900000000002
10.0467
9.735400000000002
9.7712
9.8266
9.8237
9.9361
10.0645
9.518
9.6748
9.5983
10.0822
9.8726
10.0386
10.1552
9.8869
10.2391
10.0042
10.249
10.2754
9.8419
10.0991
10.2283
10.3148
9.853299999999996
10.2221
9.9946
10.4165
10.2161
10.2369
10.3337
10.1918
10.1594
10.2147
10.1523
10.1718
10.1041
9.7908
9.9854
9.735099999999996
9.4599
9.7293
9.9782
9.9434
9.9598
9.9613
9.9705
10.2038
10.0704
9.9602
9.9432
10.045
10.0342
10.233
9.8054
9.9622
9.7869
9.845900000000002
9.7786
9.742200000000002
10.0552
9.9164
10.1185
10.2226
9.9304
10.2487
10.1612
10.2847
9.9807
10.3616
9.9841
9.9777
10.2018
10.0485
10.187
10.357
10.1123
9.8482
9.936
9.6184
10.3499
9.6842
9.8885
9.7221
10.3418
10.227999999999998
10.384499999999996
9.963600000000003
10.0535
10.1175
10.1045
9.9728
10.5962
10.0324
9.9279
10.2972
10.478699999999998
9.9229
10.0939
10.361
10.4157
10.0384
10.819
10.1987
10.2353
10.112700000000002
10.601900000000002
10.089
10.2563
9.7733
10.1114
10.476299999999998
10.0473
9.7198
9.6865
9.7339
9.5455
9.11
9.663
9.689900000000002
9.7212
10.3154
10.0118
9.8246
9.7712
10.4015
10.1541
