14.7
34.82
32.58
23.75
21.47
44.52
64.49
99.83
130.71
158.17
174.39
182.25
201.32
202.69
209.56
214.25
219.84
218.46
224.35
230.89
237.64
236.52
248.21
240.28
239.63
250.03
249.25
247.11
236.09
222.27
208.07
198.67
184.69
182.65
172.29
167.09
159.87
155.84
147.5
152.12
143.04
139.78
142.21
139.28
141.41
137.26
138.5
139.41
141.64
134.66
140.77
142.13
144.85
149.06
142.77
146.04
143.38
138.0
141.84
139.54
141.06
141.43
142.87
142.63
146.29
148.21
149.65
146.07
147.47
152.06
153.72
151.39
149.23
147.45
149.76
147.77
147.14
152.03
159.46
164.18
166.06
162.7
164.21
156.91
154.49
153.51
159.42
160.23
159.82
156.77
160.91
158.78
157.31
156.79
155.1
149.78
147.08
142.18
139.94
142.53
142.33
146.81
148.3
151.13
154.05
160.66
154.45
153.09
159.41
163.54
160.35
164.24
165.59
168.22
166.18
170.67
174.64
175.48
174.39
173.84
169.74
169.45
168.5
174.61
175.44
177.28
179.95
186.59
187.99
183.1
185.05
184.22
187.71
192.72
191.26
193.45
187.1
193.56
192.13
186.67
186.89
187.02
183.21
183.43
184.56
184.03
185.41
182.8
184.96
190.43
191.15
184.59
192.69
183.79
183.37
183.74
190.36
192.35
189.52
190.94
189.4
184.46
191.82
192.71
194.51
192.58
188.74
181.81
184.34
180.24
181.98
185.87
181.29
187.8
185.54
179.92
181.93
186.82
182.31
182.24
179.42
181.95
183.47
183.15
184.1
184.04
183.28
182.79
186.2
185.47
185.07
182.15
188.4
194.92
190.14
195.21
201.53
196.16
201.36
202.59
205.95
199.99
207.41
196.59
185.27
181.71
177.61
173.18
181.07
185.89
182.04
172.25
165.32
168.37
178.04
180.17
180.54
181.41
187.36
194.66
190.44
194.01
196.89
190.1
197.41
201.16
195.88
204.69
196.23
196.08
192.99
197.28
200.9
194.14
192.03
188.72
189.19
187.65
180.29
190.11
184.36
184.81
185.4
183.45
185.22
181.3
186.32
180.9
188.38
189.02
193.17
192.22
196.13
195.11
195.18
190.93
191.97
194.99
191.26
192.51
186.21
181.07
186.37
182.13
178.4
181.82
173.88
164.35
164.41
161.02
168.9
176.71
170.51
177.63
184.14
182.77
182.45
187.55
189.64
188.91
186.28
183.1
186.08
192.11
195.88
198.42
197.32
207.79
207.73
201.54
203.08
185.2
178.24
182.38
193.66
185.73
196.78
190.8
190.89
194.17
191.22
190.02
192.95
193.0
185.86
190.09
187.04
175.72
182.36
176.26
180.24
184.41
200.29
200.46
199.41
198.85
197.96
214.04
213.01
210.58
209.99
211.16
208.41
206.71
213.49
207.22
211.21
208.74
212.62
206.57
208.45
215.65
208.88
208.95
217.09
211.91
214.22
207.65
211.93
209.06
211.78
207.91
204.29
201.58
209.56
210.3
212.63
213.81
187.77
191.09
193.11
189.05
193.93
200.26
200.72
210.6
207.92
209.67
205.77
212.22
215.86
203.99
204.55
205.31
204.57
209.6
200.3
199.2
207.72
207.07
206.14
211.57
201.94
208.41
197.8
197.57
197.29
200.15
196.38
192.29
194.68
184.53
184.1
183.74
192.3
190.12
199.18
195.54
196.74
209.64
212.34
206.19
208.0
200.1
199.28
204.97
196.17
201.77
203.37
187.61
183.0
175.46
184.15
184.7
187.83
194.93
187.26
186.74
187.22
185.49
183.07
183.55
189.22
195.51
213.67
214.15
199.94
199.86
208.48
205.77
205.79
203.11
200.59
199.82
198.44
202.23
195.44
203.58
203.81
196.4
191.77
198.54
202.85
196.3
197.87
215.53
212.93
211.0
190.67
193.71
200.69
206.79
207.21
220.36
218.3
213.23
214.22
218.36
214.9
217.07
209.33
217.27
207.48
192.01
187.38
188.89
187.82
185.04
188.15
200.64
206.05
209.13
212.23
205.74
213.95
207.1
209.96
213.82
217.5
212.26
217.47
216.36
213.91
217.56
216.49
218.46
215.41
210.12
205.0
208.42
205.85
204.58
210.96
211.19
203.99
198.19
183.49
186.4
192.47
193.18
192.07
190.79
190.35
197.4
207.23
200.73
204.19
189.19
196.91
200.35
203.53
204.46
201.27
195.91
195.68
196.7
212.38
211.33
204.96
207.7
199.18
197.44
200.31
193.11
191.2
191.69
195.96
194.99
201.99
203.3
214.89
204.34
210.06
210.48
212.34
209.29
209.63
212.38
205.19
189.85
186.15
191.19
197.99
201.94
200.65
197.7
204.07
196.23
194.8
187.57
188.69
193.65
195.43
197.19
194.64
190.01
201.44
202.7
199.09
199.76
197.56
198.59
197.17
195.99
190.37
197.36
200.28
201.39
201.79
195.12
191.08
198.31
213.53
209.09
209.79
216.71
210.93
216.51
213.57
208.71
205.0
204.73
203.42
194.92
199.08
201.56
201.07
199.1
181.91
184.98
190.63
188.33
194.35
198.81
204.57
203.43
199.64
201.88
205.9
205.52
200.13
211.73
209.38
200.0
205.72
203.27
202.54
199.27
204.23
200.35
