36.83
46.31
50.64
60.1
62.58
86.18
93.52
122.25
116.95
133.83
155.41
171.09
185.0
194.63
202.84
209.36
214.09
216.57
221.02
218.89
222.52
224.7
230.09
223.09
215.07
219.62
221.51
216.73
211.82
208.82
208.14
205.19
197.15
193.0
198.44
191.37
188.61
194.0
194.86
194.36
186.06
188.46
187.9
187.99
194.49
186.6
188.54
195.59
191.85
189.48
199.32
194.87
191.28
199.95
197.43
200.36
198.53
194.62
202.97
195.67
199.97
198.5
196.86
204.11
201.69
201.84
204.71
208.87
210.71
210.44
210.35
208.05
215.01
209.58
213.47
202.17
209.98
208.44
215.98
216.34
216.28
218.99
223.02
217.13
218.53
217.29
209.26
216.55
217.23
214.23
214.97
213.68
209.41
216.22
211.51
210.42
208.36
208.97
204.61
211.11
212.62
213.34
211.15
213.96
211.9
213.93
212.84
208.67
207.57
209.44
209.11
212.02
207.22
207.35
208.82
202.31
208.74
204.27
205.86
208.95
209.93
205.77
206.0
210.69
207.24
203.12
205.59
213.66
210.3
208.55
206.76
213.05
211.91
209.42
212.2
212.86
203.1
207.41
205.49
203.57
206.84
206.91
202.46
204.21
204.57
202.44
198.24
198.39
205.12
200.33
201.0
199.57
198.97
201.53
195.62
201.17
204.24
198.95
198.79
196.58
199.96
191.45
197.21
203.36
203.68
202.29
199.53
201.12
195.21
200.17
197.15
199.56
198.7
202.19
192.17
198.07
199.71
194.0
199.66
196.62
193.69
196.77
199.09
198.26
199.57
199.22
196.67
196.43
197.68
203.27
196.84
199.32
201.46
203.35
206.48
206.79
206.13
207.19
206.4
202.9
204.21
203.38
205.94
201.79
203.71
199.31
196.95
195.28
196.85
197.2
191.72
192.04
191.61
191.96
195.6
197.19
192.46
192.1
199.69
197.09
189.4
187.64
191.33
188.4
194.12
193.58
191.54
203.73
194.51
197.29
198.34
199.04
199.19
201.43
198.68
202.01
199.79
197.48
193.23
193.47
197.37
192.84
190.91
185.59
185.9
186.93
187.28
188.88
192.13
184.41
187.43
189.39
191.34
190.86
192.51
188.18
194.87
194.8
189.01
189.54
183.31
183.77
188.19
186.22
192.74
186.42
190.95
189.04
193.5
188.16
187.1
192.84
189.01
188.93
192.81
191.26
195.41
194.91
195.53
196.28
192.39
186.94
193.95
196.02
199.1
197.48
198.38
202.83
199.41
193.73
203.62
197.8
193.04
194.36
197.41
199.22
201.18
195.68
198.53
203.02
202.04
196.52
199.41
199.67
196.61
194.44
193.19
192.73
188.15
195.13
189.74
197.76
198.26
198.65
198.77
202.88
198.06
205.1
199.84
201.8
201.2
199.41
201.23
198.87
203.35
199.46
203.52
202.27
205.97
200.06
200.96
198.4
202.78
197.91
204.51
196.9
202.22
199.44
204.38
197.3
200.89
202.04
209.56
201.27
201.28
200.49
199.66
197.61
192.03
194.27
194.53
193.27
190.0
195.17
192.38
198.82
198.73
198.4
198.81
197.64
204.7
201.67
201.42
200.31
199.09
193.32
193.86
198.6
200.0
196.54
195.2
201.46
199.52
199.15
197.28
202.55
201.16
202.73
197.84
198.91
200.88
192.99
197.21
191.67
199.84
198.65
204.42
204.68
200.02
206.11
210.24
203.73
207.61
209.74
206.1
203.78
198.75
199.36
203.76
192.89
193.15
194.33
193.31
198.18
196.8
205.47
197.73
196.75
204.39
199.14
203.8
200.32
203.39
193.88
203.47
200.62
198.97
199.64
195.44
203.89
201.67
202.91
201.49
199.85
202.79
203.15
202.4
201.33
196.01
201.01
202.84
204.61
207.85
207.82
203.23
207.72
206.85
206.79
203.31
203.79
205.17
200.32
203.75
213.74
206.51
206.49
205.05
208.71
213.41
206.67
209.41
207.94
206.64
199.04
195.09
204.95
195.14
201.27
191.94
201.14
202.93
199.0
204.96
197.14
201.68
198.62
206.27
201.06
208.29
205.78
204.43
205.99
208.16
200.35
202.49
203.16
208.55
204.93
198.5
202.48
200.09
202.01
200.33
200.78
197.85
192.52
196.38
191.46
198.5
191.59
200.33
198.13
197.72
200.13
204.09
200.36
202.09
197.82
199.07
202.48
202.24
209.55
201.78
200.43
198.56
197.38
203.54
209.18
201.49
203.79
197.22
202.4
197.82
202.12
198.74
193.6
203.38
198.51
203.41
200.46
204.77
208.22
203.93
203.71
201.14
201.01
201.98
200.76
205.1
198.76
194.06
202.59
198.98
197.06
199.54
201.0
207.39
196.97
199.62
199.22
200.05
205.34
203.03
201.33
202.01
202.92
201.83
206.38
201.74
204.03
200.11
205.17
199.42
201.27
200.09
205.9
205.78
198.82
200.33
207.93
197.84
199.42
204.94
204.55
204.37
203.91
194.9
203.18
205.95
203.94
196.18
199.44
196.85
197.11
201.6
201.31
202.57
196.73
196.82
193.67
197.98
202.26
203.43
203.61
200.63
202.69
199.11
206.79
202.97
206.56
197.67
200.8
207.78
210.75
202.66
198.08
204.36
200.21
202.05
203.46
