27.34
42.12
28.23
21.21
35.16
38.98
40.21
63.86
61.25
88.91
116.38
143.48
162.28
177.97
186.18
189.06
193.58
193.27
193.93
194.76
195.43
203.03
201.2
194.14
194.55
190.5
190.21
188.82
193.61
182.71
184.93
188.78
193.54
190.98
205.4
200.82
200.31
204.8
210.52
208.99
204.33
207.21
209.78
211.73
216.23
215.2
213.16
213.78
216.6
221.99
221.44
221.33
219.35
219.46
222.82
221.99
221.98
225.66
229.64
230.55
230.83
231.18
231.19
234.01
234.45
234.68
235.79
237.1
238.51
235.95
236.74
232.25
231.88
236.22
233.79
230.62
233.91
235.0
232.22
232.09
228.04
232.04
234.12
242.11
243.99
243.24
239.58
241.65
235.37
239.38
235.28
235.64
236.47
239.49
240.31
239.02
236.15
233.94
234.18
235.44
242.65
240.07
240.15
244.15
237.24
237.5
236.45
233.33
235.67
236.69
233.61
233.06
232.68
228.49
227.65
226.32
226.01
221.99
225.53
227.82
226.81
227.16
226.34
215.75
217.82
217.61
217.08
225.46
221.27
222.92
221.48
224.48
225.28
213.75
219.34
215.74
215.92
212.25
216.84
207.86
219.9
214.22
215.07
209.51
214.88
208.19
204.66
206.88
207.73
204.34
195.81
190.08
194.26
192.32
187.66
192.37
193.9
190.39
198.36
199.17
199.15
195.01
196.83
195.58
199.12
192.91
193.54
194.13
193.43
190.9
190.58
196.6
196.06
197.95
189.36
190.07
188.14
187.98
186.56
177.07
183.14
187.77
187.7
187.93
190.7
190.71
184.62
187.75
196.09
196.22
193.29
194.18
191.92
190.37
194.96
196.43
195.0
193.6
193.82
189.77
195.97
199.59
204.26
198.28
208.63
199.31
192.76
192.96
193.89
193.39
187.77
188.01
192.55
182.8
189.72
189.46
188.29
191.5
188.08
186.56
185.83
183.54
181.01
186.87
185.18
180.14
184.83
194.71
200.41
189.17
189.15
191.72
191.81
196.58
189.85
190.58
194.54
192.14
196.58
198.19
197.87
178.43
182.46
170.87
177.77
175.34
175.42
178.33
180.38
175.34
181.63
186.81
185.62
190.45
194.82
180.88
186.67
190.78
190.44
188.83
178.59
186.45
186.14
185.35
187.85
190.7
193.28
191.49
189.12
191.38
189.74
194.31
197.27
194.42
198.6
194.78
196.1
193.75
198.39
197.69
196.35
195.96
193.84
198.54
197.37
191.93
196.57
197.05
194.25
193.58
208.88
203.65
210.37
205.24
201.15
202.54
204.67
203.45
205.52
203.21
204.64
196.95
202.79
203.97
206.3
200.88
200.56
200.67
194.88
204.39
194.1
191.16
192.93
190.69
191.42
196.78
189.75
195.5
194.37
192.43
188.4
200.18
200.78
195.5
190.38
191.45
194.51
184.77
188.04
186.82
190.14
182.47
188.01
192.2
197.24
190.39
193.28
194.69
196.16
192.87
194.23
204.62
204.48
205.15
205.98
208.56
203.42
202.2
186.84
196.01
195.2
196.59
197.35
197.85
197.49
198.31
194.35
193.46
191.15
194.91
194.27
197.98
194.39
195.98
195.58
194.39
184.54
190.24
188.43
193.03
193.45
201.04
198.7
197.72
191.81
194.83
200.9
198.19
195.22
201.41
202.3
201.0
197.76
196.26
199.19
209.02
209.1
209.72
203.84
208.28
213.94
207.83
207.21
215.63
212.97
213.4
212.48
217.51
211.69
209.31
210.85
212.24
203.71
210.78
209.14
209.18
208.2
213.2
217.67
219.45
221.75
215.62
212.36
206.21
213.5
209.42
212.22
206.3
208.51
215.88
212.78
209.88
209.47
212.67
213.27
206.51
208.84
206.4
206.53
212.92
209.56
212.04
217.27
218.03
220.24
223.61
219.4
214.04
221.97
213.41
222.16
210.42
215.88
214.65
221.19
218.02
218.01
217.23
219.12
216.91
216.4
205.44
207.53
206.65
204.33
212.74
198.05
199.44
200.64
204.62
204.91
207.03
208.51
208.59
206.52
200.85
213.7
206.81
207.25
207.55
207.25
210.57
212.76
206.94
201.99
207.93
209.46
209.25
198.77
198.63
196.61
199.69
201.27
202.51
202.64
200.23
202.45
198.65
211.44
206.36
204.62
209.36
201.4
201.71
203.07
201.54
191.83
197.07
199.3
202.54
203.35
201.62
199.22
191.9
186.45
191.19
194.19
196.69
197.9
193.46
191.25
195.27
192.26
200.21
196.54
192.48
192.52
194.65
201.9
199.89
201.74
200.75
196.73
202.75
198.03
203.03
205.83
206.37
210.1
204.04
206.76
214.78
213.07
207.69
207.66
210.04
213.44
206.04
211.72
210.37
209.27
221.27
217.15
212.14
212.73
215.61
213.51
214.46
212.9
208.1
208.65
211.28
209.71
204.57
209.64
207.25
207.56
201.7
206.93
206.93
203.1
202.0
199.61
203.48
202.15
206.88
198.77
202.94
200.32
198.79
199.24
199.03
198.43
199.51
199.14
201.46
196.93
202.32
204.5
198.78
200.55
206.11
203.28
211.01
205.61
205.02
202.86
204.32
205.39
209.47
209.21
211.56
214.42
218.3
214.64
216.82
209.7
216.1
215.7
213.33
