39.43
45.58
52.7
56.37
65.22
84.66
94.04
122.66
114.66
136.95
157.32
172.9
185.82
198.04
203.5
207.68
210.82
217.23
228.77
220.3
225.29
225.04
227.0
223.11
216.62
227.17
221.12
216.81
210.46
209.88
205.78
206.52
198.0
195.88
203.1
190.82
190.61
194.38
191.48
194.14
189.97
189.63
187.72
186.23
192.89
187.05
189.98
192.37
186.55
188.45
195.02
196.35
193.65
204.15
198.47
197.65
196.09
193.39
201.0
200.86
202.19
200.44
202.21
204.29
204.18
203.96
203.18
206.12
205.6
211.51
206.49
207.66
207.87
209.71
203.57
202.19
208.62
208.98
213.5
219.98
224.54
217.12
225.87
212.6
216.05
221.81
221.25
219.02
217.26
212.61
215.84
206.83
209.95
212.92
212.41
209.86
210.29
208.1
207.23
207.99
207.86
213.71
209.09
214.9
210.61
214.96
208.06
208.47
206.54
211.43
206.57
214.05
208.89
212.05
206.08
198.12
204.39
207.23
206.5
213.25
212.81
207.05
202.26
202.4
204.17
209.0
205.81
213.55
208.69
209.29
211.83
215.64
207.54
209.92
212.04
211.06
199.63
207.25
206.03
203.29
206.27
207.95
208.03
203.99
206.21
200.52
200.14
199.3
198.97
203.99
203.75
198.28
198.73
198.61
192.91
201.29
198.35
196.72
196.52
199.41
200.84
191.25
195.0
199.7
206.51
205.8
202.33
199.13
196.74
193.64
194.78
196.24
196.2
196.08
197.42
197.76
198.34
200.91
199.0
197.85
190.43
196.45
200.18
198.28
201.3
197.96
198.76
199.99
201.26
202.22
199.96
197.05
200.96
202.26
201.39
206.41
204.78
202.97
206.28
198.93
207.66
205.15
206.25
204.97
206.67
196.73
195.64
198.03
196.5
197.19
190.51
193.55
191.34
191.53
193.58
193.62
195.01
193.01
198.05
200.49
186.28
189.79
190.02
189.03
197.45
194.05
189.42
197.96
199.48
205.66
197.12
200.24
189.95
199.72
198.85
204.77
197.38
199.61
194.31
196.42
194.75
190.28
190.84
183.97
192.7
185.16
187.03
185.64
188.88
186.76
186.93
185.84
193.08
187.8
189.91
187.07
191.15
193.79
194.1
193.73
184.62
184.71
190.4
183.76
190.1
192.73
191.36
191.44
190.99
187.9
184.42
188.72
188.63
192.17
192.92
193.78
189.3
194.34
194.43
198.66
191.26
184.47
191.31
197.93
200.39
198.81
199.84
207.67
202.75
198.54
206.24
196.21
198.54
194.76
195.9
200.58
196.12
199.13
202.02
205.75
198.0
192.51
195.89
202.08
196.43
195.82
195.09
189.36
192.07
191.01
191.75
195.73
202.66
204.03
197.78
204.36
201.93
209.43
198.5
202.02
200.0
201.4
201.71
195.5
202.54
201.06
200.67
202.28
205.09
196.37
201.48
195.11
198.58
200.43
200.87
196.3
201.61
202.92
200.25
200.26
204.43
203.95
211.35
202.66
197.44
200.33
198.73
192.33
189.89
194.03
195.59
194.44
193.04
196.78
194.33
200.06
198.32
197.17
198.55
194.7
200.69
201.87
198.89
198.37
200.78
200.13
198.14
197.99
197.19
198.92
197.96
203.32
198.96
198.14
192.67
199.94
200.4
201.19
194.9
197.6
201.84
199.94
192.11
193.12
197.74
199.97
207.1
205.86
198.85
204.38
206.72
204.04
211.42
204.43
208.85
202.09
199.43
198.42
199.65
195.22
196.91
199.16
190.67
198.03
200.6
202.02
192.81
196.65
203.57
200.74
200.31
197.69
199.62
193.83
201.72
194.9
197.69
199.79
194.77
206.03
198.62
202.03
200.81
202.56
199.92
203.09
203.68
204.52
196.77
201.08
204.42
203.38
205.19
208.0
204.9
207.49
210.1
201.53
205.51
202.76
202.98
205.0
206.93
210.36
204.49
204.52
201.58
208.47
215.18
211.89
207.92
206.89
203.8
202.14
198.4
201.69
196.53
197.88
197.59
199.42
203.9
204.84
203.22
206.89
200.68
193.29
205.7
204.33
208.28
203.93
206.78
208.06
203.42
201.61
203.05
203.39
203.79
204.37
202.56
199.43
204.38
198.8
199.03
203.66
197.48
195.71
196.0
198.01
201.26
188.59
196.32
195.87
192.59
200.83
198.26
198.92
198.68
194.94
194.63
203.67
201.56
204.4
203.93
198.65
199.93
199.35
205.62
208.11
206.0
206.59
203.83
198.52
200.97
199.83
199.06
196.03
199.25
196.34
200.36
202.22
201.84
205.19
202.33
202.0
202.32
200.64
201.69
204.04
198.75
198.17
193.5
204.45
202.25
193.12
206.51
205.18
207.73
196.01
203.37
198.16
198.09
205.34
203.15
196.54
199.38
201.87
199.35
200.89
201.26
199.29
202.93
205.74
200.23
202.77
201.39
206.36
200.1
202.4
203.93
203.7
199.89
201.06
201.88
205.33
205.95
204.32
201.28
198.07
201.48
200.13
201.96
198.2
194.93
197.26
202.24
201.28
200.18
198.57
197.03
193.81
199.58
202.02
204.04
206.6
200.31
199.42
204.66
203.06
200.75
203.98
200.44
201.78
207.05
204.76
208.97
204.47
205.91
208.08
210.07
201.94
