0.5804942895848221
2.061066140490572
4.285337278162595
6.841977379985102
9.304669390096803
10.918673132348165
12.04948109126543
14.870600967013068
16.77236464260601
19.12962506152305
22.322505411201977
24.09437890690735
25.87520810566861
27.81767402519232
29.418346865472653
30.809816238727
32.39361209562207
33.60632734895742
34.610238048103405
35.79945303172023
37.73200730421728
38.34072749247842
40.40012797229041
40.731767974093934
40.91166748453018
41.06214243003871
42.74922720853188
43.1424325830408
44.46874541773612
45.11977349718009
45.609529405227335
47.4827136175944
47.67645356015058
47.48960240606483
47.86383457553506
48.23680217208108
48.34490114626955
47.95644977687584
48.24766154919706
46.87064333114304
50.209262936482446
48.66575620620236
49.4440324100571
47.85662367519259
49.06317479589077
49.49771154696073
49.00578665113521
47.07561865438209
47.99034488317629
49.735395265890205
48.5579587330888
49.04563260114077
50.14297297713617
48.78648263439775
48.30571097206916
49.36793405651306
49.69407996775245
49.80012383727458
48.64215298231682
50.469582778013226
51.64776704080201
50.4726679295168
50.17557060420904
50.14383083317342
49.5987298327148
50.18732738835226
50.97883194222011
50.38160760124892
49.888948570749726
51.32495440037137
51.21679008796755
49.77899220197887
50.59814905569694
51.68178557679562
51.12489750626999
51.84784236332648
51.25239057686197
50.5945277574747
50.759899906889416
50.25647747124637
48.98500626765903
49.734337987409205
51.03233808413723
50.78511878826931
50.94446236756915
51.68180653805457
51.506236059941
51.12929785806324
51.54781986343165
51.41322369473137
51.14204026762195
50.71563182085649
51.72327803877116
52.96450257125679
52.041888029923946
51.51931126532422
51.09083742317327
50.934234582462096
51.27325898333019
51.84056645894748
51.83002938157388
50.61871279552731
49.49881141346229
50.57729548377195
51.35037606484681
50.18605004062331
51.59621647851755
52.096925084736085
53.06863360704665
51.787781988838745
52.63377749575743
52.60273441482257
52.16083414254717
52.32508375636792
52.81312027981448
52.71979919066924
52.95001170002479
53.328725793081006
53.03620137158182
52.32210842689406
53.374954630239465
53.218914318972246
52.89775111207735
51.84659871052401
52.90742767053993
52.12891847540418
52.94537853561227
52.64556360063878
53.112825663804536
53.50971310973058
52.618673283328015
52.88070913524011
52.75120156401642
52.496807786713504
53.38933197835526
52.950681248827394
52.911378022648734
53.25240305809508
53.43668485551071
53.018237738794205
53.18431495152097
52.640233875412285
52.98603312975356
53.04540487539738
53.49100609368636
53.58065018615037
52.75834934362332
53.32136143399605
53.65048569944143
52.65789519765109
53.43590203041547
53.72772889701713
53.749561920561646
53.45658629540321
53.93100043204928
53.66301376415621
54.10851019590213
53.70676463161448
54.04253492115826
53.854549947602365
53.769306997521134
53.814426603545215
53.54299642939964
53.6548664403149
53.591231398797945
53.453038140013206
53.95068268173252
53.23556290971391
53.61428488591397
54.33774971838479
54.71297023975058
53.75211520855403
54.2455065610922
53.76994128479951
54.21924249529911
54.48930028785334
54.27274065378316
54.61609447522833
53.88775646104912
54.532182801150405
54.609303734666106
54.242470760206494
54.486815605004686
54.044333280461935
54.74267346202648
55.06041155449545
55.05054069391691
55.25924249365068
54.85158325202821
55.07391683086844
55.08564614132301
55.455210034332325
55.38747777313029
54.58502038587314
53.95854812252076
53.84893583539392
53.79211911577854
53.03741616069989
53.34358186917368
54.35986767354794
53.43469192197631
53.21295053281772
53.628143124987865
53.465624754669165
54.4980397673435
54.600815733142966
55.06177244093328
55.44242430560782
55.77092905246128
55.37804263781621
55.49466762436473
55.80869436437392
55.62632196821804
55.63199145453904
55.94702134480718
55.57044399713913
55.57536553813316
55.424512692738006
55.7436065520024
55.82576749056256
56.41983436097118
55.999614183835874
55.664941090835526
55.77533062587528
56.05939907522188
56.10955253550696
56.16923127614813
55.44646804223341
56.36795574159344
56.21085106076944
56.57411020400771
55.95593905474559
56.53597215020955
56.2855046136187
55.78279688182468
56.18948955780097
56.61009375071188
56.31352097573596
56.46268227343074
56.55007992792085
56.01528730404457
57.0767154098657
56.354080045754266
56.71357226960775
56.742460161826784
57.15985884098174
56.83145074899368
56.84398997264055
56.92830144656756
56.997809231751205
57.05692995591243
57.21527784833045
57.14756679679508
56.99361991858506
56.87574605046309
57.15723794407499
57.2964030526764
57.12746765201287
57.54746841237191
57.203928275043175
57.38858296309137
57.32733765075816
57.284260496877216
57.3451350361286
57.47929559561034
57.42820999106831
56.589327131598544
56.42718263526599
56.9786941867742
56.64992828066303
57.29713707653495
57.607028902004295
57.54653815256325
57.58834469164336
57.88457952381836
57.97004613374701
57.80862858342255
57.5689434787314
57.07914558178084
56.89074754506432
56.438426154310825
56.10508532086029
56.74984015533542
57.17112432993392
57.50294444257077
57.30106811913723
56.59309169428048
56.58933572781316
56.69065480628561
57.09142665181075
56.00564790295177
56.54163068548719
56.76262981111742
57.22437775323488
57.24431715176771
57.4188700416902
57.06254868267831
57.33212913968158
56.412159361023335
57.184556423893866
57.44356118639519
57.46363581954444
57.37182634755859
57.506916774026585
57.88627352500199
57.686177776285966
57.81576805788176
57.96270183132081
57.70158214127297
57.596719978863305
57.9892791929469
57.667670272787845
57.71699766454605
57.604598205429085
57.34676634115631
57.39785728454172
57.18265050531188
58.10628233144191
57.86581911663984
57.60398827035117
57.45249011834167
56.86697984518353
56.9234600866754
56.775930742386805
56.92327314447893
57.50867029388044
57.26870859231183
57.690092690448594
57.4634189594011
57.58585023021594
57.666986593335615
57.60958251921773
57.50918335014008
57.52386663066468
57.99241136565649
57.67202920552829
57.64965448086743
57.608186944759744
57.720591123153305
57.82130288369981
58.14899812610592
57.97455605651501
57.88128747438677
57.78387321219672
57.61615084294274
57.68705265273261
57.51152042488141
57.75763876205596
57.86634938495109
57.80496254124514
58.08293982744333
56.424743915623054
56.08812614720935
55.999329198840485
56.42158297785843
56.87369713440782
57.75493721454522
57.79737616291059
57.69509963448645
57.6446324287887
57.9346726788103
58.121313094163696
57.99697305469656
56.45912205004376
55.92770751555189
55.9119687035068
57.81064257385095
57.50208985363932
57.750037114926734
57.6559153278242
57.62278198506987
57.63971018786478
57.64809273110258
57.08076496224813
56.72146860150352
56.70447929114906
57.191260047361375
57.11062190224301
56.72466720415212
57.67586353313271
57.87920358552508
58.215662889729714
57.938194696252864
57.91232339078439
58.23493826001558
58.12919451595044
58.2684990102243
58.059585171176174
58.08023657466431
58.06124990182204
58.07523717777466
57.75234155033874
57.64134620444347
58.25952516404316
57.89391114592317
58.43676185775495
58.3653293189041
56.94221065018339
56.54957397484325
56.25623507834
56.08522557391679
57.1083965657489
57.78014791466312
58.063367859302645
58.26002841420769
58.07336201164825
58.05056511639943
58.17691992114195
57.87082351966249
57.89846417217282
57.635579878345446
58.14996659304174
58.1067521306106
58.02319744700055
57.8650922677509
57.809928888939154
57.88266530386588
58.167922252013305
58.19575145566154
58.15005862445273
58.1929974365231
58.21829072826946
58.1777053504189
58.54821480436375
57.56264226709232
57.78615912422534
57.658030514285294
57.78369878294735
57.74904128974183
57.996880915279775
58.36423289523727
58.24739560388474
58.14502006746521
56.55766456725918
57.28691447782032
58.14019979239183
58.34452878107521
58.20969051309781
57.93732773785834
58.3145450651417
57.791204483425005
58.406564066357504
58.160415458620925
58.05042760811053
58.36036202406022
58.00695553350959
58.01067359486078
58.23709636186471
58.14142692338163
57.80919071520601
57.81848071961743
57.89292308166871
57.55454356520947
57.76783924635096
57.28518077182675
57.22543077408047
56.69828717764872
56.9036069768348
56.85332876400509
57.14843542153022
57.00479365766255
57.05304995672236
57.3691866245423
57.80632947971873
57.77465196058993
57.82267762801754
58.052537860216695
57.706865694722765
57.62366447730311
57.75200039339812
58.11883563407036
58.21878723777321
58.22698336419481
57.91876968742758
57.17031985213965
57.98127593188889
58.11972123787226
57.82256298503125
57.83261301611184
57.66936231888286
57.96537572541736
58.36963132511184
57.93026970330192
57.41184432375364
57.426252214126606
57.08886839798382
57.15222211611451
57.41440672585657
57.75495227675673
57.49971123473544
57.71585590275127
57.39022800836001
57.2122236644381
57.77336382425107
57.82155984384574
57.719011708119886
58.05078817878884
57.91090973701792
57.79591833832936
57.94609909925212
58.01419638849295
58.01297371496088
57.50353997457722
57.69892714617588
57.8386150666338
58.09965477085186
58.25980411235549
57.72920022844641
57.787422498276456
57.64264273883232
57.273673429269685
57.27597122556154
57.79917355424064
57.75190778340504
57.76013726909437
57.71466710069445
58.0554176002892
57.6331311106149
57.88562565652945
57.94213351637536
58.135788541332566
57.65325466223776
57.469861839519325
57.25256392085169
56.96800076232295
57.14230020342387
57.23268346696253
57.76302819562301
57.65397822006984
57.92551772714727
57.89518085766434
58.262804999716025
58.46398579114761
58.23077124261704
57.88770705299004
57.70878329924941
57.50439387069306
57.10368680800735
57.05651558438093
57.51861834431955
57.40547797238082
57.21047369006263
56.89783480156842
56.99212928525442
57.46006380106435
57.32036376839629
56.60134481009072
57.53582245345471
57.0418675959671
57.56054471930187
58.24063237777601
58.14225238633069
58.45375177270788
58.57406007911755
58.641507656435145
58.53442000968368
58.39337077220088
58.46688269346935
58.67350241082886
58.66379480694484
58.4746373250804
58.56486064679286
58.65006404988824
58.33224802916727
58.64325079579011
58.7302745755126
58.61814252902546
58.43879306090521
58.86627403446024
58.79772276193864
58.33502198867792
58.35560055995007
58.58815291138679
57.9633405539899
58.30955120045086
58.21339663447539
58.4141778351232
58.63455294463116
58.61783343789305
58.58149987243765
58.37838821517811
58.2918310659508
58.43154727435066
58.58287923147066
58.80858029269888
58.49310459377424
58.44371597830151
58.57060748479135
58.42050112766021
58.56184272117853
58.25677511863612
57.05916583396171
57.55894448505779
58.55788565394543
58.43138166220135
57.45263165105933
57.6404253631959
57.16165775441384
57.74761509422983
57.72641234128082
