1.4328654604253228
1.5047039173383139
4.57323049177526
8.224614291453996
9.139367576491946
11.773559439334928
16.05206723614166
19.729041898971317
24.12456484277485
25.227927504238465
28.154726585070673
32.003678466136066
34.34197231734435
35.43830879140998
35.41861977957712
38.105081132164386
39.3453974853811
40.544090398336586
39.39875776862405
42.35746872557205
42.81443043457457
43.3077636189732
43.810309265642935
44.63298148936359
44.284589814702585
44.73132035093318
43.8381937011788
47.083567348994926
48.91185486974836
48.52083774286771
48.81226181352941
49.83568048709666
51.77076729703159
51.640223716175385
50.84307606916951
50.88496549679563
51.714377056074156
50.21907886980786
50.84043808284957
49.67523703326714
51.697184881918034
51.101377953518174
49.49788015421696
49.74542811019776
50.22573579767139
50.62121538857431
50.790216071100595
50.90244945639617
49.299562947578664
51.24347576616367
49.82240267763325
48.251136825833925
50.25135462840507
49.819763224679825
50.068824659941356
50.28656279413953
51.31138403839716
50.09557023985409
46.84595574118561
48.75086535654428
50.50227329484196
49.52076814266604
47.92985941092436
48.45840201183917
48.68810924123704
48.57069529059655
47.513107510674
46.47490316314223
47.857333055835014
47.62079095273667
47.098472219365206
47.916873187511655
47.0609996199102
48.44420975733426
46.286894048464134
48.17977101775799
47.758885670153305
48.110965231398055
48.05397421540894
46.62793983679296
45.79390656197463
46.45703889450121
45.918739436717345
45.66252372546121
46.38581351064576
48.182675472034504
48.70051461949852
48.463976227839886
47.99047308224702
45.80405121994643
46.741976803413046
47.84642513454262
47.17591798458304
48.71703159554306
49.38107421394041
49.1961196259155
47.75704654011771
48.429632694013335
48.5355140831316
50.25287213346999
48.23635084253388
47.413329036403496
47.39830071643858
47.807213914484514
48.92996332661929
48.26732625128169
50.36621166665706
48.09072348038012
50.20997644878871
49.903176338878446
50.25934193068297
49.66479270615134
48.55628390714659
51.316527751001516
47.521031672626734
51.063642684475354
48.71998569795206
49.23070306361861
48.28124121144059
49.16964163522741
49.04650013470411
49.068785859635
49.39277765381373
52.24163851425314
50.729416125812136
50.5535668177911
48.805731390358034
49.39238299646648
49.81336896864914
49.18491123993846
51.44020818725264
49.25105697313009
50.320679621294246
49.56699743544825
50.05514716039877
49.898236415227984
50.897386426317375
51.95023780120257
49.805345702272746
50.61693493632586
51.88819941456298
52.74047478301624
50.116736162212874
51.28169847420931
49.820409626021736
53.03023860438276
51.90012663339435
51.99800262306137
52.086131355799424
54.143945333759305
50.45608451301255
52.43076783295909
51.888454761102665
53.29725006648168
51.508382407034844
56.39606058195318
52.167642090036324
52.654507493882406
54.91033981943175
51.69403933502053
50.5307447269293
53.714872360625435
52.655314688291085
53.03255929476675
54.40694729433325
51.7037900352945
54.471563241812426
52.93073114250414
52.702975680073486
52.60576613938846
53.3080653278368
53.92886552433093
54.42649441993296
51.46077447192999
54.72110506180365
53.21555672537766
55.16909917650838
51.4665313263055
53.49050318412698
52.726499198039434
55.15311029581064
53.515834719846104
53.09723234275659
54.400957998560855
55.10137023318479
54.778238561442606
53.893953251098864
53.039320604942795
53.776245441739846
53.803194991556595
54.85405732194368
54.495514510650764
53.450718876896474
54.88172704225567
52.60174348508954
53.607175189641055
55.83659815426529
53.372489377093174
53.60658541161757
54.157122785163054
53.13099938208586
54.514800906394775
53.77640477625331
55.14843705846229
53.69253948609984
52.60887283690306
55.56907398182262
56.31501698191101
55.958734046310546
54.06744954177515
56.11415998595317
56.11176247313915
56.90434668896503
55.306879666681965
54.64328928049747
54.47058926962606
56.53435409432235
57.473491528765116
56.004191935151646
55.82649219210181
55.332082766057255
57.62892199083904
55.31958500539952
56.14620580678113
56.17589662038449
55.34490164719398
54.91158655752866
55.06524332176338
55.97026843621717
57.70689468926198
57.21793357680041
54.933299816662554
55.794791361903336
55.3514599269965
53.75791918685556
57.211440697671655
56.61115352343184
57.36348942047468
55.531685428846686
57.56204583387699
53.06414683177724
54.9006199006631
56.32368455143637
55.74519285469915
56.20511898138686
54.8503415607126
55.67551327990653
55.192283194771726
57.84281693374531
58.27771167251504
56.301863211697935
55.81719655071639
56.42771726614338
56.30109311150401
59.38726902189332
56.20850412953291
56.39047189103091
57.21872266216524
57.364636588351416
56.53685655538813
56.68148290492673
55.74158351134007
57.623134608051274
56.42842062981394
57.31459356020292
55.73917368529315
57.644269358993256
55.181653139848954
54.807031050541504
55.223377380730895
56.06741845189053
57.01124068867724
56.320391350149436
57.04460193613003
56.644712880001485
55.45812111396016
56.52730214656151
56.130162160608094
58.128387970348314
55.9545691885246
58.16710389705463
55.9039783705872
56.94007772381755
55.71398564797958
56.234453724247295
58.062114273488824
59.2179348011128
56.93322431925519
56.8437857807614
58.56017506519555
58.532455087691154
56.31196381802005
55.99738385620965
57.4474047946901
56.9226126439803
56.18948130561751
57.01002130156388
57.286938180717755
55.945926442036054
58.19216631883259
57.83822472787527
56.92191063625267
57.426442833329844
57.73852308955448
58.10301952763966
55.589544847821365
57.50811411237807
57.38627027438147
54.96285462244839
57.31543916477974
57.349178197387616
54.94160223794026
59.198515098388825
58.17431459765239
58.04552262504782
58.10652572115866
57.37425649234742
55.338185303073644
58.14052447294263
55.89942540067677
56.62732719505017
57.116808744796465
55.563962628413236
57.50694622788218
55.70539765457811
56.54721413780291
56.273362684090955
55.13321499260921
55.70480991156683
56.25233507486247
56.01518235481535
56.84459771634612
58.160026121239405
56.28010823492317
54.96889807996564
55.51137116349694
56.94636640994972
58.82803275631396
54.849187461404725
60.73127672417612
58.948214373661415
56.40518194427886
56.56529476438509
56.36395695904445
55.64100118909707
57.811475767770645
58.14211730574776
55.016392246186996
55.84720368629058
58.89000648067567
56.900057670581404
56.287570545050514
57.64813812754278
56.9657575173283
57.708074481645596
57.01980610170664
56.78208124539006
56.90904598687469
57.36135767071478
56.44946019656232
57.496353340779784
56.817250927857884
57.34524571415734
58.169178535926584
58.05226203300521
53.99694116565768
55.90446176875596
57.746028741256524
57.373545573749155
55.09973500352307
56.71894526846951
57.28767922282576
54.971248314344635
57.45929650705621
57.85113243501625
56.87106638927713
57.980231215195204
57.307005753747475
55.8716095692792
58.51579289117
57.293866557282165
57.059486027082684
56.30355522922872
59.693511757404586
58.58755669580178
57.28633115941566
58.537208249535894
57.38446803330583
55.888999098939806
57.16500778593762
55.104759904832775
56.0888423419259
56.40201792558762
58.01239228173037
57.79294945026721
57.45355892431274
58.605887104708
57.04259548434082
58.83859932087338
56.57708603670477
56.18116772626641
55.866000582979524
58.6543256445295
57.50618867263324
55.463336671046925
56.286170290203074
57.01380411724956
57.04917937650905
57.48466524832813
55.50294386269891
56.8636677495581
55.88047714143465
57.431523143017806
57.5359403433451
59.18239114271252
57.38007090292115
57.07163298857978
55.4896003821042
55.47455328813204
57.362531428604086
56.38189455449796
58.07570560512109
56.65017964123403
57.540327621120525
56.80136636586213
57.47542607797056
58.36326812517138
57.73922159361452
56.74618429365794
58.41525182532693
58.09913720213191
56.08801825499356
57.21897458161358
58.974574636878806
55.72216777727233
57.506892393575775
54.23863626010619
57.81247859472895
57.006746910271126
57.18617560791361
56.52531600609778
57.54178174765168
56.335675108569745
56.13442776479077
56.90847099323307
56.99713594255398
57.67247358332768
56.294911776041616
54.69660242746755
55.81648295384998
57.152480236607545
57.9193998746871
57.7043040822045
57.061577455651175
58.03148585970903
56.71182822007679
57.713316705303356
57.79635353932
57.456733338671754
57.34368801891888
57.72646683116742
56.84768407149131
58.782349669254074
58.55820727785889
58.31088039341398
57.5904471416772
57.067289577920526
55.579860988826574
57.78271985189402
56.42126198953251
58.42259203398967
54.43793401818509
58.08918882344969
56.88891111153642
55.71556590094514
56.12195068211112
55.5658065236694
57.896448554466566
57.45043741801647
57.9325359274162
56.52530137329919
57.78033652252323
54.85905420217445
57.344927473629696
58.074571180996074
58.135418448562845
57.26970145757434
59.737236852037405
55.99625428867105
58.03322255602545
55.70934470417749
56.298260115921835
57.93226481484412
58.30870816999523
58.25543300034239
59.05787589376969
59.76209439230155
59.417547441446835
59.76088369715817
57.85967554559551
58.65258578307041
57.859155792063895
57.232509020002084
55.87936630584426
56.29659360715176
56.60262142575245
58.74964740507523
57.635686536632605
57.681927110107836
58.155055285001055
57.40186103931984
57.346275644633934
58.24756405493923
58.6482708647481
58.15981347853999
57.836156979926685
58.02204624685837
59.92301164332448
59.07119510203676
59.560554704357145
57.03498937241745
58.81202798108164
57.521712187819254
57.60162576185922
57.749713268872206
57.104500740944054
57.3943931266611
56.731103968116365
57.940742166513296
58.019630948770526
57.274453377689255
55.46892613179187
58.728964468981566
58.53557654394346
56.633509536114154
58.03853569173403
56.87124379991597
58.242227681296086
57.18975662618554
56.48357168354276
55.7784995666496
56.3296217665483
56.89711851361413
57.30158629021668
55.53088976807385
57.019856591411
56.84583541684043
56.784417106038276
56.00239727480947
56.25131149544803
57.237678796954185
58.59292018021327
58.867256485895425
57.02575886398984
57.61484330881808
58.611214528145396
56.36732108538796
57.69258563905292
57.63559369736273
57.951548399141174
57.231313590023376
57.85835941429775
57.98739683106152
55.63015481961834
57.011528052271245
57.162438080820095
57.557636726019304
57.05764123767471
59.377999606190016
56.959256183516295
58.48645822131009
57.31767139511395
58.88177659456583
56.3311030154821
58.4823816595873
57.19585827669097
58.59784154556516
59.087544372862595
56.95486525228313
58.77005329967999
59.188660691965225
59.63226743357304
57.545748119996155
58.96129762318305
57.95598399918986
59.952070243288986
59.02689442286456
56.61086081261705
57.34061432166638
58.631995856987466
56.51107766794817
56.27422491225155
58.40756404932607
56.807326696470305
56.178489283695114
55.73130839117978
57.43977642026062
56.67634486142909
55.79302609134889
58.57828321385823
