-0.507269152779983
1.7774603382743828
5.98760042201549
7.23016201395077
9.809133871776837
12.875539695623772
15.78260289623178
20.277091037490386
23.334031815108183
24.927470557451855
26.561920981127628
33.168748227145045
34.694267785479525
33.80279122255938
35.704797822683666
39.76121362525407
39.846571163228326
40.284026362353465
40.49941984416616
41.42127123518041
42.41871930233856
41.88368660744285
43.801070022051434
44.60673255073804
44.61167853322277
42.36529500328447
44.29851058464294
44.533953849195306
45.94249387600414
47.61950092092484
48.9407647340703
49.98898699104257
51.157515793020394
51.67471503780907
51.79971258435398
50.54183363131027
50.34297228176807
51.994111848485474
50.816970447042046
51.490730231764154
50.78278913991251
50.264665224221325
51.9446851565589
50.380273380803416
51.83442132146048
51.18782332627643
51.71667854127243
49.98839562979898
50.74686400118891
50.814350205804146
48.58635115940491
48.90674207965419
50.41347150877179
48.97243936322056
49.01595776415399
49.845053180200864
50.87793482764771
48.945719574630694
49.17427305028819
48.3225800397968
50.72452657345049
47.899824562032855
48.9607623076851
48.5173102717727
49.396549836004304
48.52124054509012
47.59558147891356
47.18874688070874
47.60434985108128
47.5071569170083
46.72914957525602
47.963180607449885
45.70181253868636
45.92204361395547
46.73031730441737
47.672596726806304
48.134875224302824
48.51279673483263
46.74243477230159
45.95853416001757
46.595086323656076
46.696856412371766
46.58774264701918
47.825341793374356
47.17116729234286
47.1708624775325
46.86240671690921
45.92862692143117
47.914363507359084
45.88216824322241
48.797865312147984
48.8080584514375
50.20846989456211
48.01909897840271
48.15437841824919
48.874228321688804
47.65477779709023
47.40923053597544
48.33634087752316
48.906814589352535
48.926867130404084
47.2965826142007
48.2348452868505
48.41791980794496
49.845172373827
49.32665361458191
48.86017795852844
48.307439966840676
48.349634519037146
50.263377303372096
50.108127505449
49.49100780103203
47.06456920545475
49.976861399828195
50.12003729025328
49.317031989800356
50.34375330890523
48.02568535114442
49.702188936673785
51.29686104558509
50.148138601754475
49.26339326667484
49.26861001871661
49.67859481884092
49.42262676139052
51.29581540900706
49.27139859538018
48.87905989180811
49.312078353872124
49.77327287763292
48.97805569601104
50.07118937308811
48.23562691674435
48.65608775073896
50.06584027400014
48.34454225872402
50.4058568726687
50.754029768632186
52.07894864681335
49.799810205161485
52.25692802510632
50.273070530795906
51.128013551630715
52.44255127842204
52.44584426345632
50.668921848733184
52.51608540354157
52.61668238810654
52.116530426946454
51.935560158469286
51.006805945167855
52.68891369322034
53.75337859226026
54.70088075235378
51.67372406285106
54.827656582324245
52.67884683176125
52.945388371657145
54.38852799527014
51.141301740230304
52.88477976318346
52.528575560532644
51.4396720932942
52.5033948559492
53.2962061244639
51.97497850172671
52.96721738637228
53.45034199199777
53.72865384364773
54.11840565668831
53.181350438225444
52.021120393998125
53.553412137542956
53.12978364963906
53.31943250509259
53.86259075039969
54.03002577964857
53.64261096087305
53.08284838880733
54.86044712346552
53.56844252160839
52.534166197113414
53.02072398406758
55.41988938996769
54.100712531613866
52.100788058001775
53.79746169679083
54.18082993824805
54.42971483220283
53.94022760209947
54.229022582606355
53.258934575000275
52.95879346244309
54.690350550118445
53.49132215589223
54.09551226293105
56.27300650396016
54.281597382304355
53.42482287786415
55.219989847104195
53.33450237822942
55.41246386963314
52.928411223354544
55.2456777418544
55.633731217963614
54.056334137694364
52.511426780179384
55.66865041350915
54.476406466240824
55.5110226748619
55.40661481958184
56.138663209516416
55.04846909429416
54.41820098810575
55.7757732937637
55.05494764882036
55.97188077094181
55.86797580420953
56.36282514530499
56.239551172223194
54.64568374403035
55.798591674713464
57.52344614014238
57.79711941005496
55.11483112944912
56.46736121273877
55.28597728723979
55.770228661523696
54.6278468221235
55.24886440225845
55.57619626580522
55.70833512824851
56.71347250256339
54.73807640920726
54.039980088429864
56.78445856041575
56.59926308995881
54.05086571151931
56.581417553008215
57.26603053245411
56.51966469192352
55.642802378978615
56.137309630315414
56.85082933995726
55.985782240158166
55.128547329638614
55.56799303778066
55.91649799379668
58.38529125329852
56.837310865652015
56.15868076265783
56.170718350051345
56.75079788340586
56.340889820805614
57.5209310814884
58.286535004568165
57.26900244699398
56.94784132982831
56.94207517484879
54.292302648049976
55.85374167741986
55.43619301845113
56.359292739237084
55.44618823782116
55.77464958681669
55.91718581933988
57.79838770000398
55.15520069842819
55.81817163660602
55.06206250079873
55.815759438985275
55.81237766451521
56.13464270310324
56.774050832004875
56.18837476276714
57.50097263306178
56.103518855112895
56.946275310630575
56.7975254620034
57.7454368931811
57.66399410452019
55.60190100326936
56.89039782007568
58.0527611813158
57.46489069495258
56.96469461721777
57.26005323865695
57.37439240632109
53.994956449865775
56.813414564331694
54.71264846812157
55.592004220327645
57.47757558742975
56.76268936577842
56.8079343166516
57.66207034661943
57.22008460403966
57.415907170360036
56.48752718155985
57.640533108248896
57.464871673813114
57.401681754239135
57.255696087388266
56.9170336120347
56.81265842081435
55.45620800923895
57.23115907143099
57.463247056867296
57.448923256190156
57.79899091064526
56.37498396417719
56.253960540126855
57.841845823807866
56.48854289333705
57.03306722201218
57.05933845014552
57.79390866248934
57.31185499423825
58.59384881393589
56.16632741517681
57.2498483208406
57.67959461798226
55.71632723388454
57.00908922698343
54.64358093237756
57.191020866680006
57.158095006207816
55.4810977705463
58.08669745642857
56.913867627142864
57.240935342202604
56.2938328705352
55.62752246933345
58.851743293924265
55.14219705161774
55.34019063608857
57.22187134818707
58.66179553243337
57.065049013899305
58.20210338627503
58.26932431555091
56.407737626726544
56.12602046731995
57.64791138169236
57.648745738128675
57.789380581874774
56.830855425781635
56.601009743503916
57.83393435556968
58.7468434007172
57.62532016471052
57.86230442867763
56.57853581117204
56.25314582463136
56.71135991277616
57.96666899391554
56.12941857354141
56.67166489981698
57.02966324225444
56.98757418374728
57.726327781686976
57.76049966564111
57.22518762753744
57.08076241875121
56.641250911074835
56.40293831934245
58.92829721729888
55.694103867837384
56.56194170424326
57.18655678154944
56.38723169992354
56.809114899614954
58.08021937151017
57.29172594940873
57.389222889329496
56.23061309543262
57.19731264241091
57.28090710075652
56.48235257702252
57.885023861579
56.61055332110002
57.16413185101472
57.33172280769952
57.10188259864623
56.68107586554976
56.46438935104233
58.39493451713523
56.26335923792733
57.973013147127766
56.65442151237924
56.3538052867159
56.32967835955456
55.71305833922035
57.86484398293012
56.865084353439535
57.12877556161592
57.92402186320154
56.79859192048101
58.04809054720827
55.78410869312887
55.10052172187712
56.734101232858755
58.506580762588044
57.74552471042006
57.08999991188357
54.76049462415146
57.017410731242364
57.384255367633465
57.5876932703988
56.95257972994019
58.03436629256173
55.5794500073352
57.34114915762011
55.88370220519647
54.97157848170882
58.73916915682908
56.66153574269997
56.51195608801421
57.246789289599995
56.80682692136446
57.69762657908473
57.58219386451371
56.561868940137266
57.99203932829887
56.02871766852119
57.0849830548623
57.707129977241905
57.534848110343134
56.73511371398132
58.14571483009041
57.2613509799477
56.695169417138175
57.35022428436736
56.886127325847795
57.52016585722479
57.091586353603496
55.47907984518158
57.39638969718676
57.95244042346055
55.917508216561394
56.02239538595876
57.308572261015875
56.20043999772256
55.553518652613526
55.575680039025386
57.1391496628582
54.9757600030354
57.11130476125491
55.84869657804902
56.1009304007991
58.056148208355125
57.64292218350594
57.658906655734526
57.01808532463199
56.41936598351572
56.79994151224885
57.14886596136063
57.71625310584691
55.79387340170179
57.3448920055924
59.21721725489208
57.98982901932152
57.63715667212127
57.01486552909321
56.03628186990902
56.71875562792358
58.23574861059336
57.45471387410421
57.443461722194705
57.808626727309026
57.42274025539941
57.705874991827514
56.478066071024294
59.36204728154648
55.58199033569805
57.40299680477997
56.560743040832264
58.30406702597327
57.4083509388067
57.819332192532784
57.15253631058702
58.61498073145266
56.33613568537139
55.96989291690138
57.14159036693036
57.29534767151076
56.221467799072585
56.675878033018435
57.54055621365065
58.17655555366006
57.642941465624176
57.24032143868969
56.8272027387379
57.495080720041834
57.29422001335704
58.840586943237575
58.87061429710701
58.13666927484746
58.92166672039117
59.068988934026116
58.19065697278063
57.82561654828739
58.7650074726948
56.69180226282306
57.2366539337663
56.99982207776702
57.561638642284734
57.544239930282366
57.338787355008115
56.664479975066286
58.1554909049335
56.50201257491127
57.08628444017809
59.045747647803395
58.57266443767378
58.46987514487942
56.58549009454932
59.632987569437034
57.75170856732715
58.06071483544982
58.66355332222521
56.814918684752726
58.24509107351433
58.450227447930274
57.35111080894269
57.160504126840536
56.747142628076105
56.15365241964283
55.59462983414418
57.307530340756635
55.78195420642775
58.11935899604187
57.77684235560984
57.841108484351366
57.973326917334376
57.20052025581782
59.23253356806755
57.324932605777846
58.67844249652529
55.38998724459417
55.85005695673359
58.81326676940139
57.08909685855023
55.24911194914525
56.8258820996203
57.19815517707688
57.13383009501884
57.64933985844787
58.34538295276202
57.83764501925375
57.667878911856725
60.19703546195042
59.140868216509965
56.38840340722877
57.055048937575215
58.13976016999993
57.195669004519516
56.91270275336437
57.920804736011426
57.66919578034789
56.65070900896105
58.96136279663025
56.9411514484263
55.389523785672246
55.52220922937888
56.50176943502527
59.0551118076793
59.015692388739886
57.27641234153292
57.43086876966337
57.80508638185039
59.44267451847277
60.001108187113346
56.17936168300022
58.44334317491528
58.446117865286794
58.079030461191714
58.6253653934584
58.39833680880149
56.61218379905974
58.93731434382418
59.056544723628505
56.802118787089206
56.85750549369859
57.67192611026148
58.259100824124985
57.03909575811424
58.48036025243209
58.056809849211064
55.645202382560186
57.68309058996188
55.74204109682646
57.824297816247125
56.72960855808515
57.98132687014563
56.08109829358922
56.64785875263923
56.868156211814565
56.35032773235024
59.05621790777998
