73.14
67.75
52.17
49.76
69.41
73.7
67.65
57.59
66.1
77.48
49.9
37.87
63.87
79.84
69.33
75.59
42.98
44.01
54.68
63.17
52.81
48.85
44.5
29.04
42.56
49.69
48.63
64.55
60.27
40.25
32.45
33.98
31.2
40.52
27.77
30.29
37.9
23.48
43.29
26.99
21.12
26.95
25.11
27.84
21.16
18.78
17.67
22.74
27.81
27.89
26.54
15.08
17.59
31.47
20.54
23.06
25.63
12.54
21.5
26.07
23.85
11.02
9.07
16.68
16.27
16.76
11.09
4.81
15.41
15.1
8.91
13.24
14.53
11.05
9.59
13.27
11.21
11.43
11.43
8.46
12.58
14.23
7.16
5.78
6.89
2.57
8.79
11.92
5.08
10.84
4.59
6.43
2.52
1.52
3.53
5.25
8.55
1.54
5.12
1.6
4.44
2.77
1.15
6.81
2.18
0.04
6.67
0.16
1.16
4.52
6.26
4.3
0.08
1.35
5.84
0.92
6.81
3.11
0.47
2.71
1.52
2.32
2.41
2.94
0.0
0.02
0.07
1.94
0.52
3.41
3.81
0.0
7.4
1.89
0.0
0.0
0.0
1.43
5.26
1.07
6.14
7.39
7.31
0.41
7.69
2.02
1.99
6.49
3.7
4.16
0.0
4.75
1.18
0.0
3.96
0.83
5.92
4.04
1.07
0.55
6.66
3.48
9.06
3.18
3.63
7.3
2.93
0.81
5.35
10.09
2.06
4.16
6.43
4.95
0.98
5.62
8.57
3.1
2.59
7.82
16.72
6.41
9.03
2.6
2.6
7.68
0.94
4.6
11.45
0.74
5.41
9.69
9.95
6.77
1.82
8.16
10.71
4.7
1.78
17.94
9.7
5.04
8.97
15.69
13.18
9.85
3.82
4.03
9.78
10.17
16.63
9.89
9.12
14.35
6.43
4.59
14.48
17.29
16.34
12.07
6.03
8.34
8.37
15.43
7.03
12.83
13.02
10.98
11.85
9.88
11.37
15.46
10.94
8.47
8.52
12.8
8.59
24.96
16.49
18.31
19.92
23.81
17.96
19.24
14.88
12.01
19.27
6.6
16.1
15.23
19.92
13.94
14.46
16.17
13.26
16.59
10.98
21.83
14.11
11.7
15.1
16.78
15.05
7.73
12.47
17.8
16.61
14.65
8.65
13.4
16.86
21.59
16.85
11.14
14.54
17.72
13.09
11.92
15.7
8.77
8.72
11.87
14.59
15.99
4.78
10.65
15.33
13.02
12.48
17.36
12.59
18.63
14.26
11.57
14.38
16.71
21.63
15.93
20.2
25.24
15.99
16.88
19.39
23.64
23.17
13.7
12.13
22.97
14.79
13.98
20.36
15.5
12.3
12.99
18.42
17.49
14.69
16.22
13.47
14.28
22.98
10.46
14.12
14.3
14.68
16.92
13.56
18.66
14.73
10.08
19.94
14.53
18.07
17.56
27.04
19.74
17.91
19.52
18.61
18.65
21.48
18.33
13.62
14.06
18.27
19.63
19.13
19.73
23.69
18.95
19.95
17.68
14.06
12.75
16.01
17.24
20.18
15.57
23.74
24.35
15.19
18.92
22.54
14.83
10.29
17.72
11.15
15.49
15.01
20.34
11.2
20.16
14.85
14.73
22.2
11.92
16.25
9.26
16.75
11.4
15.65
15.7
13.92
9.59
15.24
13.25
13.54
14.94
15.86
13.24
11.18
14.33
18.5
19.63
18.58
15.79
20.05
23.18
18.58
15.15
15.38
19.63
16.7
15.13
18.76
13.74
19.67
20.13
19.13
21.61
16.95
18.06
12.04
16.31
12.2
13.11
9.92
14.52
13.51
14.78
11.5
20.87
15.81
15.93
17.54
15.28
12.93
16.63
15.26
6.52
17.76
16.17
15.71
12.67
13.03
16.64
12.57
15.66
11.62
16.42
16.54
23.82
15.56
17.78
17.43
10.91
14.48
17.6
14.5
13.86
10.26
15.42
14.63
16.59
14.04
15.99
19.05
12.95
15.42
11.57
9.16
16.84
8.37
10.96
12.03
16.53
11.92
13.28
14.52
12.16
15.19
17.18
12.64
16.1
12.76
14.31
9.77
14.73
12.25
8.45
11.76
17.47
13.59
11.39
10.08
6.88
9.04
10.99
8.79
9.25
6.41
11.75
14.16
12.86
14.31
13.88
12.73
12.28
11.81
10.03
11.14
9.31
14.97
12.3
15.35
12.42
10.47
15.67
9.61
11.65
8.63
16.1
13.46
18.71
16.86
20.16
16.48
15.19
14.19
15.36
15.2
16.48
21.22
23.46
19.48
16.37
21.55
19.26
14.8
12.01
14.52
18.27
17.33
17.13
12.9
17.47
17.74
17.01
13.55
16.57
18.49
14.05
17.5
13.23
17.06
17.42
16.19
16.1
15.26
16.36
14.65
14.03
13.94
20.12
20.95
16.38
16.43
12.66
14.59
17.51
20.67
14.41
17.56
14.35
8.22
14.68
13.13
12.02
11.48
16.29
18.67
14.2
12.85
10.01
15.61
12.27
12.99
12.64
11.86
13.36
10.67
9.98
17.15
11.23
13.21
10.86
11.52
11.03
13.25
16.42
11.94
17.21
14.82
15.76
11.29
9.92
14.77
12.54
13.25
9.33
