82.12
83.8
82.52
65.36
70.87
85.96
91.04
69.75
59.97
74.59
84.5
64.22
70.86
71.26
77.15
70.6
62.05
73.08
47.38
78.46
63.09
45.96
45.8
56.32
48.57
47.62
73.59
56.06
40.75
40.39
51.22
54.4
39.12
50.41
38.07
47.06
46.65
44.28
40.28
38.45
49.42
36.54
40.58
22.67
41.42
54.96
36.7
33.92
19.14
34.28
25.34
33.49
16.59
29.65
19.31
19.18
9.23
12.39
13.58
12.81
13.42
15.25
22.46
21.19
12.79
20.06
13.5
7.1
11.52
5.76
8.13
11.09
4.85
3.71
5.37
5.85
15.33
8.99
4.14
10.13
5.88
4.91
1.88
2.64
1.69
3.58
4.66
1.01
3.89
0.83
7.23
0.55
3.03
3.15
0.0
2.07
0.05
1.4
0.22
0.08
2.53
1.6
0.08
1.17
0.25
1.61
0.89
0.35
1.78
0.0
0.0
0.0
0.03
2.19
0.0
0.71
0.0
0.32
0.2
0.0
0.0
0.16
0.18
0.36
2.05
0.0
0.0
1.96
2.16
0.0
0.0
3.82
0.25
0.06
0.05
0.1
0.31
0.0
1.53
3.06
0.15
0.44
0.0
7.13
0.0
2.07
0.15
0.0
0.14
0.0
0.0
0.34
2.14
1.43
0.95
0.07
0.0
0.52
0.0
0.4
0.0
1.66
5.04
0.21
0.07
1.6
3.57
1.26
0.0
4.19
0.0
0.0
0.35
0.0
3.69
4.37
0.01
0.04
0.57
0.55
0.86
0.01
0.04
3.55
0.22
1.6
1.9
0.0
2.16
0.01
0.9
0.74
0.53
0.05
0.02
1.38
0.63
0.13
0.06
0.64
1.41
0.17
0.91
2.89
0.56
1.04
0.0
0.16
0.04
1.16
0.95
0.08
1.16
0.17
1.78
1.84
0.85
0.0
0.21
0.07
0.0
1.37
0.0
0.7
0.34
0.0
1.04
0.05
0.16
0.11
0.31
0.36
1.04
0.21
0.0
0.17
0.04
0.04
1.47
0.74
0.75
0.36
0.61
0.0
0.07
2.56
0.16
0.18
1.81
1.88
0.69
0.99
0.76
3.27
1.86
0.66
0.0
0.0
0.03
0.34
1.1
3.42
1.19
3.23
0.44
1.76
0.61
0.0
0.0
0.66
3.83
0.84
0.34
1.1
1.33
1.3
3.41
0.03
1.34
3.32
1.29
0.39
1.29
0.25
3.15
0.15
3.42
0.04
0.16
1.17
1.41
1.84
2.12
0.16
0.02
3.8
2.43
2.08
1.28
1.81
4.25
4.09
0.85
3.85
0.15
0.52
4.13
3.66
2.09
4.28
1.89
3.19
0.46
3.31
0.66
3.05
1.65
1.66
1.6
2.98
0.51
1.32
1.92
0.96
1.75
2.27
3.93
3.84
2.89
6.13
3.03
2.03
2.6
2.17
2.38
2.0
0.14
3.71
1.06
0.84
1.01
0.95
7.69
2.87
2.76
4.13
2.89
6.8
5.79
4.32
2.62
4.52
7.54
4.21
1.52
1.99
6.0
4.37
3.86
7.22
4.32
6.44
3.45
10.74
3.15
9.09
4.17
7.17
1.96
8.38
4.6
5.75
10.65
4.39
3.91
17.16
3.98
5.56
11.62
12.72
14.28
10.53
17.02
18.35
13.31
14.98
9.39
14.13
7.51
18.74
11.89
12.05
12.32
13.1
13.22
13.53
12.99
18.63
23.69
22.18
16.16
13.95
14.51
20.62
12.55
24.95
19.82
19.48
19.73
16.54
21.56
29.4
19.5
25.29
26.4
35.43
30.76
32.26
25.27
26.59
27.4
27.68
27.84
25.45
35.83
30.83
14.55
33.02
20.84
25.55
24.12
25.94
19.1
25.21
25.75
26.01
21.59
22.46
24.49
23.25
30.02
29.66
19.75
21.78
27.48
29.25
24.62
31.39
23.64
21.36
22.85
25.92
20.71
24.93
25.97
20.47
21.24
28.65
22.35
23.1
24.86
23.67
30.23
24.77
24.82
30.33
24.5
26.39
31.98
23.23
42.32
31.06
18.04
25.86
26.85
28.07
29.29
25.8
34.7
39.48
34.82
27.66
26.07
36.55
26.43
27.36
30.73
22.59
25.97
33.5
19.01
23.51
32.09
35.89
34.86
22.67
29.26
24.92
23.45
32.73
35.61
34.38
21.06
27.46
40.49
23.53
17.92
27.35
33.13
29.67
36.13
24.64
24.66
28.37
26.0
34.33
21.85
22.81
26.82
29.44
34.29
21.29
18.07
22.32
29.57
29.94
18.64
26.35
21.24
18.9
26.15
28.01
26.45
23.27
29.91
32.25
20.31
23.73
19.86
29.46
28.2
18.56
29.49
25.74
23.02
22.51
24.86
17.62
27.49
14.64
18.84
25.42
15.71
18.63
19.01
21.36
27.0
30.95
20.76
27.03
23.68
27.88
20.61
20.11
28.69
25.4
15.33
17.57
22.92
25.82
24.42
15.18
13.66
19.85
25.38
24.81
14.86
18.72
12.96
22.18
12.21
14.57
11.57
13.64
19.3
12.69
15.55
19.97
13.04
19.34
13.85
20.23
9.17
17.45
21.63
14.3
22.09
13.88
15.0
23.94
