20.7
34.85
44.23
35.11
33.51
37.49
37.08
33.08
25.83
38.85
14.58
29.52
36.74
30.54
22.94
26.1
33.04
36.25
40.49
22.99
15.73
20.51
19.13
28.77
17.77
13.92
12.41
17.84
9.17
25.33
27.84
17.68
17.8
17.23
11.68
19.32
13.45
8.14
9.67
20.9
28.03
21.31
7.68
28.37
13.34
10.48
15.3
6.32
23.96
10.71
14.45
13.71
9.74
7.48
5.86
11.67
13.51
6.49
14.87
14.42
12.79
11.58
12.53
3.96
8.33
4.68
10.93
9.45
1.72
2.18
2.49
5.73
11.44
9.63
0.3
5.36
6.21
0.76
3.32
1.62
1.73
7.53
9.4
2.96
6.97
2.63
0.67
11.15
2.59
1.78
5.4
9.49
6.58
2.53
3.29
5.27
1.94
8.04
0.32
2.64
1.14
5.12
6.68
2.45
0.63
0.79
1.72
12.46
10.1
3.6
1.43
2.08
1.41
8.31
4.35
5.48
2.81
2.64
7.83
2.94
5.04
2.31
9.33
1.38
5.32
1.14
10.13
4.38
7.18
3.0
7.07
8.1
6.86
4.66
2.6
9.81
10.24
10.0
7.09
14.41
3.66
7.64
13.8
4.86
4.75
4.1
6.96
5.44
15.48
11.39
7.08
10.51
8.15
14.4
10.7
7.14
9.76
13.31
20.9
22.62
15.25
11.23
15.45
18.41
22.93
15.08
16.75
15.79
23.18
22.4
22.67
26.12
18.15
16.39
25.9
18.47
24.15
15.04
26.76
36.68
24.02
28.86
26.04
35.17
35.04
33.48
35.7
22.29
34.93
28.05
34.34
29.79
29.42
27.47
23.96
28.51
31.56
19.85
29.96
16.77
27.55
15.7
24.92
22.24
29.34
26.89
33.95
33.27
34.14
35.13
24.55
28.07
26.98
30.01
22.85
25.07
14.89
29.06
26.88
18.46
13.44
18.39
12.19
17.35
18.5
18.5
20.47
15.07
12.94
22.85
19.27
13.19
17.66
20.24
16.73
22.92
16.82
15.99
11.29
13.17
19.48
14.55
14.86
17.21
17.64
15.08
14.86
12.73
14.82
17.73
15.49
14.76
15.75
16.22
14.56
18.47
12.74
16.88
18.46
11.72
13.81
10.14
9.93
8.5
10.58
10.21
10.06
14.07
8.24
10.99
12.87
11.77
8.89
12.97
15.68
13.74
13.64
11.86
16.62
14.04
16.75
16.88
15.41
16.17
12.95
13.37
14.3
19.07
12.52
10.8
12.25
12.37
9.8
7.69
9.48
6.05
12.77
8.56
7.6
9.46
12.77
14.84
16.57
14.94
14.79
17.32
14.64
11.44
10.4
18.97
13.31
13.54
19.88
16.65
15.05
12.99
12.58
10.41
10.7
15.1
20.2
14.16
17.0
15.31
17.21
16.05
14.22
19.64
19.1
17.69
12.17
20.38
17.95
12.54
14.18
17.2
13.42
11.93
10.69
12.13
16.02
14.97
14.06
19.7
17.35
17.23
13.2
13.01
13.71
13.21
21.09
18.17
11.88
15.02
16.39
15.61
17.68
18.66
13.6
26.53
23.33
20.36
12.56
21.74
15.62
15.4
15.79
15.53
14.88
18.58
14.47
18.76
20.74
18.42
18.93
19.49
16.54
18.51
14.17
18.04
15.07
18.28
19.03
14.02
15.08
15.21
17.76
15.99
10.09
10.07
12.91
13.44
11.37
15.01
13.39
7.68
15.35
12.68
14.82
12.11
10.68
14.66
13.97
11.93
12.12
13.63
15.9
15.07
14.72
14.46
13.66
17.73
14.36
14.95
16.11
13.5
19.33
9.97
21.79
13.29
10.52
13.35
19.51
22.95
18.11
11.32
11.32
16.81
13.91
10.68
11.93
16.21
14.49
13.77
11.95
13.1
12.52
17.25
13.5
14.46
12.89
13.6
12.51
17.0
15.06
18.43
12.84
18.38
17.33
12.96
16.56
14.12
10.5
8.58
11.11
10.08
10.58
8.13
11.59
6.57
7.73
6.98
9.44
9.42
15.02
8.64
6.97
14.25
11.13
13.78
13.2
8.14
14.43
9.37
12.75
15.93
8.67
8.79
13.17
14.74
16.16
13.19
16.0
14.58
16.98
15.42
18.87
13.45
12.93
12.94
15.52
12.61
14.92
14.25
12.79
16.34
17.01
18.1
18.01
16.58
16.35
24.13
21.33
16.99
26.2
26.6
24.09
21.4
21.75
16.13
20.48
19.43
17.91
20.86
23.56
18.14
20.51
21.81
22.16
17.96
21.3
17.63
16.71
23.44
16.44
16.34
12.59
14.7
12.73
13.05
11.45
14.3
13.4
9.21
7.97
8.21
8.91
9.72
10.47
12.45
13.35
10.43
14.11
16.01
13.48
8.64
11.42
8.14
6.71
8.89
10.46
7.46
7.84
7.64
12.42
12.29
11.62
14.2
8.64
5.0
7.35
7.01
8.84
11.43
8.9
10.17
10.95
6.45
8.81
8.23
12.92
9.26
12.61
8.77
13.49
17.27
18.63
11.79
20.05
21.1
24.73
19.41
20.94
20.71
21.06
26.23
24.04
19.84
20.35
28.59
21.8
19.39
20.7
17.4
23.12
18.5
17.0
20.36
17.69
16.27
