30.07
28.7
31.43
24.72
26.71
30.03
45.57
40.9
18.88
38.89
26.8
19.0
46.24
26.47
19.9
27.12
30.45
32.32
31.29
29.02
19.94
23.31
29.9
23.48
31.35
16.09
20.79
20.68
21.92
33.98
17.11
12.28
9.31
11.81
27.97
29.98
28.56
17.09
20.12
16.2
21.44
5.59
10.72
12.65
16.11
14.19
15.72
15.29
28.98
16.11
17.31
11.69
13.8
18.34
6.84
8.13
16.77
10.56
12.35
18.74
11.29
13.24
4.8
10.54
4.65
3.71
13.01
13.78
16.95
12.0
5.93
5.35
13.8
20.81
5.51
18.06
4.96
7.24
13.14
11.75
3.0
5.45
8.81
10.94
10.34
2.42
7.11
3.51
1.26
16.41
7.49
6.56
3.48
3.11
2.63
6.13
7.49
8.78
14.04
4.63
1.92
3.66
8.46
5.39
4.02
8.99
1.3
6.0
2.33
10.54
5.09
5.25
1.55
2.87
0.67
13.37
0.02
13.64
4.84
4.58
4.86
7.39
9.71
7.08
2.42
7.85
7.39
10.6
8.77
11.38
9.85
5.64
4.75
5.08
7.45
2.49
2.37
6.96
8.98
4.9
8.03
10.26
9.54
4.71
7.77
8.63
4.16
3.92
6.38
8.02
14.84
11.63
7.45
9.83
3.46
13.24
9.0
18.81
15.24
18.73
18.79
15.36
14.46
20.29
18.17
26.65
14.04
24.87
23.7
16.49
15.74
27.83
16.9
19.21
13.14
23.58
27.78
24.53
28.78
22.68
21.89
22.85
21.48
16.07
30.02
28.73
17.03
23.31
23.4
14.65
27.44
21.18
29.76
33.33
38.51
41.83
31.65
35.09
30.74
35.15
31.95
39.42
31.64
29.76
20.93
30.98
30.1
31.77
22.89
32.65
25.57
18.7
22.31
25.64
20.01
20.79
20.21
27.98
28.28
23.62
15.14
24.61
22.4
21.95
22.7
21.06
10.56
13.02
17.95
19.6
22.41
15.08
12.55
15.34
17.49
11.64
11.65
19.1
11.64
19.17
20.06
13.58
16.34
17.69
18.6
16.4
18.43
14.53
8.73
14.86
15.31
13.66
14.61
14.67
18.16
14.24
14.38
12.44
19.92
14.76
13.62
16.74
20.64
9.76
13.03
19.76
17.45
16.46
11.78
12.67
15.72
14.21
10.43
13.64
12.71
11.26
17.48
10.52
14.71
12.25
12.94
10.84
11.91
10.99
12.21
13.39
11.81
14.82
9.97
11.74
16.86
13.67
15.34
13.47
11.64
9.41
13.16
16.52
9.9
10.93
17.66
15.34
8.84
8.65
6.01
12.93
10.13
13.38
11.18
9.93
12.21
12.18
10.84
10.94
16.33
12.24
14.91
12.67
17.66
14.65
17.55
15.47
18.67
21.4
18.1
15.96
17.37
17.58
16.6
20.16
17.77
14.3
16.51
12.38
11.12
10.83
10.88
15.09
11.44
14.95
12.21
19.92
14.65
16.46
14.18
23.36
14.88
18.82
14.7
12.77
13.1
18.52
15.39
20.27
19.31
21.0
19.9
24.82
24.9
19.07
21.14
15.98
26.38
17.87
20.9
18.39
14.32
20.3
18.11
22.98
21.53
19.32
19.86
16.46
23.53
13.31
20.01
20.66
21.23
17.02
22.33
14.64
18.84
16.2
21.78
17.79
17.0
13.71
14.2
11.37
11.7
12.11
9.31
7.8
9.71
13.57
7.89
15.04
14.6
9.23
10.16
10.21
15.59
12.92
16.28
13.12
10.49
9.72
17.81
16.39
10.72
18.13
15.31
16.37
13.18
11.26
12.16
13.96
15.52
16.64
13.86
18.11
13.38
11.66
14.85
18.38
14.46
12.01
9.26
9.04
17.76
13.84
16.53
15.07
13.81
21.94
16.04
15.36
17.3
12.13
16.47
24.32
20.06
15.67
19.35
14.13
14.72
14.83
13.17
14.55
9.94
18.12
16.29
11.52
14.59
12.55
17.57
13.89
15.67
12.69
12.24
18.26
15.98
17.43
12.01
14.19
15.97
13.45
17.21
13.75
16.94
14.76
15.75
15.02
17.63
15.92
8.56
11.73
12.87
11.94
16.68
12.1
13.43
13.56
17.18
15.48
16.24
19.35
16.46
21.0
14.45
15.77
15.31
14.72
15.24
13.44
15.44
18.47
20.67
15.26
14.67
10.91
18.84
6.73
13.04
13.97
14.14
11.46
12.24
18.39
14.04
18.81
20.71
12.99
13.18
11.44
12.13
14.85
13.23
13.56
13.91
12.88
18.16
14.67
14.39
10.97
12.17
11.46
15.82
16.69
16.81
11.51
14.08
13.52
11.06
12.61
17.63
13.74
12.3
10.82
12.99
11.0
12.48
13.28
13.52
15.18
11.89
12.23
12.61
13.1
12.16
16.97
18.46
19.49
17.47
14.51
14.67
20.12
16.65
16.33
13.95
8.97
15.19
12.38
13.35
12.34
9.74
20.83
18.73
14.47
15.14
14.19
12.46
19.09
15.56
15.16
15.55
16.6
11.58
11.73
16.48
17.71
14.81
9.68
15.44
16.69
14.09
17.72
11.96
10.66
13.39
12.05
11.96
9.35
10.91
10.68
8.9
15.15
18.24
15.57
