0.2303584925747124
0.1801741447691792
0.147740499458913
0.198876308003785
0.1998683639528663
0.2127289616725653
0.1800874384332224
0.2345514452581416
0.1075343268643203
0.2124392824986503
0.2768540585617658
0.2443185321414503
0.2276746003319368
0.1060384276275151
0.2478545279361186
0.3014105555090516
0.2307651161859209
0.2559181405696437
0.3832522830191217
0.2129730282051966
0.2545642757224938
0.3449895026024296
0.2329276325063954
0.195464742477247
0.294175726019579
0.230709085713738
0.342364129052646
0.1647556666970162
0.1600536533589714
0.3033154712852901
0.2708537865277589
0.2123220334613899
0.2023042194325379
0.2746774419694213
0.308733014695486
0.2790162843931112
0.2721938098995916
0.3072803537291672
0.3502081431012253
0.4133032448104761
0.2698134262557813
0.2981739352359664
0.2885965732488222
0.4060649691321062
0.3284901400481079
0.3530459944491291
0.4154985867720018
0.3437421205343773
0.343472616178674
0.3421262329244034
0.4551672542133226
0.4337868345041052
0.2544584948622314
0.3498642010458305
0.403250933390537
0.4311295042258655
0.3501915206642579
0.3971883759755478
0.3761233417512571
0.3046270139761912
0.4041106194982394
0.4472010580446027
0.3610296838068016
0.5153915942613831
0.372379568295841
0.5038762620761721
0.4740031686627029
0.5253992745706149
0.5047718087388693
0.3850999655468308
0.4907645535939153
0.5426355667160752
0.5095720537595362
0.5869370959491643
0.5424093094183471
0.6259844921700951
0.5193063802435298
0.5288289797954867
0.6524636984553179
0.6228644383925875
0.5925326758627633
0.5862153651948653
0.6460306567343822
0.6728780369990927
0.556860986821113
0.5565141023014529
0.6248563631332096
0.6478672027584245
0.6764655898451193
0.7401955493472024
0.6900535532357714
0.6614618720185752
0.5545918087036763
0.7839807055513225
0.7738422776534203
0.7319795632004764
0.7717546815339291
0.7993196736325153
0.7639530982043342
0.8031654720602984
0.799303956387027
0.8199825396582635
0.8464799646068816
0.9500613664350206
0.8775413760206239
0.9510240004340222
0.9720298111153076
0.9716514466785188
0.976613176703134
1.0871307484537944
1.0308830999839755
0.9823126455596176
1.0750017304688246
1.0175933981461798
1.1197282662085304
1.0995764989566366
1.192011938576122
1.201752211069243
1.257725209068481
1.3069129937846191
1.2623558031870068
1.316739597880048
1.422570209148415
1.3935277204811445
1.301702838523607
1.5027797464959232
1.5201348030502226
1.635053429670163
1.644337837287584
1.665492575543292
1.57312683684122
1.7206169034172274
1.772592016012502
1.6746198719114755
1.8030062614615123
1.820310261138994
1.674406842003576
1.735072789046792
1.948637601671516
1.86681585584094
2.02895111344906
2.0512047767340627
2.1722319328044635
2.233702007601238
2.162341736252627
2.2127423534905435
2.283191866128594
2.3319606228548704
2.373050586662733
2.60895514373104
2.653946967994492
2.644930098652944
2.699345697735781
2.65420978968717
2.7274026015203696
2.8129310352832912
2.960558446618001
3.0120963672309977
3.0075436698366342
3.102652244099247
3.137223704279512
3.263676019737688
3.169912510892821
3.2798162274847904
3.2692544105370787
3.5084824507511545
3.3275357144199726
3.7638423186886847
3.6585154151974058
3.651499142900344
3.6709106020525626
3.9341776401617534
3.774714941973232
3.9325604993663057
3.8860958468862
4.011791112869814
4.268910983544551
4.184125709767841
4.220952966813516
4.137895912572139
4.3302043653862565
4.403159237433518
4.520671625464257
4.273040054850974
4.579491877029506
4.453816977982449
4.524417247002492
4.489707374765958
4.712457763012233
4.452958519039897
4.770868519522018
4.709341764647106
5.03778378974621
5.056563018932533
5.193467670368229
5.121152603641844
5.115891990674197
5.179568470867021
5.319135020633292
5.372482121404501
5.3992425099339085
5.262908936535672
5.1467461501347564
5.392523421988143
5.389078886213627
5.433533174476558
5.336035472804766
5.411589392204279
5.443125872543894
5.492422325235749
5.373490791749902
5.545036002445562
5.594104557801104
5.559430270846001
5.613791310105959
5.5027144158718375
5.626028743854167
5.774448195061967
5.936582845778946
5.734636698029729
5.802425596005268
5.483813891719199
5.709502168440534
5.708503489075654
5.708693466699059
5.531835120707672
5.572102966598205
5.569359576887553
5.819469373386433
5.997909094739905
5.926367411862682
5.77403802372325
5.748238258496484
5.892595011208772
5.672180216999312
5.644358471141682
5.81624607988132
5.721389698966638
5.836441722595826
6.115296186849689
6.134667280174184
5.880179703889075
5.94773370287975
5.95712077759699
6.090835063821585
6.205545419586899
6.11760500406585
6.161999477689068
6.105225179389071
6.164505496216128
5.98133261591121
6.000278202709237
6.274317075141008
6.342721799919742
6.296253214742506
6.347712180528134
6.669995795224772
6.3036457399412
6.477078334222252
6.4194620545018095
6.382459205155284
6.49706785886069
6.07102784405379
6.245562774448923
6.220656356824248
6.632490605258438
6.387025014260916
6.386980655026195
6.488380015469407
6.630933722827167
6.293006661560371
6.488211603999097
6.494956661496572
6.586086010256405
6.713244083007514
6.606973920378461
6.891090380808607
6.723927069291859
6.810261805419934
6.637723136544557
6.504159365614638
6.721819525945641
6.574576615867455
7.018736053057784
6.714717465401939
6.774784245837202
6.750086387104367
6.7118491706709404
6.890485552541262
7.117961275587682
7.195073821020303
7.014273754039665
7.057854584167611
6.914998993797423
7.102198637960587
7.006062786127669
7.234839913898379
7.114325287855928
7.128033616274287
6.9539289927319565
7.024017409230721
7.150460844330349
7.022202126377153
7.096498326451527
7.099836815467353
7.4611040287822865
7.297157950474416
7.57633793947852
7.24912648861298
7.4353283775192915
7.611205976390119
7.575472085029494
7.607621780960182
7.73681305420611
7.690206557488816
7.801614372913675
7.710668052377996
7.697653665233829
7.8289806808387645
7.790144674427177
8.032421442734579
8.296787357007906
8.252219549911365
8.007213911588838
8.167395201386158
7.866706007966193
8.34104282771121
8.063378053270158
8.345991773717422
8.292891142043551
8.167027497953802
8.118300389514772
8.371586901256862
8.281436112499824
8.200799193802135
8.403408497388503
8.067719933550237
8.415480459223112
8.544028725955389
8.631810539244865
8.268195911324476
8.245338556044972
8.659743234717903
8.565393550745986
8.741921252508822
8.568158581309097
8.911478096299579
8.784083938498956
8.53873701987945
8.794080375024706
9.045246643092394
9.042667495892106
9.275769975119925
9.052238518895908
9.059487754437187
8.977970722847324
9.084775055818932
9.417742308317974
9.1649965890695
9.141082416778572
9.118641087700707
9.275669935760634
8.93035572147105
9.283039837135592
9.136176484630898
9.380903800236869
9.373781613933597
9.304870065779513
9.376498044213648
9.589103903860437
9.514716021282611
9.463362420383396
9.26618825513839
9.626933048106023
9.60434522440176
9.18838989247764
9.383331375658845
9.552373605704254
9.57052929903918
9.487888099915398
9.152031787795368
9.430633708524464
9.295137353235097
9.272154488607631
9.618231025301826
9.581031003743282
9.081531358602426
9.274496564268665
9.55780882982418
9.02702486555989
9.16682791304514
9.30863198150318
9.033679316203049
9.309640863760317
9.51751149618795
9.253500795560914
9.329357286820976
9.28942766828358
9.387751606736536
9.130761628391156
9.255690643596854
9.383461409703123
9.148045684844876
9.541587709046787
9.471267005698827
9.561750797882247
9.483664310254364
9.386861190876962
9.710045380866577
9.557434805402384
9.757227873693008
9.763130830713644
9.33391867088883
9.391641349777016
9.703426898707924
9.492013060516523
9.800991841560256
9.639380783220716
10.097470399186676
9.999155867913656
10.16364745668493
9.96239143674316
9.976704438617038
9.772100542572565
10.220122100855644
9.673084036654236
10.3306444328945
9.95144351714781
9.960456333334688
9.961337276825883
10.475718085740796
10.361046660364709
10.307879432771475
10.430606637644749
9.862631844792546
10.211596200269977
10.484313184935006
10.617531934394831
10.374269070480516
10.544361226797912
10.781460419085754
10.877833655559998
10.158214168609582
10.29668158732985
10.739516296322156
10.28881376540473
10.520348396674716
10.771201375266305
10.767381054537122
10.2934788567327
10.34711880144829
10.30636684934408
10.442576291267724
10.277975017282948
10.651155935853172
10.560221218203056
10.63270707057521
10.853041550601649
10.680037152750003
10.95636188528436
10.86573876040941
10.852950143512818
10.628061821155296
10.994063626304602
10.917878956908526
10.68177143487727
10.962835821361605
10.765202977772196
10.915509517151184
10.787644722128393
10.680403459328296
11.025284891466946
10.863030557325365
10.630614602523371
10.758298619542852
11.137309217582803
10.84474059452424
10.87532426378552
11.001955264386956
11.16143630828882
10.72701115934371
11.28646610993814
10.950785683324105
11.26541428036654
11.250323578503355
11.353666309524392
11.376430734771224
11.734446043887171
11.448970971229544
11.515644872756932
11.299484487053736
11.781519752853136
11.424269021126984
11.381469078101857
11.946409917075302
11.55260779313916
11.604989548287776
11.645488798852028
11.55125970196625
11.439769734390282
11.473204562526034
11.269346720815692
11.4611965452788
11.02650487256876
11.373082447935383
11.401784474276996
11.650785585797378
11.540738197168343
11.781598906781658
11.908902885107146
11.822314113370878
12.070360421523915
11.751452109335291
11.93741417798836
11.655874917033731
11.596808522006915
11.387798806717669
11.749215444617908
11.836649654512527
11.953061106715868
12.21841930428558
11.965630809482386
12.15984869609781
12.281604376169916
11.846580953643103
11.50796685517435
12.177703971819064
12.122112206560866
11.968464882705794
11.835334491877951
11.909560101403343
11.81132428468505
11.81556643797501
11.995589065753396
12.314002825769869
12.050579758105227
12.66482550145539
12.387664928324057
12.70910352307621
12.437648081249668
12.656212457381278
12.037639588744774
12.48545824195374
12.235638138361765
12.486696558823349
12.376738599363494
12.607395567582127
12.67880121684555
12.78751192119299
12.550978132908073
12.449573456986249
12.74038985972647
12.521338980602785
12.920219370750038
12.722691803925583
12.658400947941256
12.59595047921183
12.613155957465178
12.516230228841552
12.69569274536766
12.832614120700011
12.917038498950848
12.850640932328211
12.7764620006701
12.96178493611357
12.793000071387596
12.803398858521213
12.856999074629757
13.056470138967024
12.804187409071382
12.771838190732662
13.221846134388862
13.33528191571495
13.131605677684393
12.596502891540451
12.95480278701897
12.94113013317075
13.286755000735509
13.21536388336124
13.269352452303597
12.83701256151867
13.503583606551608
12.976486526060876
12.595062081763682
13.151830338461512
12.934070915905377
13.037787084098603
13.378371973394874
13.514710283819989
13.423086607767264
13.137938535687786
13.289778617451253
13.52026137713704
13.138203889792536
13.274841259040286
13.36802128186699
13.33377467759926
13.15430236507873
13.608416928954837
14.106691946843616
