-0.0026863385239711
-0.0507912458584461
-0.0733526626926103
0.0376170993403101
-0.0291241185812539
0.0453279211237668
0.0161687992915607
0.1509890167404269
-0.0900249333784893
0.1280783530760702
0.0487286977107199
0.1276879603677954
-0.0700895337797527
-0.0841565434754193
0.0499936251768547
0.1483983278810717
-0.0380307267281217
0.1798882649319197
0.1716770338628999
0.2566894886186343
0.0992956259382718
0.0219330571453714
0.1162709256701312
0.0522375538852547
0.015124159470605
0.0579447275484832
0.1149171401876713
0.14176431701874
0.1098385914513965
-0.0079405063984535
0.0912701434064316
0.0535456237793202
0.2040670299324387
0.1306366685118409
0.2436448234770316
0.1274226445024701
0.0720953890820917
0.0864316972327898
0.1199745832192569
0.1049619559629572
0.084825951968922
0.190755516986824
0.1992186914658481
0.0945289330383568
0.0003768885306046
0.0850987236969923
0.0095967110809946
0.0913619801400891
0.1539028294771681
0.1317364090887004
0.0098418693817676
0.1028031630091427
0.1583636599111113
-0.0510278826249092
0.0397752624813051
0.0104400043910933
0.079793977855937
0.0678716087898066
0.0624477512435946
0.0541098275629182
0.1679751211955687
0.0317314001619456
0.1087248134957643
0.0845577828916682
0.0896731283064529
0.1289608027158644
0.0405414497587027
0.1008768564197054
0.1076839810271078
0.0301642481018664
0.0893735070588359
0.1711950253989516
0.1535121928675386
0.1711624632231386
0.0425994067516551
0.0545142620015397
0.1654768379856383
0.0380879980922292
0.0842536679282848
0.1062751736664772
0.0706727813574099
0.1651613917437316
0.1379518935102678
0.0956039107106247
0.1949258098894844
0.1638396863731907
0.0655727180492864
0.1283110767070667
0.1547607195172918
0.1920612112186375
0.1735925108291944
0.1567826921911081
0.156125697919147
0.2255778689032664
0.1843223133096241
0.2064524122593586
0.2053531297905682
0.2464072990388008
0.2100998133310073
0.1691389226547786
0.2536697859781027
0.2226608282804634
0.2667526938491767
0.2785110933104918
0.3237147119812825
0.2924517820996407
0.2956299447610314
0.3087407234856121
0.2573536294990738
0.3714234395870743
0.2996486334565205
0.3207312526458487
0.3839191788161455
0.3460795358475914
0.3676602413788149
0.4003832545734926
0.4020782991325979
0.3503569368937444
0.3898757104949447
0.3117513720629877
0.4035548408334991
0.4414886398000167
0.3918224362152145
0.433268334965015
0.4414123889164332
0.4593602995391551
0.5268896857985944
0.5190044676770048
0.4984174310070344
0.5836009782372164
0.5258178187313532
0.5203910263164547
0.5045814242740081
0.6254510278491497
0.5898464862756926
0.6074433564006726
0.6546554802723437
0.6420265828600656
0.6287773166251915
0.6664770963049339
0.6527014123414431
0.7050109263989238
0.698031958108654
0.7117689668991471
0.7370404763121333
0.8050990241979317
0.7517036828592291
0.7270754681012171
0.840414469591887
0.8575520381268592
0.7577334830091244
0.8747534616620289
0.7867011456405494
0.8537095522306108
0.8582078483770665
0.8821044857364473
0.9125848889937778
0.9169869584765198
0.9884915176427036
0.973360053676506
0.9763440404089804
1.0418676667235376
1.0634530338835668
1.1098579120252654
1.0189980257821394
1.136354031752573
1.1464353790809194
1.0861692860443908
1.1398665843730784
1.0817948956329646
1.0644056716632802
1.0326941163387842
1.1945462134421825
1.1421204297315375
1.161795797271338
1.1012952913418952
1.3077372834991334
1.2029985877077114
1.1843771156846292
1.2565745558481034
1.44761580742501
1.3196211359461842
1.3634072544654174
1.3804547240509266
1.3335980624796155
1.4047541437395137
1.2789321726886964
1.437566468882708
1.3999248764140588
1.445698860209592
1.5139270962201217
1.6268246156933786
1.5034725323371725
1.5584979111818391
1.5813110451927426
1.7923886250187144
1.5737552725760418
1.6990301212110603
1.5649616260612922
1.804551705329516
1.7634991350744824
1.74947807960123
1.7411158588424689
1.8902627938969632
1.898516139982657
1.8220372839941692
1.6977403878142838
1.8679766537813087
1.841480471823545
1.8882956205962151
1.9880190079103093
1.9116504319884728
1.8706530508999435
2.0703766156741605
2.0778042790894404
2.054067312459829
2.1568297271955488
2.1261545836234093
2.195003537845327
2.193386585156415
2.1255652502221265
2.356194642603606
2.231412727010269
2.335015933579162
2.094968284229894
2.4069274628691413
2.4605339852845485
2.346144766174265
2.4669818111459088
2.450316201659493
2.51411228576386
2.699023108796209
2.469715738492858
2.5660513433255985
2.630199245229318
2.588261153908814
2.565813351848939
2.899201124740218
2.721602254273238
2.894383568806883
2.8372152918696285
2.924755921350946
3.0528110810768765
2.830523096940949
2.810262711333585
2.875442311983103
3.0229815150064048
2.8051821917150987
2.9824107874607564
2.959167970467463
3.0784827341701453
2.962177628750128
2.988995061699343
3.17633581978635
3.202665019249628
3.212918199344978
3.3119317979352543
3.46593352767868
3.3337667926260703
3.226113708329221
3.329175710410437
3.333934513379808
3.3491415351225893
3.36255259904786
3.45790469009437
3.544767243340656
3.5048937682550605
3.479624430220466
3.4658515395450564
3.513734413564704
3.678119521659315
3.697380403360869
3.697096182824817
3.513978935913513
3.598999485783224
3.740647541073932
3.585243484441748
3.61419097426058
3.772732632343507
3.457850835785212
3.547717352954056
3.6042319114838337
3.8118884829760726
3.818468271242594
3.708206174891095
3.871934461187344
4.116318324924333
3.874010116707904
3.853718690717384
3.896164634612258
4.184285731327297
4.1468859318344
3.9413932808913135
4.200582104803288
4.176958971683034
4.176276077712815
4.149029820303415
4.32690528186063
4.340964372704852
4.52140835943708
4.353974388680323
4.030768593939283
4.361408372618317
4.512372490512494
4.495308560046136
4.466023437012962
4.495940884564464
4.505652745650564
4.618415366691406
4.509907725037843
4.587418976266713
4.44352669487394
4.398365966483119
4.671952808877182
4.5798557757921055
4.653203886859934
4.605656380110553
4.629779226966285
4.560719582385446
4.480070680587825
4.6700638074970415
4.756803212795896
4.62699336350247
4.734455109977171
4.780285632790447
4.584111793288019
4.965264454154331
4.760796255033264
4.917190585200978
4.703083985319182
4.977528649868026
5.01793581995696
4.938176091207832
5.194451710436467
5.109094711975371
4.931988498569801
5.289707178700442
5.243520946534386
5.215651085355052
5.129104787595692
5.266195872249543
5.137755839944414
5.065452231378073
5.251696560457302
5.29242752895827
5.385032631094094
5.258939049973308
5.288981412600714
5.307491123836013
5.354558338248263
5.555517320124455
5.501691745836509
5.316516016359572
5.339386823732461
5.398335390549644
5.613767393729859
5.596972959436706
5.595680850841595
5.517761935162827
5.762808388693777
5.544976997099583
5.724009657663431
5.597262275161008
5.49535072881199
5.522367451086723
5.567642165171597
5.375449050052951
5.851014901927487
5.534430918638394
5.704033771150913
5.5918089768612615
5.722684795048736
5.521389882966056
5.567508083933495
5.657271521412747
5.758977063234109
5.738544951771193
5.767754652622069
5.776267776139214
5.756570404906033
5.919451406480544
5.812670903687857
5.961227068128964
5.877619654067332
5.984191759417517
6.078091692557463
5.970542904390629
6.039582095104301
6.135838473767035
5.930728912274945
6.095206189567543
6.105538697779919
6.223713450584958
6.285452479855235
6.150666955246404
6.298449363418115
6.143072336190959
6.419457144900904
6.2817933509722295
6.249328007730465
6.101875995992045
6.129367106261146
6.266722221772356
6.465019745742498
6.327666096589434
6.340627188331942
6.448041491938462
6.519740746455089
6.367122299098652
6.573732299071337
6.365957733198112
6.499603307440196
6.400631699924636
6.382304608315367
6.30470067798009
6.494884769041999
6.468234589445951
6.542461486728175
6.625671781619287
6.581504849462138
6.497127103497363
6.627972606698349
6.584833332541406
6.656754070619579
6.7419638359879
6.500856226298709
6.644109772589869
6.552749862412044
6.922254248219799
6.339661624391408
6.60400707132311
6.74082802197604
6.65244017617635
6.752060855270206
6.669242529418317
6.742129721543243
6.715139145778612
6.673637476777016
6.716364897203119
6.851016759251977
6.940090505558938
6.96219348907942
6.8710292153471855
6.932270358805087
7.026578566360151
6.757013917900872
6.881349583225608
6.832622735589698
6.92324066476064
7.0364173465791175
6.741672128510926
7.164918059907288
6.9542578265915616
7.031272650714859
6.8178972764948105
7.122856265611382
7.10335619981775
6.957320216285252
6.991376588753136
7.1248534066196045
7.1633473329541655
7.1704271047537
7.069135023753853
7.200531870134118
7.250907951609551
7.111874223975618
7.134795825314536
7.126284954375327
7.2417050044089395
7.2511914297672675
7.3156152785168755
7.272826596393532
7.262077641195981
7.086824272807297
7.226852285835497
7.195733331291008
7.061114386231019
7.162044704231729
7.0999764725811065
6.990853881387413
7.201969020555255
7.352239204223943
7.371724990547835
7.294549685156329
7.206406562285763
7.406419046972342
7.325266662567166
7.264050360633361
7.269091015641167
7.4328739656074845
7.335111377774408
7.384851295490294
7.513206640630696
7.734912248493056
7.660076846679468
7.661805399849632
7.605395003384553
7.734229677907194
7.667861799788752
7.734851839134303
7.795743089457427
7.759861172522734
7.7637838406794915
7.862149020498915
7.87016173278118
8.014569387971864
7.902022689757486
7.875348415382189
7.930216788694132
7.972152116709801
7.819943885904889
8.178614693570662
8.085524800433454
8.176246093067377
8.146262831400993
8.177836670266752
8.28186025973646
8.169327670749366
8.414244832955795
8.033710536320191
8.266655319175767
8.575314224034576
8.317489265763147
8.537944865461112
8.535388913509683
8.37607000290546
8.501472724125172
8.450461893514076
8.459338294267177
8.57436004016421
8.374099151580385
8.600525326667933
8.574212567824093
8.510715094536943
8.364402827292444
8.475390632366894
8.617782088965699
8.667965052961183
8.685356353019246
8.586652186431426
8.78695771002832
8.566273692654777
8.680579933113489
8.68987562936269
8.714994896003441
8.654903216594462
8.682385015605496
8.795819437438201
8.80847424911081
9.01553189704022
8.967409535166816
8.787772031352661
8.969679743155979
9.00342202168692
9.069678583654184
8.92866502703298
9.005699686730933
8.85616287422245
9.19210586932248
9.069524525218442
9.1882014625934
8.842782979767883
9.055137386759146
9.017284323910165
8.68068763789511
8.880534706097505
8.688566734196
8.735417977747232
8.789417410991161
8.793853244867082
8.989291994359341
8.966133182517067
9.04414251550786
9.1072096026415
9.0713389067089
9.074210977142904
9.006346971462223
8.942551146793576
9.195734876310595
8.97158291687961
9.001450416105339
8.88981350508807
9.072943555430472
9.180122464298805
9.29326366069211
9.073142696886617
9.178353201431424
9.25451214844352
9.33513058889801
9.237933617338712
9.245037776799816
9.30092601958252
9.331540497488383
9.339444589218632
9.393242996113008
9.171788201198927
9.371330155365536
9.176913146206264
9.099206757941516
9.288849356539847
