-0.0537477329275121
0.0606911554961835
-0.1617825139497773
0.0250964130008162
0.0751163045916668
0.072617368249792
-0.0499606718910078
0.0523062970771327
0.145055947777605
0.0231629453677022
0.035741769103544
-0.15862038106201
-0.0423770056461179
0.1440919400199675
0.1535664959102389
-0.0268525868959213
0.0934577322671881
-0.0289674734534884
0.1171165764518071
0.0795821153820431
0.1038744312463948
0.0743171807129703
-0.038065154456246
0.0024035259563433
0.0887579254633634
0.0892298771307248
0.0383983481505882
0.138188299448212
0.0521496511346852
0.2192856682956658
0.1861477972721352
0.1893733227939518
0.2288532414636176
0.157386807754693
0.0752907441479428
0.1121158334584039
0.2344072758557187
0.1834601476412656
0.2310349342664496
0.3160252785625735
0.2883125775682091
0.2464529892452683
0.2829116812676602
0.3951801979507683
0.3290885866955119
0.2189343274823441
0.3088007551792878
0.2886744593990599
0.3843929095051607
0.2526860381813674
0.3148425380223179
0.3295039007297797
0.3371485602439729
0.3311138772750145
0.3891602074679982
0.3024300118330418
0.3315336867345006
0.3673983590863587
0.3342192088729872
0.4517320556225201
0.390099227601193
0.4005959364448279
0.4539462829576194
0.371384878229988
0.3485774480869811
0.3898753187432052
0.4878663444603501
0.3378375783459442
0.4268841567528442
0.3756775724831213
0.4509430052650517
0.5640857118393301
0.4073547687889951
0.4563699351039492
0.497234714968649
0.5471147059374935
0.5251507036769811
0.4715552043724655
0.4683152799260907
0.4968378165467156
0.5413282818543809
0.5264459809798858
0.5638859875480954
0.5938332211643833
0.5026706179607553
0.5680226441241611
0.6851381720603961
0.7264687151335548
0.6029971235201758
0.7186988894697974
0.7963166985348183
0.6833014389232944
0.7033015076776706
0.7426460528854976
0.7709966349471525
0.78077121863619
0.7724678222067104
0.7652233511527221
0.8120107394411954
0.9660725903086264
0.8375295880498496
0.8789690098322542
1.0219902465582154
0.9953784962558484
0.9511321295154233
0.9274491961167002
1.0188841135244715
1.0222619823581849
1.1260145081072757
1.0872751338893851
1.1614375453573358
1.0707714862331204
1.1241100780485895
1.273402523542701
1.2041145429193796
1.2855674501197505
1.2916616309703586
1.3034221928777077
1.3389869740460805
1.3369256021455445
1.4633948271190704
1.4918567466679016
1.6804850792152566
1.6273809976867524
1.6029346349754976
1.6523264178004895
1.672171803334389
1.657506708722469
1.8456813825425469
1.854540565966457
2.019490051913378
2.185230620973913
2.031330241669876
2.062120531669222
2.20548163351628
2.273859091597092
2.355947509834708
2.544019338931863
2.381631028689269
2.645513319777624
2.6201865441984107
2.7377731751895387
2.684430072447212
2.7027160285686325
2.80006066006183
2.7637452151427766
2.988160208203527
3.1117844931931065
3.1802195814518885
3.2783888980446863
3.4441396237600803
3.58750728998646
3.526256878842756
3.635386491361632
3.7003761099464607
3.774449719943368
3.946773762601824
3.955956086736681
4.253297808887446
4.102519859235655
4.012093538431514
4.1043662057258805
4.375409542916335
4.364108899343808
4.49007161186872
4.544162100253569
4.540749189052729
4.716758870711156
4.814979214737549
4.7853162287523485
4.998532082486222
4.952957586947437
5.050794687098458
5.129209021841692
5.2450384695661
5.084469455761677
5.1847774226052925
5.235285608536657
5.40773358501825
5.519690558733218
5.461040386096399
5.588896298245567
5.687915274187875
5.840484516618943
6.0149772640716375
5.938727954542426
6.040766570441231
5.975883642349662
6.172492397621991
5.984403710568637
6.183139979461941
6.202393093658114
6.228890771812836
6.203797558468175
6.071818794078439
6.078846995220172
6.238055635363227
6.134300356597232
6.377673218093918
6.34769227732865
6.446614741465738
6.259818252858599
6.496576623114886
6.3474828641581125
6.702637372592978
6.602886874491987
6.848179673890655
6.909143105620001
6.780336455651939
6.868972857687951
6.772369918734487
6.75117228406352
6.722717526587603
6.912034357757275
6.842324009220983
6.848381926897148
6.727962155087422
6.85404620943009
6.909061371339947
6.789616760870445
6.632976716129515
6.750545314242374
6.848591212225014
6.8052820953425
6.960747680994099
6.995622842947519
7.1560272442364825
7.074026825833927
7.088236530556838
7.207987981859713
7.228811373253037
7.256943512922947
7.366390196151123
7.250759767274518
7.287397420376442
7.453387727189572
7.335737857637344
7.286550200182493
7.384438398747521
7.37904909917311
7.432789501284046
7.437682436788368
7.467388684275928
7.526727006758438
7.457707950033256
7.480086048485643
7.539108509194318
7.44382558267319
7.732447522825034
7.703488348597364
7.633410900510849
7.625586377466559
7.763291312847101
7.692113957643151
7.710419362245914
7.774905272021835
7.79771100474837
7.738089114932388
8.015603338895822
7.724655544989999
7.796946260410415
7.710689509830217
7.709463158847951
7.488723209619491
7.76828371724508
7.85441914268128
7.878728512148415
7.903971281783986
7.992843142286704
8.07002284376563
7.942197174633026
7.95349638304583
8.01569752633737
8.122338882603877
8.443833358931109
8.232889227760522
8.395633427240915
8.315401753841574
8.50083665336458
8.45125886682143
8.532707489636739
8.653503250892562
8.446797563693794
8.49705599865538
8.411241082956634
8.571099220035679
8.585273810933696
8.626633478489095
8.499541283136312
8.56230478091137
8.388132382939474
8.471297882233092
8.465406506911759
8.421432372186278
8.374075735783766
8.422376219783796
8.553531741861526
8.454186696542104
8.704073856118768
8.664393840598414
8.714195217761128
8.89528828187705
8.855277945400482
8.954234350501142
8.91268239526932
9.098209112830975
8.867625494589786
8.70850231140517
8.869676450475515
8.996354529240424
8.958651098458443
9.118114210326832
9.301842221563822
9.100380727451125
9.054145793865397
8.960062624336917
9.266189731758065
9.086610286770435
9.229122645814591
9.24235418006965
9.409356009676532
9.173909640489192
9.5275777532876
9.561016374531386
9.468575820778486
9.64957343318572
9.454755651129938
9.698540742724935
9.45470633658898
9.587324596748523
9.492040538749436
9.543772548721318
9.653787304496497
9.322305057888055
9.483462889900563
9.364779938971152
9.638930980644604
9.48610379464792
9.542548940612738
9.534015022525812
9.690440787400858
9.789307794814324
9.840627753632653
9.9708499118974
9.97946877661755
10.021535434715794
9.952186121645289
9.814060301034347
9.802114240855778
9.873905863316075
10.158290151668275
10.024587797247287
9.851424885495186
10.058124705042486
10.277587550383243
10.17344407411754
10.267937575281287
10.461295552631476
10.231545460551722
10.479022399186055
10.533276243674756
10.280412039690104
10.400464663848382
10.434559667371314
10.275824595360389
10.531440655684538
10.491630651038754
10.443353436801395
10.280710295232243
10.525926310459145
10.45251803788016
10.65997402054626
10.685674270775351
10.803301849065202
10.593749110234242
10.649920271179212
10.552838343008814
10.506032792728588
10.746517833268516
10.81642004492411
10.624775347110626
10.821371180441568
10.56740541443913
10.714869936665108
10.527846103098051
10.31815119074255
10.548793284741794
10.57336815853126
10.442450995126295
10.397361967176415
10.433743177843024
10.668112683351785
10.57383568354466
10.678406255912678
10.37161222106092
10.634511833617193
10.409353864880757
10.603910696795914
10.753433734321312
10.71961757182272
10.57037632479778
10.881188913577471
10.564782213368158
10.67112870714194
10.76845255261108
10.926127077315536
10.833581257535757
10.944547484732436
11.007262154382424
10.905444884417848
10.845434049944869
11.153264462733484
10.925271057759092
11.02840919997018
11.082464011624566
10.87891237863852
11.231402297783951
10.91666223442169
11.372477524586891
11.016456903391427
10.95736497114014
11.154352455843254
11.233961450488568
11.11696450359728
11.224092677121362
11.050144112839046
10.966103345370463
11.212114963146938
11.19300832066833
10.939882023508416
11.109819894526543
11.094345850261794
11.082583377279626
10.986006635944369
11.105336940387636
11.103905759372326
11.278606357035578
11.08252864344361
11.38723572251362
11.25762442427456
11.270275187558752
11.244385842614392
11.21220623600852
11.32072352713671
11.253405949232873
11.399075208746249
11.323250159233169
11.557292428665283
11.465938937508788
11.252161264513354
11.372640595076057
11.507472567024834
11.283692175487545
11.052688836951598
11.023038375746994
11.082111165974846
11.116973219910328
10.886908423131525
11.346304623755543
11.157386705452758
11.039707276486403
11.018363182748958
10.99953729454464
11.335826561730714
11.379402219083827
11.15674289204341
11.29825991472712
11.29785727756845
11.265027769373326
11.198776438945991
11.301094096860751
11.167643518312518
11.270365604243617
11.232954528349476
11.3869488648803
11.488558389870914
11.289620236018743
11.322408063066886
11.426205582412717
11.71810758530582
11.876244505003877
11.79179410459072
11.677871303927413
11.652163341923533
11.990072748255086
11.950556602536665
11.964558775438231
11.652592294136973
12.029814021676298
11.711127555027346
11.881294409000782
11.533678423580453
11.845592521802804
12.076162223222576
12.024157148978594
12.213351992148342
11.988161755350712
12.12172757730092
12.15557484080526
12.116775424601402
12.399768849032808
12.524707853499493
12.487600978588612
12.533852958076944
12.689870233899551
12.43011260931823
12.489242580528394
12.502712664379228
12.51591954316794
12.171217673492484
12.627568033489387
12.34029409246702
12.403929911235805
12.486933411885772
12.595794262097105
12.587187538505711
12.490790723660307
12.44375577311776
12.503909328698889
12.560456124933769
12.569098960356436
12.401036023495742
12.273262432660983
12.484160839998758
12.388904631963788
12.379918522756094
12.229493584589983
12.011771500805477
12.064336009151608
12.290053401855108
12.088700773412166
12.10858167308108
12.13988566084444
11.883165688375
11.867672474792318
11.976984739565124
11.881845260509865
12.112123252545512
11.930786494764256
12.287820518903963
12.308239063579842
11.856649106798518
12.203274158417152
12.112292573396513
12.20590303874071
11.939951876501508
12.046538179791687
11.93747423367063
11.845881133857326
11.774754343122687
12.17411150431776
11.990142069773134
11.879056027335904
11.912792624283918
11.995024089328052
12.179252620628748
12.178188128756217
12.022488647202856
11.842243457557464
11.945647380227983
11.926500247688582
11.960531229616745
11.881026282373991
12.303258718855329
12.276006388762436
12.244802908667872
12.28311963218944
12.251019141058512
12.135578958930768
12.188645539784057
12.391859426147905
12.366702736517585
12.397980669948254
12.454425482557715
12.621874439727453
12.747736885712966
12.814651237138824
12.365513679155082
12.746295715453057
13.320852695608858
13.237610294614283
12.999070484156553
12.97323285873187
13.224541396957362
13.239613326643532
13.296188505504771
13.17715395990196
13.394351366850014
13.448622616022416
13.369865398242563
13.343061948866907
13.32760582197727
13.3450701895947
13.100990765364532
13.457241195768356
13.345591226564142
13.079872227536658
13.1439336487844
13.213135063496102
13.157764936931413
