-0.620818114496062
-0.6895950625034415
-0.752251453887246
-0.6995731226130755
-0.8141857185056515
-0.7630898620817138
-0.8110513289530076
-0.6963156172561094
-0.6106162018177234
-0.7141692422913596
-0.7747019675157738
-0.7323141492773868
-0.6994578529618757
-0.6425023963113402
-0.5507909142721327
-0.6055831558817496
-0.5825699991291469
-0.5628817807322547
-0.5665822455916119
-0.62824575336831
-0.5120742341749583
-0.5039101563487248
-0.5113553282836343
-0.5213205753062702
-0.4765254028448189
-0.4052775319678256
-0.4246172400097538
-0.3995073477550673
-0.5175579890841342
-0.4363733184879965
-0.4722189995919009
-0.4217890961731763
-0.4288514484169484
-0.4834361649577981
-0.4024842906466997
-0.4233594816071061
-0.3824091976465502
-0.4090940502340199
-0.4231655568822122
-0.375642468477869
-0.2898336465735114
-0.2976091019487074
-0.3324564279310695
-0.3848354156799836
-0.244875884522279
-0.3348134070124332
-0.1946616155149852
-0.2687686932398122
-0.1918925245425366
-0.2765717058429467
-0.2546790755562844
-0.2183292649775652
-0.1699093822890433
-0.1997513353267038
-0.1804724292826521
-0.1940157900451777
-0.1409261777799759
-0.1385358399003332
-0.1040410552521097
-0.1194785027850708
-0.0917823468299568
-0.173590443521409
-0.1459534822692188
-0.0780452971741626
-0.0139112207356313
-0.1262238299665676
-0.055542005575506
-0.1031987867073681
-0.0464139475461254
-0.0336015743523537
0.0234764993621857
-0.0400749339671689
-0.036240196048114
-0.0022350084352142
-0.002357990443588
-0.0182941330391508
-0.0216535087269759
0.0171517298666362
0.0006870321377821
0.0037678781755554
-0.0012975289912282
0.0188787257634215
0.0223777287231585
0.0809554926923669
0.0958563487311497
0.0953113634990599
0.1091588890368393
0.1303922845046527
0.1418691352884633
0.0808540182828028
0.1115309088752096
0.1108973997973131
0.1426452444377412
0.1663612255894341
0.136761810395898
0.1983177124330104
0.1849360426939061
0.2031125870116627
0.1939085937603464
0.2190083537552667
0.2172498509818818
0.2425828791079146
0.2917591194537109
0.2680462718730924
0.2718280685317897
0.2870367214535639
0.3254195323333034
0.3299428001346497
0.2569350859932875
0.2696456042165508
0.3665848208428199
0.3794166654691675
0.3906544022161962
0.4060792642965605
0.4046421434471953
0.3842974306912481
0.4536140594909699
0.4538038558949154
0.4484324768003959
0.473824429242132
0.4734420530784933
0.5132503056496377
0.548917434173389
0.5602272673049249
0.5564777489877905
0.6377597103378382
0.6268285334827497
0.6486656864821876
0.6368364651733837
0.6199222037419139
0.661772356847674
0.686148681387919
0.7116267875689161
0.7113562593520553
0.7385318920002311
0.7567243537176935
0.755669541591122
0.8125948150135602
0.8550580756763025
0.8516083659286866
0.807661191919831
0.8929429132541924
0.8881252609534859
0.8781873886793697
0.9323954066035348
0.9223854190229304
0.9557680606627124
0.9428293142108092
1.0256511693419283
0.9490014669881216
0.9677236936578616
1.044513472367532
1.0527930488749364
1.1334859036943985
1.0293064630186692
1.1070611071780851
1.176632378008489
1.1851015787028651
1.2480643449605453
1.2041629469095776
1.243804694371851
1.2769333069294726
1.3275405727902532
1.2533569023297433
1.3293135462289172
1.3390572695448069
1.3693947341939436
1.4377742433783158
1.4092537383840318
1.4523057746312418
1.4293667618038777
1.4101462272477543
1.4658747923068296
1.4806418597272566
1.494076938114559
1.536897077352494
1.5219845281302684
1.5747668772669277
1.5583985305615409
1.5417812657927028
1.6239690269255576
1.5895140077507128
1.7088455987506703
1.7021481872999724
1.734131875775683
1.716927362979568
1.7555101270696285
1.7444591251829251
1.820512022239105
1.818821792736093
1.7757982948421769
1.8713744777807515
1.8748085103197212
1.902418543610631
1.9086392539965755
1.9402807818107632
1.90879261702588
1.94620135495001
1.9699313870877115
2.001233575363457
1.9969211491080483
2.0599983946331464
2.047933911741994
2.0611601961610986
2.1767275597669205
2.171941888246041
2.0750987818800053
2.162237597992591
2.166509743908976
2.1700710497018183
2.2601695093115794
2.251396032205744
2.22474339323294
2.235451632360161
2.2872612129611896
2.245812084478238
2.3842137421335194
2.3160044010981182
2.296376445922963
2.3763611381684417
2.43339410374437
2.346291094925989
2.394493287976631
2.4709757585867123
2.452738054059701
2.498198884861398
2.506927422957732
2.486285900264125
2.49606877754694
2.5732655553175454
2.6090618322082726
2.585131571409907
2.61547246928142
2.6643019462037465
2.709161620610216
2.636909350464842
2.711965402124603
2.728369671097293
2.7572557205000727
2.8067523815389723
2.763536917648708
2.7969207377577705
2.854118303738048
2.7470399744914733
2.783163833590708
2.856160105347077
2.854908455986039
2.874404406488868
2.9265269203374054
2.9212742517083377
3.025401381519396
2.969641328267209
3.061826069712459
2.970078606340268
3.0555907294167355
3.005874323085313
3.0856662172653184
3.1238692907117325
3.038851127803885
3.186147275173069
3.088469251578701
3.17571135399583
3.207607065052031
3.1990361604339084
3.225861433454684
3.3089095758585625
3.247907685265127
3.3202734596996266
3.271863466274383
3.3557608484707298
3.402495230499911
3.29989701851909
3.3638095397088086
3.5012989676149893
3.352099476691799
3.467688334970785
3.467390306504312
3.442415753392475
3.576256455544361
3.510982581196007
3.4775608207204067
3.523097214136161
3.5181978306387687
3.6077829646682456
3.6259690144190775
3.593660675902445
3.617801785235656
3.6440727895571374
3.631212875639806
3.6461574587384855
3.64758950276056
3.685245363805501
3.8274363179610775
3.696643276636258
3.81811638378033
3.7571960515939535
3.893074116790319
3.88524776819604
3.970194571366136
3.827002335631556
3.917891188349484
3.908944073343618
3.9269409247282887
4.021813387208203
3.91902482423841
4.051416805822436
4.095182235056917
4.063469816570089
4.014929957386404
4.106646139268445
4.115023697042756
4.06696616962047
4.08830032827798
4.170052191855099
4.191321217409162
4.287564184596231
4.131275423093417
4.213411340569153
4.198308475336218
4.283798969691366
4.224213707078835
4.401555119027215
4.470126070838168
4.366096634536465
4.351079950465354
4.2933249991868765
4.42604094934911
4.361186183955413
4.520808376709598
4.415428023308444
4.409746533439991
4.519845488925986
4.485730105322429
4.538215894246723
4.533840097134053
4.5639114345709055
4.582595944151623
4.505997417342473
4.5488419869119125
4.618908000621321
4.683911175867156
4.62428309398198
4.699473242407479
4.73659329191818
4.743470684876069
4.762915151139697
4.788582259058634
4.866900227876726
4.779991504256893
4.823445906289861
4.822312487402317
4.715702152278087
4.8981400404297295
4.883169048841855
4.96078700134619
5.054883349913543
4.933361296370876
5.073094914381837
5.0613077605815535
5.019495729323155
5.0704050234912605
5.124857738210351
5.125852214812498
5.062373261329583
5.309293460269575
5.140809258345404
5.226599397774814
5.315022760174095
5.213442252062882
5.244548593429617
5.347922878880999
5.187800419044816
5.308458805626794
5.4241219160257375
5.292633496142657
5.402297501854687
5.309404179666401
5.451696816834981
5.439270135704748
5.546066132857868
5.506436398877159
5.551307961604286
5.528773455797225
5.68897393867145
5.653561075359513
5.652642765720681
5.587154923896292
5.707496064131517
5.701045487031161
5.770628328483902
5.663009386366327
5.681639681540562
5.777980984576899
5.814626701981119
5.787612779146622
5.912955224597528
5.817619938732679
5.763103048941126
5.8948296124178805
5.924684400945557
6.011342375444616
5.863119358775346
5.8995762190693855
6.127319915846226
5.959451786665581
6.1222792591932045
6.125456258597117
6.022728537066152
6.0826594954463244
6.031731247425044
6.10948240662713
6.176490873187939
6.170526412770868
6.347455121913303
6.26406577839332
6.345953598644842
6.353413026232647
6.414465147833875
6.240288632568717
6.36226029802214
6.504580046034771
6.430036431487373
6.54603568501028
6.395444473206525
6.310994327925147
6.457287158657908
6.3343849305121305
6.525953859334958
6.390749066490911
6.6731686482323695
6.3478474783709
6.554672482917055
6.490070314306114
6.609221116622498
6.685057480128774
6.453841593326096
6.610357379904395
6.622790406378532
6.841343689923942
6.663703541747498
6.5558757799849
6.880900446904326
6.594986003959637
6.613982511476226
6.89553146361251
6.771312497263198
6.811846908942396
7.007793798134235
6.730779653487524
6.937818444000141
6.94356864496413
6.902599414431104
6.63314434582632
6.813736627855359
7.003495617462785
6.740905137510961
6.758650583791353
6.8755838333281325
6.766662063613295
7.0728286964124285
7.061383948725801
7.098049448892335
7.068236215210931
6.972080299791978
6.96193483623413
7.028173775401321
6.9962556905926325
6.853960411747733
7.074998836744507
7.0994803689316806
7.283617722830364
7.232340674421956
6.843569070111207
7.041741556164457
7.136632335098082
7.213545227041991
7.307412059829374
7.251551457218027
7.451528391548246
7.259008835443856
7.291922324418234
7.199171691249904
7.2844066364285505
7.353675769473411
7.42913491608198
7.138218404199015
7.143797061629149
7.298468971825604
7.152197199163422
7.273941647385243
7.25917306213096
7.1935311451094
7.536311502334886
7.519093929367852
7.382554393202887
7.3401006934109105
7.2794100159657855
7.354841971988559
7.298384919489718
7.4468013245318785
7.718397252724548
7.547888987342247
7.547126139195885
7.458111919817854
7.447916465672836
7.476092709955445
7.182843132624925
7.303905838375342
7.312654114357912
7.614338192714802
7.596634084974512
7.383138469760325
7.525398740193831
7.6220863022854894
7.608148978569955
7.429982422571175
7.329416521144197
7.400238789909546
7.646798723760078
7.503664190724464
7.567418187620432
7.309182258830325
7.435782578585128
7.483635218941576
7.69143828850848
7.354811745117791
7.317505833084222
7.698480610019016
7.551479603067748
7.45314173506661
7.651749456284426
7.717159562446315
7.759870764663178
7.800890811994236
7.678804315744466
7.649516527079685
7.630177866252943
7.495669841215032
7.632024920355573
7.584384392754831
7.654183137834622
7.550525034901272
7.863809639299575
7.606778796710143
7.8094818229710254
7.714788792245943
7.643010588144396
7.620446382964213
7.605348998665184
7.587054513621752
7.819512634521919
7.795482618272858
7.55614266434079
7.498787832140241
7.71489922447336
7.522048319433651
7.970923940132086
8.010625452623351
7.7593290511539585
7.86388796523409
7.987250545244112
7.839341144150395
7.614023368222036
7.65290227023038
7.658544483277808
7.738928807705915
7.654902693236043
7.562727065511893
7.614692252301092
7.638083304360523
7.47168864659312
7.870669236059768
7.725103699720414
7.571035794452231
7.686675550845478
7.751177179220165
7.70441280794906
7.555376581371761
7.532413393597205
7.708079292710579
7.843622740587863
7.836400141711704
7.67938073709396
7.760363778877986
7.60760271468011
7.716895756109776
7.891605099194893
7.881616743638807
7.745095822690068
7.557770575522437
7.665224422990905
7.739276599834125
7.65399680719739
7.544682698028455
7.866188732051387
7.835265187844656
7.706309273094351
7.809208713492224
7.785561768071666
7.820977080885656
