113.5
112.29
110.26
131.08
129.36
115.58
116.74
105.24
109.53
117.17
116.12
113.55
118.51
129.94
129.94
127.64
134.85
131.64
130.1
143.9
138.04
131.7
135.59
137.64
136.4
131.79
134.46
141.65
140.92
141.42
137.34
131.88
147.08
142.63
130.34
141.49
142.47
138.07
140.47
129.28
128.82
132.33
126.3
127.7
133.01
136.1
133.89
128.44
130.36
140.43
138.97
144.2
147.6
140.25
149.73
145.41
141.47
145.13
148.48
152.13
144.49
135.26
135.36
140.4
137.77
130.19
128.71
124.23
135.79
150.69
147.03
143.77
131.44
128.8
138.81
136.45
132.87
133.85
138.77
137.44
138.11
143.97
138.44
146.55
151.79
148.2
155.02
142.8
130.65
123.69
127.21
131.58
123.67
129.22
131.49
132.43
132.58
141.74
149.08
142.11
142.49
142.38
128.99
129.32
124.85
126.86
138.97
132.65
120.37
113.14
122.94
138.74
129.5
128.11
137.58
140.26
137.81
124.96
129.85
133.0
133.07
142.83
140.25
123.36
130.64
134.65
125.11
138.74
144.89
140.69
136.57
134.28
129.2
122.52
134.69
145.24
136.11
133.16
132.92
125.28
119.96
128.05
132.69
125.57
141.35
147.9
133.92
130.47
127.46
122.14
121.84
134.13
138.46
122.82
128.84
143.86
139.45
132.89
125.89
120.3
124.02
134.0
143.72
136.59
133.6
139.37
138.57
139.8
132.02
128.54
126.31
131.7
146.94
144.29
140.52
143.59
137.07
135.41
139.47
146.77
139.92
124.86
125.9
123.75
131.08
134.45
119.54
122.54
139.92
148.11
132.35
117.69
130.52
132.77
128.05
126.4
124.77
142.13
138.16
120.06
126.4
133.22
132.76
134.76
139.02
137.67
131.39
133.85
138.49
141.07
140.84
126.95
127.65
132.73
132.08
132.79
133.4
142.46
149.72
151.16
148.12
133.92
128.96
132.65
124.02
124.22
129.83
126.93
128.71
132.03
128.74
132.92
138.97
136.79
129.43
122.98
133.86
137.61
133.16
130.27
133.01
136.69
134.34
134.14
136.5
135.63
124.83
116.59
122.95
131.44
122.33
125.01
131.91
134.89
141.14
136.05
136.79
148.24
138.75
119.52
124.54
136.67
118.13
130.3
146.86
130.18
142.88
143.85
137.11
144.96
137.58
137.16
148.64
136.5
124.14
127.76
127.23
128.64
139.23
141.71
126.56
118.59
132.1
144.78
137.92
132.23
132.92
124.15
138.53
144.78
130.98
127.13
126.17
139.1
144.42
138.6
136.22
139.26
138.07
134.26
131.01
126.34
131.9
130.52
129.35
131.28
131.71
133.45
134.02
132.71
142.09
139.23
126.31
129.61
125.25
135.72
133.45
125.75
139.22
138.94
126.97
139.16
148.56
145.89
153.78
147.3
134.24
132.18
136.45
130.95
130.04
132.35
118.74
123.83
134.12
138.37
135.6
131.2
132.58
124.66
124.53
134.04
127.16
128.77
126.76
124.92
132.65
124.41
125.15
137.63
137.54
128.15
125.77
132.5
138.69
128.12
124.47
122.99
132.74
142.84
137.29
128.66
134.4
131.52
131.92
141.32
130.19
128.17
132.76
130.89
133.05
136.43
137.74
142.69
147.22
145.81
132.61
124.61
134.54
135.9
125.79
117.99
134.01
151.28
152.23
141.48
129.55
122.43
122.21
136.79
129.65
125.69
137.61
145.91
150.09
149.03
136.99
137.2
138.29
128.05
123.05
130.29
135.21
133.36
132.37
138.53
141.59
127.57
119.21
129.83
136.93
128.96
132.69
129.77
119.85
113.55
119.14
133.93
139.87
139.6
136.45
134.66
123.93
126.16
142.64
142.07
138.81
140.97
143.72
141.16
140.49
140.74
134.49
140.83
138.13
122.36
139.34
142.94
140.12
154.16
164.26
145.07
124.39
141.12
153.4
163.21
154.83
144.99
142.69
145.48
148.56
131.58
123.46
134.17
136.6
130.85
123.47
127.87
141.31
138.15
129.24
144.94
153.02
138.75
131.23
127.16
130.55
145.08
144.78
134.5
144.64
138.18
137.4
140.86
125.57
126.72
141.94
139.21
132.05
135.57
130.14
123.13
127.61
136.02
129.05
116.98
121.49
126.29
125.83
137.42
141.74
135.42
131.81
136.48
132.41
134.68
139.79
132.12
130.9
147.48
161.99
147.35
135.05
137.56
126.98
131.06
145.4
146.07
136.6
127.99
123.97
114.96
118.77
131.16
132.19
138.15
144.69
138.13
142.21
138.6
130.71
142.09
150.05
133.74
124.79
128.5
137.91
147.05
140.38
138.99
130.28
124.89
127.08
137.57
141.14
132.08
139.34
141.1
129.32
137.06
138.61
131.37
133.43
132.55
144.16
136.28
128.8
132.35
131.43
138.89
139.27
132.6
133.56
135.04
138.58
143.93
133.55
122.61
129.59
134.97
130.86
139.55
150.93
146.44
142.74
132.99
134.9
142.65
129.84
125.82
130.79
135.19
136.03
127.28
129.65
140.55
132.86
126.37
133.45
135.76
141.36
146.42
139.96
125.55
127.54
128.07
121.71
129.9
131.35
129.84
128.53
122.61
120.67
128.2
135.25
134.09
129.84
126.19
136.46
130.79
