97.24
88.94
102.8
134.33
145.3
147.49
154.61
159.02
152.24
145.34
139.65
139.38
148.64
155.62
155.89
144.55
142.9
151.44
149.41
144.42
137.74
133.09
136.97
138.12
137.09
142.65
140.27
138.2
144.08
146.05
162.13
164.59
145.89
148.93
156.82
148.15
140.78
136.18
141.62
144.55
139.34
141.83
141.95
131.71
134.35
157.37
159.99
147.2
152.83
152.26
144.48
150.15
144.01
144.85
146.95
147.15
152.09
153.7
150.91
142.81
130.91
138.37
156.0
151.44
139.31
139.62
148.71
148.83
146.65
143.6
140.67
136.82
137.39
149.32
145.53
135.22
136.51
146.56
152.5
149.74
145.04
135.01
136.03
144.55
139.63
137.17
156.05
149.64
126.2
130.22
147.32
156.05
145.39
142.55
139.42
141.04
143.81
140.49
147.6
147.32
139.07
138.13
145.3
152.98
152.27
139.14
142.74
153.9
151.1
143.32
142.94
140.96
144.55
143.26
132.43
135.22
140.84
147.44
148.08
140.71
136.25
140.2
140.31
137.8
150.1
159.77
144.24
145.86
162.92
147.56
132.29
137.4
150.68
145.12
141.62
146.76
138.2
133.59
128.33
129.65
126.3
129.61
133.02
140.17
144.57
146.93
152.69
134.0
137.57
149.47
148.57
139.78
131.94
128.21
130.24
142.59
144.57
143.44
144.17
140.97
137.14
131.26
134.94
138.73
133.21
135.68
133.88
132.67
140.89
144.44
143.43
148.52
149.91
136.49
136.78
138.06
137.34
147.4
148.57
145.56
138.07
128.78
135.84
145.93
143.39
135.36
135.08
130.99
125.0
129.45
132.39
126.15
126.9
127.57
131.26
135.78
130.79
134.32
133.19
139.0
141.7
145.96
144.35
144.14
148.56
140.61
138.45
136.58
125.81
123.61
140.21
148.2
136.35
142.87
145.02
129.88
136.78
146.1
152.67
143.75
128.57
135.18
143.6
143.02
143.54
138.44
141.73
139.52
137.64
137.67
136.98
151.77
153.26
144.49
134.24
140.96
133.0
133.24
146.6
145.23
138.09
135.03
146.47
136.12
135.38
142.3
126.29
126.33
146.16
146.3
134.13
130.7
142.9
145.74
133.86
137.97
147.23
141.17
132.83
132.55
128.07
127.01
130.33
146.01
147.75
131.32
130.68
137.22
143.76
145.08
148.47
146.15
130.19
122.19
131.78
130.71
123.74
130.69
138.39
133.58
124.49
123.03
130.73
139.33
140.28
142.03
126.83
123.46
126.65
124.26
129.02
139.73
146.75
134.4
127.72
132.56
141.07
139.2
128.44
136.0
157.98
156.18
131.56
131.7
142.79
137.29
136.38
143.63
135.8
132.43
140.78
131.78
124.19
128.31
132.59
130.57
131.23
134.43
153.43
161.37
144.28
139.49
135.88
125.97
134.81
146.96
140.74
137.26
139.27
134.06
129.13
131.62
145.62
156.01
145.15
135.08
132.39
131.88
140.29
151.02
158.78
143.43
136.23
154.78
154.83
142.18
134.85
135.57
144.68
143.88
136.91
142.31
140.41
129.83
129.55
139.46
135.57
130.33
133.72
139.06
135.9
132.15
137.86
139.17
147.39
155.57
144.92
128.55
134.81
139.97
130.13
136.36
142.5
129.13
128.95
132.13
129.23
127.73
127.33
126.21
137.63
146.79
136.21
138.27
137.18
127.87
141.34
145.11
127.83
134.72
136.18
132.5
146.54
152.07
136.98
138.57
148.9
134.5
131.36
143.72
141.53
131.62
137.9
143.4
139.8
139.99
142.46
132.69
125.21
127.29
125.08
137.18
136.15
129.54
131.15
141.01
138.81
118.29
126.16
144.83
132.14
128.25
153.89
151.05
129.29
128.25
136.49
153.84
150.82
137.0
141.61
138.97
146.1
136.38
124.02
129.59
123.72
121.77
135.06
132.35
125.43
132.91
130.93
128.97
137.26
126.64
120.17
137.13
136.17
135.1
138.41
131.98
144.8
140.61
140.55
142.18
138.7
146.84
137.41
145.43
145.08
138.09
132.11
123.52
136.93
141.26
141.39
146.07
141.74
134.52
143.15
142.52
128.07
135.26
133.78
129.6
147.68
156.77
144.05
130.75
142.48
157.67
149.36
129.92
145.84
159.75
135.68
130.46
135.35
147.69
146.65
137.24
142.99
143.26
137.23
136.0
141.48
135.16
136.78
140.59
134.81
136.0
142.86
131.01
117.84
133.49
142.85
145.49
138.7
145.59
155.5
144.96
134.02
132.67
142.79
139.15
130.54
129.62
141.77
135.52
121.34
127.74
132.98
127.25
131.14
152.21
145.9
134.08
134.62
127.51
126.38
137.96
142.58
136.48
136.9
145.39
148.09
136.47
125.31
115.49
125.62
144.17
152.72
141.96
128.31
138.19
150.17
154.08
150.45
132.42
124.89
129.95
135.65
134.44
136.56
148.38
142.31
136.95
137.51
142.3
146.43
133.84
124.42
127.17
137.88
136.59
127.78
132.95
134.85
143.1
147.96
131.11
131.1
137.46
134.28
132.62
129.05
137.96
145.34
145.74
150.45
146.16
128.63
129.6
135.39
135.59
137.86
130.72
131.28
143.86
140.27
128.48
133.56
139.16
134.12
143.8
159.89
149.14
134.42
137.69
