41.96
56.24
86.98
97.82
99.18
105.98
98.46
106.17
124.9
130.11
126.24
128.03
135.95
135.65
123.88
118.83
144.06
151.94
146.89
138.72
124.86
132.04
136.67
136.85
146.87
146.11
134.66
133.38
132.26
135.33
138.89
139.43
140.34
135.07
129.96
128.95
137.18
143.51
142.48
137.44
132.39
139.37
150.32
142.92
134.69
133.83
126.27
126.46
139.73
148.53
135.56
134.69
145.14
136.24
132.34
137.55
143.45
145.71
137.35
134.54
138.99
135.0
139.44
143.38
148.59
144.94
128.95
140.81
143.74
133.41
132.66
137.0
143.78
135.99
118.86
113.53
118.6
136.95
147.12
138.06
134.08
133.73
129.5
135.89
135.81
137.34
134.5
114.71
117.23
138.55
153.05
145.58
130.88
132.15
128.19
120.67
126.65
137.0
142.87
140.02
132.5
136.25
146.89
143.47
141.5
135.23
130.94
136.19
132.8
132.62
134.59
131.69
132.94
125.93
136.3
147.89
135.69
125.13
121.34
131.55
134.68
118.51
121.82
141.82
138.23
135.72
138.38
136.31
131.91
131.87
143.9
140.24
134.22
138.06
139.41
130.41
129.7
136.81
131.38
131.08
132.25
134.17
137.24
135.59
127.5
124.93
128.5
135.74
141.48
142.4
139.13
135.13
125.63
120.86
134.41
141.8
142.28
130.82
122.65
133.81
128.43
122.1
137.23
128.25
116.91
124.61
138.85
142.22
140.7
154.15
152.9
136.6
120.75
127.45
134.76
127.5
131.24
133.29
128.16
126.78
127.56
134.05
144.46
136.96
127.95
136.81
141.08
131.97
134.51
140.49
127.02
130.38
141.84
125.08
123.17
137.57
141.26
142.2
135.42
128.32
132.01
131.05
138.39
151.18
141.85
143.79
139.71
143.49
143.85
124.01
134.05
142.86
133.93
117.66
132.2
154.16
142.91
128.65
125.51
135.15
140.88
141.53
133.45
134.3
141.22
133.32
119.98
122.32
140.0
144.66
131.98
128.43
138.35
134.75
135.88
137.95
129.2
133.32
139.98
136.9
136.12
126.31
119.91
126.83
134.7
151.62
156.91
146.57
136.11
135.25
141.72
136.87
125.1
121.23
133.26
137.36
135.48
136.28
136.01
136.17
140.09
144.69
142.08
137.11
136.53
141.05
139.47
125.05
122.03
135.9
142.06
136.5
130.07
145.36
150.59
136.14
143.51
144.18
139.45
139.88
136.35
129.17
131.58
128.78
129.41
139.47
129.17
126.26
146.24
146.34
132.12
144.0
147.82
144.88
140.98
135.46
149.36
149.94
126.9
120.45
129.53
137.41
139.27
134.66
135.91
135.77
130.84
131.84
132.86
131.07
136.53
133.44
126.62
134.17
143.41
147.77
145.4
142.27
132.99
125.71
128.39
135.42
133.34
125.65
135.08
141.94
133.9
118.13
125.27
144.58
147.13
141.16
129.29
133.93
136.61
127.36
124.12
123.51
125.33
135.31
137.7
133.34
138.94
128.74
109.44
123.36
129.77
133.54
141.61
125.58
121.87
123.18
124.77
126.91
131.89
137.27
130.17
132.37
134.0
127.65
125.56
131.06
143.0
148.64
146.32
135.13
129.59
134.25
128.95
130.68
149.7
148.06
137.37
137.61
129.68
118.7
132.28
140.23
127.12
133.43
142.2
129.8
132.37
147.13
147.68
147.3
143.12
137.84
139.58
142.02
132.46
128.81
133.38
136.4
135.89
126.87
117.7
134.07
147.53
139.79
132.16
139.61
154.29
149.78
145.01
138.72
134.78
135.55
142.72
140.11
131.94
135.89
138.93
134.7
130.53
139.08
135.84
129.8
138.32
134.72
123.23
135.44
148.46
140.74
127.19
134.82
149.94
140.45
150.98
136.61
116.99
145.49
148.66
139.9
138.24
130.73
127.61
139.29
146.95
144.03
127.37
124.09
138.13
133.11
129.81
137.44
145.2
145.82
135.48
129.07
135.62
140.09
144.19
140.72
143.73
141.35
130.91
139.49
133.34
132.66
133.52
127.4
127.2
128.89
130.28
123.52
120.1
126.78
145.28
147.3
131.23
127.33
131.38
142.43
151.51
146.09
132.67
125.4
126.27
126.78
132.44
145.97
140.12
128.89
141.18
140.52
142.25
145.08
136.31
130.62
119.03
121.31
131.8
135.32
134.84
131.97
124.54
126.47
126.69
120.09
123.51
133.29
134.31
131.7
132.65
130.8
129.47
138.04
141.14
133.17
129.89
136.67
149.43
143.98
136.49
135.78
136.13
138.02
144.98
144.64
136.02
124.37
115.86
124.58
129.7
127.6
131.68
129.53
128.17
138.01
140.84
139.58
133.32
126.67
127.11
120.21
125.65
139.65
126.62
129.07
133.23
126.77
132.21
129.51
124.25
120.93
131.85
142.99
136.94
132.22
144.09
137.79
129.29
139.45
148.48
148.52
139.05
129.51
132.23
140.98
136.61
137.19
134.9
124.69
127.48
133.6
141.08
139.46
132.51
140.56
139.57
134.03
133.75
131.32
129.79
130.77
141.47
143.11
146.48
144.2
139.2
143.69
135.15
124.08
120.82
123.07
122.91
118.43
124.67
142.19
148.74
145.93
143.0
126.0
126.37
147.17
142.49
135.15
160.01
146.47
