70.99
70.93
89.52
109.55
122.27
116.05
120.23
123.75
128.8
125.28
124.48
125.06
127.41
141.18
135.46
131.43
136.89
142.44
137.4
141.52
137.56
134.64
136.83
141.22
141.34
134.67
136.78
138.82
137.44
137.17
135.25
138.84
136.76
136.07
136.76
135.35
142.43
137.07
139.02
137.5
131.25
136.84
133.12
132.79
135.77
148.53
140.94
129.07
136.55
142.32
139.05
135.6
142.03
139.7
137.71
135.03
141.92
138.56
139.0
140.04
141.22
134.08
137.59
146.23
140.89
136.34
134.4
134.9
141.41
139.94
141.62
141.25
142.23
130.07
134.89
133.77
130.98
138.24
142.41
140.61
143.08
132.37
135.03
147.1
139.95
146.07
141.9
125.16
123.85
132.13
140.04
139.5
135.4
137.91
131.81
131.62
133.27
140.96
142.82
141.68
142.02
141.98
137.83
138.14
137.67
133.03
132.94
142.46
137.54
129.74
130.33
134.99
136.85
129.7
133.58
142.48
140.22
130.88
129.99
138.58
137.74
139.17
137.23
136.45
142.54
142.92
133.12
135.47
138.86
139.36
137.56
143.3
137.63
137.55
140.37
138.49
140.94
137.72
135.37
131.84
131.79
135.21
137.08
134.07
133.74
138.47
140.92
134.6
134.23
137.15
138.58
138.25
131.65
125.79
129.52
141.43
139.75
136.3
133.28
134.05
137.46
135.54
138.67
138.59
128.92
133.1
142.11
138.69
140.93
145.43
142.92
132.81
137.16
140.93
134.64
134.13
134.6
136.91
138.4
138.79
138.43
132.32
131.37
138.12
139.97
141.28
132.3
130.83
135.24
137.49
130.75
133.12
140.36
135.54
129.21
137.37
137.73
137.99
140.17
127.97
132.87
133.64
139.86
149.01
142.64
137.69
133.53
139.47
140.13
132.83
136.88
135.4
133.25
134.84
134.75
133.54
136.74
139.06
141.33
138.2
138.6
140.18
134.21
142.89
133.42
135.13
134.18
132.23
140.09
144.82
134.37
134.19
148.98
142.32
132.06
130.68
130.5
137.89
141.25
141.6
137.26
133.33
128.57
124.63
134.28
143.07
136.45
129.13
137.43
137.73
125.51
129.22
128.99
138.44
136.13
131.93
136.01
140.03
138.9
133.1
130.55
134.18
126.97
138.73
140.21
133.73
135.66
134.86
133.33
139.8
139.7
143.9
138.73
128.8
140.27
136.43
131.46
133.38
137.06
138.9
131.44
123.03
131.39
141.03
139.81
138.19
133.42
127.76
128.39
135.3
134.95
136.78
137.81
138.82
140.18
133.51
134.49
136.84
135.59
133.01
142.38
144.03
136.41
135.6
137.14
130.45
129.7
133.09
132.91
130.28
138.75
135.28
129.4
137.47
137.86
139.58
137.65
135.67
142.29
140.36
132.23
136.04
136.51
137.7
144.58
141.07
140.61
131.64
137.52
142.02
141.62
136.1
137.64
139.58
140.17
136.7
130.13
126.62
125.9
136.89
137.3
136.48
134.87
138.85
132.97
128.79
134.15
131.58
133.28
134.17
132.81
135.6
134.07
131.57
136.7
134.4
131.12
130.78
136.73
142.14
130.46
129.36
137.44
141.47
141.96
145.15
136.73
131.59
130.71
138.85
136.47
145.85
140.9
132.3
134.65
135.91
130.6
133.79
123.65
127.87
136.77
135.77
128.81
145.06
143.25
138.98
137.4
135.85
132.02
134.07
137.26
127.31
134.94
142.18
140.97
140.93
139.43
132.82
138.81
143.52
135.93
131.69
143.56
142.1
138.45
139.39
136.23
131.99
127.88
128.07
132.38
135.65
130.51
129.26
129.74
130.35
125.86
130.13
132.07
132.88
131.45
126.22
141.14
135.22
134.18
138.13
138.55
144.08
143.34
137.47
133.26
142.95
139.27
142.7
137.47
124.54
126.74
134.25
136.14
144.73
132.64
136.32
133.23
138.82
138.67
142.82
135.35
137.88
135.77
133.32
137.93
135.92
138.75
131.87
138.74
130.13
131.58
136.28
138.37
144.19
134.89
135.97
127.94
130.76
138.1
129.7
130.2
138.05
144.67
139.66
138.52
135.03
131.8
143.55
138.93
132.22
137.65
137.89
132.86
137.13
139.9
140.86
141.31
125.77
135.85
140.93
135.46
133.06
130.56
133.51
130.78
126.53
128.58
143.8
144.6
140.16
136.38
129.57
132.24
135.02
140.38
135.36
127.99
132.57
125.7
129.34
139.63
139.94
138.26
135.62
132.36
132.53
139.13
143.66
142.54
138.63
133.58
131.88
136.17
137.36
130.37
127.93
132.82
128.09
128.57
132.92
130.2
133.56
137.28
132.01
136.64
132.18
138.18
138.0
132.32
130.92
140.59
138.21
129.5
122.69
134.69
137.03
139.34
134.9
129.83
137.48
136.41
139.79
135.32
134.83
132.79
132.15
132.8
134.11
135.95
140.69
138.25
132.45
133.2
137.47
135.87
133.26
137.25
134.19
140.61
141.84
132.37
129.9
132.68
133.46
139.27
135.71
135.53
135.74
130.61
134.82
130.83
133.14
140.27
137.05
137.8
139.18
134.57
125.95
128.84
131.31
135.14
129.59
131.55
136.07
136.57
133.33
130.31
131.13
137.41
144.46
144.45
138.08
140.71
135.45
