0.1639999999999999
0.4789999999999999
0.8398
1.445
2.3753
2.9304
4.0609
4.8277
5.7273000000000005
7.522900000000001
8.8215
9.7238
10.527899999999995
11.3927
12.3849
13.1196
13.463999999999997
14.6327
15.3114
15.7144
16.521899999999995
16.8955
17.178800000000003
17.1699
17.1455
17.8909
18.8829
19.3193
19.6034
20.0481
19.8808
20.445
21.6311
21.5879
21.9287
22.6122
22.519500000000004
22.675400000000003
22.975400000000004
23.211600000000004
23.2223
23.777600000000003
24.08600000000001
24.039900000000003
24.281999999999996
23.8866
23.6901
24.334499999999995
24.8224
24.7098
25.1613
25.2645
25.039100000000005
25.4892
25.970199999999995
25.75159999999999
25.713
26.077100000000005
26.4027
26.5256
26.619499999999995
26.342700000000004
25.423099999999994
25.2575
26.8223
27.93960000000001
27.297200000000004
26.3478
26.3851
26.6439
26.495200000000004
27.2614
27.524600000000007
27.2186
27.0586
27.2992
27.0264
26.74900000000001
27.369800000000005
26.9886
26.7569
27.997400000000003
28.7978
28.3245
28.0112
28.357000000000003
28.147
27.866
28.4796
28.3163
27.9504
28.0994
27.8204
27.3619
27.4558
28.5393
29.266800000000003
28.5543
29.1571
29.6499
28.696200000000005
28.5932
28.7939
28.7307
28.733799999999995
28.7084
28.3323
28.3167
28.1312
28.1443
28.976800000000004
29.683
29.9588
29.6836
28.9782
28.9936
29.6404
29.2404
29.348
29.9342
29.7275
29.206199999999995
29.456
29.6665
29.6089
29.661899999999992
30.4622
29.9501
28.6945
29.561899999999994
30.235800000000005
29.962
29.4311
29.745200000000004
30.3498
30.663400000000003
30.8738
31.06969999999999
30.8087
29.9476
29.4492
29.0933
29.8736
30.725900000000003
30.3691
30.688600000000005
30.195599999999995
30.3219
30.611399999999996
29.71550000000001
30.3499
31.39
31.4955
31.5286
31.4985
31.0432
31.172000000000008
31.1382
30.4188
30.6031
30.8213
30.7347
31.4701
31.3505
31.4846
31.444800000000004
31.206
31.3277
30.7887
30.184300000000004
29.990799999999997
30.1271
30.218400000000003
30.48249999999999
30.428799999999995
31.1591
30.840399999999995
30.416400000000007
30.6595
29.6557
29.6762
30.862299999999998
30.8284
30.463700000000003
30.5345
30.387200000000004
30.9731
30.9769
31.1377
31.3506
30.9592
31.586
31.2656
30.49759999999999
30.7316
30.8133
30.847900000000003
31.2097
31.5926
31.719999999999995
30.9173
30.2742
30.7935
30.30860000000001
30.3765
30.8319
30.867600000000003
31.63530000000001
32.168800000000005
32.1838
31.9354
31.7828
32.2031
31.73220000000001
31.5129
32.05499999999999
31.6261
31.0926
31.2084
31.792800000000003
31.640999999999995
31.212000000000003
30.930600000000005
31.0486
31.859900000000003
32.7054
32.1049
32.0949
32.163
32.175000000000004
32.2101
31.6601
31.8693
31.680200000000003
31.7486
31.886800000000004
31.875400000000003
31.4293
31.1175
31.3256
31.8175
32.2825
31.878400000000006
31.6005
31.324200000000005
31.4661
31.9443
32.0992
31.3893
31.8708
32.2472
31.4071
31.3011
31.7988
32.555899999999994
32.263200000000005
31.671299999999995
31.2818
31.364099999999997
32.174600000000005
32.8903
32.4077
32.13729999999999
32.1211
31.9859
32.810900000000004
33.5344
33.529999999999994
32.8546
32.0812
32.277
32.6239
32.7283
33.24250000000001
32.6052
31.2205
31.6615
32.6433
32.465700000000005
32.524300000000004
33.0896
32.6812
31.849800000000005
31.699500000000004
32.1561
31.7847
32.1505
32.610299999999995
31.987800000000004
32.1641
32.2607
31.9042
31.932500000000005
32.7248
32.5515
31.9612
31.7111
31.6162
32.0376
31.757600000000004
30.7173
31.066500000000005
32.782000000000004
32.6442
32.183
32.698800000000006
32.8525
32.755300000000005
32.560100000000006
31.9405
32.08239999999999
32.5302
32.926700000000004
33.017399999999995
32.06879999999999
31.929700000000004
32.1339
32.213
31.2799
31.614
32.2987
31.4745
32.17060000000001
32.83579999999999
31.863
31.64120000000001
31.955800000000004
31.557900000000004
32.5593
33.31530000000001
32.3297
31.4382
31.6777
31.632
31.5744
32.523300000000006
32.167500000000004
31.9749
32.4463
32.0566
31.710799999999995
31.766
31.4472
31.216800000000003
31.494
32.2779
32.456500000000005
31.65770000000001
31.86379999999999
32.460300000000004
32.1113
30.9185
30.979
32.2182
32.1337
31.6452
31.5149
31.9872
31.734600000000004
31.7541
32.57490000000001
32.0525
32.0682
31.9926
31.3625
30.9477
31.1699
31.8492
31.4568
31.3168
31.9199
32.197799999999994
32.07000000000001
31.907
31.2815
31.4142
31.6616
31.089099999999995
30.6013
30.8103
31.1364
31.538
32.1515
31.727200000000003
31.504900000000003
31.867400000000004
31.074
31.3606
32.2241
31.405700000000003
31.4365
31.58319999999999
30.8295
30.6537
32.17509999999999
33.1743
32.5427
32.4691
32.4739
31.612
31.3133
32.0087
32.366
32.5338
32.287
32.048500000000004
31.252699999999997
30.7903
31.6305
32.1415
31.8918
31.768799999999995
30.9524
30.4721
31.9312
32.2099
32.274100000000004
32.2618
31.5801
31.6214
32.4701
32.3049
32.1649
32.516400000000004
32.3102
32.5052
32.2746
31.833600000000004
31.832000000000004
32.1548
31.7221
31.565700000000007
31.6246
32.544799999999995
32.829699999999995
31.895
32.2069
32.999399999999994
32.5521
31.88170000000001
31.690499999999997
31.4795
32.4137
32.5982
32.107200000000006
32.393
31.8129
31.7782
32.935
32.3563
31.9443
32.1732
31.548699999999997
31.907100000000003
31.5687
31.3718
32.0696
32.389
32.7318
31.5063
32.0902
32.680200000000006
31.8374
32.4712
32.722
32.2331
31.714699999999997
31.5145
32.0696
32.9603
32.8969
32.6042
32.6649
32.2223
32.1437
32.02709999999999
31.5251
31.230500000000003
31.6322
32.248400000000004
31.529699999999995
31.5432
32.522400000000005
32.514700000000005
31.941800000000008
31.9435
33.1825
33.1596
32.26669999999999
32.2909
32.6265
33.0123
32.932900000000004
32.1944
32.4676
32.977000000000004
32.217099999999995
32.470299999999995
32.7372
32.616499999999995
32.6286
32.4
32.15439999999999
33.157
33.4575
32.099999999999994
31.878400000000006
32.4109
32.3314
31.6208
31.700100000000003
31.4412
31.7013
32.3758
31.3457
31.4046
32.938500000000005
32.588100000000004
31.9078
32.52
32.2549
31.787900000000004
31.962800000000005
32.568000000000005
32.616800000000005
32.2031
31.9102
31.810200000000005
32.198100000000004
33.038799999999995
33.217200000000005
32.5703
32.0461
31.616300000000003
31.7806
31.356800000000003
30.9329
31.74539999999999
32.72839999999999
33.0295
32.2065
31.6758
31.8226
32.21079999999999
32.3344
31.7622
32.1295
31.735
31.3883
32.8448
33.4024
32.964
32.736799999999995
32.496900000000004
31.2484
31.1787
31.804900000000004
31.65
31.8509
31.500800000000005
31.3574
31.6789
32.5355
32.13
31.618900000000004
31.7362
31.3646
31.6165
32.0142
31.8808
32.3398
33.2994
32.55420000000001
32.1933
33.134100000000004
33.6403
33.1032
32.2546
31.811
31.5907
31.553600000000003
31.7225
32.26370000000001
31.9066
31.9969
32.698100000000004
32.0933
31.4925
30.7878
30.4245
30.856700000000004
31.686000000000003
31.802699999999994
32.0271
31.741100000000003
31.2037
31.3155
31.143600000000003
31.7015
32.5617
