-0.1322
0.1147999999999999
0.7910999999999998
1.8082
3.0114999999999994
4.0911
5.0516000000000005
6.194300000000001
7.6204
8.5396
9.6864
10.9192
11.356699999999998
12.419399999999998
13.7059
14.546
14.750499999999995
16.4293
18.4861
19.3737
20.4129
20.490800000000004
20.9415
21.393500000000003
21.5765
22.4472
22.0411
22.3688
23.636900000000004
23.6982
23.6058
24.202500000000004
25.2332
25.7545
26.326299999999996
26.803600000000003
26.1715
25.705800000000004
25.5396
26.254999999999995
27.337100000000007
26.711600000000004
26.809800000000006
27.5214
27.7589
28.3679
28.9652
28.559900000000003
28.4487
28.1912
28.1923
29.0636
27.9806
28.8992
30.10459999999999
29.4153
29.287
29.2562
29.4619
29.071300000000004
29.607899999999997
29.726399999999995
29.1594
29.398100000000003
29.651900000000005
30.132900000000003
29.925
29.9163
30.250300000000003
30.907400000000003
31.085
30.12250000000001
29.614
30.4542
31.639
31.44730000000001
31.8603
31.5573
30.1676
29.8192
30.6258
31.133900000000004
31.0611
31.0283
31.2256
30.6344
30.6736
31.566000000000003
31.3337
31.0748
30.7634
31.373999999999995
32.03130000000001
31.456
31.4679
32.2116
32.7329
32.1477
31.526699999999995
31.62710000000001
31.367400000000004
31.13920000000001
30.730100000000004
31.273699999999995
32.2117
32.3583
32.5446
32.197
30.912500000000005
30.7029
31.859500000000004
31.97470000000001
31.2172
31.177199999999992
32.0173
32.552
32.348600000000005
32.6109
32.278
31.2352
31.7284
32.454100000000004
32.13120000000001
32.076
33.0889
32.976699999999994
32.1846
32.6581
33.2539
32.5318
32.412400000000005
32.6563
31.2038
31.5658
32.530100000000004
32.1211
32.2612
32.3303
31.4473
31.465
32.6957
32.678900000000006
32.3228
32.069799999999994
32.0221
32.39770000000001
32.23149999999999
30.8149
30.069900000000004
31.5557
31.936300000000006
31.849999999999994
32.897800000000004
32.497800000000005
31.359699999999997
31.5707
31.875100000000007
32.027899999999995
32.377199999999995
32.07919999999999
32.282000000000004
32.5559
32.4699
33.06079999999999
33.6229
33.9657
33.325700000000005
32.4761
32.32059999999999
31.7088
32.249900000000004
32.6933
32.4039
32.6795
32.982800000000005
32.7836
33.078
34.0818
33.7135
33.0998
33.0173
32.9238
32.6347
32.45739999999999
32.1073
32.7593
33.803
32.85339999999999
32.5519
32.351499999999994
32.5261
32.781200000000005
32.469300000000004
33.5487
33.3076
32.8406
33.716
33.586600000000004
33.4332
33.749700000000004
33.5334
33.6464
33.000499999999995
32.5514
33.0167
33.1781
32.784
32.097
32.3854
33.45879999999999
32.842200000000005
32.3802
33.3703
33.9849
33.5418
32.8096
33.0368
33.461400000000005
33.388200000000005
33.19259999999999
32.9477
32.320899999999995
32.6174
32.4181
32.2381
33.3606
33.7944
33.9137
33.435100000000006
32.2442
32.4264
32.4555
31.8283
32.9589
33.066
32.495400000000004
32.9013
32.3459
32.5723
33.110600000000005
33.2344
33.6883
33.5569
33.433
33.414100000000005
32.98349999999999
32.7882
33.576
32.9158
31.9496
32.4787
32.7679
33.550799999999995
34.0114
33.115700000000004
32.246
32.72970000000001
33.4702
33.32860000000001
32.496100000000006
32.040699999999994
32.733200000000004
32.67949999999999
32.7861
32.809000000000005
31.8333
32.185500000000005
33.4424
33.2723
32.027300000000004
32.3693
32.84779999999999
32.8242
32.1833
31.8622
33.2078
33.3619
33.0582
33.132600000000004
33.58
33.2703
32.889399999999995
33.08519999999999
32.8949
33.2534
33.6329
33.94070000000001
33.2624
32.3331
32.903099999999995
33.531499999999994
32.7375
32.7384
32.9654
33.206900000000005
33.0275
32.345
33.2611
34.060500000000005
33.657599999999995
32.988
33.340599999999995
33.321000000000005
32.28980000000001
32.3788
32.65
33.0117
33.560900000000004
33.1278
32.8696
33.2751
33.89019999999999
34.0259
33.739000000000004
33.334399999999995
32.439499999999995
32.1057
32.391600000000004
33.4003
33.4009
32.958000000000006
33.328599999999994
33.3086
33.78830000000001
33.1618
33.0701
33.663700000000006
33.695100000000004
33.2525
33.021
32.9857
32.7841
33.5073
33.9204
33.25469999999999
33.081300000000006
34.2671
33.8412
33.59209999999999
33.118
32.56219999999999
33.3459
32.8184
32.631
33.0548
32.9698
33.3244
33.04859999999999
32.5287
33.56250000000001
33.54030000000001
33.419000000000004
33.87259999999999
34.0001
32.8509
31.871
33.28130000000001
33.495999999999995
32.9032
33.3812
33.9513
33.1421
32.0658
32.278499999999994
31.908200000000008
32.5628
33.4258
32.4009
32.4877
32.8644
31.6742
31.208
31.984500000000004
31.932700000000004
32.0135
32.9475
32.0532
31.8444
33.1832
32.3119
31.043299999999995
31.6395
32.3479
32.4847
31.5663
31.431499999999996
31.768700000000003
31.5891
31.7909
31.7977
32.0994
32.30219999999999
32.391000000000005
31.9709
31.5629
31.334999999999997
31.5258
31.2534
30.9406
31.368500000000004
31.9626
31.9548
31.5082
31.6099
31.4091
31.4388
31.8305
32.255700000000004
31.7291
31.28169999999999
31.297500000000003
31.0529
32.1121
32.0623
31.745600000000003
32.569100000000006
32.2994
32.3931
32.611
31.7647
31.6363
32.443200000000004
32.631699999999995
32.46789999999999
33.42249999999999
33.4733
32.2275
31.925500000000003
31.96
32.579800000000006
32.8613
31.8932
32.3811
32.524
32.9123
33.6242
32.4416
31.900300000000005
32.1082
32.3856
32.8878
32.369699999999995
32.1092
33.0623
33.1618
32.9835
32.4629
32.3579
33.122
33.483000000000004
33.2438
33.219
32.789100000000005
32.8488
33.1028
32.8316
33.7415
33.6363
32.80459999999999
32.9808
33.054300000000005
32.7768
32.7404
32.8792
32.6728
32.9055
33.7539
33.7156
32.14200000000001
32.2552
33.6582
33.31129999999999
33.051100000000005
33.1019
32.8133
32.5327
32.5247
32.5554
32.203599999999994
32.5432
32.694399999999995
31.6664
31.5167
32.2718
32.0441
32.6622
32.7283
31.7388
32.345600000000005
32.961299999999994
33.0588
33.4228
32.7839
31.345399999999994
31.3181
31.869100000000003
31.799199999999995
31.469300000000004
32.08760000000001
32.5408
31.815899999999992
31.414
32.288500000000006
32.139500000000005
31.6261
33.0602
32.6536
31.4383
31.6245
31.273200000000003
30.146
30.7076
32.1994
32.2996
32.155300000000004
32.143899999999995
31.096899999999994
30.347700000000003
30.80540000000001
30.5926
31.134500000000003
32.4119
32.453399999999995
31.9566
32.0001
32.3616
32.7158
33.1982
32.7971
32.1228
32.5188
31.975200000000005
31.6723
31.633000000000003
31.217299999999994
32.2232
31.804999999999996
31.1327
32.3973
32.4458
31.792600000000004
31.907900000000005
32.4856
32.0659
32.012699999999995
32.3956
32.5202
32.50659999999999
32.44499999999999
32.896
31.873399999999997
31.6505
32.525400000000005
32.321000000000005
31.7692
31.7299
31.7914
32.575
32.724500000000006
32.0527
32.4843
32.17080000000001
31.192199999999996
31.4625
32.3228
32.061899999999994
31.1611
31.603200000000005
31.9216
30.963800000000003
31.896600000000007
32.926
32.6132
32.232299999999995
32.229899999999994
31.802499999999995
30.5647
31.4005
32.071099999999994
31.5758
31.2991
31.5375
32.1704
32.0676
32.5557
32.222
31.818600000000007
32.3837
31.655800000000003
31.5902
32.3389
32.0309
31.8667
31.7481
31.505600000000005
31.164599999999997
31.2364
31.9894
30.9086
31.0282
