-0.35203632824260767
-1.770547316266318
0.6781690343332001
1.0365522290696596
2.7677843641289805
4.782978198093369
4.310804403565965
4.997855070219763
6.611214619855676
9.144537769927439
8.158752476043713
9.711976864773348
11.833673461944846
11.597979534829957
12.5131994390457
14.855363462159826
16.120763724706315
14.590664962921608
16.92078174767591
17.60881204218643
18.39924391937317
18.357093532286658
20.098394320262223
19.528529838068707
22.358780384656672
22.90038778207322
21.648628605508215
19.670150725942612
23.860087708879462
22.34625890173912
21.685963286093365
22.67547613178896
24.391908659639828
22.465353060544228
26.757303694447415
24.981748606380975
25.12882509007904
26.112276178669013
24.781320438842265
25.684330666764332
24.77120138006641
27.013881815082676
26.453075219064363
25.967337960318936
24.699456945947695
24.228777107828982
26.107551833252888
26.44208722499518
27.85763923504438
28.248314042737018
27.65717684403512
27.260351712379787
27.295536800066664
26.872962952099634
27.53473731275431
28.521720587685714
28.634932730032325
26.97255283711514
30.375441636969487
29.171256195583595
28.797246310479274
27.880057636209607
27.891364148427538
29.11070097335868
28.21287776067286
28.77009459665129
30.279061756841212
27.81147197631227
29.347551817557825
28.694855292783558
28.811938261373303
28.414063763570518
28.600878998322578
29.55516330673608
29.06700910084957
29.955259665846302
31.005872669889264
30.04899313885742
29.524577000684996
27.811343815499193
29.844992376586163
31.1593772244011
30.272193797694353
30.007786973773506
29.222640620357605
29.758585479822376
29.50575493150209
31.38538619546673
32.086364855236106
28.988028855721335
29.66112479142158
29.373358244985422
30.04208127407429
29.231487017538832
31.146737736789028
31.57527898108649
30.8212581553929
30.00306534471212
30.341302074691715
28.978118970079276
30.817971582970166
29.591651998042977
32.109029802763175
30.0770457527294
31.62177349648236
30.61061594010959
30.206569312981674
29.898476946689282
30.13841880548752
30.966028027860705
30.357723471728537
32.79343057570819
30.404158509032936
31.152916688207732
31.791907863664665
29.924404398537938
30.95938375127786
31.551030100716122
32.73339994716919
31.200351408612157
31.55704951381349
30.8390876237076
30.192292392202763
31.665588915678065
31.32465428909388
30.54250146669773
32.7212501876587
31.786384354241573
32.56007052275659
29.299833536580188
32.405907603183024
32.7568907710514
31.725604544754113
31.548271220350472
32.91547656286865
32.17563750518758
30.649926270607544
31.71382610707575
31.400824869109464
32.09892137938953
30.979763948235394
33.56418338111721
30.20095926106734
31.36688501883892
32.60038047012738
31.41696549309217
31.30649561434985
30.994532827819363
29.7576461046609
31.309173847835034
32.61394846351844
29.72275044624046
30.29636009273172
30.30573828853756
31.52842219898647
32.040788993525496
31.741121737105523
30.941424056595498
32.37803825092704
31.62039599145365
33.07002892449688
32.10818703688468
31.71567834619474
33.506065856192585
33.525348245328
31.689014763877587
33.56367686768253
32.03747175614433
31.947369028484417
30.606137613108483
32.321644134637424
31.347725335420545
32.70508724742902
31.54712899596271
32.07480204658875
32.40561589632803
33.10618812998386
33.16347811476295
31.492066091664906
33.001889568543675
32.33125537096159
34.34820525420506
30.040046951805685
32.46525454586237
32.50631596157844
31.09646128991225
31.864930222413825
32.288984089629125
33.104696896025644
33.8081491161104
34.01057050836164
32.824330952533934
33.05852624630465
32.2521349287215
31.55346096851081
31.820698977454207
31.55591848303638
32.21359080762303
32.89828872706069
32.76231197305077
33.654692609966006
32.80902674116163
32.21813292267674
31.091142311273348
31.789137306925692
31.913645843583197
31.94504048906861
32.09224147132543
33.004032449290634
32.0607278325028
31.96867656137862
32.28997248961887
32.004816891433414
32.16243392227538
31.363824288845375
32.1427546746476
32.50330231376081
32.42788176435419
31.374008887909827
31.638818067045783
32.48776130644667
32.59644188904828
33.79377258753759
33.044151227938
31.492359421817163
34.17397560579746
32.39930118129955
32.6839331841587
30.968139322420654
30.725722698071518
31.066822036821293
32.28816697837797
32.52404576397929
31.999742150374363
34.40996785189778
32.39479837532663
32.41606184313894
33.74082888274652
32.85858689263176
31.874563656820015
32.14143012240927
30.72242678768775
32.37875866441119
33.46415881764687
33.62503305329038
33.391103122328786
33.314604049447134
34.03743237877878
33.3024582261135
31.533897630808134
32.77991711542465
31.48451128495322
31.836577061053895
31.160603159789893
31.7011146647478
30.997411674887122
32.649021735165846
32.63030910658437
32.563045446620755
32.277003264205156
31.863334242179
32.732019950464576
34.16268953575522
33.22152918244471
32.9940800396896
34.18745577170953
31.468021672057255
33.16607428565297
32.95436592218778
32.78415056915823
32.15433462930997
32.176968128855336
32.13504454555074
33.1998815442931
32.84130159332413
31.488865087715958
33.27048511001911
32.545141240339845
32.41390064149017
33.075639355500186
32.8801074698262
32.31507203272194
33.06735820164606
31.071735895680973
32.66480708813442
33.55549520959501
32.94782836312513
34.28837248405582
31.990485128487318
30.907608051257426
31.903970670191814
32.12111398610477
32.26774907280991
33.82702172005071
32.88454428574751
31.856539730628946
32.98054585716248
31.684414692737402
32.61939227233013
31.84465246105168
32.83938339940225
32.7269061426738
34.22267042841061
32.01796978930062
30.868162065166445
34.609222560506836
33.13210203985297
32.97909071705827
32.607664102745
31.703188028490178
33.24188000114011
34.269805247249046
33.715807982149165
31.832192834186138
32.941969209428564
32.04696166896481
31.98002646545492
31.905317242748765
31.667497401103
32.87731822073471
31.3818633304005
32.100105469715444
33.54391195317445
32.606049035356605
32.296022403245566
32.8824063900248
33.53849511192793
33.15903445515356
33.61782576116018
33.71073030299984
31.799625502689956
32.93667740025232
33.759107416937226
33.53156234862438
32.66258037803668
33.49138914875487
31.478903382514197
33.40184420502862
33.51213285080325
31.920827390347416
30.82940168413321
31.28314291210642
33.04605540802387
33.4450685886953
33.057205175622514
33.63623746848212
33.02729351655954
32.20806381064149
33.44626465522322
33.38689933420441
31.566360132596458
31.130297840241507
32.78756750111778
33.16866131092862
31.957632897476287
32.370411222671294
31.84165251306761
33.30313787321869
30.872774599968146
31.851213459524654
34.68369850383763
33.88166955602179
32.46077611295344
32.91812697669924
33.31121169374328
32.078530249394454
31.524290516253842
30.866255984530973
33.474241545671845
34.383942308874694
32.72160546575185
32.99505396076646
32.49333321484316
32.96801626363019
31.112496504278806
33.01159760293596
32.79238844270031
32.838926614521576
32.62882710594731
31.863876375608754
33.220290801587694
34.432664375475326
32.9001347224083
30.967133311809455
30.48677709799758
31.772100572323957
33.15342953417104
32.665922012652885
32.45630135903862
30.3205861021113
32.220486402221006
32.80734848214425
31.690072433664
30.46374743835498
31.28485133150902
33.01748780194835
32.30608188762763
30.866998844964076
33.36935300613435
30.810517892691433
33.12780982676013
32.63693717603647
31.307370132078383
32.3602371158194
32.40639199674217
32.41999505308626
32.95084833573408
32.38542060405888
30.392646473448302
32.616125211285876
31.906621023397868
30.896130152877912
31.68574372559948
31.403041865926802
31.608897580036928
32.784525921205045
32.32916455784736
31.69880974402897
31.205589777858044
32.88551032343281
33.35163663456266
33.59868356066571
33.40835278769849
32.722007126223346
33.29679118471055
32.63846984044645
33.12837512496354
32.86545912149465
32.376576887722685
31.54579937571316
31.49271393791661
32.31845551390356
32.856652930495294
32.85243977727261
31.55886280840561
31.013504845387313
32.887792277450345
31.87457387562177
31.97974550513414
33.14359460988993
32.95388640373214
31.29357867818676
32.89568812427566
33.70692791733347
30.63204476781354
33.707728510380164
31.24384740129123
32.11906209143113
33.33860600405325
31.83199860582686
31.34607647291739
33.72617813782246
34.29936544260198
32.31516144224808
31.47143622151783
33.25468889355202
35.18446711494087
33.019004027591635
32.848414722185694
31.571672724598038
31.906664352309452
33.431969987559214
32.835905087816705
32.073087369194965
32.85958147010905
33.82370678887385
32.48132063145651
32.68184651395834
32.51652679276939
31.554778347818598
32.19662571772461
34.87078469919738
33.458310646547844
34.08545885406638
33.02663860252302
33.008302228490116
33.279352221958185
32.62610709583256
31.72156391714638
33.229341033382
33.17437992262758
31.984010476072456
31.0569239006984
33.55652412320917
30.269887143192967
32.46792459128003
32.064208643725365
32.640804970521216
31.81780353915185
33.534032385316756
32.33140739046407
32.79597941611458
33.51350315883802
32.62244535038501
32.71635121747342
31.40800534380649
31.246452887086065
32.11744284898891
31.531497783961253
32.20265305678466
32.20561929150794
32.00022455988327
31.853476918866356
31.811573278814173
31.301034314413236
32.41042217328351
32.01801563624248
32.88577630222406
33.893863073298135
32.85201009769835
32.2267042870697
31.98232006866949
32.93322489639672
32.71456842324667
33.02543040665995
30.89393047851554
31.02224289676432
31.892211741277123
33.85127149095117
31.870791008234697
30.551056121084464
33.09756934463171
31.333664361555766
34.1291144228026
32.540264007823765
32.46118259225398
30.987731713103948
34.97604530164104
32.39990710404185
32.57897705173697
34.579040971091814
33.52207584457379
32.488370030823646
31.48717407482136
32.9539064814733
31.316461829536813
31.06226627464259
32.28073034988015
31.925331385013443
31.98437635973317
33.09380828905847
31.364513145082185
33.06909508612784
33.3283629608364
31.591425761906407
33.40122637795051
32.112084468163225
32.604546059064205
31.37484301611833
32.55773000301857
31.177296065666905
32.96764667586661
33.4784223049089
33.113150170713624
30.079736909900447
32.086868889427244
33.03552408471148
32.54324228836687
31.773085303151674
32.01483669934665
32.09494151823715
32.01810457732271
31.973384085232702
32.821988257511364
30.97612123012836
32.73981636207409
32.30187574388956
32.64593568878268
31.80516735353355
32.980969474796595
32.872115834817045
33.04865830850043
32.79237695108689
32.736533698309074
32.7760875880169
32.79966909448061
32.63864698761269
32.19253554650663
32.71401828291405
33.069974823482276
30.65844397002549
32.48353272771817
32.46089134106771
32.760224723770264
33.84327707529271
31.530330428364426
31.617344332472904
31.201113914770893
31.81416142616562
31.38987433084724
31.758107537831155
32.029717811975644
34.448891739606054
31.665792409903922
32.27703917355273
31.752180340572814
33.22156862166048
32.562475722825894
31.299936910755413
33.926221000656675
