7.16
22.54
23.41
26.24
25.44
19.5
26.04
24.2
27.61
23.89
26.0
30.91
23.92
23.49
20.96
29.0
22.03
25.65
23.78
27.63
23.96
24.07
26.94
23.75
20.93
22.32
22.87
22.82
24.14
22.98
25.99
29.75
27.77
27.45
23.01
27.05
29.73
22.58
28.86
24.51
27.5
31.83
30.1
23.79
29.1
26.82
27.32
26.79
21.7
26.47
23.18
21.79
22.61
17.98
26.36
19.52
22.04
24.81
29.95
27.69
21.07
32.72
27.41
22.55
29.4
24.6
24.34
24.66
24.52
26.47
26.21
23.45
31.96
25.3
26.5
24.61
20.14
25.84
21.85
24.52
26.32
25.39
25.65
27.08
26.5
23.06
20.56
26.3
24.97
26.54
24.03
25.47
25.49
22.86
24.64
24.29
26.73
23.26
24.98
32.89
