-10.411390172434473
26.48070565558145
27.753643191212067
26.407296543538923
26.969636695381524
27.2757977144788
26.0439477985205
26.377681892912587
25.50666870621214
27.291030783213845
25.73644082123673
27.544570676730757
26.546104948358607
26.71852835542508
27.000115145754595
25.77687127392176
27.657147654347536
25.471454656470478
26.372243633908408
26.799724958998382
27.631804026220497
26.24903302860232
27.1381780947007
26.74323907843289
26.724178226019003
27.66058440631661
26.547864185046357
27.58957255448052
26.351496555851945
27.78525391550381
27.580991159745928
26.0681929904023
26.675251163771563
26.04494761416853
26.39945820271898
26.94076956416032
26.24604639762827
26.93188545518139
27.29268332199464
27.26454666139015
27.58102864820775
27.048891665879527
27.22019312334279
26.56042042614009
26.239955738240425
25.75668421444612
27.014613817079034
27.001667487670098
26.046957319621907
27.252810010241905
27.615239690826403
27.804191587378263
26.818111388416344
25.314843535500287
26.861111059967744
26.30189481766484
26.9437129712791
25.56551224388097
26.41527017252048
26.15780518207735
25.78759702890883
27.78001806315385
26.91908548559557
25.47979543654289
26.95523514499682
26.37138838680654
26.829718766245787
27.40735586953869
27.25747668768656
26.89270977839744
26.561615368082407
28.071470232488178
26.01211667250433
26.8921547871962
26.879736602467972
26.242685775248823
27.865616428568792
25.416658954584083
27.073894743408932
26.29653931997709
27.22741404768224
27.41838871661004
26.450569071133224
26.77210881837325
26.80982118338312
26.498062718323062
25.765820068018524
26.96336071882233
26.6047708601342
27.357665486832342
26.11639666797606
27.01825548777274
27.67305260804148
26.99375018379348
26.97971914520987
27.06089677048556
26.772568081058445
27.42193066296553
26.220874610849418
26.113566579266557
