55.28
51.04
61.74666666666667
80.03
88.54
107.68
114.98
107.25
106.29
105.38
109.17
110.43
126.64
126.6
125.07
128.64
130.53
133.88
131.09
119.89
103.77
95.64
89.89
87.51
78.98
85.48
78.18
76.1
77.14
64.69
65.18
72.65
68.51
61.39
51.78
39.11
37.37
36.53
43.13
45.29
42.29
42.41
38.67
41.37
44.02
37.7
38.99
29.19
25.68
31.87
30.78
33.75
38.17
42.36
41.42
39.56
35.98
31.57
25.29
25.28
20.87
16.33
20.05
19.55
19.38
18.54
17.41
21.59
25.29
24.63
25.93
25.35
22.75
20.94
19.84
15.29
14.48
12.69
12.79
11.81
19.51
26.54
25.02
32.83
30.73
28.88
34.17
34.05
37.22
36.87
37.57
36.6
38.89
38.26
35.83
32.12
25.59
29.26
28.72
24.2
22.59
21.11
19.09
26.2
28.34
25.34
28.24
23.71
22.94
26.59
24.76
31.08
28.62
22.71
23.7
21.61
20.39
22.35
21.16
14.1
15.51
15.52
16.01
19.78
21.75
21.59
27.06
27.57
26.49
23.89
19.44
19.97
18.19
18.89
16.47
12.21
11.28
14.42
14.62
14.79
16.7
16.53
19.74
21.36
21.88
23.31
23.91
23.62
25.45
21.37
15.74
13.95
13.71
14.18
13.88
14.67
10.86
12.41
16.33
18.68
18.42
21.17
17.65
16.72
17.81
13.88
15.8
15.32
17.07
19.79
20.77
17.86
14.41
11.19
10.25
11.73
15.99
17.01
17.67
22.92
22.43
24.35
29.14
29.48
26.79
23.74
16.43
10.53
10.73
14.74
21.26
26.13
31.38
29.04
23.35
19.35
15.28
13.07
11.86
12.11
9.03
10.33
14.26
16.29
22.94
23.01
20.24
20.45
14.57
13.86
14.14
12.4
12.9
17.28
17.67
20.76
20.31
18.45
18.13
15.25
16.03
14.09
16.54
19.31
19.37
20.82
19.02
13.01
12.98
12.22
11.28
20.92
20.24
20.53
22.29
15.98
22.32
21.77
18.32
23.86
18.52
18.27
24.77
19.71
18.27
17.2
13.1
14.82
17.11
17.62
17.9
13.11
12.39
12.22
12.43
14.1
14.07
13.27
10.82
9.9
13.1
12.24
13.46
12.52
7.64
10.35
9.13
9.63
11.94
11.03
13.04
12.45
10.8
8.93
7.59
7.31
5.75
5.86
7.25
9.86
10.04
14.12
14.05
15.61
15.08
12.77
14.07
12.22
17.12
15.66
12.48
13.23
10.39
11.49
11.2
9.46
10.94
10.09
12.91
13.01
12.51
12.63
16.28
18.32
24.69
33.24
39.14
42.03
39.44
36.02
29.33
28.56
27.79
29.0
26.43
25.88
26.28
25.13
28.36
28.78
26.78
24.73
25.74
23.38
18.89
17.86
14.65
12.05
14.49
19.61
16.26
16.77
19.56
11.96
11.01
10.69
15.15
20.28
32.35
37.81
29.73
31.55
22.17
18.17
17.34
11.17
11.31
19.53
21.18
20.09
18.29
9.1
11.03
11.21
14.01
13.59
11.41
15.19
12.54
13.73
13.0
10.2
13.36
12.63
21.1
22.44
22.08
26.89
20.73
21.51
20.12
17.68
18.71
22.93
26.84
30.44
27.69
28.48
30.56
34.22
38.42
38.46
36.82
27.55
23.91
17.85
14.85
24.79
29.08
30.81
36.45
35.97
34.68
44.27
50.0
54.5
63.32
56.66
46.37
38.46
35.9
36.49
41.58
41.01
37.52
35.11
40.51
40.12
40.11
41.83
31.87
29.59
24.28
28.27
37.95
42.01
50.62
45.97
41.42
50.72
50.95
52.86
56.02
44.95
39.29
35.41
34.72
34.19
33.76
36.09
33.06
32.63
28.42
25.34
18.64
15.62
15.82
13.89
11.52
11.28
9.82
8.65
13.35
21.04
21.65
25.94
20.4
13.71
14.5
10.18
10.29
7.04
6.01
9.1
8.39
8.33
9.29
5.16
9.19
11.27
11.14
13.82
11.44
10.2
13.02
13.31
11.47
12.75
13.75
17.19
16.85
16.65
15.29
10.94
12.5
13.63
11.26
11.33
12.99
10.5
13.0
12.18
14.43
15.54
13.65
17.57
13.82
12.93
12.93
10.44
11.2
12.85
12.32
11.18
9.84
9.26
10.1
9.35
13.93
12.08
12.83
14.2
16.15
21.4
22.33
24.15
17.8
14.63
12.54
11.95
11.97
16.59
16.32
17.29
19.99
17.02
19.51
18.56
18.55
21.88
19.48
17.6
14.53
10.13
10.98
12.27
12.21
13.14
14.93
12.71
14.85
16.1
13.25
14.06
13.42
9.77
9.6
8.58
7.99
10.15
10.73
13.53
12.04
9.37
8.86
7.92
11.21
15.6
15.72
14.56
12.35
8.45
8.07
7.86
8.16
7.29
10.09
10.98
9.65
16.3
14.45
24.04
33.21
25.53
24.05
16.53
8.86
10.32
12.68
10.37
10.42
9.35
6.57
11.43
11.19
15.09
15.68
12.95
12.92
9.3
9.65
6.65
5.46
6.62
4.58
4.07
7.82
8.32
12.01
12.43
8.79
8.25
5.17
5.13
5.28
5.45
5.55
5.38
5.3
4.26
