32.17
41.01
54.66
62.88
76.32
91.61
97.43
102.71
105.75
124.08
120.48
122.47
121.19
116.34
125.61
117.73
120.05
113.12
102.87
104.69
100.55
103.11
105.24
97.08
88.81
88.4
83.37
78.23
78.93
80.01
78.07
83.4
82.64
74.52
70.02
61.92
58.92
56.13
47.96
49.19
48.15
53.24
50.66
49.6
54.97
49.4
45.87
41.46
42.18
39.1
37.05
44.85
43.49
43.36
46.04
41.66
35.38
33.61
35.01
31.51
34.98
36.97
35.07
32.47
29.35
28.17
25.49
25.28
26.22
24.07
22.55
25.35
28.59
25.64
30.52
27.29
24.48
22.33
21.34
26.63
28.75
25.88
27.1
24.19
29.37
23.5
23.14
23.65
24.35
26.13
32.11
32.44
32.13
39.68
29.48
28.77
34.7
34.75
31.21
35.07
30.06
28.4
28.3
30.16
29.48
30.37
29.83
29.86
26.37
23.3
23.99
30.19
32.63
30.96
25.23
22.35
26.22
28.96
27.94
26.77
23.51
24.69
22.02
21.94
19.27
20.05
21.74
26.21
24.91
21.87
14.97
14.15
12.97
18.32
18.28
17.89
18.36
19.64
21.2
25.71
21.67
22.62
28.51
21.93
23.85
26.2
28.11
27.62
24.46
20.71
17.41
22.31
18.45
17.67
17.01
17.65
16.69
18.25
16.59
23.08
22.05
18.5
20.25
18.47
19.13
19.41
17.09
15.63
16.79
17.44
13.5
22.5
19.98
15.57
17.42
20.66
22.78
21.7
21.25
19.93
19.49
20.29
19.82
25.92
23.84
27.7
30.76
28.06
28.39
29.63
29.08
24.7
23.71
18.94
18.77
21.69
21.11
17.28
17.0
18.21
15.82
17.55
18.28
15.65
15.21
14.54
13.63
15.96
13.31
15.33
16.57
13.64
17.18
15.33
18.52
21.94
23.8
20.22
21.59
24.55
29.07
24.8
27.35
23.22
24.35
26.22
20.29
26.75
22.5
20.49
21.75
23.62
22.98
24.6
23.2
21.79
26.9
25.92
14.14
21.55
17.49
15.91
20.94
18.79
23.98
25.78
24.56
24.1
14.11
16.52
17.18
16.73
23.94
15.79
19.01
20.29
17.25
13.79
13.97
15.26
14.26
14.17
11.9
15.15
10.26
13.57
12.59
8.05
12.03
11.58
15.25
16.37
13.96
12.21
10.83
8.35
10.2
6.13
13.63
12.71
14.85
12.68
16.5
17.45
14.87
17.43
18.58
14.57
15.91
17.41
16.89
16.02
13.09
13.88
15.01
13.7
11.11
11.23
19.24
13.06
12.3
14.76
19.66
17.82
20.98
18.73
16.92
18.71
17.78
24.99
19.07
20.41
17.54
17.15
19.42
22.05
23.75
25.59
24.16
24.26
24.34
25.43
19.21
22.65
19.42
15.02
15.38
15.46
15.39
18.68
17.46
16.99
20.46
20.08
17.03
15.34
18.77
10.71
18.38
17.47
18.69
20.42
15.38
12.49
17.39
15.14
17.13
18.98
15.91
16.52
13.89
17.39
16.23
16.94
19.04
18.03
22.44
19.79
16.99
21.19
15.54
19.63
17.26
14.3
14.33
18.58
19.83
21.69
19.02
17.97
20.14
18.9
21.05
22.89
24.41
23.29
28.1
23.04
23.72
23.68
21.89
23.6
17.22
14.83
18.34
12.65
20.44
15.33
23.97
20.61
20.33
20.93
18.23
19.63
24.0
26.03
26.57
25.47
23.02
19.66
21.39
19.55
18.16
17.39
17.63
21.72
19.52
18.3
11.88
21.35
19.61
17.24
18.74
19.51
19.46
22.25
20.89
20.57
21.98
24.89
28.44
27.58
25.45
22.47
18.6
15.31
15.1
18.17
16.62
18.98
19.28
23.67
17.4
15.69
10.84
10.07
10.76
14.75
12.74
12.1
12.77
11.56
12.3
14.76
16.21
19.21
14.62
16.65
16.35
13.68
12.51
11.58
15.79
14.12
14.72
13.4
12.96
10.61
12.37
12.21
12.65
16.23
12.6
15.05
10.74
12.1
17.28
18.09
13.08
15.89
12.71
9.94
13.35
15.39
16.56
12.37
11.82
8.35
6.85
12.5
14.87
15.38
23.86
25.52
19.3
21.91
14.8
11.64
7.57
15.08
12.91
16.86
15.65
15.0
17.05
14.81
10.76
13.23
11.71
10.17
13.66
16.27
13.42
16.83
16.61
14.67
13.67
12.38
9.35
13.0
14.01
10.51
10.2
12.9
12.4
9.31
12.41
16.44
14.11
15.57
12.46
12.38
14.37
12.84
13.01
11.18
12.14
13.38
13.36
12.85
8.09
10.35
14.32
11.15
6.85
9.03
11.94
12.26
13.07
13.99
14.25
15.44
14.05
10.83
15.62
8.17
13.58
11.48
13.55
9.8
16.45
12.23
14.37
15.68
12.53
16.03
16.19
15.29
8.82
11.11
8.89
9.45
13.37
16.69
18.52
14.85
14.16
17.6
11.77
18.65
11.26
12.7
14.76
12.31
12.87
12.03
14.2
16.41
10.4
13.11
11.26
5.24
5.98
8.87
12.08
9.91
10.8
10.61
17.29
15.88
14.88
9.67
12.87
14.1
11.21
9.92
11.78
10.05
13.1
7.7
