0.0398276242140252
-0.2528878531787547
0.3389020448866278
0.6545889123571916
1.2028517277018136
2.517141990625132
3.697213741560227
4.681505548758501
6.224757461646375
6.905695087879727
7.850208293157604
9.45022324219254
9.456998056280986
9.962451794232546
8.98559208702218
9.139381562225209
9.832938486858309
9.658278189092124
10.941352274727311
10.030825023557346
9.570857580956844
9.831411067532777
9.28597339770963
8.695711597165587
8.329207339577293
8.345407471019564
7.976910921597322
8.764770311220982
8.702618002188919
8.161955725665628
7.562018424474283
7.316272689071272
6.687884664457791
5.805579407469627
5.106063819376788
4.463748444888088
4.292098883662891
4.546157497415896
5.002135154826445
4.171839775751721
4.760439367387958
5.241495797054702
5.8236680511972505
6.635725128167881
6.278351664074364
4.769010472619956
3.9513628977957223
3.271824612467906
3.273316359327698
3.985224072055365
4.65544506513713
4.991182185343096
4.130162685792995
3.717732394834001
3.199721777491411
2.58096909714712
2.798797158238541
2.862572656246823
2.456269615151833
2.5620956175153604
2.194500457592479
2.574121941320442
2.586706299408148
2.14865941322775
1.3413063083665389
0.722656815725824
0.429605844994642
0.8560889485510254
1.90020932663538
2.185136290769534
2.5433736957965896
2.4216329412085043
2.2105548740192567
1.80975875947478
2.054672452879045
2.183293225845061
1.95963773900286
1.8782646504835925
1.4252660634144687
1.3315366470387573
1.428653484796103
1.7348042064125808
2.0282338304390906
2.36428952723406
4.0897487526078535
4.925332732000154
5.89460538833284
6.539484499626595
6.512135033972658
6.362248166715963
5.897578506859467
5.895578343291574
5.568177787590137
5.035296901708157
4.64933381603493
4.370478231389005
3.63313474474512
4.058918481152941
3.96477443029496
2.765686021051958
2.677754684104285
2.7417921131448058
2.856161798085287
3.910507472164543
4.185471202029765
3.803744801154477
3.7093250755369103
3.5493947100009717
3.4416836524148304
3.7415408216147177
4.321610184977378
4.071253692622101
3.486031135645012
2.7588893864510875
1.8468024804051424
2.142603061238876
2.247705934112119
2.6403453496692166
3.0898533590823707
2.6716477736931123
2.9426170657426822
3.2308004250847087
3.390058082063568
3.5911989305723147
3.553425775923636
3.496347530418299
3.9215695073747816
3.787038710182011
3.811046404808416
3.5851975701230936
3.226404526345759
3.5615025277370966
3.357083710695581
3.210944932590573
2.5757820392057487
2.2235925931660945
2.3928414923301022
2.664801049123022
3.194978205745946
3.276968305316509
3.462897027783709
3.3019271627932607
3.0911702658585822
3.1947221068904104
3.000586339360521
2.7147455078188227
2.957212421696666
2.823595743976624
3.003724744352317
3.33603180698291
2.960955266718056
2.902632250599666
2.842854218564057
3.064728968047784
2.893020249644467
2.736412816663211
2.6622071422324765
2.473273164329618
2.579679092857621
2.6904349940744816
2.8183980430675577
2.6226643051264875
2.4361230678892327
1.9358832871921996
1.900335502586073
1.5447739153841844
1.4451580127381256
1.5153992428896792
1.3032047637463184
1.8045787629864607
2.003846521513533
2.155541878343207
1.895907173021706
1.9171874924366863
2.2126027508439376
2.788644223527351
2.9594144625405856
2.904601674213477
3.3485734468918418
3.67927300760777
4.483379277024849
4.817981164366838
4.830356297465188
4.360276753472938
3.955847975383652
3.8386798420418176
3.450465997549009
3.4697754598528388
3.494293479915145
3.7697385169099618
3.999732675164813
3.949223171871692
3.693686214150998
3.1207271044671487
2.5551861798676105
2.866931725196737
2.628196807029465
2.9272381371275986
2.973750483689823
2.6118777999193696
2.541388094158472
2.2705570282455856
2.842731531229888
3.2487245562433453
3.4221102807816277
3.8033702702577217
3.415827254687286
3.315769313680656
3.652264823834829
3.156617195531695
3.2344660314266
2.8095407499242726
3.0036722307304764
3.284937130324955
3.4738606043862523
3.713546657599002
3.1274906020005044
3.362107093551789
3.122136938693308
3.5060996638440947
3.755888300848476
3.610601656903522
3.619430882608723
3.594577583873993
3.717703663948003
3.801425179585261
3.78124549419652
3.0211207415852344
3.1385872265249386
2.74187145258946
2.9045282551577776
3.7271935320650016
3.4917725135093094
4.106256362930504
4.303667918386672
3.90887656871457
4.242170251890008
3.9861370869778185
3.699451672500988
4.121836209152384
3.854689963704195
3.6678720770904216
3.846959500214545
3.27119267780634
2.881587894434249
2.6469315346225155
2.4206866298278795
2.9219391336168803
3.2815670432478465
3.216422383983323
3.6060913631859153
2.9274639988656976
2.7927258202639176
3.027657984381731
2.827211237895252
3.0777686461308877
3.401802226871788
3.267716543787901
3.435403284967978
3.4472559586835603
3.527352189780786
3.833058281345112
3.549388241205074
3.345554990706962
2.669335878154633
2.49601499442922
1.9838143817873712
1.8547920917355896
2.198830265801443
2.2015518719410063
2.3800365653538766
2.3759024064043897
1.971516766500489
1.5787440036137084
1.7605090767208815
1.8337687608721376
1.6096675987684694
1.8105254831875144
2.090206894674221
2.2181079280619103
2.482122883723849
2.7468605715599743
2.579804183433512
3.303057801067614
3.184818734820218
2.950730164423849
2.925735334886012
2.628030495657963
2.788621397547135
2.953806820345064
2.954383955056055
2.76433536030964
2.7710266336813625
2.9601367934976537
2.8791556320677523
2.741611897181406
2.754498647244592
2.17482833858672
1.852510007607412
1.7861686530908103
2.189522826071937
2.7676815357633973
3.0917461192008058
3.7406054768694537
4.198269695407566
4.460223627878054
4.9837547136729405
4.824971970235472
4.484198186107869
3.977316035195356
4.072698511530751
4.2257086271025335
4.198579088199471
5.066164183459939
4.369243325662784
4.129317329474031
4.05933862760524
3.270848322002315
2.4626640748697097
1.2513000656836717
0.1344062379822517
-1.620090887143432
-2.128852870546478
-2.537990685177488
-2.854420219188957
-2.571747558247241
-2.574968128199832
-2.304478345590829
-2.022469850110293
-1.5247847176158826
-0.9860284510040358
-0.7870557727356804
-0.8277245926373895
-0.7870540254124384
-0.8893259908910696
-0.8634578880698274
-0.560646509632752
-0.9581787752362572
-0.8234689908723339
-1.077549866313091
-1.4038604131004957
-0.8762248370532518
-1.0786697591204903
-0.2824238869217029
0.2016830735595227
0.2470762756340944
1.0778742359379532
1.1574608941540745
1.6009306156379242
2.118508363157474
2.0643427357664352
2.130717940297066
2.2618871806667333
2.4512191669570846
2.199732911520836
1.3437439916350382
1.3078074443842087
1.071867085539641
0.8416348622181643
1.5604386348253922
1.3641845438491234
1.0655487195165882
1.7084100485411715
1.433509124203684
1.2858281813451378
1.4023928329584898
1.398990641591696
1.873185301189676
2.273701011667417
2.7036662103739606
3.013969221925566
2.725491526331402
2.0882474999321774
1.87302407005448
2.12838961760038
2.4426569926504924
3.1797958366373
3.730164626660902
3.710560896292553
4.072019230404012
3.961351515695926
4.047098491410236
3.8673458505844382
3.435096914691974
3.5000079383951457
4.302496591304927
4.387222097216404
4.947505770239069
5.079219766746597
3.902464131685087
3.9121075992081753
3.704778421106962
4.690843401027127
5.408893264061808
5.716966142581555
6.136525232040666
5.554192198358448
5.5578711249704975
5.244147390400132
5.000593640992056
4.738882868093441
4.793274890742033
5.209219388888881
5.523060586612399
5.859244388925667
5.766653792127993
5.887000834386643
5.577534961008589
5.735133902082123
5.81696104726797
5.227833399148604
5.29244861516804
4.585669711252
3.983936024137657
3.878312138476083
3.900531297497143
4.514251045614052
4.939745473307024
5.388868890495048
5.511396011831855
5.564542237515463
5.948446693799675
6.538148563134045
6.422373499600915
6.752338849178302
6.600428228985249
6.215729758215896
5.247799329296488
4.010127795397506
2.7942278898380697
1.7469103798187646
2.3016783379930867
2.49247648206173
2.43487796489293
2.863402999478593
2.6198516365113385
2.302770801644549
2.4855176715373712
1.858050065505767
2.055683991908352
1.8845486258138444
1.8181967610774217
2.2058749756872125
1.4616839714464738
1.2188974125868173
1.0752665974321165
0.4787632530861806
0.497950401265548
0.6992280348212687
0.7984002593050212
0.8271289799802861
0.9701170461470844
0.8067440394286802
0.7757805837644832
0.7660060553298905
0.879401762003864
1.0462844640145983
0.8159045414534851
0.8640094190478075
1.1019846478010231
1.432204627680392
2.125641122565497
2.4352785392805942
2.0777829757002144
1.719684932129967
1.4511760303400616
1.1693933046661558
1.346323618704611
1.6129445442661805
1.356650356358198
1.1746682520115284
1.2079104854036435
0.9592258569075524
1.0759358546820423
1.9791427792048504
2.1314815923899437
2.2914981358712017
2.6278718963079144
2.2218581098822354
2.1494175806796374
2.1307183666753926
2.1057649041516737
2.0334141678455606
2.567761890689862
3.116903768933314
3.165135140242045
2.991558731733148
2.25106317235314
2.161195792734273
2.0996614360075108
2.336205925068829
2.3821646644163423
1.829195598979624
1.6285103447732596
1.5650986566329537
1.763599762775179
2.352277031947551
2.198095132347382
2.228053789181425
2.239545219341677
2.260784687828727
2.445971270102416
2.200304724250873
2.2574197184830904
2.059712684866382
2.314732521474893
2.324429702659584
2.409023142567946
2.1776456469822096
1.7519698608774072
2.2569852455338566
1.971319793272305
2.3540577169886534
2.45675553911364
2.2832811643671738
2.422196539405113
2.117583467974348
2.375396160226283
2.550299598769098
2.3218555922705737
1.8047226102197909
1.6921100269396363
0.9938288165711716
1.1924753666966894
1.872063529942298
1.4622324834367602
1.697751597498559
1.4000423276790732
1.0657280692064026
1.4060629484454596
1.4786861715432809
1.5359172162530337
1.26901921506552
0.7597087882747843
0.6290187878845559
0.4665609416703203
0.5488542279634171
0.7505476786991112
0.429552549892137
0.6968326155146204
0.9612313768467098
1.6704499303231095
1.7990047200621886
2.4113389522348023
2.1327126709512405
1.3503587498615837
1.7070234473365666
1.514334887591101
1.5768234061654698
1.70083321234329
1.7286036104346756
1.3605375281199
1.82084214952542
1.6919363461378267
1.7070621037637128
1.2987541671657894
1.22905210187688
1.7774142528550236
1.4375041233929828
1.4722303517579851
1.014336274270245
0.5321897267203155
0.2383669395841382
-0.1546043062630633
-0.2121312862966446
-0.1660338699859821
-0.1004036020987977
0.3467094621629055
0.4366618904658409
0.3052843713855634
0.6676245035130529
0.6759632643299631
0.4984410512262013
0.6789277013199778
0.5728126134144306
0.5109374862029854
0.4009995812419761
0.3484620443502947
0.2081697289888222
0.1995900401723008
0.5071781269099012
0.0818483270923478
0.3228686819563931
0.3233479174047259
-0.2425027664128161
-0.1942092064605739
-0.476098124989414
-0.2563927864605985
0.499038815597468
0.7219311692787135
0.5087720386952153
0.3655816226782342
-0.4057229705354309
-0.5105595943990353
-0.1301889285116277
0.0604690377488965
0.4892182246144994
0.3438048373166772
0.4965945356229448
0.3158539378044059
