-4.2945212117435965
-3.303310069149335
-2.4987903211541767
-1.396874384696427
0.0890611238648829
1.4640096910413098
2.533630924787916
3.303271524156247
4.536918381583368
5.687820829280758
6.941239083766891
8.21676550417455
8.874638623643001
9.848087364642431
10.279801132505058
10.311201300282471
10.299696763413666
9.84808807585732
9.486261063973544
9.212194542869074
8.93684538095918
9.27016913645902
9.557749674592683
9.91071262644857
10.698009286216273
10.213928594580771
10.43043189584121
9.907862307774058
9.676319236732898
9.808502622163909
9.204950997454429
9.327253603473466
8.960425129037478
8.87304087353157
9.233828019582464
8.921987217804833
8.511814526476066
8.74577602115509
8.29529335429457
8.971110293208334
10.087253850410072
10.365550461894015
10.206861260613536
10.34519337697715
9.403541401773028
8.81324687342963
8.795089410653736
7.666635326775828
7.339526487008197
6.454004788632857
6.216326857506433
6.454042096035018
6.402032265657091
7.045181772682242
7.170515193048695
7.568929102790776
7.139964914632494
6.715441041849728
6.681513839935888
5.972966338988151
6.157324751746573
6.149475263334242
5.871875480878342
5.289947425754417
5.407537986191988
5.120336219660804
4.766940055733508
4.543373289835924
3.688289549403531
3.285135469783473
2.9565311004009307
2.6428678428159005
3.01678018744681
3.2330357664203104
3.530491609745127
4.437517399699352
4.546243343791293
4.769008419493865
4.7259621637204665
4.4274493426900525
4.705104071492695
4.10187731308845
3.908445440928289
3.884852068318864
3.522451786098769
2.8021137275741683
2.9874632371482663
2.721011813202896
2.3040535153433286
2.5744868039720528
2.733457565335676
3.2617638345184297
3.124416589764993
3.697198773641156
3.37853332374958
2.8485960933031023
3.280111506142201
2.854912129393286
2.68377337142144
2.255799983390665
1.7635147027741822
1.888506412756139
1.7462919385344144
2.3669686326267776
2.828314918802019
3.75497904901532
4.45890052941614
4.464836898197235
4.416301707727946
3.845626010311986
3.818063728087681
3.313227601706868
2.6924415140499662
2.402084453092024
2.083072735174516
2.462743260336556
3.30375147637682
3.400148472949587
3.2310665879384977
3.0770990737999835
2.645780297932299
3.1272529591120457
3.3989523666023684
3.8584975865307287
4.070913493510428
3.466723876300125
3.737609373712605
2.842115310797695
2.5792322518980457
3.084419712616697
2.488572492348474
2.679012427238001
2.687427153573692
2.776418263331583
3.265544828309481
4.15466682758479
4.7613875125800575
4.567689363189309
5.199916283466711
5.437404946699311
4.349741592328609
4.125169548480346
2.4619332430482546
1.3049642649222992
1.602233971930606
1.309885697622101
1.6516406578303862
1.994156650528005
1.8803155184041125
1.421807062270901
1.9414065491820969
2.003412780579412
2.168927914942696
2.872782140511764
3.227279323049538
3.5916020981778
4.354004465864797
5.085868640969071
4.797724501633826
5.016227672791469
4.918781981850609
4.7623015626400935
4.544305851415207
4.136064474599342
3.768135691207344
3.1282630727860496
2.870377315496172
2.733684506036998
2.760557049331585
2.9717214709331885
3.186446933036151
2.9000205241072465
2.668830023352783
2.356397541106426
2.4678321265993053
2.5075576447901846
3.130209199991878
4.048781212012218
4.1943521630894285
4.7096644798612015
4.610451398327827
4.172709573788979
4.434991359522639
4.846034345928761
5.117655018963614
5.335601448914022
5.131028200627239
4.883748684907694
4.566474529942098
4.648058120176454
4.448477348102831
3.802561310055004
3.2958815533133783
2.534422218848163
1.9515733475008692
2.054614651983224
2.241414917066877
1.9985822000192897
2.4568542365050328
2.363571789578304
2.076649096751053
2.1698829420770758
2.3136641651969003
1.850732606228624
1.7231392138248358
2.1609555597207706
1.894191510635448
2.5573452831214216
2.76684982097405
2.7190801013719765
2.476185448799857
2.072529225460048
2.386325328107851
2.152235878127652
2.6825059526668467
3.239363231652478
3.4170403937793044
3.6016715468951763
3.422346997312946
2.882026537128903
2.8938058838684837
2.867999268150841
2.882135711461836
3.252575998647269
3.0102061260466377
3.0379766631753204
3.129071885509883
3.2086188965420286
3.4609266738899187
3.4836480901171534
3.4431973865997505
3.4621338984984744
3.202915023385978
3.0818387153415103
3.0543798065213434
2.8563933689361702
2.7793842742008765
2.719946339520244
2.614738053951974
2.5269342778476727
2.6138689498780887
2.941995783730211
3.1842724517475767
3.497686340013611
3.665771618823869
3.4537507419811018
3.4673585728673326
3.68026608866669
3.813727850104672
3.889098434430584
3.954274432201629
3.665508141185065
3.5056838174798584
3.920457033317025
4.113444205909875
4.312295402160178
4.429955290693135
4.068411462205734
4.028629148310629
3.781774106000288
3.8603678686536695
3.819387506263447
3.503774545736408
3.4233970602009527
2.8574596875568465
2.723879388468347
2.7462146253691926
2.8852227511869604
3.3211405727523458
3.3692135968214187
3.398304139611733
3.515390356080752
3.342800527572623
3.6488021037692646
3.534143684415227
3.318738770464596
3.506188978851077
3.127153017526597
3.2540435898223667
3.225559748960709
3.079044408966435
3.259892985557551
3.2917674499724923
3.4548561395104658
3.454410946250373
3.159392062940821
3.0335426085285566
3.185055702304928
3.608912546364552
4.267554194576177
4.504855715514689
4.453105837150585
4.373216387102044
4.18312335646054
4.394713729068087
4.608788366160042
4.697916296083727
4.590282776539425
4.113878637110295
3.5398320476966862
3.2677769295917223
2.7291785612885344
2.58328374601988
2.1542998399967304
1.2290507210386048
0.9014893594964444
0.5158673506014179
1.071421964868072
1.2736672936281492
1.934950345974801
2.67746978428076
2.6664370188004294
3.597674620202373
3.739107902973737
3.64708322234354
3.7601016697004535
3.680108326094511
3.736653819580295
3.4111053712678507
3.187546120611284
3.298306972024915
3.2328912805384733
3.6596531140562174
3.577160756468898
3.168857044867868
3.2939543273347938
3.0218493486269056
3.323197865740413
3.013367953123821
2.444658658951964
2.39568271229289
1.915071127729563
1.9990605002401105
2.0520421568069867
1.8667437103001316
1.995745452887382
1.835625622042754
1.8967704121313544
2.3335472111975557
2.506686655854432
2.852866252281324
3.250547180716393
3.2191976755438017
3.003658261816346
2.798217564493117
2.4743152362780587
2.556030083309619
2.57540787527335
2.382003377951887
2.761660239596337
2.5301805490571856
2.999014107167949
4.076511013331876
3.9803922822581983
4.314002673524408
4.591277221476624
4.295959405069164
4.436670589801907
4.58403707913537
4.441025397026785
4.487589876002713
4.511175649424724
4.637533259194814
4.889058886630846
4.964306066282844
4.846062841536774
4.863370065607099
5.120190944304697
4.858845903843786
5.231941336802668
4.858862015414173
4.497309763043981
4.9496609674564205
4.841061007056697
4.787279106857386
4.5154053054862064
4.361601480012681
4.057302701880404
4.270286693267689
4.298268135138139
3.89325795260221
3.903971770781234
3.935212380325333
3.7288280343000766
3.7741844217433504
4.3359682243927535
4.165708524124927
4.316170858287332
4.5992353051550685
4.24868638839638
4.330315215622435
4.62112233682328
4.326943471765036
4.771908843670589
4.78091234727506
4.664378293596815
4.760782042812034
3.930549386857022
3.717402199516664
3.944164019640992
3.7847232534366864
3.677336789035357
3.491520278794292
3.2941849828771708
3.2098805610533185
3.3622787963041323
3.4637003133320867
3.15469094323438
3.501632227156613
4.000414666996528
4.106409838043669
4.480901037744956
4.4112580632946345
4.126846683914827
4.461184820044482
4.955000283218451
5.593388052112555
6.282545847412926
6.718302319778967
7.228503264984352
7.341885434785418
7.369990375877077
7.277925311086878
7.3796908473816
7.427765179872118
7.348354152130523
7.359662947589332
6.610053500860842
6.514789448713077
6.293200300872234
6.501442441251515
6.774941142123779
6.289294546586087
6.269092343105974
5.699970949603038
5.247722747136834
5.365711478141848
5.548261954106014
5.8728302507289705
6.352500923671346
6.851883810918436
6.955240183916918
7.313836331392081
7.068776982612878
7.193760825231336
7.038122894120468
6.732268361945928
6.4650086472437645
5.4046217624804935
5.0678175453678485
4.8183149511149495
4.618159099489735
4.93277010373156
5.069720926820142
4.811232492350606
4.563626583312679
4.633233534186627
4.549012786009189
4.576557377337101
5.201495876612452
5.036011875301741
4.247754074944316
3.388090040839198
2.390797646725684
1.9903759056231545
2.3589543064411367
2.656852758031617
2.6492798583122847
2.740601453921236
2.626147410356351
2.4587569403615377
2.486974579866792
2.0049259775503616
1.7378960771733372
2.096103158188733
2.462029474672541
2.736750764389336
3.0718489125608324
2.817799765203433
2.520221086384156
2.3173629287477397
2.574828562767208
3.289853549599794
3.484717854820532
4.136164173120397
4.026777726088447
3.918831419846727
4.028012122118918
3.698473272951681
3.7216482748608906
3.4379217464442395
3.6022872244376454
3.5533128744365707
3.531301115691305
3.799714453788738
3.703511204420413
4.073078340976351
4.034406007901686
4.3647383859979
4.581989119317047
4.779163145311593
4.938572940120571
4.949064568755608
5.044131744519066
4.993818425031033
5.425895401113755
5.123684397231828
5.216610847123297
4.83587901851051
4.262002749581256
3.83652693379936
3.431838670448079
3.3258163172984494
3.2030007024071887
3.5051400888078352
3.121145681411152
3.2553458253868883
3.115025873293129
3.095865462792564
3.603703646517135
4.091961198159277
4.833468940153656
4.559550970706528
4.557945485457407
4.466387765958462
4.055747906875537
4.224920707923267
4.272927602671433
4.616595238137092
4.305792087915649
4.54735765223485
3.85835962638395
3.114000036530682
3.2123389372834232
2.904253259716772
3.057766188033391
2.908981573249761
2.909243389738606
2.8914740443002978
3.171101767871871
3.144109694082083
2.9803717498470066
3.116263677467133
3.5905021280830285
3.6537188595637575
4.309844255156511
4.359583180592085
4.169614280584717
4.71017243516029
4.4550565807192495
4.5815249792865
4.592274556382462
4.433377941769297
4.287399936390592
3.822438435903544
3.4737212794244385
3.2999290918917734
3.2919743679645683
3.557854746986508
3.4598606046508324
3.3948429185337456
3.5520154170664755
3.397872759651864
3.480205149741007
3.956323441837317
4.209470876811163
4.913035953509179
5.39338254880494
5.124397611319579
5.267218065191414
5.136719961014059
5.302623889704973
5.588948789400519
5.081214050746693
4.845196255411024
4.332526294451866
4.257841977198216
4.493373155221558
4.476376949352017
4.30322030705562
4.13178334503865
3.976517953657905
3.7385064016842273
3.826182224699179
3.941811420747844
4.170036721772844
4.61866784803575
4.489032569503696
3.738188629005633
3.519378605033165
3.0257851694804225
2.9852520784585383
3.040612900669529
2.8828962635144846
2.8543640558171077
2.699558146133662
2.7849221757419844
3.1454375533261145
3.4850670832758213
3.489693383049612
