-0.179657877939843
0.3499760431011764
0.7548208365154904
1.1279351388284664
1.973968312516297
2.8961246297879417
3.7795982883651167
4.793875282780662
5.399014090047945
5.890822670319206
5.968009061629847
5.844666208915943
6.217221332815549
6.920090189503283
7.773754833324492
8.57709980987609
9.435519343930412
10.15192992003146
10.465306127322837
10.84701251373864
11.010777732479546
11.174792112715618
11.702039611259956
11.620869574393277
11.427709805084769
10.769434542567152
10.05587801761779
10.48135813758689
9.852379923868527
9.32749564477609
9.216108326961882
8.209296647874256
8.62496708610935
8.947078221941902
9.029775758187837
8.426494257159776
7.763612109581008
7.271585556612652
6.312340864747841
6.321272119408618
5.732539773234176
5.630416298750836
5.839829380638522
5.906357090011112
6.329903612424484
5.9394077148056725
5.989196059159003
5.8306932928728985
5.88575836722425
6.064423468611509
5.935007079814025
6.177102883023428
6.538271286664575
6.2467114685944605
6.292158941436618
6.070986690490422
5.5563744748180905
6.153478955075679
5.833675245824966
6.070592238572076
6.532197600492981
6.571698707774972
6.267968061125426
6.310695991163962
5.459654581842155
5.356613888390696
5.8302565682079
5.195828664843134
4.7435485540471465
4.42336914112291
4.1185013145488885
4.302981232444173
5.071955285148459
4.726511245539116
4.666278189450455
4.532563472143343
4.832696392145715
5.407507068871582
5.915729853214214
5.978431740912223
5.036869725596423
3.5215044800010737
2.950480398571307
3.3858139272311703
5.003649776323734
5.976314863870561
6.090493869166072
5.714834079015007
4.484047260343122
4.411954453986452
4.377191500578785
4.576213276654683
4.215592264692062
3.8900386207380833
3.7081732756360113
3.37325238111684
3.461882350633928
3.9216727786898433
4.510450879034909
4.849503329493155
4.858800350271745
4.444800003326972
4.138660535076217
4.001316529196186
3.918369381039179
3.461331051935434
2.955218442265014
3.197006787737832
3.18448444601316
3.5434714248299186
3.9449808086594897
3.513726897416746
3.285423008548191
3.38867573077623
3.398609965264469
2.992322664390207
3.2635421993450207
3.4450895193081603
3.7584258064770695
4.043985430602444
4.208875774915538
4.161198127605529
3.7017445845681327
3.5729134187505998
3.545277878219072
3.529711395783494
3.552788438851646
3.2730756292680394
2.303675662093832
2.069679062416895
1.666298351886745
2.1503529616319663
3.139661718087912
3.3493439319051617
4.486515971723004
4.062685259604337
4.481901447382822
4.059283383040984
3.409738904671488
3.747513326777354
2.902378470872926
2.922802565490595
2.686768844186831
2.648505020885172
3.093298614020432
3.8671940917257968
4.109458879781103
4.206481200959975
4.425777984346032
4.293740039641707
4.3158971986260495
4.660297108354611
4.79584036480453
4.3512703970504
3.855243268861861
3.167344981539154
2.514082493554901
2.621365951203806
3.06001683052467
3.1611321554346192
3.3221506110088037
3.111836378363338
2.860440480197006
2.769960724983128
2.6146002088036653
2.626126010157216
2.432560979185296
2.230697271907625
2.2489483522007414
1.9301850268344145
1.6959170064306222
1.847093473543732
1.3635396962311734
1.2348557624156726
1.5858505695481
1.4744165968208205
2.0886408874883977
3.020054731973177
3.304191277985918
3.381563813036036
3.456548319766956
3.1500638146958853
2.818455209200072
3.1209029398082624
3.100721990126016
3.823839470977084
4.47789935443036
4.553969817391597
4.505763448128124
4.056394064699647
4.034269265076715
3.918539412403167
4.064707680537023
4.157860586078917
3.715014876489225
4.133677571171639
4.006132469543198
3.9376580007612447
4.233496694696527
3.314168353234515
3.686750544207
3.2850152752775195
2.845958510009919
3.297557095991138
2.590816600276556
2.830453648309783
3.5677500361150885
4.132135944245915
4.532248074073333
5.311779159567092
4.735301027424186
4.263201215152543
4.49002866033759
3.7695786235374977
4.372604295570366
5.147940523480188
5.814100936705867
6.84517905114079
7.342511025252228
7.91072497297491
8.146880665383566
8.08811575211513
8.001317677261508
7.102688194982336
6.538026947798119
6.2441431616130565
6.315788574540944
6.366858886506074
6.11696102458494
6.419865891749176
6.35423435644224
6.7704931392614345
6.91405425372996
6.799744115148821
6.523007584800735
5.814252085746638
5.877182461317597
5.325823669514693
4.964111477646778
5.647291041170822
5.668376662812312
5.589028209560994
5.657699960102658
5.1220654437230015
4.865563067663622
4.516384957513421
4.482827398872151
4.336280376334542
3.7329034138965977
3.836494415064337
3.4275616583280373
3.0505319613806923
3.1984830402385853
2.7303463901987213
2.544683892709936
2.4539432456264554
1.7430946218620746
1.3312111247121106
0.762881609779257
0.3390235696852862
0.528862611045968
0.5264076022589183
0.8805719696923962
1.254531213232587
1.0060199973045325
0.885594486766081
0.9416663426989588
0.3532379836957488
0.6652595188459017
0.6781618218756291
0.1170564974383027
0.3604894074999811
0.0390573086865003
0.231753518088208
0.1677462331345854
0.2196176499768647
0.6072390805612639
0.8507225930008181
1.909915250028364
1.8700526042906165
2.341165111445041
2.4791389399242774
2.011148399747579
2.8943942397558216
2.7405106838065545
2.682128392545461
2.9013579060487773
2.6962755291360296
3.1431728308294646
3.3291933216582
3.365501162133293
3.0961720517605027
2.5170174562797105
2.160050512570466
1.9344837627216145
1.8131754761939571
1.83037068255359
1.7839042095472757
1.6401541182941957
1.8645038864088777
1.7270389032158264
2.0847989197086023
2.836871209653856
2.9353478499245127
3.191437045679113
3.207808465111398
2.7507279148903
2.3973826814627497
2.213290335551409
2.1961467173747447
2.468501939567564
2.529344527102092
2.678107197390728
2.695160553065996
2.427766680605366
2.7632724906266706
3.42643685028272
3.4750883036297684
4.181107227514605
4.393583508297732
3.820503629716153
4.205682440180847
3.828376828566952
3.52053674358324
3.3747906295226016
3.0120372069519643
2.5693487368983936
2.8263588257759227
3.580860468848757
3.4125984200692905
3.52457626626302
3.414138843375656
2.9218616799643127
2.940311130978257
2.755149127871253
2.434509502848152
2.306027601881251
1.9527399830925347
2.065872954876665
1.851169204847766
1.716745670322526
1.9877280141091915
1.7284946568802115
2.202505891792916
2.061865047506394
2.387693740302506
2.4054976114392583
1.8766193807405245
2.159147754130066
2.013794026675707
2.4361157237001434
2.9859987886392143
3.3180129395021907
3.2191523181888924
3.3279395281178985
3.0383506993702043
2.795103384705397
3.0946764614743825
2.796881535547323
3.1110590172575763
2.580711734902593
2.38800949789563
2.519104219353364
2.159942408084345
2.64144156990172
2.0426887531098923
1.7408542509039149
1.6098499317169797
1.0473125748484602
1.6188772849991204
1.4877178821709884
1.481692147864034
1.406937463121488
1.136775294716251
1.4027748670926306
1.648096234143506
2.1674716964711656
2.64504357231682
2.848979699160977
2.624002500746301
2.091149522614281
1.5908776283868291
1.0057704724597785
1.381356364286395
1.4682055310122832
1.393230612634573
1.914918035508389
1.6549148595686591
1.5734269409312225
1.564112955224465
1.1133679310680609
0.629515119389183
0.8789438075956107
1.1151084556119093
1.2506523408680192
1.846758502662384
1.9473965914753029
1.538558110270626
1.3774541415619534
1.3078376938388463
1.0220266232403576
1.043511263531905
1.275290282918238
0.7506992329156061
0.6596090070938208
0.2587587787579387
0.0830531625796617
0.2171729573543742
0.1903317710351544
0.6456541731569965
0.8322350084658386
0.7462532737454418
0.6257314318807838
0.4847071233572321
0.3052939245813935
0.7010905450349227
1.2253854057076352
1.910874688433093
2.263342330477341
2.28776553033622
2.134396014313986
1.6533746346553224
1.1314397325585492
0.7697109697834316
0.5707019802355533
0.8004637948920577
1.37693940898815
1.5971528255577916
1.9156506232928128
1.809770151912231
1.4979413700834892
1.46692002604724
1.144095900590539
1.231389992062297
1.2108741282842272
1.3760196242268246
1.563043345159371
1.255634575034695
1.3348315331295757
1.3594309356186214
1.3126841974635273
1.7968922088348591
1.8145298421479723
1.509395894103944
1.7964929473284963
1.5615797816876518
1.8500213376323225
2.1560800382224268
2.0595703369791645
2.1343667487210327
1.9468009710319296
1.899118203763145
1.5898595412074554
1.4815786481452249
1.5193802129784588
1.2980603643566246
1.5177806020353473
1.7243710310446605
1.6325588886383162
1.7480050385811905
1.629483419423597
1.4350716013812883
1.682170759288327
1.7038376406565414
2.097972920203423
2.400579837874929
2.2264180368776767
2.2842420568466437
1.8455876053662552
1.5618859053810132
1.3477169705893288
1.1882849727229017
1.0315305001156576
0.91912154179849
1.16236268114681
1.516369586437175
1.85615064222726
2.1839149028679112
2.2471729116211936
2.2111961420866497
2.242406780964385
2.298870632469671
2.0279071253687917
1.9158569092280595
1.827501504977621
1.508374388708678
1.5936836704599688
1.3286282904127589
1.2359790469346337
1.2268207608529276
1.2088377304127491
1.367732354687351
1.3465384845029666
1.306000987675083
1.148913311134532
0.8909916419325724
1.0057092213859486
0.9244051076705824
0.9191797134836076
1.0816798406666943
1.1583877211118476
1.3374396030528368
1.5160721372363548
1.3080594121525548
1.2045014956864342
1.109290366194993
0.9545624357018806
1.1024147489985026
0.8917176755527174
1.1751756330170238
1.4241637874120097
1.7571683329522323
1.947715126730274
1.686348558606919
1.5673609906528014
1.55742903678643
1.8943594577693896
2.0408559432881663
2.1265894152540143
2.3273096316817954
2.133703706375988
2.243816229790233
2.8161786028612776
2.835530654256873
3.2622970633955
3.2154166774035016
2.9440832321501107
2.728289602949573
2.6796024239218146
2.71079504521369
2.2368865825498445
1.8330846434019632
1.4908052836325252
1.203093879447003
1.3291963680854575
1.8374493042415936
1.973994989071532
2.1498184466551
2.4385155149020803
2.2693039517082427
1.92109342261372
1.9676913503228892
2.337015160119173
2.3864361414131667
2.665747685603202
2.492266642251959
2.022739302431887
2.017999998308699
1.8664377557359244
1.943385162936325
1.1743068063989346
0.533772134136712
0.3079658803144726
-0.2376843087371386
-0.3294320424923663
-0.0498146554205023
-0.5912969381409464
-0.5147752326162575
-0.1945365084577358
-0.2822855772708166
0.4600236490528857
0.7065977213947192
0.7968701629591964
0.765354867718668
0.5035626123962468
0.4370458626077982
0.5412628006284911
0.7843329879315644
0.913024673111992
1.298237903995359
1.233878562112291
1.102696421697169
1.0485416135649777
0.8984609174328775
1.0595078060869487
1.1711061123674105
1.1972199043960037
1.3830538979896534
1.3985613444233649
1.801847368626572
1.794358306385966
1.7818253479363115
1.951089283578424
1.5033597681820297
1.885703102403982
1.9508420263020023
1.5420581856066766
1.7084582272985376
1.4155480672738006
1.0388945089704602
1.1266973714061288
1.1123355223883775
1.0315850922615422
0.918313873311419
0.913199536618245
0.7277903973554269
0.7758295165376106
0.8760821155205345
0.6045305256045952
0.1953199110433634
