-0.3507977941404794
-0.102745802829009
0.4426657372444937
0.7336185028445531
1.627115574949143
2.476258697488868
2.989211417191192
3.443503438568078
4.275422955703619
4.547833565895204
4.882277015291056
5.672655060781864
5.572137609104707
6.119624071566841
6.254832570232273
6.156559728315918
5.879856169804588
5.957439438277736
6.202470708517708
5.956471134371554
6.064482016698142
5.992603381810183
6.590404798104279
6.756041935553267
6.892451213317518
6.623978717986461
6.051389524119992
6.234917940432492
6.6771791596698495
7.541029788367793
6.893024612313295
6.493120340833697
5.373314123075331
4.168201576627996
4.59017727275175
3.716532434726101
2.5301204812981144
1.6969649150990227
-1.2405293821148105
-2.6090452532728965
-3.210718432278993
-3.924527232667483
-2.5068239936369303
-2.004049876753866
-0.5916977156303315
0.5371263979312038
1.4711756586501523
3.382456225023432
3.1856343515293544
2.4512727657416518
1.9396366232580668
2.009545768199974
2.8160985707609765
3.86647228578435
4.008017983220011
2.2322270349347484
2.7229870728676246
1.8280867675994832
1.0781550065999002
0.9582834330348708
-0.4170861519936882
-0.6137482733187811
0.5249950404956545
1.6632648768756442
2.758960862850341
3.818800267342227
3.403667539942104
2.61173584524661
2.744798497411236
3.214103741710008
2.929947987037125
3.7973262579620393
4.030703114067578
3.8859772609334655
5.229512554655413
5.120942481825557
3.268309070374785
2.539969892270083
2.0870981503317334
2.098910235182915
3.468196464659428
2.542238479756559
2.0528020149328285
1.4084696474759677
0.4430434326545635
0.8559162430031596
0.8548219005041617
0.4904200444808648
0.9525071952998898
2.043456199478147
2.624632502516215
3.4923043003661944
4.323218038743213
3.754476645456423
3.229119869652644
3.5926467688355963
3.732673084393406
4.310166780281348
4.614330708739426
3.891702068527859
3.1646359862881512
3.055480464016855
3.963164129289355
4.6225114515862895
5.028774347860435
5.122639495884141
4.130760618183293
4.607991634912159
4.00525845113561
3.9011241549583326
4.612291456856892
4.194401985024784
4.431885595722592
5.189448015661742
4.2823870278749006
4.593660292922381
5.251999812350089
4.62162054977137
4.874172176731931
4.39534252682477
3.796518331484134
3.825439501180836
3.791371489967546
4.1866674927747285
4.42518056498026
4.121696335000878
4.3805231543838135
4.293725802517867
3.310207403494569
2.6787811249385687
1.854435290289877
0.7425824362291357
1.0957860598991864
1.351777002911169
2.004899712089131
2.998247078355038
3.3690610819579674
3.541727658510696
3.241757148433048
2.5513287422232365
1.795672331302036
1.428138003185795
1.3591687776680836
1.4819520534491406
2.230915011924142
3.020390973801524
4.080239030221399
4.791636301653131
3.709927179449393
3.1607415850286444
2.5687865972794173
2.00733638111484
2.483155469029149
3.149106921353814
2.3157380332263746
2.3278203066933787
3.012071259879429
2.159624866934476
2.1597734707653045
1.9015531233516545
1.3138914610935633
1.605069933699853
2.2209901565434365
2.024688141916738
2.100505604267697
1.8870777290953589
1.74365522029859
2.1373075097271346
2.0952345406161523
2.2145169318443982
2.248587172703691
2.6437317547311934
2.835875373539997
3.2857065721711387
3.297261656980881
3.291146004257372
3.619122549166896
3.251713181507544
3.3901023032606186
3.2050603435482388
3.09752103973857
3.629056280096512
3.662405601826099
3.609872399254704
3.3465862623041227
3.022594776492802
3.981105816302376
4.761900553728092
6.225943712152766
7.105432860655606
6.497530090420907
6.433365367802498
5.630068451460955
4.599937387964814
4.41190046572253
4.001981123202604
3.647377948198408
3.529014830100179
3.61233261409274
3.726926012042085
4.249661513282241
4.272492211163753
3.856699133558259
3.1741932907850763
2.422206689295582
1.9424472186460011
1.7740835709968044
1.7033156763035922
1.576649872799773
1.6620173322988294
2.083152691629869
2.1454708409127874
1.467377387498911
1.526514770437175
1.3279803275037594
1.2637209215767349
1.7112232616328555
1.5159142505387826
0.9773170210669528
1.194804598259062
1.2424976822142038
1.786613944709588
1.9866844223973985
1.746313007283901
1.3180780746159804
1.078364450971547
0.5602133818597989
0.4817559594971943
0.7378571935542592
0.3034703707447883
0.918113694453174
1.2460174905183616
1.1878157833550045
1.1192304268146094
0.7686842728931793
0.5775225196342978
0.8225841381413322
1.646752645827859
1.939302256257244
1.7868242710331748
2.048185715907308
1.553542683589228
1.6452712647143684
1.8838656804261336
2.35247960941552
3.0273007349008902
3.1030048979551577
3.22055320452998
2.4922244816200134
2.030297152013641
2.1818078353522976
2.166146830121408
2.415416247124358
2.7685316187153823
2.5254360437824177
2.26658031907824
2.1883680090384234
2.069201255091488
1.6537784144674976
2.158313572678649
2.037369739982589
1.7125096778264892
1.6355067195177535
1.4556888163158916
0.9813892396776286
0.7464595978273276
0.817903105819328
0.1810390119067078
0.7866903642744922
0.9944112079095532
1.260974704538738
1.285784457594337
1.058423010008784
0.9921702796868576
0.9803155126905636
1.12568743744942
1.151572290385927
0.9728567425911492
0.7191536905190141
0.9349057758144222
0.8138428670966601
1.2784004627732148
1.7365996962925323
1.7548492140479812
1.9182802263573016
1.5964083370584743
1.531638901344804
1.722660502925497
1.651191608169694
1.82127820617851
1.6846504998380312
1.6532941948899391
1.6280007031123704
1.5842783700853251
1.7780012516206936
1.789735082655158
1.7157776179359414
1.4733844340135025
1.186068910260259
0.9829866897011722
1.4222371165472714
1.7673487031997774
1.788777500539665
1.8685180484659345
1.2248536257448728
0.978839902156714
1.0347680012520084
1.0050345003957428
1.3713819108302454
1.3077888817125554
1.2852829379417126
1.2175694900863931
1.4938722130459383
1.2019592395618914
1.0608931841856892
1.2685690916739965
0.7122535319119997
0.9837759921654978
0.9556103623541206
0.4713510825995288
0.8765528678941149
0.9340162228885528
1.1869574022429008
1.4299431981591504
1.0839968286804722
0.9777013392705144
0.8006234169076314
1.0728747791211974
1.245236610569974
1.3519555006489754
1.3483804712609486
1.0399265624468774
1.1590134240899566
1.3587667984091707
1.1465763118853838
0.8914687000545177
0.980126780496704
0.7800867600906264
1.089986087246737
1.2704605797470827
0.7355069441950994
0.6281230056716133
0.709212920770681
0.5014338711788497
0.6356310686032581
0.7230400216931568
0.3223429204630935
0.5338590737573818
0.3918800598174597
0.1436893057222372
0.6654549262751607
1.2985353092181815
2.0610483127524053
2.8381308236293625
2.822344856828079
2.6978351108984557
2.8451313600761945
2.666179284013586
2.4504467019896925
1.9570319501531568
1.3237113289655174
0.9925062397876748
1.4533820337558256
1.2730735236763835
1.008014940401301
0.9085860616674628
0.512511311611511
1.048456451035714
1.545662078670883
1.7818917327761536
2.1461305665345702
1.9053402349040696
2.0127647549707524
2.526168596813048
2.045706580432862
2.38830042381109
2.5596903948571605
2.2858752211560915
3.508551530879215
3.8116621233558017
3.292630810687834
3.692275285285029
2.738799711700909
2.454821603756889
2.688629253374833
2.2873981126229865
2.3627195021798397
1.961692065915392
1.902598037427688
1.6909617811723223
1.4717347570849588
1.934280584470572
1.9207486265803415
2.1132443635237443
1.9521961814993491
1.7755768799596452
1.3719566372594871
1.0513330344249718
0.7925986520808397
0.0811835901608174
-0.0988377843283068
-0.6872293995772903
-0.9566367743532896
-0.9782607332868598
-1.103225888848088
-0.7242235087074356
-0.3764876179890823
-0.2392723561626252
-0.1654129972843501
-0.3981106281014531
-0.1973624217604692
-0.0342471610926356
0.0341510304973814
0.3939080519192538
0.1292022830558034
0.1442676803360103
0.1256419596030883
-0.1523971735228065
-0.1011716159462396
-0.2910369401079005
-0.2645883155128887
0.1113069324250148
-0.0246955286355903
0.3222849150627992
0.5449120799353061
0.1257373088413381
0.2028622699255271
-0.1583538715487145
-0.3788184821246104
-0.0564522243027859
-0.129531444395299
0.0860346337747872
0.3754539165941014
0.3645318264702702
0.4895496426410938
0.5860661148446428
0.3097067654163188
0.3577531222529134
0.4178793095454993
0.0188777219497055
0.09315019723714
0.0593847251154681
-0.2868254813271794
-0.0445616635949015
-0.0208715103257982
-0.1556028292861643
0.1129365334913698
-0.1103061777619994
0.1141582624657293
0.2074515911304158
0.2964398721107708
0.6429581802829654
0.2597639912620849
0.1494343390428944
0.1751823730382899
0.2687310731028675
0.3377498289641677
0.5072909020844178
0.414124464095059
0.1114856802073052
0.2139544875485296
0.0812067369903209
0.1774463559649115
0.1562754630352154
0.4914381964551286
0.750181986625264
0.5936232007711044
1.0853361671395672
0.8798722389930513
0.9837084665700117
1.5354255097847114
1.8188593370972876
2.001640036105408
1.9118316634068648
1.7561988489387923
1.2060875356593297
1.2221260831700098
1.5394827491739989
1.3590226364618652
1.5229050199005827
1.4406955775592036
1.2527204579182158
1.4548424832703504
1.2246337721941982
1.1609508800112
0.980367629043437
0.8620936785406812
1.0621714114053191
0.8688825378496118
0.892132774334568
1.0288649353430492
1.279887964942375
1.531157006289731
1.6617417792242144
1.7504756321069883
1.7825599484653467
2.0363962464861127
2.608740520698679
2.9022091146372286
2.4127727172564546
2.4208271878447607
2.260647210481172
1.9342055674424845
2.3662213923380704
2.5293737077670357
2.012112681193349
2.2931915741819697
2.483001368955025
2.147226274314384
2.560296169078437
2.4584282298199587
2.6963670180513724
2.6600619297074486
2.65645922639661
2.725016783454158
2.621755792561211
3.0334570251364563
2.9447231579543725
2.785951715718788
2.233240760254703
2.280915758329322
2.3333595213760354
2.4925171100192745
2.6699960506029123
2.4343921654863774
2.586908510258461
2.2897365703785253
2.2689122256869125
2.513512877009183
1.9506579980115868
1.8880353060162416
1.8099335730656776
1.727093862603324
1.761841769174208
2.129594568374828
2.371822983481461
2.299240673887629
2.8427347760717283
3.066375889786729
2.9831862132289304
3.1327620289470257
3.0532059067152666
2.744485584699808
2.870844951912425
2.8745052012857477
2.8420146553633496
3.220317629702965
2.758790661079728
2.679160577553269
2.612120256296941
2.67346803964123
3.000271476552956
2.622628365200772
2.6677409778639647
1.7170745618485994
1.8936980546594075
1.673268938560841
1.187646628446359
1.2103516139451482
0.5339037179457885
0.6244369830901169
0.9186837062780014
1.2860865243092183
1.7894440266977332
1.9489486307985997
2.026675198636472
1.712522102997828
1.6768653649303582
1.6171939362294034
1.5476999309370567
1.6271256358655604
1.0814427736782326
1.460092325911181
1.432413512118241
1.4595758742028548
2.050626107153472
1.7820639523133373
1.4281452761892686
1.2101418685094252
1.0096539908859326
1.1980552433119558
1.7503141698255231
2.0080530169345847
2.522492789408221
3.106900120581209
3.01284967872935
3.203149470752669
3.028752257715821
2.4274924805802307
2.693311937872552
2.692912943732931
2.417828934933872
2.565829157553969
2.4158322272474084
2.8251662355532834
2.8770601047335664
2.5471916390604363
2.502134189886711
2.194342399797131
2.284507582259493
