1.2599999904632568
1.4199999570846558
0.6600000262260437
1.4800000190734863
0.9399999976158142
0.7799999713897705
0.5799999833106995
0.8799999952316284
1.0199999809265137
0.8799999952316284
1.5399999618530271
0.9399999976158142
1.3200000524520874
1.1399999856948853
1.7000000476837158
1.8600000143051147
1.0199999809265137
1.440000057220459
1.2799999713897705
1.159999966621399
3.259999990463257
2.619999885559082
1.6200000047683716
2.0999999046325684
1.919999957084656
1.840000033378601
2.1600000858306885
2.359999895095825
1.9800000190734863
2.0199999809265137
2.240000009536743
2.6600000858306885
4.679999828338623
5.920000076293945
7.699999809265137
8.680000305175781
7.119999885559082
7.059999942779541
11.0
14.760000228881836
15.760000228881836
14.699999809265137
22.26000022888184
36.27999877929688
30.979999542236328
20.020000457763672
7.760000228881836
12.800000190734863
22.0
32.400001525878906
29.34000015258789
18.959999084472656
8.800000190734863
20.84000015258789
39.58000183105469
35.34000015258789
21.700000762939453
10.65999984741211
20.34000015258789
36.84000015258789
31.479999542236328
14.899999618530272
6.960000038146973
12.420000076293944
27.700000762939453
26.65999984741211
13.31999969482422
6.380000114440918
15.68000030517578
36.63999938964844
34.36000061035156
19.559999465942383
8.859999656677246
16.34000015258789
33.720001220703125
33.7599983215332
21.059999465942383
10.760000228881836
19.899999618530277
39.27999877929688
38.34000015258789
19.399999618530277
8.479999542236328
10.15999984741211
19.8799991607666
34.08000183105469
30.07999992370605
16.959999084472656
9.619999885559082
19.920000076293945
40.5
37.70000076293945
23.1200008392334
11.979999542236328
16.68000030517578
32.400001525878906
30.57999992370605
17.219999313354492
7.159999847412109
12.739999771118164
30.86000061035156
31.5
16.420000076293945
7.300000190734863
10.9399995803833
20.459999084472656
36.15999984741211
34.29999923706055
19.65999984741211
11.619999885559082
19.21999931335449
44.91999816894531
47.27999877929688
29.3799991607666
10.579999923706056
6.21999979019165
10.420000076293944
23.57999992370605
46.20000076293945
46.560001373291016
28.440000534057617
10.5600004196167
6.760000228881836
13.079999923706056
30.540000915527344
32.060001373291016
19.020000457763672
12.859999656677246
22.799999237060547
49.52000045776367
50.459999084472656
30.940000534057617
11.739999771118164
7.619999885559082
14.260000228881836
32.36000061035156
34.7400016784668
22.31999969482422
14.020000457763672
22.520000457763672
46.41999816894531
48.29999923706055
32.36000061035156
13.479999542236328
9.4399995803833
16.1200008392334
32.02000045776367
33.41999816894531
21.13999938964844
14.920000076293944
25.520000457763672
26.21999931335449
16.6200008392334
10.380000114440918
19.920000076293945
42.59999847412109
43.36000061035156
26.76000022888184
10.520000457763672
7.079999923706055
13.899999618530272
27.780000686645508
27.059999465942383
16.15999984741211
10.539999961853027
19.3799991607666
37.060001373291016
38.20000076293945
24.440000534057617
17.479999542236328
26.71999931335449
26.76000022888184
17.040000915527344
10.18000030517578
13.5600004196167
25.020000457763672
33.119998931884766
28.420000076293945
16.15999984741211
9.960000038146973
15.479999542236328
30.920000076293945
31.700000762939453
19.81999969482422
12.15999984741211
18.700000762939453
36.29999923706055
36.560001373291016
23.399999618530277
13.9399995803833
18.780000686645508
33.34000015258789
31.6200008392334
21.21999931335449
14.600000381469728
21.899999618530277
37.2599983215332
36.31999969482422
23.18000030517578
13.699999809265137
18.18000030517578
34.779998779296875
35.2599983215332
24.020000457763672
15.399999618530272
22.86000061035156
42.5
44.08000183105469
28.36000061035156
12.119999885559082
7.800000190734863
11.739999771118164
19.71999931335449
29.5
26.57999992370605
16.3799991607666
9.239999771118164
10.65999984741211
19.200000762939453
31.020000457763672
30.299999237060547
21.07999992370605
14.619999885559082
21.899999618530277
32.540000915527344
30.15999984741211
19.200000762939453
11.18000030517578
14.039999961853027
21.540000915527344
33.060001373291016
32.119998931884766
21.34000015258789
15.359999656677246
16.079999923706055
18.959999084472656
28.040000915527344
25.920000076293945
16.360000610351562
10.720000267028809
14.699999809265137
21.5
28.920000076293945
25.31999969482422
14.84000015258789
11.0600004196167
15.779999732971191
25.84000015258789
26.21999931335449
17.760000228881836
12.9399995803833
17.34000015258789
30.1200008392334
29.71999931335449
19.57999992370605
12.979999542236328
16.219999313354492
29.0
28.540000915527344
18.540000915527344
12.9399995803833
16.760000228881836
24.739999771118164
34.84000015258789
31.959999084472656
20.739999771118164
13.739999771118164
18.940000534057617
34.099998474121094
34.040000915527344
22.020000457763672
11.579999923706056
14.220000267028809
27.020000457763672
27.299999237060547
19.280000686645508
12.800000190734863
13.359999656677246
20.71999931335449
32.560001373291016
32.2400016784668
21.280000686645508
14.739999771118164
20.020000457763672
32.36000061035156
33.36000061035156
23.21999931335449
16.899999618530273
24.15999984741211
38.34000015258789
37.70000076293945
26.299999237060547
13.039999961853027
9.239999771118164
14.039999961853027
24.6200008392334
33.720001220703125
30.739999771118164
19.239999771118164
12.960000038146973
13.720000267028809
17.860000610351562
23.799999237060547
31.200000762939453
27.280000686645508
17.84000015258789
13.380000114440918
21.100000381469727
37.59999847412109
40.29999923706055
27.780000686645508
13.960000038146973
9.899999618530272
13.300000190734863
21.020000457763672
29.100000381469727
27.239999771118164
17.260000228881836
11.579999923706056
14.640000343322754
22.799999237060547
31.479999542236328
29.299999237060547
19.979999542236328
14.279999732971191
15.31999969482422
20.020000457763672
28.5
27.540000915527344
18.8799991607666
13.4399995803833
15.739999771118164
21.07999992370605
27.399999618530277
26.1200008392334
18.520000457763672
13.239999771118164
17.15999984741211
25.799999237060547
27.18000030517578
20.3799991607666
16.18000030517578
20.399999618530277
29.540000915527344
29.100000381469727
19.920000076293945
14.199999809265137
17.459999084472656
26.15999984741211
24.68000030517578
21.940000534057617
20.84000015258789
23.959999084472656
28.899999618530277
25.700000762939453
17.0
10.899999618530272
10.880000114440918
14.239999771118164
23.21999931335449
35.2599983215332
34.060001373291016
23.21999931335449
14.479999542236328
14.9399995803833
18.799999237060547
25.34000015258789
25.18000030517578
17.299999237060547
9.859999656677246
9.520000457763672
10.859999656677246
12.65999984741211
17.100000381469727
22.31999969482422
25.739999771118164
21.68000030517578
17.700000762939453
18.15999984741211
23.31999969482422
28.739999771118164
27.21999931335449
17.479999542236328
12.140000343322754
12.960000038146973
19.21999931335449
32.20000076293945
31.81999969482422
21.420000076293945
15.079999923706056
18.86000061035156
24.5
28.71999931335449
25.5
16.299999237060547
12.479999542236328
17.299999237060547
29.63999938964844
29.1200008392334
19.65999984741211
12.15999984741211
13.619999885559082
17.520000457763672
25.040000915527344
24.239999771118164
24.899999618530277
31.940000534057617
31.13999938964844
20.799999237060547
12.899999618530272
15.579999923706056
25.5
27.020000457763672
19.600000381469727
14.699999809265137
17.920000076293945
27.18000030517578
28.0
19.21999931335449
11.020000457763672
12.65999984741211
19.34000015258789
25.3799991607666
23.459999084472656
18.65999984741211
16.920000076293945
19.57999992370605
23.239999771118164
25.540000915527344
23.31999969482422
20.600000381469727
21.920000076293945
26.600000381469727
25.15999984741211
15.779999732971191
11.020000457763672
10.5
12.800000190734863
14.0
14.119999885559082
15.520000457763672
18.200000762939453
22.07999992370605
29.200000762939453
28.600000381469727
20.6200008392334
15.520000457763672
17.15999984741211
22.36000061035156
29.540000915527344
27.71999931335449
19.57999992370605
14.100000381469728
13.640000343322754
17.81999969482422
23.020000457763672
30.479999542236328
29.21999931335449
20.71999931335449
13.31999969482422
15.600000381469728
19.280000686645508
24.979999542236328
28.36000061035156
25.979999542236328
17.68000030517578
14.479999542236328
16.940000534057617
20.71999931335449
22.1200008392334
22.420000076293945
26.059999465942383
23.940000534057617
21.86000061035156
23.440000534057617
28.8799991607666
26.239999771118164
16.600000381469727
10.520000457763672
10.960000038146973
12.579999923706056
14.579999923706056
16.6200008392334
20.13999938964844
29.280000686645508
28.1200008392334
20.059999465942383
15.720000267028809
19.959999084472656
27.84000015258789
27.6200008392334
19.36000061035156
15.640000343322754
17.799999237060547
25.399999618530277
23.15999984741211
21.479999542236328
21.07999992370605
22.700000762939453
23.57999992370605
27.57999992370605
26.68000030517578
17.260000228881836
12.739999771118164
16.139999389648438
21.559999465942383
27.3799991607666
24.299999237060547
20.81999969482422
22.1200008392334
25.07999992370605
20.920000076293945
18.280000686645508
22.299999237060547
30.15999984741211
29.399999618530277
20.34000015258789
14.300000190734863
17.18000030517578
20.700000762939453
30.100000381469727
26.700000762939453
18.200000762939453
10.859999656677246
12.079999923706056
14.760000228881836
17.8799991607666
22.0
29.26000022888184
25.540000915527344
17.81999969482422
12.800000190734863
13.300000190734863
17.65999984741211
20.479999542236328
22.600000381469727
27.15999984741211
24.84000015258789
22.059999465942383
25.540000915527344
24.07999992370605
22.920000076293945
25.520000457763672
23.440000534057617
21.600000381469727
26.8799991607666
26.940000534057617
19.100000381469727
13.760000228881836
13.380000114440918
15.68000030517578
19.559999465942383
24.520000457763672
29.36000061035156
25.15999984741211
15.899999618530272
12.359999656677246
13.65999984741211
16.059999465942383
19.18000030517578
23.299999237060547
25.200000762939453
20.68000030517578
15.880000114440918
13.079999923706056
16.6200008392334
21.520000457763672
27.799999237060547
25.420000076293945
16.639999389648438
10.31999969482422
10.5
13.600000381469728
17.5
20.979999542236328
24.3799991607666
28.959999084472656
25.68000030517578
18.059999465942383
13.020000457763672
15.020000457763672
18.07999992370605
21.63999938964844
26.600000381469727
23.200000762939453
19.280000686645508
18.739999771118164
22.399999618530277
26.239999771118164
24.600000381469727
21.86000061035156
20.020000457763672
22.26000022888184
22.520000457763672
25.21999931335449
22.3799991607666
19.440000534057617
16.65999984741211
17.600000381469727
20.540000915527344
24.940000534057617
26.459999084472656
21.34000015258789
18.84000015258789
19.899999618530277
25.34000015258789
22.739999771118164
18.459999084472656
20.26000022888184
24.479999542236328
27.940000534057617
22.34000015258789
19.07999992370605
17.020000457763672
18.63999938964844
22.31999969482422
26.36000061035156
20.059999465942383
15.520000457763672
15.920000076293944
18.15999984741211
20.3799991607666
23.18000030517578
24.57999992370605
26.399999618530277
21.440000534057617
17.3799991607666
15.899999618530272
20.299999237060547
24.3799991607666
30.1200008392334
28.13999938964844
20.239999771118164
13.020000457763672
11.579999923706056
13.199999809265137
15.899999618530272
18.21999931335449
19.479999542236328
18.399999618530277
21.71999931335449
24.68000030517578
28.899999618530277
26.0
18.57999992370605
13.539999961853027
14.600000381469728
17.559999465942383
20.63999938964844
24.68000030517578
31.6200008392334
28.26000022888184
20.15999984741211
13.260000228881836
14.279999732971191
18.920000076293945
26.15999984741211
24.780000686645508
22.440000534057617
23.18000030517578
28.34000015258789
24.84000015258789
23.100000381469727
24.0
28.76000022888184
25.31999969482422
16.15999984741211
11.859999656677246
10.720000267028809
13.81999969482422
15.220000267028809
18.959999084472656
20.459999084472656
22.26000022888184
26.26000022888184
22.420000076293945
21.200000762939453
26.299999237060547
26.299999237060547
17.780000686645508
11.65999984741211
15.260000228881836
20.399999618530277
24.86000061035156
27.26000022888184
23.86000061035156
20.700000762939453
21.1200008392334
24.299999237060547
27.600000381469727
24.71999931335449
22.479999542236328
21.84000015258789
26.5
22.399999618530277
18.420000076293945
21.65999984741211
28.71999931335449
27.739999771118164
18.21999931335449
13.699999809265137
14.800000190734863
18.8799991607666
22.540000915527344
26.36000061035156
22.81999969482422
20.8799991607666
21.059999465942383
23.15999984741211
26.540000915527344
23.5
19.280000686645508
17.31999969482422
19.420000076293945
19.899999618530277
22.81999969482422
22.86000061035156
24.6200008392334
23.559999465942383
24.459999084472656
28.020000457763672
24.5
19.559999465942383
17.559999465942383
18.600000381469727
20.920000076293945
23.100000381469727
23.1200008392334
22.299999237060547
20.5
21.07999992370605
22.07999992370605
24.799999237060547
25.76000022888184
22.1200008392334
20.280000686645508
17.739999771118164
19.420000076293945
18.799999237060547
19.440000534057617
20.68000030517578
23.13999938964844
26.18000030517578
23.299999237060547
17.979999542236328
15.039999961853027
18.600000381469727
20.86000061035156
23.200000762939453
23.459999084472656
25.81999969482422
22.799999237060547
20.57999992370605
19.700000762939453
19.479999542236328
21.739999771118164
24.040000915527344
26.6200008392334
23.940000534057617
19.0
18.920000076293945
21.31999969482422
26.479999542236328
23.559999465942383
22.239999771118164
22.600000381469727
28.600000381469727
26.540000915527344
18.3799991607666
14.420000076293944
15.119999885559082
17.040000915527344
19.040000915527344
19.600000381469727
23.600000381469727
30.479999542236328
28.84000015258789
18.68000030517578
10.880000114440918
10.859999656677246
13.5600004196167
15.260000228881836
15.859999656677246
17.68000030517578
20.15999984741211
22.26000022888184
21.899999618530277
22.479999542236328
23.31999969482422
24.920000076293945
27.26000022888184
23.780000686645508
20.239999771118164
18.1200008392334
19.0
21.15999984741211
23.100000381469727
23.86000061035156
23.440000534057617
24.479999542236328
25.399999618530277
21.020000457763672
17.719999313354492
19.780000686645508
20.18000030517578
23.200000762939453
26.479999542236328
23.059999465942383
21.399999618530277
23.07999992370605
28.799999237060547
27.700000762939453
19.71999931335449
13.739999771118164
14.65999984741211
16.780000686645508
18.65999984741211
22.979999542236328
27.57999992370605
23.540000915527344
19.540000915527344
17.579999923706055
19.81999969482422
23.18000030517578
25.13999938964844
22.979999542236328
19.420000076293945
19.13999938964844
22.059999465942383
24.799999237060547
27.21999931335449
24.86000061035156
23.040000915527344
23.299999237060547
25.8799991607666
24.959999084472656
21.459999084472656
21.84000015258789
25.5
24.100000381469727
20.34000015258789
20.799999237060547
23.07999992370605
26.700000762939453
24.520000457763672
22.299999237060547
22.600000381469727
24.21999931335449
25.8799991607666
22.520000457763672
20.739999771118164
20.63999938964844
21.959999084472656
23.540000915527344
28.86000061035156
25.540000915527344
20.07999992370605
16.959999084472656
17.520000457763672
20.100000381469727
22.020000457763672
25.959999084472656
23.979999542236328
18.459999084472656
16.399999618530273
17.6200008392334
19.71999931335449
21.459999084472656
22.81999969482422
22.979999542236328
23.059999465942383
25.13999938964844
23.3799991607666
20.600000381469727
20.540000915527344
22.440000534057617
24.07999992370605
24.440000534057617
24.239999771118164
23.31999969482422
22.76000022888184
24.57999992370605
26.420000076293945
26.34000015258789
20.020000457763672
17.219999313354492
16.280000686645508
16.65999984741211
15.399999618530272
16.18000030517578
17.84000015258789
19.479999542236328
19.940000534057617
22.780000686645508
23.57999992370605
24.18000030517578
24.15999984741211
27.739999771118164
25.280000686645508
19.18000030517578
15.460000038146973
14.34000015258789
14.119999885559082
16.65999984741211
18.959999084472656
22.34000015258789
24.479999542236328
25.979999542236328
24.459999084472656
22.15999984741211
22.07999992370605
24.34000015258789
25.600000381469727
22.059999465942383
19.959999084472656
18.959999084472656
20.440000534057617
24.07999992370605
25.65999984741211
25.31999969482422
19.040000915527344
14.579999923706056
14.539999961853027
16.15999984741211
19.420000076293945
23.36000061035156
27.899999618530277
23.799999237060547
21.5
19.65999984741211
19.920000076293945
21.040000915527344
23.799999237060547
24.07999992370605
25.5
22.280000686645508
19.780000686645508
18.399999618530277
21.71999931335449
25.07999992370605
22.21999931335449
16.81999969482422
16.020000457763672
18.979999542236328
23.100000381469727
25.280000686645508
24.13999938964844
22.15999984741211
22.81999969482422
27.84000015258789
26.63999938964844
18.68000030517578
13.199999809265137
13.239999771118164
15.0600004196167
17.020000457763672
19.81999969482422
20.780000686645508
23.5
26.76000022888184
22.299999237060547
18.520000457763672
19.559999465942383
23.420000076293945
28.21999931335449
24.15999984741211
23.65999984741211
23.559999465942383
26.239999771118164
22.76000022888184
20.059999465942383
19.920000076293945
22.34000015258789
25.1200008392334
23.700000762939453
20.940000534057617
20.020000457763672
23.07999992370605
27.0
24.81999969482422
22.239999771118164
20.76000022888184
21.600000381469727
22.36000061035156
22.3799991607666
25.040000915527344
23.71999931335449
21.100000381469727
17.799999237060547
19.31999969482422
20.959999084472656
24.63999938964844
30.559999465942383
29.420000076293945
21.899999618530277
16.860000610351562
16.600000381469727
20.799999237060547
21.57999992370605
23.1200008392334
25.959999084472656
24.540000915527344
19.6200008392334
20.459999084472656
25.940000534057617
24.13999938964844
20.739999771118164
20.18000030517578
23.3799991607666
26.799999237060547
24.8799991607666
20.940000534057617
22.020000457763672
24.940000534057617
27.420000076293945
23.3799991607666
22.299999237060547
20.26000022888184
23.979999542236328
26.040000915527344
24.979999542236328
22.059999465942383
22.0
23.520000457763672
27.26000022888184
24.440000534057617
22.1200008392334
23.200000762939453
25.18000030517578
20.959999084472656
19.13999938964844
20.059999465942383
23.3799991607666
28.07999992370605
26.479999542236328
21.13999938964844
16.440000534057617
16.3799991607666
19.18000030517578
21.520000457763672
23.479999542236328
27.68000030517578
27.040000915527344
21.059999465942383
14.220000267028809
15.300000190734863
18.920000076293945
20.71999931335449
26.040000915527344
23.200000762939453
21.100000381469727
19.959999084472656
22.63999938964844
26.979999542236328
26.940000534057617
20.780000686645508
17.020000457763672
17.559999465942383
18.6200008392334
20.26000022888184
25.3799991607666
24.81999969482422
22.71999931335449
25.059999465942383
23.239999771118164
20.15999984741211
21.780000686645508
25.36000061035156
23.280000686645508
21.8799991607666
23.040000915527344
26.540000915527344
24.71999931335449
22.31999969482422
23.040000915527344
24.520000457763672
29.459999084472656
27.020000457763672
20.36000061035156
16.700000762939453
16.420000076293945
17.040000915527344
19.0
21.6200008392334
25.059999465942383
22.559999465942383
18.65999984741211
17.34000015258789
20.1200008392334
22.84000015258789
21.84000015258789
22.0
23.71999931335449
24.86000061035156
29.21999931335449
26.18000030517578
21.459999084472656
15.9399995803833
15.359999656677246
16.260000228881836
17.100000381469727
18.26000022888184
20.799999237060547
25.86000061035156
24.36000061035156
22.459999084472656
23.07999992370605
25.0
25.86000061035156
22.1200008392334
20.959999084472656
21.200000762939453
22.799999237060547
23.059999465942383
23.5
25.0
25.86000061035156
21.540000915527344
19.84000015258789
21.6200008392334
24.76000022888184
27.059999465942383
25.299999237060547
18.3799991607666
14.800000190734863
14.359999656677246
16.040000915527344
18.5
20.81999969482422
24.200000762939453
24.18000030517578
25.440000534057617
22.559999465942383
20.700000762939453
19.520000457763672
21.040000915527344
21.13999938964844
26.81999969482422
26.07999992370605
18.239999771118164
11.859999656677246
11.859999656677246
12.68000030517578
14.699999809265137
19.21999931335449
23.34000015258789
27.440000534057617
25.459999084472656
18.68000030517578
13.520000457763672
12.079999923706056
14.739999771118164
17.399999618530273
19.68000030517578
19.739999771118164
20.84000015258789
22.059999465942383
24.780000686645508
25.36000061035156
22.959999084472656
18.57999992370605
19.479999542236328
23.520000457763672
23.86000061035156
25.71999931335449
22.84000015258789
21.459999084472656
20.780000686645508
22.920000076293945
27.84000015258789
23.299999237060547
20.3799991607666
19.15999984741211
22.18000030517578
25.899999618530277
24.440000534057617
21.65999984741211
22.459999084472656
26.81999969482422
25.299999237060547
18.020000457763672
12.5
12.5
14.239999771118164
17.760000228881836
19.68000030517578
23.13999938964844
25.81999969482422
24.959999084472656
22.399999618530277
21.86000061035156
27.68000030517578
25.559999465942383
18.26000022888184
12.699999809265137
14.899999618530272
20.0
25.68000030517578
23.76000022888184
21.780000686645508
20.76000022888184
23.899999618530277
25.200000762939453
22.3799991607666
22.07999992370605
24.899999618530277
29.200000762939453
27.100000381469727
19.059999465942383
14.960000038146973
14.880000114440918
20.6200008392334
30.71999931335449
30.040000915527344
21.8799991607666
15.579999923706056
17.360000610351562
23.899999618530277
31.559999465942383
28.76000022888184
21.239999771118164
17.540000915527344
16.780000686645508
18.739999771118164
22.13999938964844
23.71999931335449
24.739999771118164
24.799999237060547
27.34000015258789
23.26000022888184
18.0
15.800000190734863
18.200000762939453
21.15999984741211
21.600000381469727
20.559999465942383
21.6200008392334
23.739999771118164
25.299999237060547
22.540000915527344
19.34000015258789
19.920000076293945
23.600000381469727
27.26000022888184
24.959999084472656
24.520000457763672
28.940000534057617
27.399999618530277
18.059999465942383
12.84000015258789
13.020000457763672
18.799999237060547
25.239999771118164
23.440000534057617
21.420000076293945
21.86000061035156
26.040000915527344
24.18000030517578
23.440000534057617
24.440000534057617
27.940000534057617
25.020000457763672
18.440000534057617
15.600000381469728
19.34000015258789
25.399999618530277
23.799999237060547
21.1200008392334
22.18000030517578
27.780000686645508
26.13999938964844
20.13999938964844
15.5600004196167
15.18000030517578
17.979999542236328
20.6200008392334
22.84000015258789
25.020000457763672
25.600000381469727
22.57999992370605
18.68000030517578
18.26000022888184
20.68000030517578
22.920000076293945
25.239999771118164
24.780000686645508
23.780000686645508
22.979999542236328
25.57999992370605
23.100000381469727
19.8799991607666
19.5
21.0
25.559999465942383
22.5
20.200000762939453
19.6200008392334
19.84000015258789
22.18000030517578
24.520000457763672
25.940000534057617
23.799999237060547
21.36000061035156
24.63999938964844
26.899999618530277
25.07999992370605
19.21999931335449
18.600000381469727
19.200000762939453
20.84000015258789
24.15999984741211
26.1200008392334
24.239999771118164
22.899999618530277
24.84000015258789
28.57999992370605
25.76000022888184
19.299999237060547
15.619999885559082
15.5
18.26000022888184
19.940000534057617
22.700000762939453
24.600000381469727
29.739999771118164
27.68000030517578
21.34000015258789
17.540000915527344
18.540000915527344
22.57999992370605
27.440000534057617
27.739999771118164
22.780000686645508
17.940000534057617
17.940000534057617
22.420000076293945
27.899999618530277
27.700000762939453
20.399999618530277
16.81999969482422
15.859999656677246
18.979999542236328
23.100000381469727
26.059999465942383
23.520000457763672
19.899999618530277
18.1200008392334
19.81999969482422
21.940000534057617
26.200000762939453
24.5
23.540000915527344
24.21999931335449
27.76000022888184
23.200000762939453
21.280000686645508
23.15999984741211
26.040000915527344
24.899999618530277
21.8799991607666
20.100000381469727
20.100000381469727
21.36000061035156
23.440000534057617
23.84000015258789
25.700000762939453
25.13999938964844
18.86000061035156
15.220000267028809
15.739999771118164
17.239999771118164
17.780000686645508
19.0
22.07999992370605
23.15999984741211
26.0
23.559999465942383
22.57999992370605
21.1200008392334
22.559999465942383
25.739999771118164
24.71999931335449
24.31999969482422
23.959999084472656
22.68000030517578
21.100000381469727
20.899999618530277
22.07999992370605
23.68000030517578
25.459999084472656
24.8799991607666
21.200000762939453
20.0
21.799999237060547
23.26000022888184
23.63999938964844
22.8799991607666
24.13999938964844
24.299999237060547
28.979999542236328
27.100000381469727
20.86000061035156
16.84000015258789
16.459999084472656
18.059999465942383
20.100000381469727
21.18000030517578
23.63999938964844
25.200000762939453
24.36000061035156
23.1200008392334
22.399999618530277
24.86000061035156
24.63999938964844
25.13999938964844
22.459999084472656
20.81999969482422
18.86000061035156
19.520000457763672
21.15999984741211
22.86000061035156
22.84000015258789
22.71999931335449
26.059999465942383
26.200000762939453
20.600000381469727
15.199999809265137
12.520000457763672
13.479999542236328
14.579999923706056
16.079999923706055
17.34000015258789
18.26000022888184
18.479999542236328
19.15999984741211
20.68000030517578
21.979999542236328
24.100000381469727
24.8799991607666
29.700000762939453
27.940000534057617
22.84000015258789
18.059999465942383
17.780000686645508
18.040000915527344
18.15999984741211
17.719999313354492
19.739999771118164
20.459999084472656
21.940000534057617
23.520000457763672
24.71999931335449
27.959999084472656
28.600000381469727
24.13999938964844
17.739999771118164
17.139999389648438
17.100000381469727
18.26000022888184
19.0
19.5
21.600000381469727
22.479999542236328
24.21999931335449
25.76000022888184
21.979999542236328
19.6200008392334
19.940000534057617
21.36000061035156
23.100000381469727
21.739999771118164
22.36000061035156
22.899999618530277
23.0
22.26000022888184
20.540000915527344
20.86000061035156
23.920000076293945
26.76000022888184
23.239999771118164
20.280000686645508
17.780000686645508
18.440000534057617
20.31999969482422
22.059999465942383
22.040000915527344
21.520000457763672
21.020000457763672
22.6200008392334
23.280000686645508
24.059999465942383
26.100000381469727
23.559999465942383
21.100000381469727
20.420000076293945
22.21999931335449
22.81999969482422
22.84000015258789
24.899999618530277
25.040000915527344
