1.100000023841858
1.6399999856948853
0.5799999833106995
0.9399999976158142
0.9800000190734864
0.699999988079071
1.659999966621399
0.8799999952316284
1.3200000524520874
1.6200000047683716
1.3799999952316284
0.5400000214576721
1.4199999570846558
0.8199999928474426
1.0199999809265137
1.2999999523162842
1.2000000476837158
0.9800000190734864
0.9200000166893004
1.1799999475479126
1.0800000429153442
1.3200000524520874
1.4199999570846558
1.2999999523162842
1.6399999856948853
1.399999976158142
1.7000000476837158
1.7999999523162842
1.899999976158142
1.399999976158142
1.940000057220459
3.740000009536743
3.9800000190734863
3.5799999237060547
4.28000020980835
5.579999923706055
7.940000057220459
10.579999923706056
15.479999542236328
24.559999465942383
35.279998779296875
32.36000061035156
16.719999313354492
7.860000133514404
9.84000015258789
17.200000762939453
35.7599983215332
35.459999084472656
20.5
7.739999771118164
13.600000381469728
27.63999938964844
25.81999969482422
17.459999084472656
8.699999809265137
10.579999923706056
20.31999969482422
38.380001068115234
38.70000076293945
22.799999237060547
10.960000038146973
13.18000030517578
21.71999931335449
34.720001220703125
34.0
19.8799991607666
10.380000114440918
12.260000228881836
22.520000457763672
37.5
35.84000015258789
20.479999542236328
10.880000114440918
15.020000457763672
30.100000381469727
31.100000381469727
18.059999465942383
11.619999885559082
18.81999969482422
35.060001373291016
33.36000061035156
20.26000022888184
12.18000030517578
16.15999984741211
24.21999931335449
36.2400016784668
33.040000915527344
19.5
12.399999618530272
19.540000915527344
36.77999877929688
36.41999816894531
23.040000915527344
13.239999771118164
17.959999084472656
28.26000022888184
26.1200008392334
16.81999969482422
12.199999809265137
15.640000343322754
24.979999542236328
31.940000534057617
24.559999465942383
20.3799991607666
27.239999771118164
27.26000022888184
16.81999969482422
9.779999732971191
14.5600004196167
26.700000762939453
27.5
16.719999313354492
9.399999618530272
9.859999656677246
18.1200008392334
31.420000076293945
29.739999771118164
18.8799991607666
12.520000457763672
18.059999465942383
31.780000686645508
31.68000030517578
21.479999542236328
15.5
21.65999984741211
38.459999084472656
38.63999938964844
25.540000915527344
10.34000015258789
6.320000171661377
10.039999961853027
20.940000534057617
37.43999862670898
36.36000061035156
20.71999931335449
12.34000015258789
21.399999618530277
42.59999847412109
41.59999847412109
24.76000022888184
15.539999961853027
23.65999984741211
45.63999938964844
45.27999877929688
26.739999771118164
9.0600004196167
5.420000076293945
13.140000343322754
31.6200008392334
31.899999618530277
19.420000076293945
11.9399995803833
21.540000915527344
42.540000915527344
41.86000061035156
23.76000022888184
13.220000267028809
22.8799991607666
46.36000061035156
46.59999847412109
25.959999084472656
9.5
7.28000020980835
14.619999885559082
31.1200008392334
30.86000061035156
17.639999389648438
8.380000114440918
13.220000267028809
31.200000762939453
30.600000381469727
17.3799991607666
9.539999961853027
12.640000343322754
25.899999618530277
24.780000686645508
25.3799991607666
18.059999465942383
16.84000015258789
28.65999984741211
28.65999984741211
17.360000610351562
9.5
17.81999969482422
37.619998931884766
37.52000045776367
20.899999618530277
12.479999542236328
24.3799991607666
54.900001525878906
58.34000015258789
34.91999816894531
12.039999961853027
6.079999923706055
12.520000457763672
27.3799991607666
26.540000915527344
15.34000015258789
8.84000015258789
18.479999542236328
40.97999954223633
38.91999816894531
23.84000015258789
12.380000114440918
18.15999984741211
34.279998779296875
32.63999938964844
18.84000015258789
10.899999618530272
15.300000190734863
32.040000915527344
31.940000534057617
19.459999084472656
11.739999771118164
20.21999931335449
39.97999954223633
38.86000061035156
21.979999542236328
11.4399995803833
18.68000030517578
36.15999984741211
35.52000045776367
22.21999931335449
14.18000030517578
24.739999771118164
49.41999816894531
49.220001220703125
28.34000015258789
10.5600004196167
6.980000019073486
11.279999732971191
21.739999771118164
31.059999465942383
28.57999992370605
15.880000114440918
8.460000038146973
9.18000030517578
15.4399995803833
28.8799991607666
27.940000534057617
17.18000030517578
9.640000343322754
14.119999885559082
26.13999938964844
25.84000015258789
15.420000076293944
9.460000038146973
14.300000190734863
28.31999969482422
27.040000915527344
16.219999313354492
9.18000030517578
13.779999732971191
26.440000534057617
26.020000457763672
16.200000762939453
9.720000267028809
17.079999923706055
38.20000076293945
37.09999847412109
21.600000381469727
11.18000030517578
17.139999389648438
33.880001068115234
34.18000030517578
20.21999931335449
10.279999732971191
12.279999732971191
23.200000762939453
41.15999984741211
40.27999877929688
25.07999992370605
8.319999694824219
3.839999914169312
6.639999866485596
13.380000114440918
28.100000381469727
26.920000076293945
17.299999237060547
9.699999809265137
16.059999465942383
32.040000915527344
31.15999984741211
19.600000381469727
10.600000381469728
18.65999984741211
38.68000030517578
40.70000076293945
26.18000030517578
9.579999923706056
7.420000076293945
11.420000076293944
18.26000022888184
28.040000915527344
25.600000381469727
15.84000015258789
11.479999542236328
18.459999084472656
34.79999923706055
33.900001525878906
20.86000061035156
12.079999923706056
14.800000190734863
27.8799991607666
27.0
16.760000228881836
10.699999809265137
15.239999771118164
27.239999771118164
25.31999969482422
14.979999542236328
7.739999771118164
10.140000343322754
19.63999938964844
40.09999847412109
40.880001068115234
25.13999938964844
9.4399995803833
5.940000057220459
9.119999885559082
18.020000457763672
32.18000030517578
31.3799991607666
18.71999931335449
11.960000038146973
19.780000686645508
36.09999847412109
34.2599983215332
20.200000762939453
12.899999618530272
20.31999969482422
38.63999938964844
38.20000076293945
24.31999969482422
16.520000457763672
23.57999992370605
43.43999862670898
40.5
24.739999771118164
15.0600004196167
23.739999771118164
41.70000076293945
39.34000015258789
23.280000686645508
14.739999771118164
21.63999938964844
38.619998931884766
36.52000045776367
22.0
13.479999542236328
22.5
40.400001525878906
37.68000030517578
21.21999931335449
13.699999809265137
24.299999237060547
41.540000915527344
38.380001068115234
22.26000022888184
14.359999656677246
19.920000076293945
36.060001373291016
34.31999969482422
20.739999771118164
11.81999969482422
17.700000762939453
33.70000076293945
33.36000061035156
20.799999237060547
12.4399995803833
18.57999992370605
30.34000015258789
27.239999771118164
15.34000015258789
9.4399995803833
14.359999656677246
26.540000915527344
27.459999084472656
16.540000915527344
9.359999656677246
14.18000030517578
27.299999237060547
26.440000534057617
15.760000228881836
11.380000114440918
19.68000030517578
34.97999954223633
32.939998626708984
19.57999992370605
10.539999961853027
13.68000030517578
23.8799991607666
41.060001373291016
40.2400016784668
24.979999542236328
12.779999732971191
12.9399995803833
19.5
29.76000022888184
28.559999465942383
17.979999542236328
11.760000228881836
18.07999992370605
30.780000686645508
29.799999237060547
19.959999084472656
12.859999656677246
14.260000228881836
24.040000915527344
39.91999816894531
39.7400016784668
27.420000076293945
12.859999656677246
10.220000267028809
14.300000190734863
22.26000022888184
36.540000915527344
35.58000183105469
23.31999969482422
16.440000534057617
18.940000534057617
27.1200008392334
26.31999969482422
18.200000762939453
11.199999809265137
14.520000457763672
20.899999618530277
29.020000457763672
26.299999237060547
16.1200008392334
11.34000015258789
12.699999809265137
17.459999084472656
24.899999618530277
36.900001525878906
35.70000076293945
22.399999618530277
15.81999969482422
19.280000686645508
28.440000534057617
25.8799991607666
16.420000076293945
10.960000038146973
12.739999771118164
20.13999938964844
34.02000045776367
35.63999938964844
24.81999969482422
18.0
23.059999465942383
31.5
30.1200008392334
20.600000381469727
15.140000343322754
20.739999771118164
29.979999542236328
26.440000534057617
17.299999237060547
11.039999961853027
13.100000381469728
19.739999771118164
27.020000457763672
24.18000030517578
21.15999984741211
22.68000030517578
27.26000022888184
25.07999992370605
16.959999084472656
11.9399995803833
11.65999984741211
13.960000038146973
15.600000381469728
20.84000015258789
28.71999931335449
26.280000686645508
17.860000610351562
14.619999885559082
17.440000534057617
20.239999771118164
25.459999084472656
24.299999237060547
20.920000076293945
20.780000686645508
24.459999084472656
32.599998474121094
28.8799991607666
18.739999771118164
11.899999618530272
12.039999961853027
15.899999618530272
20.979999542236328
24.71999931335449
27.76000022888184
21.600000381469727
18.959999084472656
20.8799991607666
26.1200008392334
23.959999084472656
20.940000534057617
21.920000076293945
29.18000030517578
26.799999237060547
18.5
12.18000030517578
13.220000267028809
16.65999984741211
20.5
23.799999237060547
28.780000686645508
25.3799991607666
16.68000030517578
10.239999771118164
9.31999969482422
11.039999961853027
13.300000190734863
13.600000381469728
15.539999961853027
17.239999771118164
17.940000534057617
20.280000686645508
23.1200008392334
25.3799991607666
21.1200008392334
18.5
17.100000381469727
19.81999969482422
24.34000015258789
30.13999938964844
26.540000915527344
16.6200008392334
13.199999809265137
15.579999923706056
18.959999084472656
21.299999237060547
25.15999984741211
20.31999969482422
15.760000228881836
15.84000015258789
18.31999969482422
23.399999618530277
27.21999931335449
21.15999984741211
15.720000267028809
15.039999961853027
19.15999984741211
21.600000381469727
23.479999542236328
23.76000022888184
26.86000061035156
24.020000457763672
21.979999542236328
22.31999969482422
26.86000061035156
21.36000061035156
17.420000076293945
15.720000267028809
18.020000457763672
20.18000030517578
23.780000686645508
28.059999465942383
22.440000534057617
16.84000015258789
14.84000015258789
17.040000915527344
21.100000381469727
27.76000022888184
24.979999542236328
19.020000457763672
19.34000015258789
23.68000030517578
30.459999084472656
26.540000915527344
19.0
14.100000381469728
15.720000267028809
21.540000915527344
27.540000915527344
26.040000915527344
17.059999465942383
10.0
10.0600004196167
14.460000038146973
17.079999923706055
18.959999084472656
20.799999237060547
24.739999771118164
31.399999618530277
27.5
16.520000457763672
8.359999656677246
8.760000228881836
13.140000343322754
20.239999771118164
29.040000915527344
27.100000381469727
17.020000457763672
10.039999961853027
9.300000190734863
12.260000228881836
20.15999984741211
31.6200008392334
29.739999771118164
18.559999465942383
12.579999923706056
16.299999237060547
26.420000076293945
25.15999984741211
17.399999618530273
11.520000457763672
12.859999656677246
19.26000022888184
29.299999237060547
28.5
18.34000015258789
11.699999809265137
12.640000343322754
15.84000015258789
23.34000015258789
32.41999816894531
28.200000762939453
17.399999618530273
10.260000228881836
14.199999809265137
21.459999084472656
29.36000061035156
26.739999771118164
18.600000381469727
12.479999542236328
12.65999984741211
19.920000076293945
28.8799991607666
26.059999465942383
16.020000457763672
9.140000343322754
11.4399995803833
15.260000228881836
24.1200008392334
34.02000045776367
30.0
20.26000022888184
13.0600004196167
14.65999984741211
23.020000457763672
34.400001525878906
32.2599983215332
20.799999237060547
13.65999984741211
21.399999618530277
32.220001220703125
30.31999969482422
19.520000457763672
14.0
16.920000076293945
25.959999084472656
25.200000762939453
16.0
11.4399995803833
14.800000190734863
20.18000030517578
27.520000457763672
25.899999618530277
17.780000686645508
11.15999984741211
12.619999885559082
19.15999984741211
27.26000022888184
25.399999618530277
16.540000915527344
10.34000015258789
14.880000114440918
25.280000686645508
24.559999465942383
20.68000030517578
25.34000015258789
24.700000762939453
21.959999084472656
24.920000076293945
33.47999954223633
30.31999969482422
18.57999992370605
12.859999656677246
16.600000381469727
21.979999542236328
31.6200008392334
27.84000015258789
16.959999084472656
12.600000381469728
14.899999618530272
21.559999465942383
30.600000381469727
29.899999618530277
19.86000061035156
13.359999656677246
16.059999465942383
23.6200008392334
33.52000045776367
30.979999542236328
21.100000381469727
14.279999732971191
15.140000343322754
22.020000457763672
32.459999084472656
29.739999771118164
18.739999771118164
13.119999885559082
18.84000015258789
32.86000061035156
31.200000762939453
20.559999465942383
13.039999961853027
16.1200008392334
24.479999542236328
35.31999969482422
32.720001220703125
21.34000015258789
14.640000343322754
19.21999931335449
31.34000015258789
30.920000076293945
20.5
15.15999984741211
20.71999931335449
33.70000076293945
33.86000061035156
23.780000686645508
19.07999992370605
25.059999465942383
24.559999465942383
24.84000015258789
29.700000762939453
28.559999465942383
19.8799991607666
15.68000030517578
23.13999938964844
37.77999877929688
38.47999954223633
27.780000686645508
14.15999984741211
11.300000190734863
14.68000030517578
23.799999237060547
37.18000030517578
35.619998931884766
22.3799991607666
16.079999923706055
20.18000030517578
32.02000045776367
32.79999923706055
21.15999984741211
13.899999618530272
15.979999542236328
26.6200008392334
27.76000022888184
17.68000030517578
10.0600004196167
11.600000381469728
19.200000762939453
32.31999969482422
30.899999618530277
20.420000076293945
13.399999618530272
15.760000228881836
22.059999465942383
32.900001525878906
31.239999771118164
21.040000915527344
15.300000190734863
18.21999931335449
26.21999931335449
24.76000022888184
22.18000030517578
28.020000457763672
27.440000534057617
18.399999618530277
15.0
23.399999618530277
36.7599983215332
34.880001068115234
23.520000457763672
15.399999618530272
19.13999938964844
32.720001220703125
30.520000457763672
19.799999237060547
12.479999542236328
17.3799991607666
27.81999969482422
25.540000915527344
16.360000610351562
10.5600004196167
13.399999618530272
20.280000686645508
28.07999992370605
24.76000022888184
26.479999542236328
23.020000457763672
23.07999992370605
26.100000381469727
24.780000686645508
22.34000015258789
23.71999931335449
35.619998931884766
35.2599983215332
23.63999938964844
16.18000030517578
19.799999237060547
31.299999237060547
30.799999237060547
21.07999992370605
15.300000190734863
19.520000457763672
30.31999969482422
30.26000022888184
20.6200008392334
15.020000457763672
17.600000381469727
24.479999542236328
36.959999084472656
35.41999816894531
23.920000076293945
16.34000015258789
18.979999542236328
26.18000030517578
23.84000015258789
22.26000022888184
27.26000022888184
26.76000022888184
18.6200008392334
13.5
15.420000076293944
20.459999084472656
28.239999771118164
25.84000015258789
16.520000457763672
10.34000015258789
10.359999656677246
13.020000457763672
17.920000076293945
22.6200008392334
33.0
30.239999771118164
20.899999618530277
14.380000114440918
17.440000534057617
25.059999465942383
23.020000457763672
20.5
24.739999771118164
33.380001068115234
28.13999938964844
16.81999969482422
10.760000228881836
13.760000228881836
21.799999237060547
31.76000022888184
30.1200008392334
20.459999084472656
13.760000228881836
17.139999389648438
27.07999992370605
26.18000030517578
17.3799991607666
10.979999542236328
14.520000457763672
23.059999465942383
34.619998931884766
32.540000915527344
22.100000381469727
15.640000343322754
19.799999237060547
30.479999542236328
28.86000061035156
18.459999084472656
12.140000343322754
15.800000190734863
21.3799991607666
33.81999969482422
33.599998474121094
23.8799991607666
15.359999656677246
17.940000534057617
24.239999771118164
30.31999969482422
27.18000030517578
18.440000534057617
11.619999885559082
12.859999656677246
18.26000022888184
24.899999618530277
33.65999984741211
30.18000030517578
19.739999771118164
13.600000381469728
15.760000228881836
22.13999938964844
29.799999237060547
26.8799991607666
17.81999969482422
12.640000343322754
13.119999885559082
17.34000015258789
22.84000015258789
30.739999771118164
29.18000030517578
21.920000076293945
16.360000610351562
17.399999618530273
19.31999969482422
24.540000915527344
30.600000381469727
29.18000030517578
21.100000381469727
16.739999771118164
17.719999313354492
26.100000381469727
25.71999931335449
18.540000915527344
14.84000015258789
18.0
23.68000030517578
34.2400016784668
34.040000915527344
23.71999931335449
16.68000030517578
18.920000076293945
29.71999931335449
28.63999938964844
18.540000915527344
12.15999984741211
13.5
20.5
28.86000061035156
27.31999969482422
18.020000457763672
11.779999732971191
13.0
19.0
25.600000381469727
24.5
22.200000762939453
24.5
33.31999969482422
31.520000457763672
22.18000030517578
15.960000038146973
17.260000228881836
21.5
31.280000686645508
29.899999618530277
21.799999237060547
16.739999771118164
20.459999084472656
25.520000457763672
23.36000061035156
20.780000686645508
24.76000022888184
33.29999923706055
30.63999938964844
20.6200008392334
14.4399995803833
17.100000381469727
23.34000015258789
31.100000381469727
28.399999618530277
18.479999542236328
12.520000457763672
15.279999732971191
21.920000076293945
31.540000915527344
30.479999542236328
20.76000022888184
13.520000457763672
14.539999961853027
19.899999618530277
25.84000015258789
23.399999618530277
21.1200008392334
21.920000076293945
29.07999992370605
27.280000686645508
19.65999984741211
14.520000457763672
17.540000915527344
24.200000762939453
32.7599983215332
29.86000061035156
20.76000022888184
15.300000190734863
17.0
20.959999084472656
24.200000762939453
28.280000686645508
27.959999084472656
20.020000457763672
14.380000114440918
14.779999732971191
16.940000534057617
19.1200008392334
22.34000015258789
24.84000015258789
31.780000686645508
30.26000022888184
23.18000030517578
16.5
18.399999618530277
24.239999771118164
29.920000076293945
27.8799991607666
19.600000381469727
14.600000381469728
15.84000015258789
19.739999771118164
24.739999771118164
29.84000015258789
28.899999618530277
21.440000534057617
15.699999809265137
15.520000457763672
19.31999969482422
23.07999992370605
27.13999938964844
25.280000686645508
18.799999237060547
14.119999885559082
14.300000190734863
18.040000915527344
21.100000381469727
25.420000076293945
22.81999969482422
20.540000915527344
19.479999542236328
23.36000061035156
27.68000030517578
24.559999465942383
20.76000022888184
20.700000762939453
27.299999237060547
24.540000915527344
22.239999771118164
21.36000061035156
25.739999771118164
23.15999984741211
19.68000030517578
17.520000457763672
19.26000022888184
22.200000762939453
27.57999992370605
23.84000015258789
19.1200008392334
19.3799991607666
23.299999237060547
29.780000686645508
26.899999618530277
18.3799991607666
12.079999923706056
11.460000038146973
14.479999542236328
16.579999923706055
19.700000762939453
25.700000762939453
24.26000022888184
20.739999771118164
19.5
25.6200008392334
23.420000076293945
20.1200008392334
20.479999542236328
23.81999969482422
30.299999237060547
26.8799991607666
18.57999992370605
13.899999618530272
16.059999465942383
20.559999465942383
28.280000686645508
26.21999931335449
19.020000457763672
12.979999542236328
13.899999618530272
18.420000076293945
24.31999969482422
32.099998474121094
28.940000534057617
20.31999969482422
14.300000190734863
15.300000190734863
19.200000762939453
21.739999771118164
23.280000686645508
26.5
24.63999938964844
24.920000076293945
27.57999992370605
27.13999938964844
18.959999084472656
13.979999542236328
13.84000015258789
18.0
24.26000022888184
34.84000015258789
33.0
22.6200008392334
16.84000015258789
20.600000381469727
27.07999992370605
27.0
19.76000022888184
16.459999084472656
18.36000061035156
24.6200008392334
31.280000686645508
27.84000015258789
18.059999465942383
12.720000267028809
14.0
18.020000457763672
22.440000534057617
29.040000915527344
27.920000076293945
20.26000022888184
15.4399995803833
17.920000076293945
24.559999465942383
31.940000534057617
27.959999084472656
19.100000381469727
13.34000015258789
15.460000038146973
20.57999992370605
26.63999938964844
24.84000015258789
23.239999771118164
26.18000030517578
27.440000534057617
19.700000762939453
14.84000015258789
15.079999923706056
17.459999084472656
22.100000381469727
28.3799991607666
27.899999618530277
18.959999084472656
14.640000343322754
17.5
24.540000915527344
31.3799991607666
29.63999938964844
19.15999984741211
13.640000343322754
15.18000030517578
21.520000457763672
31.100000381469727
29.100000381469727
20.1200008392334
15.279999732971191
18.540000915527344
25.940000534057617
23.0
21.020000457763672
21.57999992370605
30.459999084472656
29.36000061035156
21.31999969482422
15.619999885559082
17.3799991607666
23.899999618530277
34.02000045776367
31.420000076293945
19.6200008392334
14.760000228881836
17.1200008392334
22.440000534057617
27.040000915527344
23.479999542236328
19.420000076293945
21.059999465942383
28.18000030517578
25.559999465942383
17.219999313354492
11.81999969482422
13.359999656677246
17.18000030517578
24.020000457763672
32.91999816894531
30.07999992370605
20.239999771118164
13.979999542236328
15.65999984741211
23.6200008392334
33.02000045776367
31.059999465942383
22.459999084472656
15.9399995803833
18.459999084472656
27.700000762939453
27.6200008392334
19.65999984741211
15.34000015258789
17.360000610351562
25.239999771118164
25.940000534057617
17.440000534057617
11.779999732971191
13.380000114440918
18.18000030517578
26.21999931335449
26.020000457763672
18.3799991607666
12.68000030517578
13.920000076293944
20.100000381469727
28.18000030517578
27.0
17.540000915527344
12.880000114440918
15.65999984741211
21.71999931335449
32.08000183105469
30.81999969482422
22.3799991607666
15.100000381469728
17.639999389648438
24.21999931335449
32.959999084472656
30.239999771118164
19.920000076293945
14.460000038146973
19.31999969482422
26.920000076293945
26.21999931335449
18.68000030517578
14.199999809265137
17.639999389648438
24.84000015258789
32.58000183105469
29.68000030517578
19.520000457763672
14.720000267028809
19.3799991607666
26.57999992370605
24.36000061035156
21.57999992370605
26.559999465942383
24.600000381469727
21.36000061035156
23.239999771118164
28.799999237060547
24.959999084472656
22.280000686645508
24.399999618530277
33.599998474121094
32.58000183105469
22.1200008392334
16.139999389648438
17.799999237060547
25.15999984741211
23.57999992370605
21.57999992370605
22.780000686645508
29.13999938964844
27.200000762939453
18.239999771118164
12.979999542236328
14.359999656677246
18.920000076293945
22.799999237060547
27.84000015258789
24.31999969482422
21.979999542236328
24.799999237060547
30.040000915527344
26.600000381469727
16.860000610351562
11.600000381469728
13.0
18.739999771118164
26.040000915527344
24.3799991607666
23.18000030517578
28.940000534057617
27.920000076293945
21.700000762939453
14.5
15.979999542236328
18.940000534057617
22.81999969482422
28.940000534057617
26.940000534057617
19.13999938964844
14.520000457763672
15.31999969482422
20.920000076293945
27.5
26.13999938964844
18.520000457763672
14.65999984741211
16.959999084472656
22.3799991607666
28.76000022888184
27.399999618530277
19.5
14.4399995803833
17.280000686645508
24.68000030517578
33.02000045776367
31.86000061035156
23.100000381469727
16.280000686645508
18.07999992370605
25.36000061035156
23.420000076293945
19.81999969482422
22.21999931335449
28.780000686645508
27.81999969482422
18.63999938964844
13.359999656677246
14.979999542236328
20.940000534057617
25.63999938964844
22.959999084472656
22.63999938964844
27.84000015258789
26.920000076293945
18.6200008392334
13.800000190734863
16.540000915527344
24.040000915527344
32.400001525878906
29.780000686645508
19.65999984741211
14.979999542236328
18.57999992370605
26.700000762939453
26.559999465942383
18.799999237060547
14.479999542236328
15.4399995803833
21.559999465942383
27.780000686645508
25.059999465942383
18.34000015258789
12.81999969482422
15.15999984741211
20.459999084472656
27.600000381469727
26.5
18.76000022888184
13.260000228881836
14.479999542236328
18.15999984741211
23.059999465942383
28.3799991607666
27.07999992370605
19.440000534057617
14.020000457763672
15.0
20.299999237060547
27.3799991607666
26.280000686645508
19.0
14.760000228881836
15.600000381469728
19.36000061035156
22.5
31.200000762939453
29.559999465942383
20.8799991607666
14.4399995803833
16.700000762939453
22.420000076293945
29.540000915527344
27.920000076293945
20.81999969482422
15.699999809265137
18.940000534057617
24.200000762939453
30.700000762939453
29.299999237060547
21.21999931335449
15.800000190734863
18.63999938964844
24.76000022888184
32.81999969482422
31.540000915527344
22.6200008392334
16.639999389648438
18.239999771118164
23.559999465942383
31.31999969482422
29.84000015258789
21.63999938964844
16.600000381469727
18.540000915527344
26.15999984741211
24.239999771118164
21.65999984741211
21.520000457763672
26.81999969482422
26.739999771118164
19.940000534057617
15.579999923706056
17.979999542236328
23.299999237060547
29.739999771118164
26.899999618530277
19.86000061035156
13.260000228881836
14.699999809265137
17.8799991607666
22.959999084472656
28.020000457763672
25.020000457763672
20.07999992370605
19.700000762939453
22.68000030517578
27.6200008392334
26.059999465942383
18.65999984741211
14.239999771118164
15.119999885559082
19.780000686645508
25.979999542236328
25.239999771118164
18.36000061035156
12.65999984741211
13.960000038146973
18.559999465942383
24.13999938964844
30.63999938964844
26.57999992370605
17.81999969482422
14.279999732971191
16.479999542236328
20.8799991607666
26.34000015258789
24.459999084472656
21.459999084472656
22.920000076293945
27.559999465942383
23.479999542236328
21.65999984741211
22.65999984741211
26.979999542236328
25.059999465942383
17.81999969482422
12.81999969482422
14.199999809265137
18.459999084472656
22.780000686645508
27.86000061035156
25.899999618530277
18.84000015258789
15.0
17.079999923706055
21.6200008392334
27.31999969482422
25.26000022888184
17.360000610351562
13.279999732971191
13.460000038146973
16.6200008392334
21.0
27.18000030517578
24.8799991607666
21.63999938964844
20.780000686645508
26.6200008392334
25.13999938964844
19.420000076293945
13.31999969482422
11.880000114440918
13.15999984741211
16.68000030517578
19.799999237060547
24.780000686645508
29.280000686645508
27.07999992370605
17.479999542236328
12.479999542236328
11.5
13.5600004196167
17.739999771118164
20.07999992370605
24.21999931335449
29.979999542236328
27.479999542236328
21.780000686645508
15.760000228881836
14.68000030517578
16.200000762939453
20.84000015258789
25.0
28.520000457763672
24.559999465942383
22.13999938964844
24.31999969482422
29.13999938964844
26.8799991607666
20.899999618530277
