1.1799999475479126
0.8199999928474426
0.699999988079071
1.4600000381469729
0.7599999904632568
1.0399999618530271
0.9200000166893004
1.0399999618530271
0.4399999976158142
1.159999966621399
0.6399999856948853
1.100000023841858
1.6799999475479126
1.2599999904632568
1.4199999570846558
2.059999942779541
0.959999978542328
1.7999999523162842
1.2799999713897705
1.899999976158142
2.0799999237060547
1.899999976158142
2.119999885559082
1.659999966621399
2.4200000762939453
2.8399999141693115
1.5
2.4800000190734863
3.039999961853028
3.299999952316284
2.819999933242798
2.140000104904175
2.619999885559082
3.5799999237060547
4.199999809265137
5.260000228881836
10.31999969482422
15.279999732971191
17.979999542236328
23.600000381469727
29.920000076293945
26.979999542236328
15.699999809265137
6.139999866485596
6.139999866485596
16.31999969482422
31.940000534057617
31.0
18.479999542236328
7.179999828338623
8.779999732971191
15.579999923706056
25.3799991607666
22.440000534057617
20.459999084472656
32.779998779296875
32.279998779296875
20.71999931335449
8.359999656677246
12.479999542236328
25.81999969482422
24.200000762939453
24.07999992370605
35.7400016784668
34.47999954223633
17.239999771118164
8.359999656677246
17.079999923706055
42.5
45.119998931884766
28.76000022888184
9.699999809265137
3.200000047683716
5.460000038146973
16.559999465942383
41.31999969482422
43.040000915527344
26.799999237060547
7.440000057220459
4.0
9.15999984741211
25.739999771118164
27.36000061035156
15.880000114440918
8.0
15.960000038146973
36.20000076293945
37.77999877929688
23.059999465942383
16.059999465942383
30.940000534057617
33.119998931884766
20.459999084472656
13.020000457763672
26.559999465942383
28.479999542236328
17.280000686645508
9.300000190734863
16.479999542236328
34.7599983215332
34.380001068115234
20.36000061035156
11.520000457763672
23.020000457763672
55.18000030517578
59.119998931884766
37.86000061035156
13.520000457763672
8.220000267028809
16.68000030517578
43.77999877929688
47.20000076293945
28.440000534057617
9.779999732971191
6.239999771118164
13.619999885559082
37.52000045776367
40.41999816894531
26.239999771118164
9.0600004196167
6.5
12.15999984741211
31.459999084472656
32.720001220703125
19.920000076293945
12.220000267028809
25.059999465942383
29.76000022888184
21.399999618530277
16.3799991607666
27.940000534057617
28.979999542236328
18.239999771118164
12.380000114440918
25.13999938964844
27.399999618530277
17.81999969482422
11.640000343322754
24.3799991607666
57.220001220703125
59.31999969482422
38.380001068115234
15.5
11.359999656677246
19.920000076293945
43.959999084472656
47.52000045776367
29.440000534057617
11.140000343322754
6.820000171661377
10.920000076293944
23.81999969482422
52.380001068115234
56.13999938964844
36.119998931884766
14.81999969482422
9.640000343322754
18.020000457763672
40.2599983215332
42.959999084472656
27.21999931335449
10.359999656677246
4.840000152587891
4.239999771118164
6.21999979019165
8.739999771118164
12.539999961853027
23.920000076293945
45.43999862670898
46.58000183105469
30.299999237060547
12.119999885559082
6.800000190734863
11.140000343322754
25.8799991607666
28.21999931335449
19.21999931335449
11.960000038146973
19.63999938964844
39.5
41.63999938964844
27.700000762939453
11.600000381469728
7.519999980926514
14.15999984741211
31.18000030517578
31.979999542236328
21.63999938964844
12.359999656677246
12.539999961853027
20.020000457763672
33.70000076293945
33.52000045776367
21.040000915527344
12.81999969482422
17.360000610351562
35.41999816894531
39.52000045776367
28.100000381469727
12.479999542236328
8.84000015258789
19.100000381469727
43.20000076293945
46.63999938964844
32.29999923706055
14.520000457763672
9.300000190734863
14.979999542236328
31.100000381469727
32.720001220703125
21.299999237060547
15.5600004196167
29.540000915527344
33.0
22.15999984741211
16.239999771118164
27.71999931335449
27.399999618530277
17.420000076293945
13.220000267028809
22.63999938964844
39.880001068115234
37.97999954223633
24.100000381469727
15.579999923706056
21.600000381469727
30.200000762939453
25.71999931335449
15.779999732971191
10.0600004196167
17.520000457763672
28.600000381469727
28.18000030517578
17.940000534057617
13.880000114440918
24.459999084472656
47.43999862670898
48.880001068115234
34.400001525878906
14.619999885559082
9.81999969482422
13.399999618530272
18.899999618530277
22.479999542236328
24.520000457763672
28.479999542236328
23.81999969482422
23.84000015258789
34.220001220703125
33.720001220703125
23.280000686645508
17.700000762939453
32.63999938964844
34.31999969482422
22.36000061035156
14.779999732971191
23.31999969482422
41.18000030517578
42.880001068115234
27.65999984741211
12.9399995803833
8.899999618530273
17.459999084472656
36.119998931884766
38.43999862670898
24.979999542236328
15.579999923706056
16.420000076293945
27.700000762939453
27.959999084472656
16.780000686645508
9.279999732971191
7.559999942779541
9.300000190734863
10.5600004196167
13.239999771118164
17.639999389648438
28.899999618530277
28.68000030517578
19.8799991607666
10.5
8.279999732971191
9.920000076293944
12.380000114440918
15.100000381469728
22.6200008392334
38.58000183105469
39.040000915527344
26.600000381469727
11.760000228881836
6.800000190734863
8.300000190734863
13.5
19.780000686645508
25.6200008392334
21.940000534057617
16.360000610351562
18.1200008392334
30.059999465942383
28.959999084472656
18.6200008392334
10.579999923706056
11.520000457763672
14.859999656677246
18.239999771118164
20.65999984741211
24.84000015258789
33.08000183105469
31.040000915527344
20.799999237060547
15.119999885559082
17.559999465942383
27.600000381469727
28.13999938964844
18.63999938964844
13.0
15.300000190734863
20.65999984741211
30.200000762939453
29.040000915527344
18.84000015258789
12.600000381469728
21.6200008392334
42.560001373291016
45.560001373291016
30.440000534057617
12.920000076293944
8.039999961853027
12.0
18.84000015258789
25.780000686645508
23.899999618530277
22.1200008392334
31.940000534057617
30.81999969482422
19.71999931335449
12.140000343322754
14.359999656677246
21.600000381469727
31.459999084472656
31.299999237060547
20.540000915527344
15.979999542236328
21.31999969482422
36.2400016784668
37.58000183105469
26.68000030517578
12.0600004196167
6.159999847412109
5.480000019073486
7.059999942779541
10.300000190734863
14.5
20.899999618530277
27.780000686645508
25.0
20.239999771118164
20.600000381469727
26.68000030517578
22.700000762939453
16.84000015258789
15.5
19.1200008392334
24.020000457763672
28.6200008392334
24.3799991607666
19.68000030517578
18.26000022888184
20.479999542236328
24.36000061035156
28.479999542236328
23.020000457763672
17.940000534057617
16.600000381469727
21.15999984741211
24.940000534057617
30.13999938964844
23.6200008392334
18.559999465942383
16.6200008392334
21.68000030517578
28.18000030517578
25.520000457763672
16.5
9.739999771118164
9.279999732971191
16.959999084472656
30.100000381469727
30.68000030517578
20.65999984741211
11.9399995803833
12.220000267028809
18.1200008392334
25.920000076293945
23.65999984741211
19.71999931335449
20.780000686645508
26.059999465942383
22.8799991607666
22.68000030517578
27.63999938964844
24.399999618530277
21.899999618530277
21.420000076293945
25.15999984741211
21.21999931335449
17.15999984741211
16.799999237060547
22.739999771118164
28.81999969482422
26.040000915527344
16.6200008392334
11.100000381469728
13.020000457763672
17.479999542236328
22.3799991607666
26.920000076293945
23.3799991607666
21.15999984741211
22.5
28.600000381469727
24.57999992370605
20.940000534057617
20.15999984741211
25.21999931335449
21.739999771118164
18.18000030517578
18.959999084472656
29.0
29.739999771118164
20.86000061035156
14.399999618530272
14.0600004196167
16.020000457763672
19.81999969482422
22.959999084472656
27.200000762939453
24.68000030517578
20.200000762939453
21.520000457763672
26.71999931335449
22.459999084472656
19.100000381469727
19.5
26.200000762939453
23.459999084472656
21.0
23.3799991607666
27.479999542236328
23.979999542236328
18.520000457763672
20.5
28.459999084472656
27.020000457763672
17.780000686645508
10.4399995803833
10.31999969482422
14.140000343322754
20.299999237060547
26.84000015258789
25.3799991607666
16.68000030517578
12.0600004196167
15.859999656677246
21.21999931335449
30.81999969482422
29.3799991607666
20.57999992370605
13.239999771118164
13.039999961853027
14.260000228881836
15.979999542236328
16.959999084472656
18.959999084472656
19.63999938964844
20.299999237060547
21.63999938964844
26.399999618530277
23.100000381469727
18.540000915527344
15.640000343322754
17.68000030517578
19.280000686645508
18.71999931335449
20.6200008392334
22.68000030517578
24.100000381469727
27.600000381469727
23.799999237060547
20.34000015258789
16.420000076293945
18.739999771118164
20.68000030517578
23.34000015258789
26.86000061035156
23.280000686645508
21.63999938964844
20.979999542236328
24.26000022888184
28.57999992370605
25.1200008392334
17.65999984741211
11.859999656677246
12.4399995803833
14.640000343322754
16.399999618530273
17.899999618530273
22.600000381469727
31.8799991607666
29.280000686645508
18.899999618530277
12.68000030517578
12.300000190734863
14.899999618530272
16.559999465942383
18.459999084472656
21.780000686645508
24.559999465942383
29.84000015258789
26.200000762939453
17.059999465942383
11.18000030517578
11.479999542236328
13.0600004196167
15.020000457763672
17.299999237060547
20.559999465942383
24.299999237060547
29.200000762939453
26.420000076293945
19.020000457763672
13.239999771118164
14.600000381469728
20.07999992370605
27.899999618530277
26.57999992370605
17.84000015258789
13.380000114440918
17.15999984741211
21.440000534057617
28.07999992370605
27.040000915527344
20.0
15.100000381469728
17.360000610351562
24.3799991607666
29.959999084472656
27.71999931335449
19.81999969482422
15.220000267028809
17.139999389648438
20.86000061035156
23.040000915527344
26.239999771118164
22.76000022888184
18.280000686645508
15.479999542236328
16.15999984741211
18.420000076293945
20.100000381469727
21.920000076293945
23.299999237060547
25.440000534057617
24.200000762939453
22.979999542236328
21.71999931335449
22.84000015258789
23.18000030517578
23.31999969482422
25.34000015258789
23.57999992370605
18.739999771118164
17.420000076293945
18.479999542236328
19.780000686645508
21.18000030517578
22.459999084472656
27.68000030517578
24.63999938964844
20.540000915527344
18.21999931335449
18.84000015258789
20.940000534057617
21.71999931335449
25.440000534057617
23.799999237060547
22.15999984741211
20.34000015258789
21.81999969482422
23.959999084472656
26.899999618530277
23.959999084472656
19.559999465942383
17.920000076293945
20.6200008392334
24.34000015258789
28.299999237060547
26.280000686645508
19.15999984741211
15.020000457763672
14.979999542236328
19.280000686645508
23.739999771118164
28.780000686645508
24.600000381469727
18.979999542236328
16.31999969482422
19.200000762939453
24.18000030517578
30.200000762939453
27.34000015258789
19.459999084472656
15.640000343322754
16.520000457763672
20.979999542236328
27.059999465942383
24.07999992370605
20.68000030517578
22.100000381469727
30.399999618530277
28.799999237060547
19.57999992370605
13.760000228881836
14.31999969482422
18.100000381469727
24.71999931335449
33.91999816894531
31.31999969482422
19.68000030517578
14.260000228881836
16.520000457763672
20.799999237060547
26.5
24.07999992370605
22.57999992370605
26.6200008392334
25.739999771118164
17.399999618530273
13.81999969482422
17.579999923706055
23.920000076293945
33.65999984741211
32.099998474121094
23.81999969482422
17.15999984741211
19.739999771118164
28.440000534057617
27.700000762939453
18.71999931335449
13.0600004196167
15.119999885559082
19.920000076293945
25.15999984741211
23.739999771118164
24.0
30.76000022888184
29.600000381469727
20.21999931335449
14.859999656677246
17.780000686645508
24.3799991607666
36.08000183105469
35.47999954223633
25.68000030517578
13.260000228881836
9.779999732971191
10.279999732971191
11.34000015258789
14.15999984741211
18.040000915527344
21.540000915527344
27.1200008392334
24.540000915527344
22.440000534057617
26.899999618530277
26.540000915527344
18.65999984741211
13.5
15.579999923706056
21.31999969482422
27.299999237060547
25.36000061035156
18.3799991607666
15.300000190734863
17.940000534057617
24.940000534057617
33.81999969482422
34.84000015258789
26.399999618530277
15.779999732971191
11.479999542236328
12.5
17.139999389648438
21.520000457763672
25.3799991607666
23.86000061035156
22.68000030517578
26.81999969482422
26.36000061035156
20.059999465942383
15.34000015258789
15.18000030517578
18.68000030517578
21.63999938964844
25.700000762939453
24.0
19.899999618530277
18.799999237060547
21.6200008392334
25.299999237060547
24.520000457763672
23.700000762939453
27.540000915527344
27.459999084472656
21.6200008392334
17.139999389648438
17.899999618530273
21.26000022888184
27.059999465942383
25.780000686645508
19.479999542236328
14.5600004196167
16.1200008392334
21.020000457763672
26.479999542236328
24.940000534057617
22.6200008392334
22.399999618530277
26.36000061035156
23.940000534057617
21.200000762939453
21.540000915527344
26.059999465942383
23.540000915527344
24.040000915527344
27.799999237060547
26.81999969482422
19.71999931335449
17.600000381469727
21.920000076293945
30.65999984741211
29.18000030517578
20.440000534057617
15.479999542236328
17.18000030517578
25.399999618530277
24.540000915527344
22.1200008392334
24.26000022888184
31.979999542236328
30.31999969482422
21.420000076293945
17.0
21.100000381469727
28.68000030517578
28.3799991607666
18.940000534057617
14.199999809265137
18.040000915527344
24.36000061035156
34.060001373291016
33.68000030517578
24.63999938964844
18.940000534057617
23.15999984741211
33.220001220703125
31.559999465942383
22.040000915527344
15.0
17.68000030517578
24.57999992370605
32.880001068115234
32.959999084472656
24.0
19.239999771118164
22.65999984741211
31.34000015258789
30.84000015258789
21.559999465942383
16.100000381469727
18.76000022888184
24.020000457763672
28.86000061035156
27.440000534057617
19.71999931335449
16.260000228881836
19.36000061035156
24.420000076293945
30.57999992370605
28.63999938964844
20.86000061035156
15.779999732971191
18.1200008392334
23.799999237060547
28.8799991607666
26.440000534057617
19.899999618530277
16.360000610351562
18.420000076293945
20.34000015258789
22.420000076293945
26.020000457763672
23.479999542236328
22.0
24.07999992370605
32.47999954223633
31.100000381469727
20.26000022888184
12.600000381469728
12.68000030517578
16.940000534057617
20.920000076293945
26.1200008392334
25.899999618530277
19.0
13.600000381469728
14.0600004196167
17.799999237060547
20.6200008392334
24.1200008392334
28.65999984741211
25.57999992370605
18.940000534057617
12.859999656677246
11.9399995803833
11.979999542236328
12.720000267028809
14.920000076293944
17.959999084472656
22.65999984741211
25.31999969482422
21.76000022888184
19.3799991607666
21.200000762939453
26.76000022888184
23.920000076293945
20.280000686645508
21.799999237060547
26.600000381469727
25.0
20.440000534057617
20.0
21.26000022888184
25.780000686645508
22.18000030517578
20.68000030517578
21.5
27.65999984741211
26.07999992370605
18.8799991607666
14.619999885559082
14.880000114440918
16.739999771118164
18.21999931335449
20.31999969482422
22.979999542236328
26.299999237060547
24.1200008392334
21.34000015258789
20.200000762939453
23.8799991607666
29.920000076293945
27.899999618530277
20.18000030517578
14.239999771118164
15.880000114440918
19.899999618530277
24.920000076293945
29.059999465942383
25.920000076293945
18.76000022888184
14.619999885559082
15.5600004196167
16.5
16.81999969482422
19.420000076293945
23.21999931335449
26.979999542236328
25.399999618530277
18.559999465942383
12.539999961853027
13.420000076293944
15.81999969482422
19.31999969482422
22.040000915527344
25.5
22.040000915527344
18.059999465942383
18.780000686645508
24.26000022888184
28.3799991607666
24.540000915527344
20.479999542236328
20.799999237060547
25.15999984741211
23.8799991607666
21.520000457763672
20.299999237060547
22.899999618530277
27.0
23.6200008392334
18.299999237060547
16.979999542236328
19.15999984741211
21.1200008392334
22.71999931335449
25.76000022888184
21.5
16.579999923706055
13.760000228881836
13.960000038146973
14.979999542236328
15.359999656677246
15.579999923706056
17.559999465942383
18.81999969482422
19.399999618530277
20.31999969482422
21.520000457763672
23.36000061035156
26.100000381469727
23.420000076293945
19.020000457763672
16.079999923706055
17.420000076293945
19.780000686645508
22.5
27.559999465942383
24.76000022888184
21.13999938964844
19.0
21.1200008392334
21.940000534057617
23.36000061035156
23.059999465942383
24.6200008392334
26.920000076293945
22.15999984741211
18.36000061035156
18.26000022888184
23.420000076293945
27.8799991607666
24.3799991607666
19.739999771118164
20.81999969482422
25.5
22.040000915527344
19.31999969482422
18.780000686645508
23.26000022888184
24.8799991607666
29.26000022888184
25.020000457763672
16.84000015258789
11.84000015258789
12.34000015258789
14.460000038146973
17.979999542236328
22.0
27.07999992370605
25.059999465942383
17.700000762939453
13.520000457763672
13.920000076293944
18.15999984741211
23.18000030517578
27.459999084472656
24.0
21.700000762939453
20.15999984741211
22.5
25.3799991607666
21.799999237060547
18.399999618530277
19.239999771118164
26.440000534057617
24.920000076293945
22.36000061035156
25.07999992370605
24.979999542236328
19.5
15.9399995803833
17.780000686645508
21.84000015258789
24.84000015258789
27.6200008392334
24.100000381469727
20.979999542236328
20.18000030517578
21.8799991607666
24.239999771118164
30.440000534057617
27.520000457763672
18.26000022888184
11.880000114440918
13.420000076293944
17.780000686645508
22.81999969482422
25.420000076293945
21.940000534057617
17.31999969482422
17.299999237060547
21.0
22.040000915527344
26.200000762939453
23.479999542236328
22.559999465942383
23.8799991607666
27.280000686645508
22.13999938964844
19.459999084472656
22.76000022888184
33.040000915527344
31.040000915527344
22.799999237060547
16.540000915527344
17.959999084472656
22.1200008392334
28.34000015258789
25.6200008392334
16.760000228881836
11.380000114440918
12.739999771118164
18.459999084472656
24.31999969482422
31.81999969482422
30.200000762939453
21.559999465942383
16.8799991607666
19.76000022888184
24.299999237060547
28.100000381469727
24.15999984741211
20.479999542236328
20.71999931335449
23.71999931335449
25.440000534057617
22.600000381469727
18.420000076293945
16.420000076293945
21.100000381469727
27.63999938964844
26.739999771118164
19.84000015258789
15.520000457763672
15.199999809265137
18.31999969482422
22.280000686645508
26.36000061035156
24.5
21.959999084472656
22.36000061035156
26.440000534057617
22.26000022888184
19.15999984741211
22.459999084472656
30.81999969482422
27.8799991607666
19.18000030517578
14.699999809265137
14.81999969482422
17.440000534057617
20.399999618530277
23.540000915527344
27.15999984741211
24.34000015258789
19.280000686645508
19.959999084472656
23.63999938964844
28.3799991607666
26.36000061035156
18.739999771118164
13.380000114440918
14.199999809265137
18.059999465942383
22.3799991607666
25.200000762939453
23.979999542236328
22.26000022888184
23.700000762939453
26.34000015258789
23.040000915527344
21.200000762939453
24.71999931335449
30.440000534057617
27.86000061035156
20.5
15.899999618530272
18.0
21.15999984741211
23.459999084472656
27.020000457763672
24.780000686645508
24.239999771118164
27.21999931335449
25.899999618530277
18.600000381469727
13.65999984741211
12.579999923706056
13.84000015258789
17.65999984741211
23.940000534057617
28.86000061035156
24.86000061035156
22.280000686645508
22.559999465942383
28.200000762939453
23.520000457763672
21.65999984741211
22.21999931335449
26.57999992370605
23.479999542236328
20.299999237060547
21.600000381469727
28.899999618530277
27.299999237060547
19.63999938964844
14.880000114440918
15.4399995803833
17.459999084472656
18.959999084472656
21.34000015258789
24.440000534057617
28.31999969482422
26.0
16.579999923706055
11.880000114440918
10.5
12.880000114440918
17.34000015258789
19.6200008392334
21.299999237060547
24.459999084472656
28.700000762939453
25.31999969482422
16.260000228881836
11.039999961853027
10.699999809265137
12.720000267028809
14.4399995803833
16.760000228881836
21.65999984741211
25.21999931335449
20.479999542236328
16.100000381469727
15.699999809265137
20.1200008392334
23.13999938964844
24.700000762939453
25.459999084472656
24.34000015258789
22.1200008392334
23.0
22.920000076293945
23.26000022888184
24.459999084472656
25.299999237060547
22.040000915527344
18.36000061035156
14.399999618530272
14.779999732971191
15.859999656677246
16.979999542236328
21.13999938964844
29.13999938964844
28.200000762939453
18.979999542236328
12.5
11.65999984741211
12.399999618530272
13.020000457763672
14.520000457763672
16.040000915527344
17.1200008392334
18.739999771118164
18.36000061035156
19.18000030517578
19.84000015258789
21.479999542236328
22.299999237060547
24.5
26.71999931335449
22.440000534057617
18.63999938964844
18.239999771118164
22.68000030517578
28.21999931335449
25.8799991607666
17.579999923706055
13.0
14.760000228881836
19.200000762939453
23.81999969482422
26.84000015258789
23.420000076293945
19.1200008392334
19.13999938964844
20.899999618530277
21.959999084472656
22.520000457763672
25.31999969482422
23.36000061035156
19.81999969482422
19.0
20.799999237060547
23.1200008392334
24.940000534057617
26.940000534057617
22.799999237060547
19.700000762939453
19.040000915527344
20.15999984741211
22.739999771118164
25.68000030517578
22.0
18.280000686645508
18.059999465942383
21.18000030517578
22.8799991607666
24.81999969482422
27.100000381469727
24.3799991607666
21.459999084472656
19.299999237060547
19.63999938964844
22.63999938964844
23.26000022888184
23.65999984741211
25.440000534057617
24.020000457763672
19.0
17.6200008392334
17.020000457763672
17.65999984741211
17.760000228881836
18.299999237060547
20.68000030517578
23.15999984741211
23.81999969482422
26.420000076293945
24.299999237060547
21.700000762939453
21.040000915527344
22.479999542236328
25.600000381469727
23.920000076293945
22.0
20.959999084472656
23.65999984741211
25.940000534057617
22.5
18.1200008392334
19.63999938964844
23.239999771118164
26.440000534057617
24.520000457763672
23.26000022888184
24.739999771118164
28.34000015258789
26.34000015258789
20.739999771118164
17.639999389648438
20.57999992370605
23.459999084472656
27.020000457763672
25.059999465942383
19.13999938964844
14.300000190734863
14.760000228881836
16.81999969482422
21.68000030517578
26.280000686645508
26.440000534057617
20.34000015258789
18.100000381469727
20.86000061035156
22.020000457763672
20.239999771118164
21.559999465942383
22.31999969482422
22.3799991607666
22.780000686645508
24.459999084472656
26.31999969482422
22.780000686645508
20.0
18.459999084472656
18.780000686645508
20.07999992370605
23.420000076293945
26.600000381469727
24.979999542236328
22.3799991607666
21.399999618530277
20.979999542236328
20.34000015258789
21.040000915527344
22.520000457763672
25.3799991607666
23.899999618530277
21.559999465942383
19.26000022888184
21.239999771118164
23.13999938964844
22.700000762939453
24.31999969482422
25.559999465942383
21.63999938964844
18.239999771118164
15.300000190734863
15.020000457763672
15.739999771118164
17.6200008392334
17.860000610351562
18.21999931335449
19.940000534057617
21.979999542236328
23.0
23.299999237060547
26.31999969482422
25.68000030517578
19.84000015258789
17.65999984741211
19.459999084472656
22.68000030517578
25.440000534057617
22.799999237060547
22.780000686645508
24.76000022888184
27.040000915527344
23.559999465942383
21.540000915527344
22.299999237060547
23.31999969482422
24.81999969482422
27.940000534057617
24.81999969482422
23.440000534057617
22.420000076293945
22.600000381469727
22.6200008392334
24.15999984741211
27.0
24.059999465942383
21.71999931335449
22.71999931335449
28.399999618530277
27.34000015258789
21.540000915527344
17.559999465942383
16.719999313354492
19.780000686645508
21.739999771118164
22.84000015258789
25.31999969482422
23.299999237060547
21.86000061035156
23.780000686645508
26.8799991607666
23.239999771118164
19.700000762939453
18.07999992370605
18.8799991607666
20.899999618530277
21.420000076293945
24.040000915527344
26.63999938964844
25.780000686645508
19.86000061035156
14.880000114440918
14.34000015258789
15.260000228881836
17.559999465942383
19.040000915527344
20.940000534057617
22.18000030517578
22.71999931335449
25.34000015258789
23.13999938964844
20.1200008392334
19.65999984741211
20.420000076293945
21.76000022888184
23.8799991607666
25.799999237060547
23.299999237060547
20.799999237060547
19.959999084472656
21.6200008392334
24.899999618530277
29.07999992370605
26.200000762939453
17.520000457763672
12.579999923706056
13.600000381469728
15.960000038146973
16.760000228881836
18.0
20.0
21.26000022888184
22.200000762939453
23.57999992370605
25.600000381469727
23.36000061035156
18.8799991607666
18.280000686645508
19.559999465942383
20.459999084472656
21.799999237060547
22.459999084472656
23.959999084472656
24.780000686645508
25.76000022888184
21.540000915527344
19.739999771118164
18.559999465942383
20.020000457763672
23.200000762939453
27.57999992370605
25.700000762939453
17.440000534057617
11.039999961853027
10.800000190734863
11.600000381469728
12.960000038146973
14.0
16.239999771118164
18.1200008392334
19.57999992370605
20.63999938964844
23.8799991607666
25.57999992370605
23.76000022888184
20.200000762939453
19.739999771118164
22.34000015258789
25.559999465942383
22.8799991607666
18.979999542236328
18.959999084472656
21.040000915527344
23.07999992370605
24.520000457763672
27.200000762939453
25.559999465942383
20.540000915527344
15.739999771118164
15.15999984741211
18.100000381469727
18.920000076293945
21.739999771118164
24.739999771118164
28.540000915527344
25.399999618530277
17.719999313354492
12.859999656677246
11.520000457763672
13.699999809265137
15.460000038146973
16.360000610351562
18.440000534057617
20.040000915527344
20.920000076293945
22.13999938964844
23.459999084472656
28.559999465942383
27.71999931335449
20.07999992370605
14.880000114440918
15.199999809265137
18.040000915527344
20.63999938964844
23.63999938964844
26.020000457763672
23.65999984741211
22.100000381469727
22.15999984741211
22.6200008392334
24.780000686645508
24.799999237060547
26.899999618530277
25.0
22.31999969482422
21.739999771118164
25.600000381469727
23.13999938964844
20.63999938964844
19.76000022888184
19.57999992370605
21.280000686645508
23.799999237060547
25.739999771118164
22.440000534057617
19.57999992370605
18.3799991607666
21.63999938964844
25.65999984741211
25.420000076293945
19.520000457763672
14.9399995803833
