132.84
133.18
149.09
149.79
121.49
129.52
81.97
79.29
44.82
51.9
40.49
38.93
35.88
54.37
43.14
44.9
20.01
35.31
39.77
27.71
44.19
44.16
28.09
22.73
21.77
26.77
31.83
29.75
29.2
33.81
43.72
37.3
33.78
28.46
27.89
24.76
24.53
36.01
32.58
34.13
24.35
38.17
20.98
26.36
33.75
41.46
43.17
40.63
35.82
50.13
24.94
31.82
23.34
37.75
32.8
45.71
35.65
42.66
31.39
37.8
31.66
28.05
19.06
39.4
21.36
25.18
16.51
21.75
33.4
41.6
31.05
36.16
28.87
29.61
44.65
29.91
38.31
36.6
25.51
32.53
35.34
28.15
22.59
48.65
31.55
29.73
36.06
41.33
31.67
25.05
46.04
19.41
30.81
36.35
19.14
28.07
37.14
24.77
21.37
42.99
31.23
40.49
31.83
30.01
15.43
38.37
18.56
19.07
22.18
20.71
23.99
21.39
21.82
26.49
13.99
31.83
20.95
22.33
21.15
44.66
20.41
24.77
30.18
26.72
28.2
29.28
26.33
29.88
28.98
23.72
25.29
22.92
17.05
25.03
20.71
23.46
20.07
21.14
21.97
16.27
28.92
25.79
18.95
13.25
29.87
19.02
27.4
30.26
34.2
31.97
24.48
17.19
18.03
16.7
26.39
19.35
32.25
12.64
24.24
22.04
8.28
29.68
29.25
32.82
21.69
11.37
27.02
26.21
14.35
25.87
24.98
25.64
29.49
20.38
25.28
17.55
26.22
29.15
30.73
17.16
20.04
36.65
29.02
10.46
29.03
18.6
18.18
26.96
30.33
21.06
28.41
18.45
21.4
8.35
13.98
35.25
28.62
22.23
30.63
40.27
27.09
17.89
21.2
16.63
17.17
33.96
33.54
30.56
16.14
23.8
20.55
22.38
37.62
13.52
25.06
24.32
10.66
27.47
16.44
12.77
14.97
28.63
28.06
19.85
21.61
27.68
20.55
25.63
25.19
37.15
22.34
21.53
12.52
29.46
12.17
35.45
31.99
29.21
23.53
8.76
24.76
20.81
25.73
25.0
18.07
22.52
33.25
17.46
23.01
21.88
15.51
17.07
12.95
19.11
25.68
25.46
31.62
24.43
16.14
14.91
23.53
17.58
16.98
22.36
17.14
21.38
16.57
24.99
36.73
24.53
13.4
18.59
29.62
14.22
25.49
19.42
29.08
19.87
12.68
39.34
29.37
14.63
17.54
7.5
22.29
25.64
23.56
12.75
13.13
23.98
27.03
21.21
25.46
24.36
25.62
31.82
24.82
25.69
20.12
13.85
26.06
16.49
23.39
23.51
28.16
16.9
12.93
12.92
24.41
12.14
20.66
19.76
20.21
25.07
24.5
16.57
35.95
18.49
8.47
19.38
29.25
24.53
9.09
16.17
30.85
15.02
28.9
19.88
16.6
29.6
26.4
15.97
11.02
24.91
26.86
32.81
27.7
16.77
23.28
25.88
13.87
12.46
25.62
21.48
23.35
8.05
18.0
12.42
21.35
12.7
19.58
12.32
16.89
13.72
21.75
25.86
11.53
17.97
16.43
16.52
22.63
14.2
13.67
12.54
11.2
26.38
15.11
23.5
14.29
13.26
13.47
18.5
35.85
16.66
22.9
15.28
16.9
18.82
17.82
19.84
14.77
22.66
17.59
24.74
6.1
26.35
16.87
17.67
15.79
26.83
13.36
32.56
23.49
15.24
21.09
35.09
17.42
24.0
23.01
19.17
15.14
17.46
17.53
14.0
11.78
21.82
18.17
16.19
10.53
8.54
17.99
23.25
17.02
16.59
18.76
14.07
25.12
15.09
16.76
16.25
24.09
19.9
14.27
11.94
22.8
6.8
32.65
22.57
16.86
14.13
9.81
26.21
22.47
24.95
18.13
28.82
24.11
15.77
24.7
21.99
15.69
23.84
24.5
25.21
22.21
26.72
25.83
14.94
29.51
20.51
18.28
29.69
11.58
16.26
24.98
23.95
34.34
20.68
19.22
27.59
24.16
15.3
21.16
30.05
25.96
32.39
24.93
23.44
23.32
28.68
24.59
15.46
16.88
19.85
18.7
18.85
27.12
10.91
15.24
11.53
15.92
16.13
21.33
15.36
26.28
17.32
14.62
13.98
20.12
20.85
15.28
8.22
21.67
20.44
15.21
27.87
11.33
20.98
13.89
15.82
25.35
30.48
25.34
13.92
25.13
29.55
16.27
20.26
22.45
14.6
12.12
19.57
17.6
9.37
24.94
21.6
17.8
17.67
25.72
15.03
25.53
22.81
15.4
24.35
24.34
20.75
11.87
11.95
23.65
20.89
17.03
25.32
28.17
12.72
23.45
11.3
14.45
17.29
22.63
23.57
19.27
17.56
32.85
27.0
19.46
16.43
21.25
20.49
20.84
20.8
21.9
14.77
6.38
24.97
10.4
10.29
28.34
21.61
17.41
23.5
15.15
18.32
18.12
23.86
18.01
21.35
22.27
20.67
13.75
14.79
16.84
17.2
14.85
7.51
13.82
6.9
26.33
15.78
16.25
17.13
24.32
15.25
14.23
13.65
16.28
17.75
27.24
23.43
17.6
15.14
27.04
21.25
10.69
22.75
17.64
12.28
11.41
12.15
18.79
21.57
