170.98
151.69
176.12
169.18
154.69
156.44
118.34
120.39
111.32
123.04
96.59
99.66
70.26
94.85
67.27
61.96
61.79
48.88
56.56
35.66
40.63
50.24
26.34
17.07
31.32
33.42
29.96
28.22
28.18
30.1
26.24
33.96
27.73
43.13
32.59
19.22
33.22
34.1
21.92
21.87
29.65
25.13
30.45
15.11
12.01
22.65
29.33
25.51
34.28
41.98
36.75
20.56
19.08
39.55
43.33
24.52
23.84
27.75
18.77
39.1
36.12
26.71
16.07
34.05
26.93
28.69
26.94
16.92
23.4
21.61
15.61
19.63
23.19
21.43
14.62
18.35
22.93
27.62
23.89
19.75
36.12
12.55
33.65
21.33
27.46
30.67
30.75
12.64
36.19
17.91
22.23
24.03
18.05
26.7
16.27
30.5
33.51
28.24
14.4
27.69
24.13
16.38
27.17
18.33
27.41
33.52
20.98
13.05
23.29
11.39
10.34
13.77
24.2
34.32
13.06
30.45
19.45
22.49
28.21
24.79
12.94
25.23
30.48
15.34
19.7
22.67
13.08
17.44
54.3
18.86
41.18
20.12
31.15
7.52
25.6
18.64
27.7
25.13
29.34
20.61
40.6
29.07
15.19
12.17
10.27
34.43
34.19
25.36
12.6
22.82
18.99
26.73
14.05
16.76
30.79
37.78
25.06
5.52
11.78
30.18
21.07
20.14
13.2
14.11
30.14
30.98
33.68
37.97
13.29
28.17
33.55
32.06
24.43
26.94
34.06
10.0
22.35
23.43
28.27
16.7
23.46
16.54
37.44
18.12
20.31
30.31
24.71
12.68
20.97
22.16
26.83
17.02
26.11
22.25
7.07
26.63
28.14
18.36
21.99
4.5
21.76
18.87
36.73
25.59
25.09
26.27
13.94
36.84
19.95
28.77
15.05
11.74
14.35
20.35
25.52
19.24
23.83
27.38
30.03
22.34
21.25
19.57
40.01
35.31
10.4
32.33
16.48
28.33
21.1
25.72
16.48
28.83
20.46
24.71
25.98
21.5
27.72
20.51
25.49
18.3
20.46
23.82
16.3
29.22
16.8
42.25
12.16
18.03
22.94
22.69
16.12
32.39
25.71
18.83
20.85
10.13
28.64
18.95
9.84
26.61
23.54
24.86
23.28
30.96
12.28
15.59
27.5
18.63
14.56
29.96
19.65
22.11
28.32
39.56
28.0
22.37
12.67
19.36
23.82
17.16
15.33
20.97
19.35
14.59
34.25
10.62
16.3
19.43
18.61
21.05
11.62
22.87
10.06
14.47
20.9
21.76
15.5
14.37
17.66
17.06
24.23
12.25
20.16
21.07
10.54
27.41
32.95
14.42
9.73
13.17
15.59
18.43
23.92
28.67
13.24
18.68
24.27
22.38
30.38
16.96
25.1
20.36
6.48
26.13
23.14
15.84
8.85
13.88
24.31
22.47
22.07
12.32
20.28
17.15
11.17
33.66
32.51
15.9
24.15
15.37
8.36
18.83
12.03
18.87
21.04
4.73
18.82
14.89
18.64
14.53
22.42
16.47
9.48
14.51
16.62
17.7
24.54
14.64
19.07
33.68
11.05
17.99
11.81
16.42
30.3
22.64
24.52
13.2
6.12
9.35
31.01
13.9
10.24
21.35
13.75
20.59
18.67
9.12
12.65
5.2
20.4
18.5
8.32
9.48
18.63
12.15
17.22
6.93
10.86
25.01
12.51
19.79
11.83
15.03
19.05
16.06
6.07
20.89
6.95
18.8
27.41
16.06
13.51
10.65
8.37
29.2
21.09
10.61
11.73
6.75
13.66
11.83
7.23
23.39
18.96
10.25
19.78
9.71
12.66
26.65
19.1
14.91
4.33
15.31
16.9
11.86
11.07
14.16
5.8
3.89
2.07
2.17
7.99
16.09
16.83
8.37
11.0
23.34
9.36
2.32
14.72
13.07
7.15
10.19
19.2
15.26
9.11
15.56
13.53
12.51
5.6
6.65
3.29
14.25
9.79
12.73
9.32
18.18
5.95
13.84
11.81
12.94
11.56
4.67
8.15
9.22
3.72
13.69
12.47
13.19
6.68
13.72
14.57
10.89
7.22
9.64
11.15
5.49
10.89
8.89
4.0
5.67
6.25
12.82
9.03
6.15
5.6
2.61
11.44
10.78
5.38
12.41
8.6
12.49
11.68
7.02
8.35
14.47
4.08
22.35
10.58
6.43
9.04
1.62
1.91
13.19
2.82
7.42
6.53
6.66
0.98
5.09
18.65
2.89
7.28
4.35
0.63
12.12
11.24
5.86
3.61
10.2
2.18
3.03
3.94
3.24
2.39
4.4
8.94
12.68
5.72
5.94
5.2
10.67
7.87
6.91
2.19
6.5
4.52
7.12
9.87
1.65
5.56
11.05
3.01
9.48
8.84
8.19
5.23
6.68
4.54
5.57
7.34
8.18
22.42
5.4
7.19
1.71
3.96
3.69
17.99
10.13
4.14
3.02
12.22
15.05
7.71
9.98
5.75
12.38
6.47
13.73
3.31
10.31
5.67
4.85
3.0
10.15
6.94
6.03
13.43
8.33
9.82
13.08
14.14
17.35
10.27
15.51
14.49
11.12
19.27
6.39
15.51
12.83
8.52
6.57
4.63
3.88
12.19
9.58
