150.33
161.24
153.01
178.04
150.09
148.34
140.45
129.56
123.28
109.52
116.76
106.63
86.01
80.43
62.29
57.75
55.71
21.02
30.59
37.8
39.65
34.6
27.53
32.16
38.54
30.58
36.78
30.6
27.9
25.51
30.94
16.07
27.61
25.68
45.65
44.48
27.7
33.15
29.09
33.16
36.0
40.04
30.89
29.38
22.16
35.03
22.91
21.62
28.12
16.0
20.88
32.53
21.92
17.01
12.44
13.0
33.01
23.2
18.26
24.64
26.97
27.23
21.84
20.66
13.6
27.2
22.14
21.59
17.79
18.29
14.67
12.85
20.46
21.14
28.06
16.79
14.17
21.49
12.16
10.3
9.83
5.24
20.5
16.37
15.64
6.44
16.55
13.27
6.03
5.68
18.61
10.5
3.7
13.84
1.25
16.41
6.48
15.33
9.99
10.66
5.33
23.34
16.39
9.59
13.38
21.06
11.22
27.05
14.5
16.16
18.63
1.66
7.15
11.26
9.33
1.07
11.75
11.53
12.87
10.3
14.1
34.2
20.19
6.12
22.51
10.04
15.75
15.59
15.22
13.65
24.96
14.06
6.83
17.46
12.42
18.04
11.71
15.94
7.17
17.91
22.73
12.05
17.34
8.35
12.42
14.32
11.28
22.66
13.14
11.85
19.93
18.15
11.24
17.0
9.47
19.05
19.74
30.32
15.11
19.73
17.66
25.88
12.65
18.74
22.1
11.24
16.23
16.29
13.88
20.03
19.5
15.08
22.63
10.79
3.94
19.89
21.93
23.13
19.9
10.87
14.15
6.84
10.29
30.19
16.72
12.08
21.83
16.04
19.17
12.85
20.38
9.62
21.61
9.68
16.44
15.6
21.15
12.9
26.94
9.62
21.67
18.15
6.39
27.66
29.05
14.47
21.24
23.17
15.72
22.93
20.68
22.82
16.47
26.05
12.91
13.07
31.81
19.99
9.04
23.5
28.16
35.14
38.12
13.51
20.11
20.29
27.61
19.57
20.82
31.65
18.95
26.05
24.11
11.31
12.71
22.0
9.99
22.79
17.06
11.9
25.32
14.81
15.46
16.68
23.89
25.03
11.43
13.32
22.0
26.74
26.5
8.89
17.96
21.2
19.91
16.19
33.6
16.09
16.29
17.69
25.21
28.96
20.16
12.83
17.0
20.91
10.56
15.58
21.87
22.98
21.54
24.8
20.08
15.18
24.72
16.15
25.62
8.19
13.83
21.19
36.21
28.4
14.01
16.06
19.23
17.88
25.05
10.56
18.37
9.15
19.61
12.49
23.22
12.2
14.91
22.62
18.3
13.92
17.57
21.71
12.36
20.51
20.41
19.32
8.32
19.77
20.08
21.45
17.2
16.56
27.93
30.18
19.04
16.93
15.39
30.9
11.14
35.77
30.17
14.58
27.16
21.47
23.36
17.76
15.93
16.75
7.38
13.66
24.08
12.12
15.83
21.21
12.23
19.86
18.42
16.61
25.29
7.26
7.23
28.1
21.23
23.52
22.08
15.58
8.48
10.51
12.47
12.94
2.5
16.55
22.31
22.88
12.61
10.98
23.92
26.45
18.4
12.71
15.24
14.96
12.68
9.31
8.72
15.0
21.11
12.38
17.95
17.68
27.46
10.68
12.69
12.04
11.46
14.08
13.61
15.39
7.48
16.17
4.34
12.36
11.8
20.27
32.64
22.3
16.5
12.11
19.05
13.5
16.68
19.47
17.99
18.81
14.31
17.18
11.78
10.93
13.93
16.68
17.26
20.27
17.56
11.83
29.72
13.84
14.08
24.44
27.67
22.99
19.74
19.22
9.35
13.85
9.96
19.7
19.89
9.64
17.03
19.06
12.03
17.97
18.9
14.88
10.55
14.9
17.35
13.55
11.99
11.95
13.83
14.22
8.19
13.38
10.22
16.86
21.08
14.79
8.42
17.83
12.86
16.53
8.65
15.29
20.51
20.56
21.91
17.3
11.1
13.42
19.01
11.34
10.99
16.33
8.72
23.5
21.19
23.08
16.5
15.96
7.41
17.1
14.4
9.52
10.82
7.04
9.37
12.87
15.66
17.11
11.39
14.75
8.09
9.45
16.18
17.26
21.0
14.67
14.06
15.05
9.26
14.21
14.31
10.63
9.58
18.0
10.95
15.71
18.69
10.05
19.65
17.11
9.29
12.88
18.81
18.43
13.66
12.1
10.81
17.92
15.26
11.29
20.83
19.16
16.87
7.59
23.47
11.87
12.7
15.43
12.83
14.95
24.98
17.66
11.6
11.33
16.25
16.14
13.67
10.52
14.79
19.37
21.37
17.23
12.53
12.9
15.44
13.25
16.9
15.49
19.75
10.91
22.03
13.08
17.86
15.88
16.59
13.14
9.87
19.82
11.89
18.31
14.09
19.37
8.87
17.16
10.91
11.18
20.15
15.03
14.04
14.73
22.51
12.45
10.6
16.79
23.84
21.95
19.61
14.36
22.41
12.76
14.39
18.68
16.62
15.26
14.58
14.65
13.72
13.56
19.89
21.06
12.02
10.79
10.19
18.07
11.68
20.86
21.02
14.26
13.98
9.26
10.46
13.63
18.04
11.32
17.65
14.5
11.14
12.8
11.3
11.28
10.97
9.95
14.37
8.94
19.39
13.71
13.11
20.05
19.79
10.9
