143.09
142.99
132.06
118.14
81.96
113.05
107.47
56.55
59.71
68.01
63.57
52.93
41.82
33.76
26.23
26.73
23.53
33.63
31.54
17.78
30.74
28.94
27.48
23.82
34.24
20.99
47.18
32.22
38.01
26.54
34.81
27.73
28.67
18.6
39.94
17.24
29.75
16.54
22.79
9.61
21.52
15.87
11.67
23.51
18.35
34.51
37.74
31.2
28.37
16.6
42.6
12.93
20.99
27.72
30.24
26.34
16.81
23.08
12.88
44.41
19.35
25.93
24.1
15.19
17.29
29.94
21.22
25.5
26.05
18.94
25.25
21.66
24.19
14.37
19.9
9.66
16.03
8.79
21.38
21.38
20.37
22.91
17.31
34.24
20.38
18.73
19.41
29.31
17.44
38.02
21.89
24.65
35.58
26.67
27.84
24.05
27.41
18.57
23.49
18.97
29.92
29.17
24.38
18.18
21.88
6.5
17.89
17.03
19.11
15.15
24.68
20.83
16.2
19.73
26.06
35.74
14.69
22.67
33.8
31.5
20.25
19.03
29.01
19.92
22.33
14.9
33.73
18.72
30.25
19.64
23.28
23.41
26.34
20.17
23.28
20.81
21.55
13.48
26.97
26.1
29.55
22.9
23.35
15.29
20.27
28.22
28.65
26.83
31.49
15.89
17.12
23.59
24.24
13.45
26.79
35.31
21.19
23.01
17.89
18.66
19.52
19.68
17.42
28.75
21.41
22.94
18.04
24.75
11.38
21.28
25.86
31.4
20.1
21.02
14.92
13.3
21.49
22.02
21.25
21.04
18.75
23.18
16.97
13.0
18.77
21.11
27.3
22.62
16.75
16.13
19.16
20.27
21.67
20.77
12.81
24.38
30.22
10.46
14.53
19.5
14.18
26.35
20.68
20.69
12.56
20.53
9.9
22.84
27.66
13.59
5.67
15.11
18.68
16.28
11.69
18.08
16.63
9.53
14.59
18.89
18.41
23.36
27.7
13.95
17.58
23.59
9.61
5.86
17.48
24.19
13.79
12.31
14.0
13.58
11.67
10.0
27.43
17.65
23.07
24.99
7.66
20.27
6.09
18.62
21.22
20.65
19.54
22.99
14.76
4.23
21.86
17.2
9.75
11.73
4.85
18.7
13.27
11.41
16.59
10.29
17.5
19.15
25.65
13.59
15.55
14.23
14.87
19.01
13.92
15.87
17.68
8.14
13.94
21.92
8.26
24.35
13.74
23.72
15.33
13.32
13.82
9.21
31.8
22.94
16.91
15.89
19.02
7.92
8.61
9.94
3.3
15.16
7.7
15.36
16.15
16.43
15.5
10.51
10.54
15.14
23.43
16.71
13.85
21.33
10.17
9.34
8.76
7.22
12.7
13.95
15.9
14.54
24.71
14.06
23.53
12.83
30.66
12.85
23.34
22.58
15.03
17.84
12.6
20.25
25.36
10.39
6.55
10.05
21.08
13.42
23.64
15.65
21.1
20.08
14.51
22.38
8.89
8.77
22.04
13.24
2.83
12.04
15.89
24.11
17.38
12.53
38.17
14.87
10.15
15.56
33.41
22.81
13.02
26.52
21.73
8.32
20.88
15.38
12.29
10.59
8.27
13.01
12.89
17.68
14.82
14.0
12.94
7.68
13.53
11.94
35.26
18.53
24.08
17.05
10.66
8.29
10.01
17.96
17.12
21.98
20.01
26.47
20.1
17.82
14.06
17.62
18.18
23.92
16.27
17.41
13.14
26.58
21.51
18.6
14.89
15.41
17.34
23.5
12.8
12.46
29.25
13.48
22.86
20.09
13.12
24.9
11.99
12.53
23.74
23.22
24.05
14.23
7.74
11.8
19.39
14.68
13.55
33.74
19.59
12.74
18.06
19.41
10.43
16.58
17.2
9.03
19.16
14.95
9.44
9.15
18.71
11.88
18.4
14.72
15.4
14.74
12.67
21.49
22.0
12.29
11.04
13.74
17.68
17.58
23.91
17.53
14.26
12.75
10.96
17.53
13.36
21.08
14.52
18.7
20.0
14.17
15.39
15.57
10.48
18.08
15.0
14.77
19.33
13.38
22.64
12.2
18.35
16.48
16.68
16.66
9.65
16.59
17.74
19.62
11.32
17.09
10.95
15.58
15.07
9.75
9.47
16.58
15.51
15.27
12.88
17.17
14.47
11.56
20.36
13.18
10.97
15.51
19.57
12.97
9.98
16.3
12.84
17.9
15.51
21.84
29.25
22.59
20.18
15.87
19.25
11.52
14.31
22.27
16.62
14.94
15.77
15.17
16.74
11.07
16.93
14.88
16.44
11.33
23.71
14.15
20.35
20.67
12.7
16.29
17.32
12.67
11.27
19.45
12.68
11.83
19.73
12.35
21.29
12.31
19.36
12.47
17.35
13.01
17.63
23.77
24.66
14.34
16.53
21.58
15.09
14.84
21.01
16.34
15.57
7.42
10.55
13.11
19.49
15.44
19.94
10.73
15.7
15.6
19.9
12.2
16.32
16.25
9.04
15.72
16.44
14.96
18.92
13.49
19.81
14.18
10.29
12.75
16.88
21.84
13.13
13.21
13.56
18.75
15.62
15.7
23.81
16.97
12.36
14.36
17.88
17.1
13.26
17.15
10.35
21.24
19.83
11.92
16.31
14.37
15.12
22.86
15.81
17.92
17.38
12.49
