144.24
143.74
129.66
159.86
110.72
123.04
120.11
106.91
81.74
76.94
64.09
58.13
35.59
42.93
27.92
14.99
19.68
15.13
17.77
29.9
19.19
26.84
19.99
29.37
11.03
23.02
24.13
10.12
14.8
7.01
11.7
21.05
10.31
14.83
25.04
4.08
16.54
13.86
12.6
19.51
21.65
26.64
27.05
3.72
18.95
10.38
20.91
19.08
11.02
18.71
19.88
7.75
14.41
8.51
17.02
22.83
3.25
22.66
6.47
7.93
13.61
13.2
1.49
20.08
6.97
17.97
15.91
3.21
17.58
18.96
20.41
11.77
12.37
19.71
19.54
19.68
12.92
14.87
21.76
15.98
10.47
17.06
22.78
18.94
12.8
12.22
9.33
9.34
8.63
11.37
13.91
12.15
11.84
47.83
20.34
18.13
18.44
10.36
3.94
19.13
13.91
9.75
16.54
13.14
31.01
19.87
44.2
25.7
22.21
6.23
13.9
15.33
13.29
11.92
16.41
25.13
21.02
20.63
11.91
48.75
37.56
13.01
15.35
11.68
9.44
16.0
13.44
17.77
13.13
8.14
14.26
24.05
41.73
33.2
32.18
15.62
17.22
27.63
20.07
9.08
18.23
13.94
14.4
27.95
15.12
14.18
20.17
14.62
11.59
36.31
22.08
14.19
16.01
9.45
13.93
36.02
19.02
14.53
21.53
28.28
11.27
19.63
14.86
31.11
18.05
38.44
16.74
30.84
26.72
14.38
14.2
39.4
16.7
16.43
18.64
8.33
13.42
24.7
24.56
7.82
14.74
29.59
30.46
26.01
15.33
22.31
10.98
28.24
19.51
17.61
8.76
12.71
24.84
20.76
9.78
19.16
13.75
14.28
5.56
12.38
25.38
14.5
6.47
5.56
8.11
12.04
33.75
15.68
16.23
7.84
7.56
28.39
16.49
15.44
19.22
29.7
18.55
9.96
19.21
11.98
17.73
12.73
14.34
27.75
13.09
26.59
11.4
20.84
27.25
16.56
12.25
17.46
13.11
5.19
14.02
8.36
8.41
29.65
9.12
18.88
11.44
15.62
27.88
19.1
14.03
16.4
13.51
7.44
9.68
17.47
8.11
12.52
29.95
14.64
10.98
19.87
5.53
9.35
23.19
10.44
16.04
12.98
23.42
11.4
12.96
16.17
13.34
30.66
15.53
7.68
9.55
18.79
15.74
15.23
10.16
13.41
20.83
20.81
10.53
21.47
14.08
5.19
13.59
13.01
16.45
16.67
8.55
12.17
19.31
12.07
14.57
26.06
19.03
25.66
18.04
8.03
10.2
20.53
12.52
16.46
10.85
16.58
12.96
5.72
10.51
13.61
17.54
9.79
11.44
18.38
12.05
21.08
12.2
13.53
21.77
10.71
17.52
12.35
16.49
14.26
19.39
10.07
12.8
17.36
11.47
14.76
14.39
11.38
19.61
11.64
11.51
13.45
10.61
17.71
12.26
14.93
11.57
10.84
25.34
14.99
11.43
10.49
15.31
8.23
10.77
14.45
10.43
17.19
7.82
18.48
14.23
15.88
13.3
16.03
11.54
13.49
18.5
13.6
14.28
18.95
32.01
20.94
11.7
16.74
22.76
18.69
9.81
16.2
9.3
8.45
14.35
19.54
14.72
16.2
26.71
12.77
24.29
11.4
13.07
20.6
14.9
10.92
8.12
10.61
13.38
6.91
9.76
9.27
15.34
11.35
8.95
22.6
6.82
17.22
23.84
17.98
9.65
19.71
7.39
10.39
18.6
9.68
14.43
8.07
13.61
14.09
7.98
11.73
15.38
15.52
10.96
16.04
10.76
12.17
18.03
20.99
15.89
10.86
11.04
17.58
16.02
11.59
10.93
11.39
17.52
26.34
21.85
10.99
14.59
26.0
14.68
16.1
8.96
11.49
18.06
12.08
13.46
19.71
9.98
16.2
8.95
17.64
7.48
13.41
14.89
9.54
9.23
15.02
18.49
12.52
13.47
8.25
13.21
19.52
13.59
19.16
26.17
19.86
10.16
15.38
19.69
14.56
16.4
8.49
12.99
18.36
7.49
16.75
10.36
12.56
15.58
9.33
12.41
23.96
9.61
15.26
9.13
8.76
11.49
16.17
8.8
14.33
18.24
27.13
16.66
12.89
12.59
14.84
22.12
11.65
17.74
27.14
12.65
17.85
10.68
15.1
20.53
15.03
19.04
10.13
13.73
11.02
14.18
16.52
15.46
6.39
7.83
8.31
8.6
13.4
19.01
15.31
9.55
11.43
21.6
9.63
12.7
15.65
12.24
11.66
18.52
10.28
13.23
8.21
10.86
17.0
9.62
11.06
16.62
7.14
9.32
10.84
16.3
7.09
18.03
8.27
17.89
7.85
15.4
12.43
6.5
9.09
13.86
15.94
9.3
13.45
8.57
12.67
16.11
8.88
17.75
9.3
11.47
15.51
11.21
11.06
16.88
12.77
12.8
6.83
10.7
14.92
23.56
12.15
16.54
21.08
10.28
14.12
22.76
12.26
10.05
15.59
22.34
13.14
16.97
7.75
14.92
8.43
13.35
17.28
13.17
16.28
9.93
12.75
21.57
13.91
15.91
13.74
12.5
18.42
8.9
11.27
16.44
12.81
18.01
12.02
15.75
22.24
13.33
19.84
