0.3052802051144149
0.0832741265874273
0.0901685915342065
0.1947499649819433
-0.1568600109195145
0.0991199336260353
-0.1213861599669352
-0.2076005233813004
0.1037224241404905
0.00647720366408
-0.0386164922764668
-0.1995480252619943
0.1507234428386004
0.0078432739733561
0.0226604536708367
-0.0187428368611307
0.0362526044700982
-0.0204566693576941
-0.1128802266167088
0.1283586849179274
0.0455560977326535
-0.0618983263936075
-0.0175798526459119
-0.0238904387506153
-0.0400507570834622
0.1279213548392222
-0.1053770921270523
-0.0724937506641703
0.0842509365687328
-0.0563527363758579
-0.0128077532143095
-0.0153547498219798
0.0436738185727051
-0.0529154205637486
0.0798009513289304
0.1299600575891622
0.0232988845642159
0.0400052897757282
0.0421909005848552
0.0350407426544017
0.0320789372589041
0.1152792952521201
-0.0656140125149977
-0.0063881782953863
-0.0046666290947401
-0.0014808193859089
0.0694101782014001
0.0896876268510429
0.0815258738641028
-0.0105598574394099
0.0351789273633636
0.0615500933104061
0.0836225367428733
-0.0430839290149383
-0.1094802574808513
0.1145726709885462
0.067460387412493
0.0452563278977429
0.0342169214628236
-0.0695414324396096
0.0136766010127226
0.0901056842109261
-0.0189500068675883
-0.0511891830899212
0.1040861282717466
-0.0074765904664775
0.0904883626593086
0.0368598875033598
0.0969243637207625
0.017415273089951
0.06785518593859
-0.0110034492305722
0.0219633270512601
0.0562841626309309
0.0013317598205676
-0.0532506369472062
0.0135087709097251
0.0411337677311119
0.0814376633934529
-0.0181002102617594
0.0344006948765431
0.0238128412716309
0.0452099612720995
0.0382567024569911
0.0007518662302948
0.1218452289378262
0.0776578042761093
0.0007558624393629
0.0420371637988529
0.0132176329546246
0.04399799781227
0.1432111609247232
0.125814337068208
0.0827144031136028
0.0855622714959895
0.1067396855724427
0.1056847067826024
0.0562879214506291
0.0987817885721681
0.0262438561202121
0.0222757647444007
0.051613095152354
0.0314154642428857
-0.0541529740987896
0.0271026679321215
0.1021053184115746
0.0161608531783083
0.0348581393323915
0.0592354396398472
0.122742757668587
0.0748478302691487
0.0210317337780611
0.0406556400913765
0.0605533763456077
0.1002678310820854
0.1493226421925023
0.1521591411211295
0.0263282113475219
0.1388647699173245
0.0503274552574671
0.0443457540966679
0.1051766277633042
0.0785483536952394
0.0360701249559541
0.0501890804922739
-0.0468510374978571
0.049089430328638
0.1156012898114988
0.0426575590094221
0.0929987053900123
0.0410316689254476
-0.0113673229740788
0.0018265773151489
0.0369962038286834
0.0209970259963333
-0.018345865325863
-0.0196873167259855
0.1120287874682831
0.0689581625082529
0.1241990109392995
0.0244842805049468
0.0556178941454777
-0.0768312590624424
0.0566266024057807
0.0237578964611185
0.0139515424936844
0.0754400372278943
0.0891663687054239
0.0343758431353353
0.1455303333438556
0.0820558138776743
0.1048981280652844
0.0673600163529139
0.095086691182329
0.0715178592068755
0.0157095466276609
-0.0209968685457459
-0.0132998701757139
0.0136100987013085
0.1834617553456857
0.0389087601215021
0.1611229620196786
0.1008204924622828
0.0723020965925653
-1.42228096007e-05
0.0149921365113766
0.0091328542490069
0.0705215125208047
0.0276443713166602
-0.0246305391505401
0.0651279517082068
0.1452688071208189
0.077631706717857
0.0103990327977355
0.0200026704718689
-0.0098897783349315
0.2303529724718099
0.1293674810805359
0.1098674512776045
0.0182116598644665
0.0198515604563548
0.1169956416465925
0.0115593777817679
0.060018746209247
0.0836575037339883
0.13386729132487
-0.0745816910188375
0.0970546642757407
0.0788411578116369
0.2137907355382372
0.0605657944230959
0.0554928554803265
0.0900564926564791
0.1182677655411159
0.0318766419219923
0.1891570199262409
-0.0619346625610841
0.0074279691679151
0.0504914241567269
0.0615922998993679
0.0904717519557675
0.0771024281201026
0.0329126506092379
0.0608337064414096
0.0488369551865625
0.0294409725446479
0.0787333401439514
0.0900514897074919
0.1154923492849065
0.0698167200003502
0.1276670211441102
0.1238446767864303
0.0604140414774929
0.072898162966238
0.1570267613503423
0.0566517063926292
0.1235562090582412
0.0851782730866222
0.1278708371459291
0.0719186027389047
0.1145953757973904
0.0506144037303212
0.0013321812886999
0.0512740629330684
0.0989739256610229
0.0209869931445915
0.1279889090110083
0.007882963440737
0.0169747159697396
0.0644067445669986
0.0131445519972685
0.1293284712128047
0.0621581499205972
0.1619882807154179
0.1233770253015392
0.1879930454115219
0.1292809720355074
0.0208117858481813
0.18386054509988
0.0448606508163214
0.0400943767703734
0.0689092883232933
0.0316953828604086
0.1751393586839074
0.1374212828051837
0.1531509822194005
0.0572611955297477
0.0802265310993077
0.1754933186306264
0.0194623284232346
0.0795363141178166
0.059252148439273
0.0089145429729984
0.0591999377247231
0.0559581114180024
0.110187101618539
0.0128638061646343
-0.0664782416393291
0.0121680363185086
0.1988110781003017
0.0348497169031675
-0.0188460946892439
-0.006771961701724
0.0651034089269603
0.0160791312278291
-0.0218538549325417
0.0751043191530882
-0.0008584415779876
0.0875290697295476
0.2121182580163741
0.0622623514556865
0.1155079808469275
0.0853801180168153
0.2073073220356072
0.0423539197633499
0.0843924913699845
0.0740579975767671
0.1898487348983576
0.2184021457210906
0.126443910436495
0.0621674126013983
0.0551570537522964
0.0345813642878735
-0.0507447263753846
0.0260889396423402
0.1195035745628645
0.0803356399002531
0.0729189015970616
0.1489377999313856
0.1338817462333233
0.1199001205336068
0.0538138759055328
0.0226151863346433
0.1171681849895075
0.026196427522421
0.0627011343675436
0.186583250337451
0.075186299236433
0.1102439550987236
0.1483077621990682
0.0904753551047009
0.1379506152121925
0.1971540461351028
0.1501855158124689
0.0851910511520605
0.1731419240977203
0.080268524580768
0.1624355496929619
0.108081851058271
0.159470371914448
0.2587248569464222
0.1022939504338342
0.1343965137510575
0.1066851749340527
0.1173665305823442
0.1676100662992929
0.2133140292949993
0.0929472378735549
0.1262489580151657
0.1123664426803398
0.0624676456155542
0.1493854475451754
0.1445277549556504
0.1649311957309396
0.1976419106170609
0.0876564909926821
0.2172659199592895
0.2506191450265237
0.198385136339966
0.2148549046205249
0.2162330201108987
0.1643210358871968
0.0821442079820823
0.1448473638107356
0.1185375067984181
0.2320528158089476
0.09373142175264
0.1470468483589603
0.0872343638293298
0.1935054596960903
0.0884590171058586
0.0597426234293305
0.1634828409855015
0.206694727448147
0.1723698830424538
0.1447687275942172
0.0587953547764469
0.148593383620034
0.1405489722784438
0.1792491927460582
0.1676148995999472
0.2385062653093833
0.2064716300575586
0.3036200114275672
0.2569893966400764
0.2688577533427838
0.2077352907963032
0.2807071130650828
0.2681031329898349
0.3596372285065865
0.2476606093379416
0.2966278655491476
0.3103905306621206
0.3054121353890036
0.3763970477777327
0.2442116779334915
0.3018916993206096
0.2188344724881915
0.2141792559334288
0.2539811872171222
0.229666525488045
0.3263580254367211
0.1934399857946515
0.2566695181413843
0.2407525577231868
0.3199349045476501
0.1484392975059277
0.1810131166167903
0.3338173961932431
0.2636553410558433
0.3734823693358589
0.3659791863976852
0.425033175533521
0.2850108743575711
0.3497545600880271
0.2414220538899759
0.3309798143678202
0.3967852799682784
0.4255175886428805
0.4325623850022875
0.4110625064339664
0.4540411013317975
0.4769943465984827
0.5063090199060757
0.3560590434004552
0.3901971397503853
0.517020108663353
0.3938850434142668
0.4149489402725601
0.4197038159756328
0.5126996624230081
0.505430426930969
0.5006053856524362
0.5943495255871569
0.5566203921971806
0.5502910725324258
0.5760903380539526
0.4929511577430813
0.5780279328356326
0.577101231740996
0.5805109869182821
0.6212444526296618
0.6811798049785098
0.631899439617767
0.6941845161422177
0.6996540182519249
0.6497691459930357
0.6449278231943671
0.6628851961554125
0.6928768068884565
0.6743270166504566
0.7061731444651798
0.7100711230623739
0.7810100092088539
0.7572060422449549
0.7024527584130845
0.792856842884718
0.8198718579580522
0.7835061032862711
0.8417337139725852
0.782804009057217
0.8866618729374829
0.8341930901747449
0.8892401153395139
0.9052481269884126
0.905178306393466
0.954835938239872
0.947503361462024
0.9810281798566204
0.9673121277561948
0.9694156857783404
1.0025049822419505
1.0807462587444714
0.9670223754661322
1.0031841575564584
0.9923368325015514
1.144966237311519
1.0634061459560151
1.2079451433024722
1.1406942771272084
1.264999767666531
1.2209353730246617
1.2352432952561327
1.1950256488261353
1.2704762278594233
1.2259823030059198
1.2451182159276073
1.3292321420288031
1.250243782871427
1.307582688280325
1.3371706529025675
1.3359906589487958
1.3355389095314558
1.347537814873944
1.384168472236578
1.4881629528433913
1.5526162894917956
1.5345351938298497
1.4873445541737855
1.6418708531607484
1.52993377432353
1.587081422957755
1.6829981772240632
1.6044497843178245
1.7372219987957458
1.6413443872631286
1.7528397599335277
1.7735478799847
1.7456392044955629
1.703859965143654
1.8467821652560596
1.7447883059953508
2.0235710488286958
1.9340792851691253
1.9214252912441652
2.08181631331663
1.8823249090812464
2.0272428912189566
1.9079830456674347
2.0454725645879384
2.0501671871473204
2.035799385071407
2.0305817101366457
2.090410903029298
2.051009030610427
2.1550002509696697
2.3073209770624343
2.2702840230191117
2.249570069144009
2.0724192088809903
2.300975208809388
2.4732307911228677
2.237685619345034
2.523793961768048
2.4761796045710605
2.3301489079520183
2.39742957677326
2.308272482209665
2.464694454695623
2.445733736457141
2.5461715777632907
2.6178959331424143
2.415410844257949
2.60187501335021
2.386615878333999
2.3082319965579767
2.414378928494798
2.447670695180209
2.3708112088123583
2.702863790444145
2.9152901050186686
2.7659961083861844
2.84302937458885
2.8173899949618497
2.84402755069124
2.6988142206663395
2.8010038388995064
2.702505109546321
2.8999742818507195
2.9091344611542427
2.909141153634049
2.866848985742073
2.9721675100488607
2.897449844977284
2.976715700551642
2.826549363438744
2.85899109437122
3.058138763807518
3.1710335413974007
3.0410202705286014
3.200541910392248
3.038144196314621
3.04575864469478
3.017621117721032
3.396011836329917
3.034443031933182
3.2895864458920245
3.242181285425182
3.230548377537968
3.361154236935074
3.145188891285353
3.35205821508573
3.313260497253778
3.5723125118086383
3.271603814756348
3.3664455755612863
3.169784552679874
3.464080040462517
3.318042155035654
3.4405434953529666
3.3372320282943324
3.617412656722656
3.5404532767115087
3.643661724677037
3.683789474496181
3.656322605571296
3.647990530967545
3.661204368358515
3.4969296919519786
3.613996294568186
3.6022326986505586
3.918214108294346
3.804051076856633
3.633239368648233
3.794513253711025
3.644876610345962
3.891978783043768
3.733498528781413
3.994881114991801
3.6535757713824015
3.866382827822063
3.832287719501037
4.065353371366885
3.619592603127984
3.59612465555226
3.6737107326449214
3.950993741772972
3.7583216668023023
3.9220738316715016
3.92999641886633
3.946367911697424
4.200989828852006
3.844626951611241
4.120225705225942
4.214510240842424
4.217745002757993
4.180409106927365
4.18208432352443
4.144253903583978
4.004584620508436
