0.054074064489294
-0.0852901284716296
-0.0278665260752688
0.1913539891050244
0.1310536059529812
-0.0211111333118549
0.0405308466403319
-0.0267566046171819
0.095121164097388
0.1135915600770937
0.080449453524967
0.1069818707555884
0.0431586157937255
-0.0169051699772413
0.0845183709454033
0.0387935055821417
0.1346538177093702
-0.0392995403162568
-0.0636820728685729
0.0267377858479432
0.0316803661945607
-0.0474161442053481
0.026703311752804
0.0974031338915727
-0.0097310174245631
0.1084422909533077
0.0370734630862675
0.0321194667250421
0.0421099401012566
-0.0048536187873138
-0.080727125261269
0.1032610611306429
0.0641302771820696
0.0957056856722761
0.1486251442840019
0.0438414770127431
0.0643491410929888
0.1262551445251679
-0.00924973917564
0.047045924261703
0.0544761809098073
0.0565253515238751
0.0375937751043963
-0.0462800351956083
0.0061483862139473
-0.0499263533408532
0.0131652090852532
0.0074349451559339
0.0781868997427859
-0.0278101874874581
0.0324677288099735
0.1315961353277124
0.0969623943015835
0.0462183421747822
0.0142186739074131
0.1621324532860128
0.0325781308112885
0.070491633985689
0.0114888441116085
0.096574677429946
0.1256508630863919
0.0982839718129426
-0.0087357478176153
0.1875611287014976
0.106414986704317
0.1225484961491736
0.2221011500798181
0.0034283371713071
0.0983637523925421
0.0578939459749496
0.0471420507619656
0.070766996338279
-0.0367694344506347
0.0233946852961939
-0.055037536393163
-0.0240976309597211
0.0315148254418471
0.0932582827702813
0.1506725051107311
0.1204056553404063
0.0684792151990093
0.0546677393732491
0.0644098647501246
0.0331579680769067
-0.0339767043586175
0.0040583364489847
0.001109860603988
-0.115585110780833
-0.0341920557968356
-0.0548963197779934
0.05133924049677
0.0788189314646979
0.1303702907820542
-0.0075329043024459
-0.0062372260291311
0.052182344703969
0.1575367509576073
0.021942736726196
0.0614929548590345
0.0398174043136498
0.0335730710030813
0.1443642097858712
-0.0225043677462869
0.1242455213862632
0.059364573977898
0.0031538656431428
0.1443229009180164
0.1337984236361693
0.0951013540290461
0.0932297469837475
0.1510596589706433
0.0681374663264077
0.1894384319402496
0.1070421577131327
0.0474932004405069
0.067933873971284
0.0001876579715533
-0.0353562164957045
0.1730445230828164
0.0914289703841261
0.0522043928911111
0.1154237051920841
0.1337014964521588
0.0896268381907795
0.0685141857745844
0.0195659411642721
0.1099163947321449
0.0397608114958296
0.0290837911215014
0.0808799687975455
-0.0237379703488025
-0.0656643932485377
-0.0818681513817125
0.0171906745671208
0.0820446668437466
0.0495855834387816
0.0540947414985936
0.0326372489635724
-0.0159134239686585
0.0275226896219984
0.0081366834845186
0.0752929993835739
0.0558204676337013
0.073642343236251
0.1204325072126307
0.125805274184954
-0.0100445279983998
0.0910494917404198
0.0137304063333932
0.0483264810691161
-0.0421492170224012
0.0190935472062979
0.020921010770925
0.0399529626186577
0.0353127734242247
0.0118793980850048
-0.0077603831048867
0.1231443559544765
0.0819299544548635
0.1278631898262005
0.1538500079133894
-0.0232090122763867
0.1597726903409748
0.0791235599322682
0.0819676019527135
0.0880558645215074
0.164033681932929
0.1503729642118037
0.1063267170567783
0.0574361551393224
0.118056381231036
0.0980497531226836
0.0939872736989349
0.1256516549358713
0.0705341667887489
0.0196705267707456
0.1493377552957136
0.0826522271241049
0.0341981540057377
0.1404502211293549
0.0147426529010087
-0.0574743296859545
0.0519431304837291
-0.0115726163119396
0.1362487146114614
0.1003783429617266
0.0790623110713275
0.1128794094436602
0.0615147614579717
0.1065115688760431
0.1264151757228103
0.0534630090046754
0.0986952046794114
0.0696301423936699
0.0665724634824907
0.0634293329979749
0.0157408834538114
0.127288617743994
0.082356645080369
0.0744772807960964
0.1832490285916687
0.1265179070285008
0.048835836506673
0.1997097775425282
0.135160377197291
0.0800476988672476
0.0914467883885831
0.1718403451749211
0.0641352311500733
0.1228008139052448
0.1154945190870318
0.1258689941027556
0.1024097400507427
0.1722631658086755
0.1755199103066416
0.0768468006376053
0.0954764660586162
0.2243772422366763
0.0911329496037176
0.1246965176210707
0.0916220952178119
0.0997698707004276
0.0956148463464442
0.1181509024277443
0.0515714137232392
-0.0059458656752045
0.1046759864470539
0.0829541948953595
0.0055871189795736
0.1424138556232769
0.2045221767110236
0.1101730880895164
0.2467097461946342
0.1725973546076672
0.1131730015707823
0.1020615871181135
0.2287733949473983
0.1462750559516462
0.1963255198655407
0.0864355048596382
0.1972961417299822
0.2425348041576515
0.1602838702026049
0.254793745927432
0.1579127557173376
0.29841088422363
0.2279510878277986
0.178289327262201
0.1094520399451892
0.2113133289804119
0.1305321876626729
0.1562570541610003
0.1898488879114434
0.1702433871385204
0.1322568848601048
0.2187874580418565
0.227934150275725
0.2561306260178622
0.2108508910167965
0.2875902280728672
0.2689317031378948
0.2549134234781717
0.2291820292927196
0.246296738125692
0.1800797511824154
0.1657300485909444
0.2082123090725363
0.1755346180096466
0.2517240242840321
0.2151568258481167
0.1453161555672829
0.2078023106211679
0.2837559263575895
0.2401345184768017
0.272111277764575
0.3208976132235959
0.3700430111078918
0.314359862255494
0.1865201898180974
0.2636758835037872
0.2323890839271516
0.3271871990709178
0.3279613471683651
0.3004224998127458
0.2266687442921227
0.3546585067000336
0.2439622705188072
0.2613152554418022
0.2941472771656973
0.2454582679393985
0.34433246308619
0.4131210229994744
0.3495693708424815
0.4371620542364232
0.2348161871162929
0.3271813041943807
0.2981751825378016
0.2994241201611491
0.3469548289576579
0.4192380657272258
0.4148250847707743
0.4284189964307134
0.3727490039680373
0.4684164159262711
0.4336676646417215
0.4801646146179857
0.3940536122732288
0.4758320519257739
0.5581212101306202
0.5511306942061805
0.6398078870648463
0.5478150339383627
0.905872305921098
0.7673640385676379
0.7766492700681704
0.8874027389219684
1.0161990589567549
0.873057312036906
0.914797532608174
0.7238487881997395
0.8695158755846009
0.7968646271297405
1.0000422672147848
0.9984791774717848
1.0082240928126065
0.9407298453892936
1.1488266578625757
1.4197356060337716
1.5279832203903048
1.5345755111102055
1.806919953077781
1.6736556099556674
1.589024328335658
1.447780805027142
1.537947000734066
1.3794556457062854
1.4335549370964664
1.4548694295073927
1.893967750572056
1.6960162177292717
1.5280298014782958
1.6312865260197098
2.25468658732322
2.485266702768532
2.2000011328943576
2.1325258264883207
2.504809885637522
2.254684960670169
2.184409978321795
2.7228344829626736
2.967467174227977
2.6512579028900505
2.532940012892929
2.867351980080905
2.938370401489937
2.518966587939072
2.87631611313542
2.7803010150636727
2.47468605428724
2.286543583693659
2.6029621177024205
3.0722433067299857
2.936592619032432
3.282971454804419
3.2459608071269224
3.0006628354209384
3.416206309622196
3.398758491015786
3.661676927803325
4.1676449446581865
4.62185246772153
4.246108871086087
4.7643254064371225
4.306432331426607
4.151834444643469
3.86645023894184
4.258666935686802
4.820899579581968
4.591151561483152
4.885454934505034
4.866699864403234
5.150073887344885
5.147152157009271
4.774712466445414
4.91500575886487
4.558127070346236
5.173835161521197
5.337636899058641
5.037594966207728
5.544205002194221
5.173220425063359
5.580050607389992
5.980213707818494
5.806198121705543
5.426679263965962
5.827521769004735
5.682719293897199
5.804455959474856
5.492896785731375
5.752308682859478
6.149275038484324
6.061509120910544
6.7802174916919125
6.442884210478859
6.052685093590494
6.602795966606441
6.148920551741833
6.498335982118324
7.514903067112453
6.951984697606321
6.627702238314739
6.4078938294940535
6.110737462925502
6.638909310833697
7.320165709329078
6.637209048057924
7.250283408468849
8.23912488741467
7.443790705080902
7.000345996201
7.571160060916608
7.047045692369903
6.9199797989677085
7.405724734375783
7.155547596635067
7.000713862820236
7.489319290491368
7.169304534986964
6.617195875056893
7.5533319650931166
7.903117650233096
7.456348695345989
8.059552553490697
7.603229407831882
7.554437954306813
7.243785096293061
7.405431360367532
7.969667751006811
8.180109768648098
7.818464164259687
7.962766876137809
8.518482528135298
7.913946105956893
8.445235089354675
9.133276340675486
8.716108529856136
8.383958553557886
8.208516579690807
8.40620340301664
9.053448321649268
8.647209879665091
8.933966044868352
8.68604868769111
9.14186654403683
8.911187718980063
8.49163748379642
8.35495023345949
8.744030283909085
8.126211829273249
8.90010292226373
8.657864628470685
9.013720908620884
9.217920768466616
8.773818469188953
9.302610139728408
8.757752599985825
9.301280448580773
8.949811578986752
9.01446040338647
9.310269892817916
8.693289162460552
9.274270368944594
9.675396318915077
9.683983961829853
9.24721068685415
9.39535963515362
8.814917993650074
9.459164003297136
9.181800594966862
8.887636664642326
9.375078868761983
9.693352120892245
9.265366845396954
9.72261354259302
9.479872008512254
9.908787189463489
9.900024754305026
9.781896325994234
10.217462146768582
9.579898665848754
9.34236310473487
9.72235392411974
10.466296311483076
10.16814767943208
9.630210332764602
10.613320812977982
10.26312195199144
10.914187887573808
10.3497221885937
10.74356296791928
11.367228816252243
11.043397548111638
10.398789382444091
10.247856814596808
10.763907275506185
10.31963325638035
10.768282490355324
10.999151931729298
10.84100465101706
10.802752464551329
10.977344519884076
10.653449951021903
11.03905780452204
10.726384949592475
11.075136987354304
10.571564560607586
11.312808253030155
10.68616479883562
11.411018745538009
10.809229752905305
11.257086363982776
11.243143104447476
10.343524546795786
11.260085137281658
10.954725207450505
10.30057723028451
10.917881601396177
11.297908624830296
11.073773396120252
11.224050128458147
11.490479690148211
11.44045104312529
11.962444032035592
11.557908002222948
11.844367602140291
11.829918073159517
11.908258768560405
11.757237642879318
12.409503467558078
12.60039983192355
12.718535408657775
12.086568850807772
11.605245626148768
12.146072179914793
11.88821043698388
12.09260610189875
12.479247949087291
12.067707599651085
11.732729876910676
11.3126988293544
11.604137483039024
12.185339550265503
12.53431317542726
12.385755660966124
12.94768097877894
12.373733843705915
12.631800216082702
12.51204274011593
13.310659526075185
12.105891768150515
12.887323444751482
12.40773450819932
12.16896458300721
12.41198716211288
12.312926138983205
12.701400305959355
13.346235468724768
13.01743660012212
13.628350583858232
13.074265434455349
12.564549969923208
12.956121530168716
13.336658252796031
13.071446820956202
12.39296481241242
12.732322183294968
12.418313502282103
12.803511557002572
12.957988217849138
12.851494447811334
13.330425900647402
12.976825071555714
12.578595783615258
13.215186825366764
13.571008073828027
13.139133031826832
13.32592739024076
13.538264263404
13.18538131677442
13.946728656181508
13.432442976433896
13.054983818993549
13.280455531578784
13.262090127028802
13.910483632453682
14.21167329333004
13.860173961157422
13.438063371781524
13.893000747696306
13.215472226412018
