-0.3108098257900948
-0.156526566821594
-0.3475164608794353
-0.1397269697381278
-0.4102494722414803
-0.3604602857056326
-0.311057123433778
-0.3000955787129424
-0.1404864742817433
-0.1557511256921168
-0.1415643427299261
-0.2394493505332723
-0.0708100310531977
-0.0932070996454109
-0.0848179722406824
-0.0758549102556191
-0.038260043879857
0.0300307604031852
-0.0001077985618411
-0.0407811366504765
-0.0473096573023696
-0.0018746736734304
0.0133332997500534
0.0045660592510642
0.0023132373924779
-0.0245157470477036
0.0202823884170672
-0.0465385547595549
0.055875044322221
0.0276033810477299
-0.0029533034310335
-0.0165213298356921
0.050254875931957
-0.0077281010108549
-0.0502017417548992
-0.0351919650189243
-0.04726945349586
0.0770672420096644
-0.0409609188802161
0.0297084149964752
0.0142094875052168
-0.0161237949537763
-0.0452730004218895
0.0097438396572417
-0.0241137388001499
-0.0045325753023068
0.0196942650424407
0.0015277204490523
0.0854833948366967
0.0748861555226155
-0.0233962785689495
-0.0213138115367243
0.0172309263199787
-0.0329946650739483
0.0078476096942023
0.0128116841479715
-0.051941497715737
-0.1015303518689988
-0.0049495082482457
-0.0429322009694372
0.0717228408020791
-0.0372887014030439
0.0077658969746258
0.1011223208672205
0.0849995954862541
0.1385287839625346
0.1265207878552682
0.0697567579085487
0.1905787890461553
0.1514172759402207
0.2294509446379501
0.1414832626274685
0.2210395509835042
0.136502083832369
0.1918381099214939
0.1065579508623884
0.1634923554778149
0.1389147173112513
0.1489248666406007
0.1775500665430712
0.1037111934943511
0.1391388219734727
0.1345401215243751
0.1326001305331483
0.1728330128484955
0.079650785387481
0.1346757989803824
0.15301344141251
0.2047722459258736
0.1081822799571618
0.2859257269457387
0.2688948984210008
0.3528202032926243
0.4950839942760552
0.293199853033542
0.2548060620632521
0.3878999223116926
0.3286560222711695
0.2731794807206402
0.2170737491767032
0.3316351712631285
0.2785737043336377
0.3375971707739759
0.3833769149327674
0.5743426034005923
0.5384198234378126
0.6682745009983992
0.5665411821361911
0.3609190555329978
0.4143338705856598
0.5041862020989053
0.4826468148627155
0.5460649062511226
0.4623845803075598
0.5180915661549688
0.6305218707683378
0.539053900176623
0.6808594496011102
0.7187600208162678
0.8594928460914404
0.8296151011221119
0.5746075748560553
0.5164122902842824
0.4866065974003123
0.5009813694210694
0.505254804925368
0.5287636805970068
0.6630793744869818
0.4869923595517115
0.5166035850832822
0.7582951561414748
0.8264604154740236
0.917484098984297
0.904971771976166
1.083184147959522
0.721045629450777
0.6993027779484183
0.9595286468942286
0.9958017570888252
0.6987545823198821
0.8676632368574044
0.7473717823054767
0.8601069133675874
1.3861195604196743
1.317483425757292
1.1562116933020885
0.7381651984833468
0.7176838918754413
1.0162485549431457
1.536785910154847
1.1152254368593937
0.938026038793531
0.7450429780773618
0.821562773787583
1.2147220766135634
1.4765505543020458
1.128109579356614
1.1493829186387168
1.2232374808134063
1.1749487035922377
1.070604886045133
1.3264793231881935
1.2518752266252855
1.4619915714489355
1.3580779849655755
1.537126974288447
1.438810776513883
1.4202239738257934
1.6379997207254955
1.3392722412729543
1.4464868589865998
2.174748849944007
1.9104780517768225
1.755695763996105
1.354890367315885
1.340904784287793
1.647601036463392
1.8101178378555949
1.8963064950703723
1.4576517897968304
2.2406344927128874
2.17776725646591
2.3370087327036138
2.2179108399893
2.009897695814339
2.1410696929211928
2.1592705005426014
2.3241934718462973
2.3805598311698786
2.2918455360755106
1.816424450874833
2.381634992400607
2.5401039150973928
2.8689344918804327
1.9835826164340729
2.5206130103641726
2.413123010999685
2.4334426860463783
2.184703892456203
2.363632163546594
2.438158060342825
2.128734900118888
2.144121450788487
2.183264221924123
3.017461965135576
3.276803537361723
3.7058510464471306
3.2365678621660345
3.361319176488307
2.917778094843202
3.2092069353808843
4.1282874022172
3.8530765031293233
3.3023343588953287
3.6357156376829054
4.216868318539283
4.237457119239605
3.6297406299492025
4.420063983016112
4.302572268266568
4.947315593502377
4.630879476245949
4.859658214845748
5.523681520197876
5.025010139827516
5.585785169041344
5.01384364766621
5.505091109716436
5.897400503474932
5.789214217797946
5.3571483435205165
5.537191614129862
5.34187184249535
5.201153926103866
5.519384871310219
5.452039175727663
6.154845766633434
6.289986148364914
6.45970916973797
6.76609729030884
6.338557241242837
7.017097256940611
7.42246619020656
7.412091000360396
6.744380612826637
7.324973284313015
7.092309039755287
6.453308537705095
7.009323925548159
7.345451643448348
6.901145237743763
7.616648999251224
8.073568848620756
7.618334341809725
7.395718830179556
8.138127062584703
7.8347310535936705
8.209888013045015
9.1446794402336
8.356984610804187
8.638918107960416
8.408300604768193
8.885982508899188
8.420092032462676
8.900100563801063
9.18504023923865
9.124492073597011
9.843804862174942
9.06257086713195
8.763408000504226
9.219661587219562
9.700808808780849
8.968986836732215
9.344131715550368
9.343095514428994
9.85673355917862
10.343833345698744
9.860939812951289
9.467578697149836
9.775724696501424
9.461147872214823
9.14930567637727
9.417267944339224
9.8325256501845
10.436899860718963
9.971582206481203
9.791241564624636
10.17758119094976
10.787233047639727
10.162229962289889
10.86444381191462
11.235798209668674
10.616631313367272
11.1730626220181
10.632325596027783
10.157139312594582
10.48304737240386
11.186974636569165
10.641731426104991
11.31404216050349
10.766787879373704
11.318834800538944
10.91744997010019
10.656117766558957
10.842566896199273
11.317205681185778
11.602625777563889
11.165741053666496
11.498931869901126
11.745008706693376
11.806039206226025
12.058444979498235
11.723485366230786
11.674470127877589
12.043013274560716
11.748260243839477
12.111065840212463
11.598252377875472
11.878332047782138
11.72312552920674
12.220507233939632
11.647602157353573
11.85598643806216
12.447075015691809
11.842456085349546
12.501294500133527
12.688551660328972
12.184310054859813
12.593697409758882
12.057803829403316
12.378641541700729
12.782058904582478
12.23533077686533
12.766608331469984
12.256981189355544
12.531167020180556
12.337793840136705
12.68534576113924
13.038500788501697
12.749501246644416
12.365017674772114
12.644201737065988
12.97716639819714
12.518481144436814
12.910031842396624
13.210052219323984
12.91898161568072
13.141476521283057
12.62692936882404
13.23063132424571
12.976117659440538
13.23030662674998
13.058725212775196
13.178624159269305
13.060537593717504
13.38141850211616
13.594238919760253
13.164254201088518
13.47349649047656
13.82342794063988
14.326795981880505
13.94512346942077
13.009860828054771
13.547174020186157
14.175594151687717
13.381208647495018
13.26020765291838
13.73961399400094
12.98952712292763
13.503672061481511
13.585916232500708
14.00276694952271
13.566193728638664
13.801988154053005
14.498527137905
13.86881685690682
14.225916404550023
13.752517885262446
13.951753361984192
14.368981395893032
13.861274318679994
13.199363159451234
13.082271440989116
13.566755522317845
13.907774542033453
13.392797964752596
13.6734236078111
13.910095506553002
14.235587559008264
13.788011538134064
14.085991163259624
14.644085679450596
13.941890389956397
14.46773204595358
14.852526074928289
14.189339619250402
13.997764423961224
14.373988083568712
13.678163898585147
13.989985760659918
14.610089269977005
14.129701640503484
14.396482606229656
14.00957543570536
14.265875663471972
14.197368615174888
13.877277361975873
14.156976012409997
14.610786345195809
14.910237651373782
14.196550250087814
14.722780021016003
14.18452511261317
14.415716470907814
14.923895028104807
15.376605833493532
14.932066054195024
14.24848182953898
14.940039681400988
15.317414538266949
15.077411764334904
14.426993376844502
14.71115172352714
15.094801532968958
15.39031738687996
15.76699773252748
15.317276227232156
14.83223411004287
15.130088720844686
15.625655657443383
15.179857939416411
15.363832686142958
14.904261212303837
15.045785934879286
15.532030523064412
14.936694857152212
15.258170411654527
15.481116876794436
14.873187892608332
15.297851227668705
14.534708215095185
15.192134753314322
14.58160848970464
15.088459280311552
15.190263530401191
14.747117424458176
14.877606473181013
15.408398998441038
15.88059288552171
14.868107092029176
15.399251671959828
14.88664295489106
15.385828857922284
15.750279987380129
15.256538359762098
15.625430897453144
15.76956962434581
15.70041505690882
14.86869667749471
15.466232782293211
15.690077583481038
15.495443863563336
15.375877222459222
14.887904955033177
15.423942165808969
15.666603196157023
15.049321281659264
15.60975547407402
14.990205847416696
15.389031954346736
15.880075189456084
15.228910416939437
15.57148457548754
16.074040101482762
15.401406873430249
15.680403565927
15.31384958815634
15.513126757723812
15.641634824576112
15.95468533363431
15.507256013308524
15.854371005902072
16.46466076233905
16.423191732910688
16.222799970751172
15.65242340975065
15.754660145368296
16.00856707437866
16.353587276933304
16.04120499270766
16.17994653784932
16.728952912858723
16.092649796492054
16.55361682121089
15.943253585733322
16.35806328032685
16.67360500188915
16.04456778416964
16.62149427285325
15.919496609326616
16.137700502377825
15.678575142790836
15.992631532931746
16.592598221183053
15.954855356969338
15.318388730884005
15.58654583019984
15.988646292359734
16.002438149215724
16.48386862617791
16.775748994736503
16.41818429443201
16.002209473890094
16.21673173161806
16.78218395356031
16.008571842670015
16.528668153621044
16.55070039067
16.32337764127441
16.534574808595497
16.89241723396775
16.170684185275917
16.66989203304468
16.041205187315498
16.548517545406394
16.775430871801017
16.376049167878218
16.4191787060641
16.958640877286665
16.239976358801798
16.403936419263438
16.718098000497893
17.005060539278112
16.50972305966131
17.04706818123985
16.470213892247827
17.109416270457107
16.538549948178975
16.97075977034768
16.738744921204653
15.9777286116279
16.46293025659533
16.798695962650044
17.285051820852324
16.80834648038313
17.17598328966471
16.371704939753894
16.84729098645213
17.2275580148854
16.775588953971624
17.255686085701193
16.880286488937926
16.972282750320797
17.478947851519848
16.694739913535457
17.13510982103502
17.60896110606479
17.08540543719831
17.305054142450434
16.67292294416265
16.912953275992532
17.325399963040894
17.878183596831676
17.035405740466242
17.342865987957026
17.909362444422282
17.079444040323082
17.28974817423709
17.96027299997007
17.21113149090991
17.113246106667056
17.767121868556604
18.121542000526052
17.507784301155105
17.84434544993539
17.08462554589153
17.519246862525712
16.812467533005176
17.279012753026116
17.82933875251377
17.44877478678745
17.683795982786933
17.061176874823214
17.64533226793225
18.02484979737732
17.594054085973845
17.86997652754308
17.303850151062235
17.653579132108916
18.004783874517656
17.11936144276411
17.539220653743975
18.08366148764662
17.650819736996453
18.15248303310341
17.61919192318448
18.03764929321716
18.48377457607942
17.827292906383015
18.283353500251277
