8.67
8.92
11.34
16.65
24.31
29.66
29.88
30.65
26.98
31.19
20.22
35.36
28.32
20.75
24.21
26.09
32.36
28.3
30.44
28.89
30.42
22.73
24.47
26.37
22.98
21.22
23.68
23.53
23.51
19.22
24.18
29.36
25.85
24.31
24.16
21.08
23.25
19.81
24.07
22.18
21.88
25.09
25.5
27.08
18.14
23.24
21.65
25.11
24.89
21.01
21.5
21.89
18.42
22.76
22.64
20.49
16.0
17.62
16.85
20.74
20.52
19.71
16.68
14.31
22.0
18.93
20.18
23.75
15.98
17.72
19.9
15.86
15.92
20.46
18.83
19.73
15.93
16.48
15.71
17.36
16.86
16.95
16.59
16.82
18.52
20.81
19.16
14.53
16.12
18.89
20.47
18.07
14.3
14.86
16.76
14.53
15.99
15.25
14.29
15.12
13.64
13.57
17.1
15.57
16.47
14.99
15.64
18.65
16.16
15.71
14.64
15.21
14.54
12.58
16.51
9.71
17.59
14.37
12.4
16.94
14.29
16.43
14.27
12.68
16.69
14.9
14.64
14.64
13.73
12.07
14.39
15.82
13.47
12.64
14.11
11.27
14.39
14.62
14.53
12.44
13.5
14.41
12.29
10.95
13.44
12.33
13.83
13.63
13.64
13.89
11.81
11.91
12.08
12.91
15.44
11.14
13.9
16.61
14.68
14.51
16.02
10.27
13.08
11.57
13.04
14.33
10.16
12.74
14.49
14.85
12.79
14.72
19.96
14.27
11.97
14.6
13.02
13.33
14.57
13.26
13.66
11.56
13.43
14.74
15.05
13.67
12.38
12.44
12.64
12.48
15.28
11.18
11.25
12.01
14.42
10.15
10.35
13.02
13.43
15.03
13.4
10.63
16.08
9.78
11.13
9.49
13.76
10.02
12.29
12.53
13.81
15.12
16.45
11.66
11.7
11.2
15.8
9.34
12.58
10.9
11.69
13.37
11.18
17.1
13.05
11.0
10.53
12.36
14.52
13.22
12.71
10.77
15.03
13.34
14.9
11.5
10.46
12.19
13.29
12.6
10.11
13.01
11.88
11.48
12.5
12.4
11.18
12.42
14.78
13.25
12.31
9.84
12.8
9.26
12.94
11.37
12.07
14.34
14.69
12.03
12.38
14.56
16.35
13.26
13.87
15.26
17.37
16.49
15.08
16.71
16.73
15.57
14.62
13.07
15.28
15.43
13.35
16.42
15.54
14.49
15.24
16.96
14.48
17.04
15.68
15.13
16.12
14.07
13.9
14.56
15.29
17.64
14.63
18.63
16.92
12.89
13.94
17.68
17.2
15.16
13.19
15.19
16.86
15.34
18.9
15.42
16.22
13.25
14.14
17.33
19.1
14.58
14.57
16.06
16.13
14.78
14.47
16.3
17.2
17.54
18.67
14.59
13.42
17.72
13.0
16.98
15.29
17.02
18.21
15.63
16.98
14.85
13.57
11.39
13.77
18.19
13.31
14.15
17.89
14.76
13.7
15.75
13.84
15.44
13.21
16.68
15.1
15.07
14.07
13.42
15.76
12.82
19.14
15.48
17.59
15.57
17.78
13.6
16.13
16.74
20.97
15.35
15.98
18.56
17.25
15.5
16.4
17.43
16.29
16.97
16.64
15.63
15.38
15.92
18.28
14.93
16.22
17.46
16.91
16.51
14.96
18.68
16.94
12.45
16.66
18.77
15.24
16.93
16.8
14.57
16.19
15.43
13.81
16.57
15.92
13.33
14.3
16.78
15.47
14.98
17.38
14.88
17.03
14.08
18.07
13.32
17.13
15.05
17.87
13.73
15.63
14.68
14.76
13.51
16.48
16.33
14.97
14.48
17.5
16.02
16.62
17.49
13.22
17.08
15.22
13.6
12.82
15.72
12.04
16.69
15.18
18.93
17.76
14.67
15.39
15.48
17.32
14.56
15.11
12.33
12.21
16.23
18.23
13.45
17.03
17.5
16.45
13.11
19.04
15.69
14.77
13.52
16.98
13.16
11.78
15.58
18.22
15.57
15.41
13.02
15.87
12.39
16.66
16.77
14.46
17.81
14.8
17.48
13.41
13.3
15.5
15.79
16.43
13.36
15.43
14.39
15.96
14.11
11.03
15.04
18.57
16.88
16.34
16.65
18.99
17.11
16.07
16.36
17.05
15.31
15.5
16.36
17.89
17.34
13.02
17.16
14.01
17.47
13.55
15.79
14.93
13.81
15.39
15.42
16.13
19.46
17.63
15.83
19.9
17.67
15.42
15.22
17.58
14.74
13.74
17.16
17.93
17.57
18.18
14.62
18.5
14.96
17.18
18.79
17.09
14.62
16.89
17.63
14.53
17.0
16.14
18.8
15.27
13.38
17.45
16.12
20.42
17.32
18.71
19.55
19.7
16.82
13.87
19.14
16.51
16.39
18.23
17.45
16.24
16.36
16.77
16.97
14.43
16.32
19.77
15.99
17.04
14.74
16.44
14.93
13.27
19.45
14.94
15.57
12.99
13.68
16.26
23.5
17.24
15.65
15.01
19.59
18.2
14.16
16.98
15.71
17.42
16.96
13.73
16.43
18.01
16.3
14.79
17.57
16.7
12.98
15.55
15.1
17.01
14.67
17.24
15.12
15.93
17.16
15.71
17.04
18.0
15.34
14.98
14.18
