24.7
19.8
22.49
68.53
45.24
56.18
29.01
43.52
33.95
46.96
33.04
46.59
34.58
31.02
24.57
27.18
25.21
29.18
31.22
31.24
25.8
32.98
33.82
24.12
28.09
33.78
28.96
27.93
29.97
26.98
27.39
35.18
31.98
27.48
29.61
31.7
31.6
34.84
31.62
37.54
27.0
27.98
28.73
21.51
24.99
27.39
33.74
28.24
30.04
26.48
26.09
28.18
31.18
32.1
27.38
25.29
25.1
26.83
22.99
25.16
25.83
23.56
28.32
21.7
24.86
22.82
24.8
24.73
21.01
21.98
26.78
23.02
24.78
24.71
22.51
20.44
20.33
21.27
17.6
21.73
20.64
21.13
20.64
21.35
21.53
19.03
23.16
17.37
22.63
18.49
17.26
18.63
17.14
21.52
20.56
21.27
20.28
13.12
17.52
13.85
15.28
19.57
16.54
15.35
15.33
15.44
15.5
17.14
16.34
15.99
16.66
16.66
14.99
17.89
17.95
15.33
18.49
17.51
15.76
14.89
14.14
14.8
17.17
13.95
14.77
12.22
17.95
19.29
14.27
15.21
15.75
12.73
14.64
13.58
13.9
16.22
13.43
15.77
11.33
15.0
11.44
15.29
16.53
11.45
13.15
11.87
15.45
14.81
12.28
12.21
13.7
13.8
10.53
13.67
12.47
15.17
11.22
10.54
9.05
15.34
14.99
12.8
13.62
11.94
13.88
11.82
14.84
13.82
14.04
11.17
12.37
12.14
16.41
9.43
13.79
11.85
13.23
16.98
9.86
12.15
11.75
12.49
11.11
17.39
10.1
12.07
12.18
9.23
11.43
10.94
10.98
13.66
11.9
11.66
12.46
12.7
15.38
11.84
10.78
12.28
10.91
14.58
9.38
9.8
12.59
10.86
13.41
12.9
8.99
10.68
11.41
11.38
12.46
12.87
12.84
10.11
13.19
8.75
12.53
12.07
14.34
12.67
9.49
11.76
13.32
10.57
14.29
14.83
10.01
11.6
13.11
12.86
12.62
13.52
12.29
12.19
12.42
13.53
10.74
13.51
12.9
13.75
12.82
8.44
13.4
9.03
12.59
17.74
11.6
14.15
15.36
14.74
11.76
12.06
15.52
15.15
15.48
10.13
11.55
11.48
13.32
13.39
15.21
10.55
14.2
13.9
11.46
11.86
14.17
13.53
11.63
11.39
13.01
12.85
16.27
11.38
14.25
17.13
15.64
11.5
13.44
14.89
14.13
10.48
11.6
15.73
12.77
12.41
13.42
12.7
17.04
13.33
16.6
14.36
15.0
12.33
15.84
14.08
15.16
16.31
16.07
15.55
15.57
15.93
13.45
17.4
18.38
14.33
15.79
16.66
14.11
13.46
15.27
12.99
13.81
17.98
14.83
11.16
18.1
18.76
17.11
16.99
19.46
16.44
14.97
18.57
16.16
19.51
12.46
14.05
16.44
18.68
11.96
15.51
17.64
20.07
13.77
17.3
15.79
16.03
18.05
17.53
15.0
15.95
18.49
17.2
14.64
18.79
20.85
20.09
18.94
13.79
15.08
17.87
17.49
22.18
17.61
19.44
15.77
16.33
12.54
16.78
14.58
13.98
12.58
16.9
20.08
16.93
16.51
16.7
15.38
14.89
13.84
12.27
15.24
15.19
19.44
10.25
12.87
13.23
14.56
17.82
12.31
15.69
13.37
14.97
18.01
14.71
13.61
17.13
12.56
15.62
14.4
12.09
14.4
14.14
14.84
13.67
10.23
14.61
13.13
13.76
14.51
16.26
12.16
15.12
16.81
13.92
15.8
14.83
16.37
12.97
12.38
17.03
14.78
13.28
13.83
13.0
18.64
17.21
13.32
16.01
10.95
18.68
14.88
13.71
12.64
16.94
15.76
18.3
13.49
16.18
16.64
13.42
14.7
16.27
15.45
17.05
13.68
13.64
11.46
15.07
12.59
13.39
15.14
16.79
15.23
13.72
15.99
15.46
12.33
14.07
15.83
15.79
15.8
16.79
17.97
17.09
14.84
16.16
14.6
16.25
16.26
17.88
14.59
17.51
14.67
11.77
18.08
13.09
13.03
19.1
14.56
17.04
18.77
16.02
16.8
14.99
14.41
18.49
16.5
10.54
17.14
14.69
16.65
16.84
15.44
15.57
17.87
15.15
15.74
14.99
14.26
14.31
10.42
14.28
15.57
15.9
15.43
15.65
13.86
13.6
17.21
14.87
17.16
17.19
13.72
14.53
16.07
13.21
18.77
15.2
17.54
15.39
18.41
12.52
15.6
13.21
16.51
18.5
13.02
16.27
14.53
18.35
15.86
13.96
16.06
14.76
14.59
17.65
12.78
15.94
14.73
10.98
12.48
14.2
16.84
15.14
12.45
15.46
13.19
13.74
14.91
13.22
11.4
15.46
13.82
13.88
17.63
14.4
14.89
14.09
12.49
11.9
17.25
15.77
13.37
16.69
15.6
12.63
13.9
13.02
14.25
13.94
10.7
16.11
14.26
16.25
12.93
14.92
19.89
14.11
13.95
16.27
17.93
16.03
14.41
11.8
12.87
16.11
15.46
17.66
14.12
18.32
14.64
11.82
16.65
17.34
17.02
13.3
17.25
16.32
17.5
16.5
18.91
16.57
16.33
16.47
14.13
17.56
