6.68
8.4
12.56
13.99
14.11
21.17
33.21
42.16
41.96
38.22
38.06
38.71
39.41
34.46
33.31
34.01
34.03
35.28
34.52
29.52
36.55
39.51
24.62
21.18
24.05
27.67
26.38
26.55
26.96
25.29
23.22
22.54
24.73
28.24
33.32
34.68
31.47
27.46
28.55
29.48
28.67
29.79
30.59
28.72
28.43
31.47
31.78
31.52
28.49
24.55
26.01
27.07
27.85
29.05
26.46
26.7
28.37
28.45
35.01
35.25
28.35
24.53
24.79
28.89
26.59
26.01
26.33
25.91
28.52
24.85
21.71
26.1
28.97
27.84
24.53
23.06
26.67
26.29
24.33
22.75
25.99
23.92
18.96
21.27
23.32
26.02
23.33
23.91
22.84
21.15
24.49
20.63
19.47
21.44
20.43
22.5
22.44
18.64
21.32
23.48
24.85
23.2
16.03
15.09
19.57
21.38
19.41
17.32
13.56
13.63
15.37
17.82
18.27
14.35
12.26
13.81
12.27
12.94
15.69
13.96
15.07
13.54
12.42
12.92
11.71
11.29
11.25
10.27
11.02
13.14
10.59
12.39
14.28
10.05
12.87
15.02
13.32
13.67
13.29
12.9
18.09
17.17
13.05
14.76
15.88
15.71
13.83
15.27
14.64
16.36
17.53
14.01
13.12
16.74
16.14
11.98
11.75
12.75
14.13
11.96
11.29
12.35
11.79
13.39
11.39
10.37
12.26
9.37
8.83
10.77
12.17
12.54
11.79
12.16
13.14
13.41
11.04
8.02
8.37
9.66
9.83
13.25
18.46
15.27
12.06
13.84
10.59
9.01
11.59
11.58
10.63
11.15
10.69
11.3
11.92
11.24
13.96
14.34
11.02
11.99
13.86
12.63
11.99
11.1
10.54
11.68
12.13
13.81
12.39
11.09
13.86
13.78
14.64
14.9
14.0
14.64
14.13
12.43
17.15
16.2
9.94
10.79
12.74
15.29
14.36
13.08
14.84
14.92
14.13
14.88
13.58
12.85
12.47
14.14
14.95
12.51
12.92
13.28
12.33
13.68
17.97
17.73
12.62
13.16
17.1
16.26
14.45
13.9
13.19
11.72
11.42
12.98
13.16
13.9
13.09
11.8
12.71
13.13
14.77
16.89
15.85
12.25
14.99
15.78
14.17
16.94
16.3
15.27
16.59
13.26
10.67
12.72
11.99
12.25
13.76
11.37
10.58
13.12
14.78
14.68
13.74
13.09
13.38
14.41
16.0
15.62
14.25
12.85
12.22
12.22
11.26
11.67
11.97
13.91
15.48
13.5
14.92
16.47
12.8
11.99
14.49
14.88
14.21
12.96
10.37
12.91
16.08
16.2
16.39
13.09
12.67
14.82
17.22
17.54
17.22
19.14
18.45
15.57
14.51
14.61
15.07
17.36
17.94
17.82
18.69
19.44
17.14
17.5
16.19
17.79
21.6
16.94
13.96
16.2
17.55
17.48
16.56
12.74
15.89
19.3
15.45
15.11
16.74
16.25
14.79
15.96
16.39
15.04
15.25
15.33
15.96
18.02
20.61
20.56
19.76
17.26
14.4
16.19
18.3
16.99
14.54
12.63
13.38
13.43
15.4
18.05
18.28
19.25
18.26
16.23
14.39
13.8
13.63
16.7
17.22
16.09
14.99
13.97
14.63
15.15
16.49
16.03
15.98
17.43
17.94
14.97
14.13
16.24
16.31
15.63
13.52
13.42
14.98
14.79
15.4
16.07
18.17
18.91
16.82
18.77
17.18
16.29
19.98
19.21
19.05
19.54
17.22
15.5
16.04
17.21
17.9
18.82
17.82
15.38
17.41
19.44
16.99
14.8
14.83
15.54
16.51
16.96
15.56
18.07
23.03
18.35
12.94
15.35
16.38
17.25
17.88
16.08
15.52
19.1
20.53
16.5
15.0
14.6
13.93
15.19
17.51
16.2
14.03
14.78
17.54
18.34
15.54
14.39
12.68
13.49
16.61
14.17
13.63
15.35
18.05
19.26
18.46
16.26
14.44
13.92
13.97
14.23
14.32
15.32
16.63
18.17
16.61
14.51
12.71
14.91
16.14
13.19
14.29
17.13
16.85
15.45
20.91
22.89
16.78
12.15
13.69
15.35
12.13
14.6
14.56
13.96
15.4
15.52
13.66
11.87
15.26
15.91
15.23
16.89
17.62
21.78
20.56
15.39
16.84
17.0
14.25
13.15
15.6
15.34
13.91
17.03
19.11
14.71
15.9
15.5
18.17
29.07
20.16
15.2
21.51
26.8
35.72
25.44
11.03
14.08
17.46
16.16
13.96
11.93
11.3
12.45
11.95
12.0
13.26
12.99
13.51
11.48
10.85
14.09
15.44
13.47
12.46
14.83
15.66
13.35
17.03
18.37
15.68
13.0
12.56
14.77
16.09
15.62
15.12
17.64
16.09
14.01
16.15
14.46
11.42
12.39
10.85
10.54
12.05
11.15
12.81
15.22
13.89
12.04
10.85
12.49
13.77
12.29
11.78
12.19
9.81
8.62
9.68
10.31
11.53
12.23
13.13
14.96
16.2
15.36
13.39
13.22
14.9
14.48
13.86
13.5
14.82
18.19
16.87
15.69
14.08
11.62
12.31
13.8
11.46
11.94
15.09
15.07
17.48
17.34
