9.2
9.69
11.76
11.62
16.16
32.43
41.39
41.12
43.86
42.59
41.55
36.79
39.36
40.45
35.25
42.84
43.03
39.08
37.2
30.74
34.27
36.04
29.32
31.39
34.02
32.62
29.93
32.64
42.08
42.07
31.5
29.96
35.28
33.0
30.52
35.58
33.69
31.94
32.93
31.88
32.23
30.75
30.69
32.29
30.03
25.47
29.69
31.08
25.97
26.87
29.69
27.75
25.52
28.31
26.52
24.48
24.51
23.39
30.64
29.89
19.48
16.75
18.94
23.57
25.66
19.84
22.14
26.23
21.8
22.05
24.8
22.17
24.55
25.83
20.97
23.29
24.93
21.7
23.5
24.86
22.35
20.49
18.64
19.58
22.98
23.45
20.77
21.47
26.72
26.36
19.69
17.11
17.12
21.31
24.63
21.5
20.65
22.8
21.99
19.88
19.1
20.88
22.33
18.34
17.73
22.12
21.47
19.92
19.14
16.78
19.36
21.62
18.42
18.67
16.87
16.57
20.25
17.36
15.85
16.01
17.36
19.33
21.53
18.74
19.1
20.38
14.25
13.47
14.68
15.81
16.76
18.52
16.57
13.9
14.0
13.64
17.64
22.73
19.19
15.8
15.07
14.61
14.8
13.88
13.44
15.43
16.23
14.08
13.15
13.22
14.7
13.98
17.35
18.7
19.33
18.33
13.8
13.51
13.42
14.32
16.55
15.76
12.64
14.58
20.24
16.41
12.05
13.57
11.07
9.15
7.86
7.66
11.66
12.98
12.26
14.44
16.11
14.67
16.97
17.43
14.18
14.03
13.33
12.15
11.21
10.74
11.48
12.93
12.15
12.62
15.18
13.48
11.67
15.05
15.26
11.65
13.78
14.75
11.89
13.43
14.38
13.35
12.33
11.9
13.01
12.78
12.5
15.42
15.96
15.56
15.9
15.04
14.8
13.91
11.71
12.73
16.23
14.13
11.93
14.53
14.12
14.71
15.7
13.28
14.54
14.74
11.31
12.36
14.6
12.62
11.84
11.91
13.53
13.89
12.58
14.42
13.14
14.57
15.91
14.7
15.87
14.41
10.81
9.46
11.91
15.03
13.72
11.97
12.49
12.27
10.54
13.32
16.07
12.7
12.08
14.48
13.4
12.2
13.06
10.0
8.57
10.81
10.54
11.48
13.2
14.06
14.73
16.11
15.42
13.79
17.07
15.42
9.22
9.53
13.21
12.37
10.23
12.46
13.55
13.99
14.03
14.94
15.23
15.04
14.53
11.22
10.38
11.17
13.12
12.21
9.81
11.05
12.28
11.67
11.59
13.62
14.08
14.15
13.14
14.38
15.52
11.07
12.05
16.22
14.65
12.69
13.33
12.76
14.99
15.01
10.75
11.24
14.84
14.6
12.77
13.7
11.86
13.3
15.01
12.95
12.64
16.35
17.42
14.22
14.21
13.39
14.0
15.2
15.36
16.36
15.63
12.72
12.43
11.6
11.37
12.43
11.91
12.5
12.75
11.5
10.1
10.61
10.75
10.22
8.84
9.85
13.2
13.17
14.3
13.6
13.57
14.54
14.56
15.12
11.52
10.44
11.82
11.44
12.29
14.03
16.26
16.24
14.45
15.9
17.11
14.0
14.51
16.56
13.26
13.03
14.38
13.09
13.01
14.38
14.65
12.92
11.34
9.85
9.1
10.05
12.74
11.9
9.98
10.8
13.79
16.5
14.53
11.54
11.69
14.31
15.27
13.88
13.14
13.94
14.32
16.32
15.63
14.19
14.6
14.31
16.29
15.87
14.99
16.11
13.08
9.51
12.32
13.05
13.03
13.64
12.46
13.73
12.67
13.59
17.02
13.7
11.74
14.28
14.35
12.52
10.62
11.36
15.12
17.58
17.14
15.36
13.46
12.14
12.73
12.28
11.46
14.51
16.29
15.59
15.78
14.95
13.06
13.93
16.14
15.42
14.3
17.82
18.16
14.5
13.11
13.62
14.93
13.49
15.02
16.49
16.27
17.44
15.17
15.01
15.08
15.5
17.84
16.38
18.86
19.38
14.63
16.57
18.57
16.26
14.52
15.29
15.32
15.54
15.26
15.23
17.88
19.9
22.44
21.59
18.02
17.36
17.81
16.99
17.24
18.53
18.17
17.08
17.12
17.77
16.21
14.44
15.09
14.04
13.57
16.62
19.26
20.09
16.35
13.77
11.98
12.86
16.29
15.9
17.37
20.33
19.28
15.89
17.74
20.2
19.84
16.58
14.59
16.12
16.57
17.21
16.09
15.52
18.25
18.43
14.02
12.86
17.18
18.98
19.14
19.12
16.09
14.67
14.92
16.35
17.82
14.39
15.55
17.19
14.6
13.62
12.97
15.77
20.04
22.53
17.52
11.0
9.98
12.88
16.41
13.44
11.55
14.3
18.28
17.81
14.61
15.28
14.38
14.41
14.33
14.14
17.26
15.97
14.59
16.2
16.85
15.94
13.42
14.81
16.99
18.13
17.84
17.02
17.6
17.99
15.16
12.53
14.94
17.42
17.72
17.3
17.12
16.57
15.84
14.54
13.94
12.75
13.04
15.54
17.98
18.38
15.08
13.05
16.62
20.37
19.89
17.67
14.79
14.33
14.33
14.23
13.72
14.37
16.13
16.24
16.16
16.66
17.7
18.52
17.61
15.12
