-4.0475
-2.5558
-0.8949000000000001
0.4173999999999999
0.9486
1.9678
2.9416
3.9584
4.446299999999999
5.798999999999999
5.7659
6.944700000000001
7.2285
7.6239
8.9426
9.532999999999998
10.171399999999998
11.3466
11.7769
12.6667
13.2019
13.8973
14.540199999999995
14.8948
15.255199999999997
15.531299999999996
15.717500000000005
16.5522
16.746699999999997
17.061700000000002
18.009
17.2553
17.8229
18.792500000000004
19.2822
19.3593
18.7979
19.1414
19.121
19.562500000000004
19.4438
19.491200000000003
20.022800000000004
19.9262
20.1555
20.1271
20.1096
20.535
20.1002
20.8823
21.3991
20.5951
21.291600000000003
20.7715
21.1671
21.6422
21.7852
21.3906
21.5577
21.236699999999995
21.601800000000004
20.989700000000003
21.4659
22.083699999999997
21.226
21.5958
21.7425
21.712599999999995
21.9071
21.8519
22.1488
22.397299999999998
21.9219
22.474
21.657400000000003
22.014299999999995
22.3081
21.2807
21.657000000000004
21.5809
21.532900000000005
21.4276
21.463700000000003
21.5887
21.114
21.953499999999995
22.066199999999995
22.312800000000003
21.8894
21.8288
21.3975
21.8183
22.3131
21.6582
21.4786
21.6835
21.268999999999995
21.436300000000003
21.739999999999995
21.918000000000003
21.76280000000001
21.777
21.5318
21.53
21.8198
21.635399999999997
22.1465
21.9476
21.9125
22.4812
21.2236
21.9011
21.745699999999992
21.9338
21.733999999999995
22.333200000000005
21.857499999999995
21.3585
22.1987
21.8847
22.1833
22.0191
21.364799999999995
21.418400000000005
21.9139
22.4855
22.0197
20.4126
21.2561
20.933900000000005
20.8717
21.4324
21.111
21.410999999999994
21.606400000000004
21.1171
21.3999
21.685
22.136
21.2033
22.0022
21.9938
20.8464
22.3144
21.626700000000007
21.4023
21.4511
21.713100000000004
22.3087
22.333
22.2986
21.7246
21.575400000000005
22.4837
22.3958
22.082200000000004
21.6875
22.1662
21.7923
21.661999999999992
22.1694
21.974899999999995
21.699299999999997
22.8604
22.6396
22.638
21.9474
22.315
22.8185
22.172000000000004
21.9776
21.6591
22.2372
22.194400000000005
22.48
21.519
22.6838
21.8882
22.717500000000005
22.0178
22.3748
22.6341
22.412900000000004
23.1408
22.8886
22.53240000000001
22.8005
22.163699999999995
22.069899999999997
22.6654
22.017100000000006
21.2212
21.969600000000003
22.260199999999998
22.29329999999999
22.519900000000003
22.7932
22.49669999999999
22.770800000000005
22.4843
22.63510000000001
22.865400000000005
22.8363
23.031
22.717699999999997
22.9281
23.0758
23.0279
22.6695
23.1415
23.4163
22.435800000000004
22.9234
22.9575
23.222600000000003
23.1686
22.438099999999995
22.819000000000003
23.036199999999997
23.5109
23.3032
23.1321
23.1497
23.197500000000005
23.092
23.1041
23.0657
23.1089
23.1536
23.5795
23.425600000000003
23.3874
23.0338
23.1228
22.538200000000007
23.4709
23.381500000000003
23.5066
23.6677
23.944199999999995
23.4841
23.654
23.6811
24.0477
23.3888
23.7398
23.6309
23.540000000000006
23.4339
23.5913
23.4842
23.7445
23.9346
23.6566
23.5116
23.981
23.8999
23.6198
23.6173
23.7985
24.230999999999995
24.058399999999995
24.0896
23.7605
24.2617
23.9973
24.0227
24.192100000000003
23.2429
24.0603
23.9348
24.5337
24.55240000000001
23.9014
24.2703
23.791500000000006
23.980200000000004
23.9496
24.122400000000003
24.2945
24.057599999999997
24.0187
24.058200000000003
24.7436
24.394700000000004
24.2136
24.574400000000004
24.3302
24.0544
24.5727
24.064200000000007
24.2192
24.38470000000001
24.4248
24.09670000000001
24.292100000000005
24.372300000000006
24.417400000000008
24.155500000000004
24.3331
24.4412
24.224
24.017100000000006
24.373
24.4155
23.925
24.40490000000001
23.1883
23.50839999999999
24.198
24.4406
24.378400000000003
24.5856
24.5044
24.015400000000003
23.968599999999995
24.381400000000003
23.8859
23.8284
24.112
23.7562
23.990099999999995
23.9154
24.4313
24.608400000000003
23.918900000000004
24.369100000000003
24.4962
24.3629
24.313300000000005
23.9468
24.472
24.3552
23.8884
23.966600000000003
24.4251
23.9298
24.1815
24.2663
24.2095
24.576399999999992
24.21690000000001
23.9875
24.5177
24.0064
23.968100000000003
23.767200000000003
23.656399999999994
23.9374
23.737800000000004
24.1254
23.631699999999995
23.3312
23.2644
23.3244
23.8992
23.674
23.8206
23.926600000000004
23.8382
23.7311
23.4244
24.487300000000005
23.8476
24.8171
24.353700000000003
24.539900000000003
24.6989
24.4236
24.338100000000004
24.160100000000003
24.6911
24.4555
24.1903
23.844
23.9173
24.032899999999994
24.313
24.303800000000003
24.694199999999995
24.6547
24.754000000000005
24.7294
24.2649
24.7346
24.5225
23.951199999999996
24.0891
24.3926
24.5982
24.4971
24.73820000000001
24.5122
24.9981
24.1053
25.213700000000003
24.690100000000008
24.8262
24.5534
24.5205
24.6833
24.3499
24.6495
24.621
24.535
24.0726
24.1016
24.3369
23.9711
24.1855
24.210100000000008
24.286900000000006
24.036300000000004
23.8853
23.904
24.2218
24.098900000000004
24.2006
23.697500000000005
24.105400000000003
24.458699999999997
24.2855
24.5325
24.397499999999997
24.2518
24.6029
24.397099999999995
24.565000000000005
23.658500000000004
24.535799999999995
24.492400000000004
23.747900000000005
24.378
24.2112
24.4291
23.5159
24.513600000000007
24.447599999999994
24.8506
24.4995
24.6485
24.7361
24.4124
24.6122
24.730100000000004
24.4386
24.585800000000003
24.5376
24.5442
24.526000000000003
24.1725
24.12400000000001
24.1584
24.2836
23.909699999999997
24.6947
24.0435
24.199000000000005
23.4948
23.5158
23.7934
23.806800000000003
24.0907
23.5264
23.5603
24.66070000000001
24.105100000000004
24.2092
24.003200000000007
24.4602
24.2973
24.0711
24.7451
25.0783
24.9875
25.1842
24.95359999999999
24.8481
24.7922
24.64
24.342499999999998
24.7084
24.2668
24.6762
24.380599999999998
24.6149
24.3341
24.360599999999994
24.6636
24.6688
24.703499999999995
24.824500000000004
24.813
24.7485
24.7648
24.7458
24.4397
24.2167
24.14840000000001
24.4619
24.4192
24.483799999999995
24.4776
24.5686
24.6241
24.4367
24.108699999999995
24.9626
24.2633
24.50060000000001
24.0786
24.3693
24.4802
24.2845
24.4956
24.4343
24.4755
24.425700000000003
24.5411
24.307500000000005
23.7731
24.3054
23.9256
24.6063
24.4693
24.3458
23.9652
23.6568
23.548300000000005
23.8486
24.3352
23.9176
24.3639
24.210000000000004
24.451400000000003
24.1665
24.1288
24.0079
23.4862
24.0007
23.7394
24.1905
24.4513
23.99290000000001
24.494099999999992
23.7626
23.62080000000001
24.530899999999995
24.3926
24.176600000000004
24.550500000000003
24.6028
24.6432
24.8774
24.719
24.413300000000003
24.504
24.401
24.0789
24.460600000000003
24.544
24.691099999999995
24.7238
24.8523
24.8864
25.006500000000003
24.6283
24.813
24.5503
24.2079
23.8959
23.9857
24.392899999999997
24.339800000000004
24.2574
24.5174
24.6267
24.7399
24.735900000000004
24.7985
24.6226
24.359900000000003
24.058900000000005
24.4639
24.685
24.8717
24.7252
24.7007
24.616
24.9295
25.041
24.5563
24.5391
24.8104
24.76110000000001
24.8527
25.0686
24.716200000000004
24.906
24.8415
