0.1573
0.4563
1.3275
2.1528
2.4358
3.2947
3.9239000000000006
5.123800000000001
5.3509
6.635199999999998
6.3489
7.1041
8.506200000000002
9.3782
9.285
9.998
11.0174
11.727700000000002
12.0147
12.6172
12.777000000000005
12.7369
13.025000000000002
13.8552
14.1344
14.1154
15.192200000000003
14.702400000000004
15.357000000000005
14.694
14.9456
15.0559
15.3217
15.3762
16.1454
16.6444
16.2695
16.550600000000003
16.308300000000003
17.1428
17.1044
17.0625
17.236699999999995
17.2421
17.184700000000003
18.016000000000005
17.8831
17.728699999999996
18.295
18.286000000000005
18.231000000000005
18.7984
17.667700000000004
18.6099
18.689
17.9834
18.6258
18.6729
18.006
19.2719
19.4076
19.3419
19.6105
20.1527
19.2529
20.2035
19.7415
20.1385
20.3147
20.622000000000003
20.788799999999995
20.200600000000005
20.0124
20.5054
20.3882
20.233
19.871
20.8057
20.4231
20.134
19.7817
20.985
20.564599999999995
20.1892
20.4247
20.718000000000004
20.239
21.387
21.3548
20.408900000000003
21.556
20.710799999999995
21.4277
20.81310000000001
21.220800000000004
21.370600000000003
21.233
20.901699999999995
21.0798
21.2206
20.802199999999992
20.5691
21.0254
20.0727
20.869599999999995
20.371700000000004
21.014
20.9438
21.0296
20.4326
20.5479
20.5891
20.8277
21.0478
21.0259
20.7515
20.4465
21.0207
20.8121
21.2601
21.1594
21.8911
21.8139
21.4729
21.5936
21.4144
21.821
21.565600000000003
21.1491
21.6573
21.6786
21.6947
22.031199999999995
21.961100000000005
21.71089999999999
21.9944
21.733799999999995
21.619599999999995
22.260399999999997
22.1004
21.897
21.493600000000004
21.2229
21.3897
21.4566
22.348599999999987
22.299199999999995
21.2172
21.8542
22.097
22.366499999999995
22.411600000000004
21.807499999999997
22.187
22.3459
22.8381
22.51730000000001
22.576699999999995
21.9094
22.644600000000004
22.6182
23.4186
22.5289
22.4269
22.382100000000005
22.800300000000004
22.2644
22.5957
22.6699
22.673100000000005
22.8572
22.9533
22.06750000000001
22.913200000000007
21.677200000000003
21.7985
22.874899999999997
22.3464
22.5722
22.593100000000003
22.8428
22.7465
22.65979999999999
22.498500000000003
22.7861
22.8089
22.705399999999997
23.275799999999997
23.0722
22.905000000000005
22.9573
22.7851
22.2486
22.8853
23.4351
23.0531
23.242600000000003
23.001699999999992
22.9161
23.411500000000004
23.509799999999995
23.007
23.1637
23.8323
23.141799999999996
23.775
23.718300000000003
23.339899999999997
23.4367
23.70630000000001
23.391600000000004
23.252300000000005
23.2255
23.8015
23.923100000000005
23.7106
23.6124
23.9872
23.7855
23.45819999999999
23.5693
23.7652
23.5696
23.9172
23.661500000000004
23.4818
23.7212
23.833900000000003
23.4663
23.6097
24.0105
23.3759
23.8828
23.8123
24.0338
24.3151
24.2132
24.019
23.9007
24.216200000000004
23.978699999999996
24.0362
23.899499999999996
24.038899999999995
23.8129
24.2453
24.4899
23.250599999999995
24.4775
24.007400000000004
23.9823
23.7395
24.0709
23.5846
24.2957
23.999199999999995
24.155
24.229100000000003
24.1961
24.126400000000004
23.8179
23.8386
23.8299
23.6336
23.4155
23.9799
22.9998
24.1748
24.6054
24.7733
24.5339
24.4159
24.6332
24.9939
24.968200000000003
24.5018
24.73610000000001
24.7529
24.77960000000001
25.034099999999995
24.9527
25.1655
24.9317
25.1853
25.0652
25.325100000000003
25.311400000000003
24.901300000000003
24.9428
25.070500000000003
25.2475
25.1101
24.7495
25.009500000000003
24.8192
25.1367
24.953499999999995
25.083
24.910900000000005
25.0812
24.7175
24.7993
25.1154
24.912399999999995
24.8662
24.8792
24.8057
24.6333
24.6971
24.9384
25.0644
24.819000000000003
25.0894
25.0835
25.2899
24.866300000000003
24.752
25.0412
24.7911
25.1637
24.8732
25.0022
25.4298
24.8411
24.8559
24.9359
25.1411
24.975700000000003
25.1158
25.00060000000001
25.204399999999996
25.222
25.2493
24.961900000000004
25.3926
25.4361
25.2146
25.1468
25.208500000000008
25.46400000000001
25.0891
25.30070000000001
25.0058
25.36790000000001
25.1809
25.3983
25.4472
25.528499999999998
25.0415
25.4172
25.0783
25.0975
25.3501
24.8349
24.9761
25.0475
25.1534
25.097400000000007
25.1696
25.3295
25.061400000000003
25.0851
25.091800000000003
25.086399999999998
25.0348
25.605300000000007
25.226799999999997
25.1387
25.113200000000003
25.2101
25.2052
24.7661
25.2358
25.163300000000007
24.945500000000003
25.2247
25.122499999999995
25.230500000000003
25.0383
25.0299
24.943900000000003
24.8784
24.375400000000003
24.7335
24.9762
24.7062
25.1316
25.1045
25.106600000000004
25.41530000000001
25.1731
24.7874
24.84579999999999
24.7188
25.3022
25.155500000000004
24.9032
25.2019
25.1749
24.9946
25.282400000000003
24.9148
24.90150000000001
25.097
24.943700000000003
25.0887
25.000100000000003
25.1785
25.3201
25.3658
24.9571
25.3637
24.9789
25.127800000000008
25.2348
24.9069
25.0235
24.7954
24.9567
24.81610000000001
25.029300000000003
25.26570000000001
25.2742
24.931999999999988
25.1261
25.0089
25.102900000000005
24.6525
24.9138
25.460400000000003
25.175
25.5316
25.3217
25.2115
25.0127
25.0213
25.398899999999998
25.4726
25.044900000000005
25.334099999999992
25.140699999999995
24.999699999999997
24.6954
25.2818
25.0216
24.7874
25.2603
24.7276
25.052800000000005
25.1199
24.9321
24.8627
24.5696
24.6829
24.6493
24.7648
24.6051
25.1182
24.3272
24.5731
25.0389
25.140100000000004
24.666900000000005
24.0583
24.0169
24.19580000000001
24.363000000000003
24.2141
24.2053
24.605000000000004
24.396
24.509899999999995
24.538300000000003
24.041400000000003
23.82419999999999
24.1362
24.424
24.271000000000004
24.27709999999999
24.597400000000004
24.268300000000004
23.9679
24.5681
24.0902
24.2304
23.737900000000003
24.134
24.390699999999995
23.4491
24.0076
23.8571
23.4694
23.976199999999995
23.22660000000001
23.9705
24.1386
24.31339999999999
23.7122
24.3605
23.8941
23.7578
23.116100000000003
23.4157
23.891
23.8044
24.155200000000004
24.1433
24.1321
24.070400000000003
23.6945
23.75500000000001
23.5513
23.7353
23.594300000000004
23.5334
23.822299999999995
23.9703
24.1055
23.100600000000004
23.7084
24.177299999999995
24.1109
23.9164
24.4516
24.116700000000005
24.181300000000007
24.0123
23.6471
23.2418
23.449899999999992
23.8345
23.5225
22.689300000000003
23.0005
23.0027
22.6177
22.921800000000005
22.129900000000003
21.914100000000005
22.536000000000005
22.3666
22.314199999999992
22.0624
20.4883
20.1309
20.5603
21.3535
20.304800000000004
20.009400000000003
20.1118
20.154100000000003
21.5634
20.6733
21.0769
22.6086
21.053600000000003
21.240799999999997
21.5612
20.933000000000003
22.073100000000007
21.3431
21.3283
21.7652
20.999400000000005
20.8057
22.215
21.2575
21.628
21.024600000000007
21.878400000000003
22.3784
22.3813
22.2492
22.875799999999995
22.5469
23.2339
23.512899999999995
23.04940000000001
23.5324
23.58120000000001
23.351600000000005
23.7112
23.395000000000003
23.528499999999998
23.758499999999994
23.9172
23.1541
23.573699999999995
23.2683
23.485100000000003
24.2249
23.707400000000003
23.8032
24.0006
22.972300000000004
23.2905
24.146599999999992
23.5116
24.120800000000003
23.1383
