-9.2336
-8.1763
-6.0627
-3.767
-1.4928
0.1631
1.1691
1.9921
2.3971
2.5204000000000004
3.1428
3.9266
5.0760000000000005
5.994700000000002
6.5709
7.686800000000001
8.5178
8.312399999999998
8.2678
8.3644
8.8307
9.2518
9.6931
10.1305
10.3172
11.6773
12.8821
13.0687
12.647999999999998
13.0826
13.4728
13.484099999999998
14.062300000000002
14.746100000000002
14.765899999999998
14.6698
15.0711
15.0923
15.6205
15.657200000000003
15.162
15.8558
16.107499999999998
16.0987
16.327399999999997
16.2895
16.539699999999996
16.703
16.6925
17.254399999999997
17.4109
16.106699999999996
16.8272
17.537200000000002
17.2716
18.2537
18.1804
17.4131
16.7794
17.018500000000003
17.4043
17.908100000000005
18.053800000000003
17.7679
17.8156
18.3916
18.6389
17.996199999999998
18.164400000000004
18.681999999999995
18.3496
17.8509
17.8601
18.0322
18.2882
18.1667
17.866
18.0532
18.0082
17.7875
18.1372
18.643700000000003
18.9744
19.5023
19.4559
18.5784
18.9891
19.385
19.1089
19.431
19.457600000000003
19.0481
19.4682
20.3605
20.2902
20.125400000000003
19.4184
18.9649
19.3144
19.323300000000003
19.1527
19.4525
19.6771
19.074900000000003
18.9182
18.6119
19.0319
19.5524
19.6271
18.5736
18.2265
18.9342
18.5644
18.612800000000004
19.193800000000003
19.5059
18.9867
19.2171
19.772800000000004
19.5088
19.1923
18.813
19.1383
19.113000000000003
19.030700000000003
19.324
19.1841
19.0956
18.0563
18.7033
19.0321
18.0924
18.5117
18.5684
18.332100000000004
18.810300000000005
19.3407
18.8562
18.8992
19.1043
18.2592
18.3372
18.8813
18.8033
17.938499999999998
17.6609
17.913600000000002
17.6992
18.085800000000003
17.839800000000004
17.7104
18.1811
17.4236
16.8504
17.093500000000002
17.6587
18.2541
18.6405
18.7524
18.12
17.6981
18.4112
18.9978
18.177800000000005
16.9821
16.9983
16.5999
16.0953
16.1406
15.6011
15.7703
16.5428
16.082299999999996
16.0141
16.7718
17.023100000000003
16.918499999999998
18.2573
19.6527
19.1501
18.6338
18.1735
18.1519
18.1058
18.446400000000004
17.871799999999997
18.2202
18.7017
18.4717
18.995
19.3742
19.0186
18.3743
18.999
19.6221
19.654300000000003
19.4692
19.6768
19.7967
19.0374
19.1365
19.9239
20.1983
20.2742
20.0852
20.6833
20.9092
20.4154
20.1305
20.1396
20.2111
20.2748
20.654
20.8545
20.4314
20.3711
20.195300000000003
20.3682
20.4445
20.768099999999997
20.2172
19.8058
20.1876
19.8019
20.6096
20.788
20.6426
20.5115
20.4825
20.479099999999995
19.7441
19.6271
19.8789
19.822
20.3707
20.6807
20.832
20.4835
20.3015
20.9798
20.3377
20.1225
20.907
20.489
19.7632
19.9813
20.286300000000004
20.0174
20.3816
20.2623
20.3462
20.3651
19.4254
19.6222
20.092
20.271899999999995
20.2141
20.2781
20.2075
20.3823
20.277
20.4551
20.857699999999998
20.0366
20.616300000000003
21.1964
19.9897
19.753
20.0442
19.176
19.0544
20.2434
20.4045
20.1882
20.6909
20.9732
21.0979
20.7818
20.4903
19.988200000000003
20.6766
21.582600000000003
20.3753
19.7434
20.2594
20.82380000000001
20.3662
19.4962
20.3939
21.600800000000003
21.522700000000004
21.6829
21.5495
20.4899
19.9454
20.7842
21.4973
21.677700000000005
21.8803
21.0915
20.7816
21.4635
21.1627
20.8278
21.238700000000005
21.692
21.5315
21.1714
21.2617
21.8064
22.1917
21.8363
21.138700000000007
20.8522
21.404800000000005
21.9644
22.89
22.8798
21.5609
20.492000000000004
21.281199999999995
22.207000000000004
22.18240000000001
22.6057
22.3674
22.1491
22.2431
22.193700000000003
22.117100000000004
21.7103
21.2975
21.6499
21.656600000000005
21.3069
21.465
21.634500000000003
21.712899999999998
21.086700000000004
20.3401
20.769
21.1884
21.4807
21.4845
21.012
21.303200000000007
21.5485
21.729399999999995
21.676
21.2761
21.7929
20.83440000000001
20.0554
20.0265
20.2614
21.1793
21.7806
21.524000000000004
20.7341
21.1443
21.455400000000004
21.3766
21.25060000000001
21.2415
20.5447
20.5527
20.8818
20.975400000000004
21.0803
21.4672
21.2151
20.9815
20.9698
20.7625
21.375799999999995
21.414
21.2463
21.597900000000003
22.200600000000005
21.075000000000003
21.217
21.827799999999996
21.6741
21.899000000000004
21.6573
21.7491
21.4306
21.4478
21.762200000000004
22.0602
22.5312
22.1167
21.9654
22.1969
22.1275
22.0025
22.3359
22.7007
22.780199999999997
23.174599999999995
22.9906
22.4749
22.04030000000001
21.9946
22.244499999999995
22.6857
23.0705
23.101800000000004
23.1655
22.9448
22.718699999999995
23.1982
22.802
22.8082
22.988899999999997
22.6234
22.6923
22.5182
22.7828
23.642100000000006
23.480500000000003
22.940600000000003
23.361699999999995
23.387400000000003
23.1038
22.7251
22.633299999999995
22.454200000000004
22.6157
22.8031
23.0247
23.398499999999995
22.7539
22.5735
23.2528
23.5079
23.787699999999997
23.920600000000004
23.6659
23.3094
23.286300000000004
23.766999999999992
23.3965
22.9502
22.915600000000005
23.23380000000001
23.4973
23.496
23.6821
23.4632
23.0773
22.5973
22.7601
23.5184
23.7345
23.540799999999997
23.5952
23.5537
23.9071
23.708099999999995
23.429900000000004
24.1053
23.96230000000001
23.6959
23.6661
23.937
24.0212
23.651300000000003
23.3481
23.6172
23.9616
23.720799999999997
23.807900000000004
23.5657
23.462299999999995
23.5356
23.4113
23.4685
23.68960000000001
23.6617
23.39789999999999
23.4974
23.4263
23.3161
23.6142
23.5873
23.28720000000001
23.497800000000005
24.0914
24.1561
24.0639
24.147900000000003
23.586699999999997
23.384300000000007
23.195500000000003
23.5801
24.2898
23.9438
23.8348
23.917500000000004
23.925000000000004
23.6969
23.387400000000003
22.7204
22.8114
23.6518
23.441799999999997
23.572299999999995
23.511800000000004
23.6275
23.6948
23.886599999999994
24.1429
23.8309
23.8632
23.992400000000007
24.105
24.121999999999996
24.3542
24.387600000000003
23.666200000000003
23.7509
23.9988
23.603
24.071599999999997
24.1078
24.14280000000001
24.586800000000007
24.2635
24.247499999999995
24.6805
24.402
23.7074
23.858199999999997
24.3079
24.283900000000003
24.2346
24.3492
24.1673
24.0674
24.091599999999996
24.0732
24.0113
24.0448
24.025899999999996
24.1166
24.239
24.182299999999994
24.3982
24.1285
23.8166
23.8056
24.2345
24.575099999999992
24.515300000000003
24.27500000000001
24.2481
24.5737
24.682099999999995
24.465800000000005
23.654100000000003
23.405700000000003
23.687500000000004
23.63649999999999
23.6542
23.9101
24.0265
23.9069
23.14
23.1782
24.1876
23.893600000000003
23.9044
24.0075
23.7777
24.516200000000005
24.794200000000004
24.2692
24.467500000000005
24.6425
24.4099
24.5244
24.4057
24.170600000000004
24.5304
24.3506
24.097
24.2015
24.0743
23.7018
24.0142
24.664800000000003
24.3181
24.33360000000001
24.4393
24.3849
24.030999999999995
24.083700000000004
24.1338
24.3147
24.781400000000005
