53.16666666666666
46.65
53.388888888888886
53.71
51.32
41.23
32.85
24.39
22.17
18.64
19.75
16.61
15.87
14.38
14.83
10.55
13.91
22.36
33.61
31.59
35.53
28.07
31.64
34.94
31.84
31.93
24.58
17.32
19.51
14.48
12.27
12.63
13.48
18.01
18.07
15.58
11.36
14.19
15.44
19.3
18.42
21.01
22.87
29.49
28.49
23.49
20.71
21.45
25.07
23.35
21.57
17.21
19.69
20.99
22.18
21.44
14.41
15.0
14.07
14.65
16.3
12.93
14.29
22.67
23.24
28.42
19.89
18.28
13.32
15.93
22.19
22.35
24.27
19.96
19.84
17.58
15.06
22.48
26.38
24.72
23.51
18.51
15.72
20.4
20.25
18.64
19.25
18.73
19.21
20.24
18.54
22.23
20.21
20.07
13.75
12.53
17.7
22.75
28.78
26.55
27.4
26.84
20.28
21.99
15.66
18.5
19.19
18.35
13.37
13.29
12.86
16.91
16.78
20.52
18.13
18.35
17.12
16.6
16.99
21.17
21.52
18.89
17.25
17.41
17.16
15.1
22.91
23.79
23.95
23.08
18.67
20.34
15.89
16.23
14.75
15.13
15.9
15.88
16.13
17.33
16.72
18.29
19.08
18.32
17.9
18.11
15.85
15.26
14.45
16.91
20.08
18.84
18.43
15.51
17.31
22.43
23.6
23.21
21.29
18.97
17.8
18.02
18.69
19.48
16.98
14.33
12.14
11.85
16.44
19.41
20.59
17.39
17.25
15.36
17.31
19.36
22.36
20.33
17.27
16.62
14.25
13.57
13.99
13.22
17.4
20.48
22.93
22.38
20.63
21.16
21.52
21.25
29.2
25.06
23.24
23.58
16.8
19.28
20.05
22.21
23.74
22.21
18.46
11.82
13.44
13.17
18.3
21.05
19.77
20.21
15.7
19.57
19.74
23.61
22.71
22.19
19.22
15.11
17.01
16.7
19.09
18.4
17.42
17.85
18.59
18.37
19.21
16.97
13.55
16.73
19.54
20.31
20.18
17.36
17.68
19.73
18.86
17.4
20.21
18.0
21.13
19.29
18.01
16.36
14.07
12.23
13.1
13.8
15.0
17.83
19.48
19.79
21.26
21.16
22.81
20.42
17.75
16.69
13.27
16.46
17.83
16.82
18.6
18.03
18.91
18.14
18.09
19.02
20.45
17.52
15.13
12.01
11.19
12.81
15.66
16.8
15.38
16.2
15.63
15.17
15.7
17.96
19.19
22.6
18.13
19.6
18.88
20.63
20.35
19.3
19.03
18.44
19.9
17.28
16.39
16.46
15.48
16.49
17.23
21.28
22.15
20.04
17.79
14.62
16.03
18.95
19.42
16.4
12.13
14.37
15.81
22.27
25.1
27.16
22.91
21.91
16.89
16.48
16.82
17.49
15.38
15.87
15.53
16.95
14.94
17.3
16.34
17.17
16.67
18.42
20.51
20.6
22.53
23.77
23.83
20.63
14.48
14.12
14.47
18.76
17.44
17.78
14.73
14.9
15.64
15.5
18.21
17.03
18.58
18.88
15.81
12.17
11.32
14.23
22.85
25.57
23.41
14.21
14.87
18.72
20.09
19.23
17.55
17.72
18.82
18.46
17.23
14.75
13.43
14.26
15.25
16.84
17.36
17.18
20.99
22.61
24.55
20.88
17.5
16.73
15.59
14.83
14.37
17.24
18.02
18.46
17.1
17.08
19.37
21.97
23.74
22.1
19.08
19.06
18.45
18.97
23.06
25.45
23.99
19.8
17.76
19.76
17.03
15.05
16.38
16.31
20.68
18.21
19.21
20.62
16.46
14.57
15.13
14.6
16.7
13.75
11.04
11.47
13.44
19.98
19.42
18.07
15.29
16.53
18.03
17.66
15.7
16.44
17.37
17.22
17.36
19.2
16.55
16.0
11.63
13.93
13.97
17.15
22.04
20.13
20.27
19.54
20.46
20.14
19.41
19.82
16.18
15.7
11.22
16.29
18.28
21.12
18.09
16.37
14.51
13.69
17.4
16.89
15.11
16.01
15.56
17.47
15.84
20.02
22.74
23.03
23.58
21.06
19.49
18.58
17.42
15.03
14.44
12.43
16.35
17.69
21.86
22.96
22.68
23.52
20.5
20.77
18.82
14.64
13.3
17.02
20.26
19.01
16.15
14.6
20.98
23.94
23.96
23.33
19.23
17.33
15.57
15.3
16.87
18.54
20.08
18.49
18.17
17.74
19.77
21.43
20.89
20.14
19.22
17.27
17.7
17.88
16.4
15.3
14.26
14.16
17.45
19.94
20.68
20.52
17.58
16.16
16.39
16.74
17.74
16.49
15.37
15.22
15.31
12.65
13.21
15.35
16.75
21.03
20.13
17.4
14.75
15.26
19.66
24.25
22.05
18.38
14.19
18.01
17.8
18.82
19.67
19.49
17.9
15.76
16.57
17.96
21.56
21.17
20.56
16.1
17.72
18.96
20.84
19.88
18.55
20.73
19.75
19.07
16.89
17.81
17.66
17.55
18.52
16.95
17.63
14.65
15.64
19.57
19.0
17.89
16.35
17.72
19.19
22.97
19.85
17.05
16.86
14.95
14.65
14.34
17.85
20.5
20.73
23.44
18.66
18.47
16.01
16.03
15.14
15.29
15.26
16.42
16.44
21.89
