65.82
48.07
36.94
38.82
26.93
11.78
6.87
25.72
47.58
55.86
44.82
22.16
15.76
39.9
45.15
21.43
32.52
46.5
37.41
35.07
37.49
23.28
18.17
34.73
29.66
20.35
28.7
24.53
23.49
25.87
14.37
20.67
34.59
41.41
29.59
23.73
27.54
20.66
13.71
13.91
17.78
14.8
18.26
14.68
15.27
23.11
20.06
13.12
11.91
35.81
40.55
23.41
20.2
12.3
21.36
33.91
26.46
14.58
20.74
32.18
30.16
19.65
14.92
20.3
16.47
20.51
25.22
23.19
23.33
18.77
12.67
21.67
28.4
21.2
20.48
20.35
16.47
16.0
16.2
23.22
25.79
15.17
17.54
23.85
20.76
18.33
18.3
13.4
16.36
20.18
12.24
16.6
20.0
21.84
25.92
26.63
32.64
27.49
18.51
13.44
15.44
17.16
17.62
22.51
23.15
21.03
16.29
18.68
20.08
21.12
20.34
15.05
21.03
20.54
18.98
24.84
22.46
18.21
14.55
15.28
22.06
21.01
15.62
19.17
22.83
19.98
19.59
21.75
17.47
13.34
21.95
28.79
21.6
26.37
30.76
20.76
19.11
16.87
20.77
21.33
16.89
20.23
20.16
19.84
16.47
18.48
22.28
18.97
16.1
23.88
30.88
20.05
16.64
21.59
20.79
19.17
15.81
16.17
18.29
18.52
17.68
16.52
17.45
13.28
17.78
21.29
19.71
19.08
14.05
22.84
31.74
28.05
22.19
21.67
25.22
25.03
22.94
19.36
17.23
16.06
13.26
17.86
21.9
23.14
22.56
18.21
20.87
20.37
15.06
16.72
14.52
17.41
22.06
17.76
17.03
16.6
22.05
20.38
13.62
14.66
15.92
18.09
18.81
15.96
20.27
24.09
25.82
23.19
17.42
20.32
18.1
14.86
17.35
20.42
18.39
14.21
17.73
20.5
16.9
14.35
15.06
16.68
14.86
16.06
18.88
21.27
22.15
16.99
17.03
18.7
17.74
20.94
19.17
18.83
19.51
17.56
18.1
15.57
14.78
14.77
15.16
16.95
16.0
16.57
17.41
15.26
15.81
22.45
19.84
17.76
21.52
21.67
23.07
20.58
16.92
12.18
11.96
18.33
18.55
13.69
12.9
19.17
21.14
19.64
18.63
15.38
15.42
13.63
19.11
25.36
19.77
19.47
20.7
18.21
19.66
18.61
14.28
19.51
23.85
19.79
19.41
17.33
12.93
18.5
21.17
16.35
19.74
17.57
14.75
15.93
17.15
17.1
15.23
18.36
18.99
16.52
26.44
31.28
26.01
25.14
17.97
17.72
23.21
18.76
20.27
25.12
20.7
19.12
15.16
21.84
31.02
26.33
25.01
23.73
20.38
19.94
16.14
14.11
16.56
15.56
15.87
18.22
16.2
16.7
19.47
25.19
25.46
19.42
22.54
23.83
20.57
21.35
26.68
22.61
12.5
15.43
20.34
17.11
20.73
23.56
21.92
22.73
20.77
20.17
22.66
21.61
17.03
19.55
19.08
15.12
18.17
22.61
23.05
20.82
22.11
18.73
14.48
19.42
18.22
17.69
19.73
15.85
15.13
18.17
22.48
28.08
26.46
20.82
19.74
21.77
19.11
13.38
19.23
22.46
21.52
22.38
20.82
16.62
16.0
18.9
20.03
18.92
17.79
15.26
16.2
19.68
19.87
20.47
19.42
19.32
14.55
15.91
21.25
15.47
10.68
15.96
22.35
21.12
20.58
22.09
14.81
13.11
19.28
16.59
14.15
15.42
20.17
22.72
17.12
15.83
14.81
10.73
13.85
19.37
21.53
18.35
19.2
25.24
24.31
18.86
18.36
21.8
21.03
17.6
16.34
16.94
14.94
13.23
17.93
20.22
17.12
15.43
15.23
20.98
25.01
21.14
17.02
17.16
15.93
13.04
12.46
15.75
22.74
22.16
15.58
19.22
23.9
22.76
21.03
17.99
20.04
27.3
22.69
14.55
19.22
20.09
15.67
15.65
20.62
25.86
21.74
19.96
21.36
19.56
17.8
16.99
24.29
22.69
13.36
15.78
20.58
18.26
15.96
15.7
16.38
17.83
14.4
17.68
23.12
20.33
16.38
15.12
18.9
20.21
20.51
16.29
15.52
20.08
15.83
15.85
19.4
17.54
16.31
18.27
17.34
13.12
16.9
21.77
28.05
32.22
22.89
18.4
17.96
20.52
20.25
21.32
23.18
20.53
28.64
25.76
16.75
17.72
17.7
18.18
16.67
13.37
14.63
22.58
25.58
16.35
16.02
22.45
25.2
24.09
22.67
22.23
19.49
16.96
14.5
12.53
17.68
21.33
18.33
16.59
14.52
16.6
17.41
20.29
22.27
18.89
19.51
18.47
16.65
15.78
16.37
19.85
17.76
17.24
16.63
17.58
20.4
21.16
20.28
15.4
15.13
15.96
15.39
14.07
14.42
16.13
17.66
18.74
18.06
18.42
17.42
15.13
20.16
24.31
26.01
23.87
15.87
20.47
23.02
16.89
12.46
15.86
22.26
21.52
19.28
20.1
23.33
21.91
18.5
21.26
23.62
15.83
16.15
18.33
17.43
17.95
15.97
18.6
16.4
14.01
20.25
22.23
19.31
17.8
16.64
16.95
