-1.2181044027162424
-1.6542455191481205
-1.4831979958646797
-1.4984045622861428
-1.311558145254536
-0.7186428384273511
0.2210895360244068
1.127876365293815
1.4741907546871726
1.2651265648485903
1.2060297623344456
0.9053050488018198
0.910942346704339
0.7074932045400857
0.9712942062795142
1.7347295316086144
2.30757002129373
2.67009536497505
2.629829571056986
2.3795664089678565
2.243297925131817
1.8197996833639516
1.2243934864904744
0.923398159604286
0.9645501239700216
1.397273386038806
1.634076945134305
2.138977287543728
2.575003154784364
3.141563428874601
3.4288218342746872
2.9071142311093907
3.204977696730433
3.9510351752352846
4.335428935671821
4.152442849397289
3.4958478746765844
3.923744021596786
4.065265173371281
4.067369088934917
3.5175084339239264
3.317618089377297
2.60697025982578
2.77933373530261
2.7697612472071858
3.57951577188344
5.153460219196882
6.73396836804507
7.500353450086376
8.655938175154454
9.456003969189428
10.176034442587104
9.39470073358915
9.024947730935326
7.600625448068516
8.15698993657299
8.069705570541366
9.15124284410274
9.570390155325777
9.526032539025676
8.630504467210669
7.817105158202264
6.957609799505016
8.099686566616262
7.903173935308514
8.543140804735403
10.333822503341722
11.16099637157764
11.06427584815748
10.503266837807612
10.486347554278582
11.616832597487631
11.954594446852475
10.952955811431153
9.48271727186378
8.562759309338684
9.88626992947608
10.74811344065817
10.619911031138274
10.444805878403695
9.930806134190298
11.00138586520374
11.621274178796932
13.65835775116262
15.603128699048462
17.290705412380987
18.004287061014296
17.08073957169707
16.43267309617087
16.400628252451938
14.943666747898176
15.44264983807552
13.03443786913668
13.368454691204397
12.644832164266363
12.776515331088651
13.03518997247986
13.831345834343598
14.915488022079964
15.541247805368826
14.296896009708776
14.792561684394943
13.496715398403424
12.938835297051686
11.698329093343418
11.638686210497264
12.340877683695917
13.33032436281379
15.207411429029923
16.007592228445056
17.378075254625642
17.2230355896329
16.685094921323206
14.717234255613349
13.873260666718156
14.062600577429045
12.950269445887413
13.484316529831288
13.296122105169047
12.735674349037009
13.164106012059031
12.28739388535548
13.596602549029312
14.060327039978064
12.656902015720986
13.984826841618794
13.409474940831446
14.074894661886
13.207476209611189
13.12454613630734
14.490205072129102
14.766704999201949
14.608252360019662
14.2290130401229
13.30764352350922
15.391462681885596
16.565892789399644
17.312035104520255
17.391023870868157
17.191827565281013
16.406404062060545
15.768254382226
13.597749702704457
13.783551477260987
14.196976923634963
14.08198970187983
14.486543903903618
15.103175325599734
15.76836378123047
16.222633697564913
16.16311692612895
16.48922851470815
16.821294395845758
16.293132946734914
16.460727634092336
15.716099020611663
14.601783689273756
14.931621973135028
16.34910661495169
15.8255205970134
15.645328439486011
14.348766011466134
13.949106057077772
14.155023147635893
14.85423247484442
14.05230347035847
14.536901321700958
14.262183480233151
14.272653302093056
14.047486442465669
15.199666563463568
14.518018618410258
15.18483104115927
15.383221089471736
16.274753264461182
17.735102074329244
19.437155812317243
19.959505631831416
19.94343913405663
20.380188210270877
19.571969152685668
19.845942141420554
19.052259833926836
19.113149640066855
19.23833812696155
19.02772932833123
19.003104304973984
18.97597626308169
18.68100054374436
19.083543701932285
19.06601369741653
19.597179025069444
20.16806574389451
19.04368916283794
19.281434069454228
19.66853813521732
19.827492282772237
20.00599986795557
19.88116750820601
19.196538839471717
18.15854303583595
17.469863403616916
18.380565218827115
18.917915715919012
20.265661761224496
19.008538421008623
18.714803122509057
18.39418940340924
18.97199032545912
18.38773478326009
18.062337486253515
18.46541940099958
18.6850629507974
19.09216179528944
19.34762050543656
18.617928394795918
17.82933307177076
17.417518285590965
17.054589446952455
16.10022085374345
15.24250322265897
15.36008098672243
16.540010289708135
18.607123292907616
19.5982143639989
19.75802222480152
20.1794217611876
21.157032232956503
21.855849761897044
22.452342390303677
22.94594529175752
22.345732344205388
23.462500493125237
22.84405745093873
23.381725304865576
22.858500970657943
22.224600397552443
21.101745536185607
20.73236192077144
21.12583420974644
20.37824323873122
19.377179926097615
19.88272601315037
20.595170046952216
20.778432544258056
21.303599165376998
21.52593231408986
22.31425503082561
20.730303473606547
19.8844831878806
18.957830867518304
18.520898783906468
18.491377123823696
19.80672793765706
21.017029297164115
20.56876425963488
20.429084212554077
20.017296498781565
19.934499856539272
21.35706109625695
20.77388062226151
21.17125092912577
20.636099512761167
21.219112786744223
22.12307333651572
22.246266480228897
22.183592949834026
22.330060010687195
21.86261767310964
21.61115728257013
21.570485884369056
20.778644988887
19.68805370568511
19.213717206194872
18.938342759605177
19.786143868846956
19.00551216692344
19.351230773515415
19.903726778636603
20.579631584361582
21.96244878742803
22.293098261735285
22.754058156913533
21.805479994085644
20.01431964951495
19.378940140698116
18.78828536434272
20.216756801564543
21.169032641455185
21.57057736633273
21.548075003673876
21.81633682590848
21.45877227925499
21.141803069851026
20.91039767393132
21.01574843105499
19.42668172647959
18.781537545459383
18.234507657356595
18.001232776013207
17.66514000545595
17.31764249032739
19.262935128910485
20.39723060774629
22.521061658058677
22.371878587348117
22.576314363358414
22.338701415271014
21.979355466289263
21.01898371933441
19.891349959145543
20.007668718738355
18.742367497188603
18.666282394974218
17.770710906103368
18.772142679402805
19.223930438813287
20.100134445053158
19.93775049350123
19.28066927391195
19.146219012603662
19.5416616128278
19.964977550303093
20.526548142307885
19.16831528167821
19.10814994854021
18.708904774961585
19.09326318814417
18.40012888298508
18.66862189578588
18.241280881342508
18.50891741832309
18.12787072765675
18.272683816783296
19.8962041208674
19.36169067339417
19.01879764943559
17.91666763674178
17.25716613092964
17.44929020487801
17.669233343039043
19.06214160511343
20.25252260122868
20.49562009307301
20.441603467888072
19.652546885720675
20.470166403150422
19.995153790703768
20.466704502737663
19.87755196841492
19.216952601132878
20.398071063827867
21.40731114709172
22.212327335009057
23.410295767763696
23.710967851795903
23.32709463403265
22.062037435124942
22.50534174472381
22.31953476798381
23.081187301347803
22.49542930388865
21.20141382794909
20.44327510447386
19.26087503825508
18.1125385873654
18.666486619378237
19.021623594826217
19.094241752537247
19.76049057399498
20.33265520544736
20.894759184760705
19.338128162174957
19.266797209461227
18.87266211322064
19.779172405512085
21.65511143853509
22.142944959380703
22.78182668087553
22.389701310079136
21.092135762972184
20.11383721945593
19.812433193119805
19.897073551582096
20.210873709216195
19.676947813162023
19.15110987623001
18.74549541179938
19.06553131351765
20.83563927526217
20.993469115744684
21.318714133869538
20.609316783250318
19.704736881119537
19.16751144316996
18.952929258435223
18.379275041971965
18.783195236306952
19.472561187551975
21.188759428618788
21.23958515938765
20.52937153159806
20.146947765813163
19.66989130680988
19.851426309724516
19.791098975799333
19.22977303683045
19.60184635835467
20.36867854025148
21.50382176556841
21.329265141718334
20.086759717024744
19.497975481316487
19.02075098182229
19.00820414114881
18.607612254302243
18.11615702433471
17.72132526335997
18.388380119907552
19.07220002045351
20.33610169146177
21.863039842060235
22.0998215838284
21.910910164796917
21.43377518277115
21.530555664380223
21.17518544612652
20.18375831501925
19.928263482861823
20.17577948869602
20.93708772783102
21.380421441177724
20.71012954423057
20.48001141884314
19.878360332221877
20.160892953130173
20.36040985429741
20.179903188148057
20.5650099632624
20.587521933380035
21.47885809568041
20.83608771313421
20.2192619170066
21.09063101867418
21.01294606949089
21.09711064802063
19.35306732514999
18.272048093412938
17.711003735859887
17.652835740640725
18.303885111396585
19.1728278582197
20.29477569370085
20.640290837215037
21.367196469774616
20.756251763805157
20.384237720364677
21.492276260466816
21.088921356988298
22.0668206086928
21.38606036485868
20.781216677529564
19.39152016919927
19.56390790101816
20.71165864095953
21.28993748109444
22.35911740414482
22.592293360955757
23.290424979477383
22.938071603265143
22.54817084107029
22.4885264788931
21.447597240891312
20.28824385817143
20.010637822399143
20.07905044235801
20.65476685604326
19.164831963447163
19.380784215083064
19.713113403849157
20.010125049652743
20.026926656662905
21.12056544445552
21.61119099778414
21.49990628314228
20.935061405185696
20.359257494617296
20.722688653567264
21.03231340902552
20.18714864829609
20.35131936930692
20.51835649276058
20.992216159661385
21.87586732782845
21.591743270550843
21.626905155857184
20.92307769198867
20.47240801973365
19.70909506787565
19.365614417562284
19.07495755845615
19.61732148610017
20.943830617125126
20.96779599754679
20.764738999079167
21.157037767655503
20.691899925336543
21.217416095085117
21.67117613150059
21.857118446814628
21.966353840822748
21.88319954536796
21.88003130115526
21.25959781693986
21.237617733573124
20.569709277870945
20.10683384568499
20.662564175919577
20.78023367689221
20.623525798710425
20.029614977731036
20.194261585483027
20.657207143907435
21.02972411662092
20.137134787407817
19.957531151473397
19.961689176950166
20.934674317127715
20.773119576138484
20.97163642183692
20.79261706358753
20.22136517471006
19.66942807818293
19.289458706801604
18.19093530212264
18.10710249491324
17.106983472935116
18.122738255981144
19.16488350987219
19.62121665896041
20.79856631659922
19.994010226523333
20.07347658182057
18.477003246194105
18.949572572529597
18.53894606909058
19.87369132956233
20.585086822841312
20.553858786324085
20.39029612494935
20.434403981809133
19.432989197286712
20.260296222220795
19.61179291899597
20.28257322505948
20.284494964439784
21.105870894323285
21.38577531903612
21.6847530542244
20.94064332507503
21.53814862684664
21.041030441053525
21.341438630608792
21.036737758863115
22.113784158033425
21.68132119165332
21.90951404476914
21.573866335947496
20.91629179533105
20.05537600544782
20.074228537060826
20.5121043887388
20.82022125087482
20.55666795177709
20.41846862392706
20.397401668193343
20.488399202907548
19.57717385314847
19.766217393776174
20.03822216464521
20.3166225112422
21.216697281381293
20.58641118326045
20.102778671726803
21.063800660958808
21.42329073229826
22.48076721016132
21.567682812408783
21.377529313554746
21.61682390548224
22.213913422414684
23.27977941147208
22.75013410342776
22.48580213257834
23.04967637016066
22.20393681188566
22.175516551785904
21.64257290276095
21.13231177636889
21.89327625834109
