-2.508799941703657
-2.670030207154245
-2.8304244373374785
-2.8812415094001635
-2.9252810843645927
-2.886607990344597
-2.877332847714537
-2.9619781701106955
-2.4143246010285546
-1.661910636305538
-0.102688116778451
1.1171393352649934
1.6961194633499863
2.808255091543974
3.82656912546152
4.854153949943087
4.524025742329767
4.879440795165049
4.596659683453985
5.0609486255118
4.808643347187158
4.822917366832055
5.015815338083445
5.372523239098881
5.369182938428483
5.39294636633357
5.926556188210955
6.33834326300368
7.197245717433978
7.899008888190005
7.680775131257244
7.761537179317024
8.578035402381817
10.255648079506743
11.254169566484183
11.666376364642565
11.434164317559349
10.717284045777149
10.085204860781356
8.578661327700413
8.038804042346005
7.813117517980158
8.588602926802212
8.787702831518823
9.30071461623528
9.724350468343966
10.45635942597662
11.556309690044491
10.913597822512124
10.821523373680533
9.511579426786566
10.148996961493612
10.323915744603768
11.531440127791914
12.29159206059772
12.521981248334862
12.861371659458866
12.236897722804905
11.711045135328732
10.853658832435094
10.64775496975396
10.879935364260128
11.369950763448593
12.935564863163057
12.445910975909728
11.206602499343886
11.588897346605304
12.308726432871532
13.729333670371805
13.567539785071336
12.93016964242093
11.85171589208898
11.349535505789772
10.80191596904178
9.947171563449556
8.91174552354491
8.283441287586323
7.270794887755691
7.27077771636811
8.324167610952033
9.52321658389874
10.344497660469846
9.70653163914494
9.669153029511753
9.423605474094524
9.758306684620038
8.396320943583177
9.120990267522211
10.368782939632563
11.476763892739944
12.271593937674838
11.73544607146587
11.34947861019459
10.813326982814909
11.562271278969078
12.428944665411803
13.003243192196091
12.302526264083385
12.997819654356162
13.399628646826448
14.304054468048133
15.341464723761218
14.915590109252925
15.601049835489489
15.028128521896097
14.39157630269534
13.886219675101
14.673113483910589
15.7112137149255
16.38532625576904
15.995660431278177
16.10633470511042
15.539716171920457
16.035041098081656
15.476730187568716
15.096822172815978
13.965641253478116
13.782906575396751
13.867119508432072
15.459775918984592
16.360828813449345
15.854134182182872
16.02120439662529
15.318182000447054
15.071683781301328
14.956977714794151
14.809665646969272
15.047378967343356
14.4562929481963
14.649206378665564
14.242715718505806
14.910239597315035
14.099663207920951
13.673646455575724
14.188855027966792
15.032108882225828
16.471035807442334
16.58880108549444
16.627113245362942
15.98367289818435
16.03249411385126
15.006638151481663
14.670915713155452
14.991204000984965
14.942670801541103
14.56795109892025
14.526247513859824
14.342562979905932
15.701419754290391
16.015760736090407
16.150312640038507
15.90171423965926
15.873467437516611
16.51061001919213
16.889794756844466
17.401243003864646
17.182330889014413
17.089294368273855
16.61430267124156
16.433177768891742
16.314156853222492
16.206289489280934
15.687830386889878
16.28014272076232
16.551941834799067
17.299800977127312
16.624732494122842
16.084952208880896
15.818290177365382
16.124497184630595
16.053246510007348
15.607612311533408
15.18062118722907
14.878660708572845
14.985552401313605
14.938694758459048
14.846460707861889
15.50591169138448
16.18841793067056
16.842638415779664
17.09573666998461
16.7513494717624
16.25567175148943
16.260314238290686
16.0747130265467
15.868811753490734
15.365385273032556
14.964923783601405
15.1037346486692
14.50387505119796
14.14623902512012
14.024544668204522
13.960899300310391
13.211942350944378
13.253065499132632
13.034032720000813
12.814369175016225
12.819180370281144
12.505880499131193
12.104443167825073
12.298924799339082
12.21435000969536
13.067702182262888
13.523894977045634
14.114908677700516
13.16066286668164
12.96323772155074
13.265418802593103
14.41919781788518
15.397746079811837
15.757249323084764
14.247712975818953
14.23372133466746
14.71157490911432
14.33718621793146
14.81466033868512
15.116086487529426
15.693906144396191
16.42550268184627
16.45284467840567
15.557355829949184
15.584112691095624
15.05695982405969
14.298259034230169
14.30593874030384
13.484360237315812
13.910142594376516
14.102783603486614
15.069944437419185
14.357296176614453
14.312011274396356
13.840994054088624
14.463883115055792
15.700956460290724
16.98887758971578
17.83802220550022
17.578868494731633
17.451952913933336
17.193903929097356
16.85972770667987
16.226719228158505
15.78733549075411
15.353606557318969
15.772467738089697
15.829222372879933
16.337629740507627
15.842895413783715
14.824597168245631
14.345638839360593
14.555893810679036
15.52454880479047
16.20087934042496
16.59591754370976
16.711524398625112
17.060740087427522
17.198657218065343
17.557781663168356
17.685685208645772
17.674599462704638
18.058544297831283
17.80579500321892
17.957779107036295
18.36071595660876
18.79738846545171
18.835978195215425
18.906315161992868
18.96778782997797
18.52719570764172
18.227090420847645
17.83860666564829
17.520581438787982
18.00717506444569
17.808215467623764
18.13467304111372
17.564807925137547
17.5086923824318
16.701959198850414
16.289007275336306
16.633603416120152
16.976076711203042
17.458432734515483
17.26478473248676
17.89217922448138
17.77649892673693
17.844757067779177
17.623406309878174
17.716737258780228
17.372266435993865
17.963702326581963
18.428917004797803
18.704639437106223
18.764536895306176
18.608526285660236
18.019280206100763
17.97478212194958
17.45723290979634
17.661943325690878
17.40535239607146
17.369556948015003
17.19587790938807
16.786156407668198
16.687647204338806
16.458404846656236
16.420639434644396
16.46856380557974
16.35431336535893
16.719866868943704
16.872575551817864
17.01080835953214
17.215032969428815
17.455810136850573
17.869099880062706
17.640292885343168
17.12138753826658
16.344584159409305
15.896690089177335
15.76671505473189
16.329293041997843
16.99988573103448
17.379401832189924
17.18532690003565
17.615582972625564
17.304895906916865
16.608021242338342
16.222797827674647
16.361907139636088
16.000893459204217
15.994668416393118
16.433336094779698
17.038424547022544
18.02000879419743
17.698805735939686
17.79906296671721
17.268485489065966
16.88967458691668
17.3594592700861
17.965537554408744
17.936122491367993
18.74804305853741
19.07196907307031
19.2939104631634
19.531460754509386
19.530975679521795
19.28718258086824
19.521282337404173
19.019060244729577
18.636473717372308
18.34763666165193
17.700845938363592
17.639224653909086
17.940592699225707
18.687797013703936
19.60106932340629
19.48173656486297
19.281214234937423
18.64533299948164
19.069829639870157
18.733089891268957
18.864929953092293
18.449462046066607
18.47389607062436
18.063933822953054
18.321247769407712
17.406279158032486
17.76986161385872
17.707701550409006
17.47312993254202
17.651469733276393
17.657039086237848
18.216819677842583
17.91621551000589
18.401590118603192
18.714160361871627
19.289662244353
19.622500996871103
18.953442799798275
19.39519803348502
19.060812949026964
18.417590301254677
17.36168793565772
17.07063986771988
16.922917158671417
18.009636286364856
17.95891385384929
18.342942923187344
18.273371041671997
18.384240965376463
18.86313042967815
18.406673233586652
18.422786604349582
18.430096774772323
18.83808072377168
19.87931897302891
19.8732551233924
20.67874223836477
20.20724405483281
20.008632368801333
19.97691670211754
19.7245435628708
19.2854474002624
19.11086801893711
18.96402919745222
19.641461773247627
19.77351335825924
19.99251671321856
19.627694485864115
19.486308016210145
19.04271634793658
19.035860626389532
18.668139967580363
19.08066314568712
19.123185768893663
19.18057544084796
19.64736704125899
19.45132661253761
19.336666018934157
19.31767098684809
19.024447000852568
19.714147904452474
19.34110920882979
19.625196644656373
19.889925340423414
19.867838761141357
20.465364165745072
20.43980771398399
20.154684459757288
20.16038776079482
19.771782375348167
20.418421615315324
19.68383932618085
19.82004212903972
19.282376098022805
19.68862335927599
20.6133388058838
20.84648679303319
20.276486160982035
20.299036658131463
19.947554259000476
20.361229422527064
21.245946106003046
21.73960743394892
22.35013053877804
21.852114108177783
22.08758392662998
21.690715569107603
21.04839365937992
21.15397344460364
20.81074436552974
20.63919325505462
21.07647139722302
20.716527356105757
20.8993370482249
20.401740281971136
20.93978466939335
20.623919010027137
22.55543915155129
22.57701000501317
22.968637943172915
22.56094841217632
22.7361395628393
22.844023389990056
22.700922898839764
22.607660419115074
22.49799581090113
22.161075106854693
21.393944407627288
21.406128791085525
21.604594248417246
22.122212672938367
22.37284369832256
22.173888364880348
22.267683228098832
22.362327059973776
21.85235744039168
21.596699967315438
22.20872439921183
23.31060709801817
23.43417121224684
23.36170178260206
22.536493400691352
22.087820820966403
21.60560379260013
20.876303927792563
21.42254795374482
20.62861500654528
21.144466949869724
20.742471676862205
20.636799913035407
19.85597074058461
19.26774940066772
18.82432528611346
19.482265123444687
21.11080186489578
21.44480360729528
21.69494805793259
21.73844536461437
20.570722761088827
21.13285737404224
20.3876556704608
20.989622476576624
21.76285070164722
21.581533145581712
22.898076551632503
21.995322901144096
21.90512594049341
22.02294580137146
22.59816141931237
23.02393197788381
23.819925819691694
23.124496531332312
23.03467587894744
22.320432505583607
22.507802369665907
22.453078632866987
22.734331997316676
23.098136750196645
23.285336142424605
22.915373893842297
22.5592076810765
22.73785643149727
23.2551729393692
23.05540312903462
22.90083323072333
22.81678410920425
22.86020816469232
22.652365483999475
22.935403485751127
23.26059585792645
22.952964407096843
22.9349410714423
23.02162550923488
23.063946917472585
22.78079252177044
23.04050487813946
22.896152632920444
22.5308767651324
22.998450141985813
22.494892842796517
23.394506838365377
23.78031382046952
24.53184385695497
24.48605158776013
24.318072246636564
23.7943156418347
23.181176095542643
23.150619744871776
22.69566751202859
22.081389484570465
21.51798504573657
22.16744779107502
21.73190061284589
22.28957543655456
22.282757756149778
22.86356745255738
22.33460307612153
23.00914755231265
23.418555438427248
22.8922295269234
22.279198026225117
22.307628480097623
22.401610822634535
22.660008350819407
23.13341514910258
23.612223614104373
22.86102987828558
23.242024852469267
22.80849195973024
22.46226514688265
21.924442264143853
21.66196471984878
21.945044484403265
22.62916866443603
22.53626090869393
22.5169935250689
22.249421076292947
23.20625547104972
23.92141005968161
23.747563808404927
24.26506378067299
23.40796298193866
24.047623400150243
24.286449822241075
24.63777605873959
24.15450805906764
23.505280770639917
22.92978689775504
23.44101889276591
23.43176732338541
23.48156057511212
23.393544925145548
23.129144423687745
23.369127397926096
23.77949741765363
24.1294690060994
23.071627714119494
21.71143214433591
21.333489938600746
22.12997713060963
22.87661386542954
22.92475626548446
