-1.382104219397855
-1.489183383872808
-1.5246800306742687
-1.6171653669790198
-1.8704186370741185
-1.8284998305305644
-1.81056484258954
-1.7232372002847434
-1.6460557224266692
-1.6269599310839695
-1.494476526056359
-1.2945223173650546
-0.979434003298148
-0.7581366923258329
-0.635121895537012
-0.3166228403332271
0.3150994323148123
0.7941142535822341
1.0355166728036005
1.1013754511871865
0.8893798159109033
0.7143765633342812
0.5168679636509644
0.1783082546306621
-0.0903114215921074
-0.2576501381711272
-0.1207142297980145
-0.1288418764126985
0.021552286445682
-0.0807898958929183
0.131128894254982
0.4370796433730185
0.9111895848469856
1.5294734589421974
2.0086269891370967
2.154029956407264
1.9833939093939312
3.034508172666644
3.9267611992595817
4.27596597840613
3.987102045998236
3.793478963494548
4.315519162792137
4.655687879813959
5.065907647276629
4.843784948743539
4.803721712601762
4.771375102658554
4.485915341345118
4.36155019046341
3.592932331814382
3.764986695851989
3.83384579827961
3.562048266798977
3.5417165856906183
3.4756865112380155
3.143739736656573
2.824059699440417
3.2589246877438875
3.99638010509532
4.866576187482906
5.273814921671477
6.080542222254352
6.9697811704622445
7.618537656810077
7.858108419949605
7.5564761473097475
7.506118449147764
7.815965615454036
9.12587228617419
10.297926888645364
11.079874084632918
11.323230692073002
10.99818659606484
9.945893926431152
9.35625492800018
9.722093187791485
9.21566983893145
9.672314153108776
9.193564642221776
8.988755117467733
8.785650050004088
7.932316207831965
8.615683957232324
8.486878665699274
9.354589497658182
8.96706622967668
9.610287062859504
9.292229173811236
9.717279769612931
9.01434947432528
9.090074310742338
8.470521478496233
8.219955965882928
7.58636759800605
7.169339421089371
9.130331226914214
9.82929439802954
10.992897756711566
10.76800594786337
10.62250680990804
10.228875720726974
9.223598593569454
9.327680186538757
9.40281800001542
9.723718336712125
8.736813592265026
8.279045982294969
7.855676579255268
8.821389888613595
10.05457114808523
11.085668713562873
11.641866298845072
12.57219700857099
12.117280316727877
12.149700711707151
12.060389875766964
11.775000154704484
12.410954863941852
12.258563323131826
11.71247975547096
10.951507497589292
11.103277057231214
11.062535888843108
12.0230701716755
11.29950542608544
10.632367583019304
10.83926271037137
10.570531904367131
11.698765135053897
11.37392194007841
10.987731129115064
10.460047043991796
10.294677094695736
10.648586754876638
12.229195850948878
12.641523607164135
13.009374277853412
13.125527687754175
14.326791477961551
14.022132740905198
14.565055758552573
14.33735977554296
13.902510748968057
14.978988833614071
15.053938382396607
14.122909919832429
14.019575695700253
13.323828436655312
14.296326654631338
15.62068309922713
16.091643604944984
15.871834284694362
15.794563927331565
15.3862100460057
14.998718474890309
16.214358661947763
15.851949084645566
15.204909868467908
14.68544470981644
14.420996131875334
13.934684832526806
13.713593198246794
12.908282663116958
12.978218559770058
12.656931644118604
12.456400579441825
13.128101326595845
15.132570146188222
16.0781643890969
15.930533940719066
14.842523794510203
14.839536027488396
16.01667775246023
16.4111859582154
16.396758612723332
16.527091086468857
16.46529445331532
15.919586904401486
15.896572452151618
16.079594943885454
15.88617041047744
15.809563928533857
16.441582058384288
17.903616057078843
18.12963363673969
17.17711286628613
17.56824248617041
16.898640852825586
15.959002536696898
15.511257184720495
15.43009484288054
15.06485158786758
15.40151233604162
15.429524623219285
16.148075036826047
15.358670535202512
15.85428666388168
14.534882318932286
15.146405651398275
15.113082347796666
15.465367691999672
14.649211754123575
14.60103474713326
14.34636620542397
14.786237046604606
15.015959974668911
15.35530362620695
15.152275590126
15.664210958306578
14.827266192193235
16.365701674233286
16.46853018074564
17.366988735310755
17.625170397644766
17.243280674320324
17.17814321219211
16.16104730872761
16.135234356477504
15.886131569882512
17.196264099058205
17.37008179312149
16.609876483008748
15.92054958913824
14.945290136855428
15.249120985471444
14.306112821895669
13.70422672681893
12.840636227884229
13.865316635865245
14.72895513291321
15.439730291797623
16.17532211970952
15.417529049013938
15.653906081716304
15.385628575299853
14.703579519268745
14.71750393766763
14.623802334078272
15.426892025998091
15.78618338261002
16.72284173623017
16.36409681587007
15.775549017383064
15.54294205836448
15.58111381184827
16.994482173743965
17.495038011755312
16.970992258502125
17.170745764127428
17.526365879971078
17.63386667541074
18.580720113600087
18.20990286271109
17.98230514078596
17.97154513193051
17.94687588055509
17.359499668895545
16.739247811507386
16.54165696158708
16.243674482018786
16.15659368199007
16.30784545510153
15.481245734053468
15.26327760113693
13.929368931737615
13.754254770751697
14.372610114059754
15.153922085042591
14.912806277327675
14.116012351257512
13.316486080936668
14.28018905648048
15.751085246773393
16.893619991712544
17.0806136764085
17.25770076307348
16.71373868338107
16.23229971223083
16.397247548806632
17.34627422161451
17.015529229363906
16.49449618870787
15.0242717670826
15.403580187280204
16.096712960967906
16.79688586143047
17.164509074551376
17.624687136918695
18.26402173847672
18.36752491318633
17.922084223398606
16.972016091545616
16.529780186462656
16.02764379570263
16.19423951689644
16.792156811566684
17.265821826067167
17.886967722384114
17.275108518178257
17.543158507532695
17.17249521249985
16.259178948688994
15.394955550803196
15.467260169751473
15.595150991477448
16.351900576023553
17.895452570064815
17.548497728538706
18.487463727359717
19.43987042831518
18.838674800860403
19.205112659880115
18.460921571117943
18.74401688815956
18.81987160041108
19.44156651478285
18.35962735709777
17.753896154518294
16.79499825423717
16.913566910825754
17.211857136977688
17.204232447678443
17.30127763165585
17.77943334301435
17.94357926324594
17.45500627912006
17.399770557129912
17.24094647148587
16.35891094179526
16.11045596105654
17.09220216252302
17.205265048202083
17.17103267117563
16.123040812164778
15.771301160029877
16.184981993616585
16.57223062394692
16.537885996147107
16.333895216441505
16.3893407016485
17.048156011243474
17.814465011933024
17.640777828653103
16.69632978754037
17.075301942587185
16.767875659935655
16.53647034809107
16.140874069209495
16.468707082541744
17.008896078994944
17.835579843526894
17.18447888890213
18.4632852330188
18.176232670911464
19.454918509356503
19.43328409880356
19.568454686534487
19.034236070985354
19.26149960715737
19.03485016931995
18.71458339667061
18.99448592340787
18.897377159724943
19.195787347770096
19.66726838805949
19.17532495084644
18.813292783553266
18.57689541255992
18.975014408916493
20.423361170540737
21.20060662822149
21.65317925205109
20.434296187428597
21.006888680780545
21.82393481678483
21.84464423384871
21.138220496065323
20.77073924519921
19.706977891655598
20.33448588385734
19.720020306502036
19.40548628703836
20.23034130212027
20.078605062101445
20.478741786182205
20.728613818713928
20.24724524911685
21.86853465219015
20.90533285875448
20.35019803608858
19.662504927577515
20.42448716210556
20.458894849490346
21.3870239262852
20.8086877340207
21.214120778336557
21.304604679586017
21.165936130815208
20.15667886194424
19.72555385503985
18.96313401842077
17.875843251669085
18.454217861700407
17.03414232186683
17.265542337280365
17.620682395839783
16.602235492047424
17.102585543956785
17.491974667082594
16.9324218942385
16.248037265264266
17.06432965277106
17.09243653101048
18.34302708076526
17.22962075529902
17.18960469204348
17.394761849971594
18.58101166768317
19.946936142809022
20.56091983825525
20.48597351326098
20.87667669246464
21.04518804658605
21.084363030538405
21.62505501961612
21.662133352133356
21.983519891124303
22.20875510029004
22.074437916418734
21.634394292417223
19.561210522168796
18.190140486952703
17.77576544094129
19.442184318640454
21.095402139924296
21.96355727249685
23.16747704037329
23.213354547609843
22.81851286086078
22.329728652872824
21.30674434186545
21.49269370655921
21.28983813481958
21.509045003412915
20.79435073704249
20.435378472099767
19.35368309332452
20.51253076074265
20.84709511648269
21.531893716102783
20.850552290745178
20.898992514425597
20.7250244757075
20.978102968037827
21.050977881064917
21.19287784061008
20.96955735229272
21.30868177957091
21.89064222771448
22.61312132432512
23.05172984747979
23.928892172462632
23.15154454533154
22.55336202525868
21.82073259598631
22.436659153443745
23.0641030181024
22.21015671329424
20.912989699406044
20.43825292379863
19.78747335567952
20.53397755493957
22.413640088454144
22.499355572619
23.791236364974424
23.42467754854133
23.118196212796583
22.136485660721164
22.51405504480056
23.100283026233846
22.76495766624512
22.44710931324521
21.104448709049137
21.409195467383796
22.54916099849221
22.87744733305378
23.644845059392768
23.557304540161
23.195164941025
22.24477169256381
22.637781426103142
22.347088695706944
23.098594855446557
23.807739296947965
23.00205135344625
22.662554693761752
22.674329103139595
23.24268649341258
23.537625003987102
23.98165472650677
22.795893195391844
21.855503584853214
21.30435667606209
21.240999647988662
22.35519294318597
21.86517738393809
21.48160245667119
21.39885296367645
21.214736309020363
22.57747624314923
22.82312472032075
21.679622455814524
21.02027513486523
21.3395461497556
21.888762773901373
22.57151517468385
21.603815518449696
20.60055928767722
20.097582632616668
20.22753892478698
21.142728236967805
21.53885295224185
21.26599476147044
21.59690701000595
21.021698493434734
21.338745526931447
21.22772860292745
21.411019879060117
21.176178153313405
21.870979653350425
22.0464094154174
21.48227440794163
21.65492905961592
21.591442267751106
21.310286824683608
22.468467315840904
22.89775274481721
23.696166593266216
23.724152806145703
23.407714924906116
23.419507149585066
21.935786389869836
22.01754573031136
21.96813123700096
22.76123701442067
23.068364363774396
22.009684779070064
23.023408280389564
22.765829581777812
23.37054182632714
23.741831423329472
23.527734653329823
23.5276076135748
23.421326448584
23.587642105195183
23.12750894164968
23.55060228175203
22.79837683239025
23.241096113254667
22.820024262725937
22.566463557741727
21.78695969856408
22.200476964095337
22.27219549006528
22.611599694059628
21.801741290955142
22.792845701253427
23.65819389942516
23.40793214953717
23.13230428894435
22.41709483271593
22.345601007300456
22.680042718409908
22.00185106088513
22.23761242491315
22.90598959080703
23.64023910594623
22.90668082293895
22.297954429524157
22.65454284025101
22.49100516075042
22.43828150360081
21.966882219316968
22.249535734586416
22.33909292156899
22.54682376502126
21.963654656881
22.28587659927957
22.142739580225708
23.39493006534049
22.93266482591115
23.010875832070703
21.84174250671864
22.84107293163143
22.98985625070844
23.890646221281717
23.79372413720723
23.134914357546577
22.46225243446308
