55.58
83.58
121.91
150.12
154.29
127.91
119.95
101.11
55.79
16.69
3.54
4.63
1.69
2.83
6.32
5.06
1.23
4.47
10.24
4.31
8.99
16.24
15.63
9.99
2.91
1.72
3.74
0.75
4.01
9.32
18.93
34.57
10.81
8.54
10.97
2.87
15.36
15.93
14.23
14.01
8.71
2.96
2.55
1.49
3.23
2.78
5.78
11.65
20.36
18.28
15.45
12.18
5.87
9.32
3.38
6.53
6.36
12.51
17.81
16.27
12.16
11.12
7.72
6.22
8.68
8.39
24.58
11.91
9.96
16.14
22.81
20.96
5.73
12.24
7.62
3.74
7.79
8.44
10.33
4.06
8.82
13.21
9.95
13.63
4.53
9.32
11.56
10.13
4.45
4.93
1.86
10.05
16.95
2.73
13.9
12.39
8.72
15.17
15.05
13.52
14.32
15.34
17.3
18.95
18.18
23.69
18.9
9.99
20.31
5.91
6.28
10.17
13.47
14.36
14.78
10.67
15.07
10.78
14.31
15.8
20.41
19.65
17.64
19.89
16.74
18.3
15.17
19.65
13.18
10.51
12.49
12.41
11.84
10.01
11.42
12.85
12.42
16.25
12.66
12.98
19.21
20.91
19.61
20.35
22.08
21.48
23.07
17.49
15.63
16.18
18.48
11.82
12.86
13.46
10.57
10.25
13.39
11.93
8.15
13.04
4.55
4.31
7.04
13.3
11.56
8.81
7.79
8.62
5.04
14.65
8.41
8.95
9.86
10.74
11.64
15.69
10.52
17.65
9.6
12.29
10.94
11.37
16.22
20.42
17.08
25.44
24.28
19.61
18.33
19.62
25.34
25.61
24.66
23.16
21.76
17.78
24.37
18.18
18.61
16.3
12.92
11.64
12.98
16.25
16.19
9.95
12.51
12.66
13.79
9.44
10.44
7.86
7.48
5.22
8.66
11.97
10.19
13.82
4.75
11.64
11.03
18.99
18.38
18.79
21.37
17.79
22.78
21.21
20.23
18.31
13.09
13.93
13.62
17.94
19.08
24.67
22.26
22.33
21.29
18.13
16.93
19.58
23.13
23.43
20.58
17.23
16.2
14.31
14.42
11.96
10.9
9.2
12.98
8.62
15.36
10.47
12.3
11.39
9.77
9.59
9.2
8.01
7.99
8.9
13.78
10.78
10.53
9.25
12.02
14.5
16.22
12.48
11.28
10.37
11.16
8.26
10.65
11.69
7.27
12.19
13.07
15.85
16.91
14.82
21.53
25.2
20.75
30.38
27.41
31.2
24.89
27.45
29.15
28.57
27.39
26.95
26.96
17.14
15.68
19.17
6.16
10.16
9.72
8.96
3.74
8.97
9.07
6.94
7.3
11.3
6.12
6.53
3.74
3.23
1.23
3.41
8.57
6.75
9.29
10.11
9.8
10.89
14.39
12.78
19.56
23.56
19.67
20.68
29.31
28.23
29.24
27.7
23.33
27.44
26.74
19.41
25.63
20.88
26.55
25.17
19.06
17.49
17.32
17.0
6.98
6.64
9.71
4.93
1.92
3.64
2.13
4.17
4.85
5.53
9.24
5.81
9.01
7.36
7.32
3.76
8.36
11.07
9.65
16.52
15.2
22.23
22.67
24.39
30.98
29.56
27.13
23.48
21.33
15.78
16.28
15.87
18.11
13.17
12.06
5.62
8.24
7.18
9.72
6.59
2.74
11.68
5.26
7.79
9.59
6.77
8.51
9.84
8.63
12.51
14.93
13.3
16.37
20.56
23.33
22.77
20.5
24.67
26.04
19.32
27.01
22.8
19.65
24.16
17.56
19.53
18.35
21.26
18.96
20.89
19.73
21.89
16.9
20.65
21.98
17.58
19.45
19.7
16.38
16.55
16.16
12.87
7.82
4.93
8.87
3.87
9.12
4.17
12.15
0.32
2.32
7.95
3.96
3.57
2.9
4.74
3.7
6.23
7.76
6.43
9.31
7.6
2.91
14.53
8.66
12.03
17.3
14.07
13.35
18.2
26.24
23.98
32.52
27.67
25.96
28.07
33.5
30.72
25.82
24.58
27.27
26.53
20.01
16.72
17.42
17.69
11.94
12.8
16.73
15.81
16.34
12.14
10.23
11.04
9.39
9.5
7.14
9.43
4.39
0.82
2.26
8.67
6.8
3.83
6.3
1.8
6.47
5.38
8.71
10.56
11.09
5.99
5.75
5.11
9.04
9.76
11.36
9.22
7.29
10.93
9.87
9.02
9.83
7.32
10.64
9.92
12.3
13.22
12.08
7.62
16.38
17.87
13.82
11.72
12.18
14.33
15.91
20.73
21.2
18.09
15.76
25.98
19.46
21.9
17.87
19.9
19.27
20.96
16.01
17.55
15.52
14.65
14.33
14.99
14.57
9.65
16.85
14.03
10.21
9.91
11.33
9.88
7.68
10.97
7.69
9.9
12.22
10.85
5.6
9.92
7.85
14.64
10.53
10.47
12.2
9.96
12.15
14.67
10.07
8.64
11.28
8.32
10.74
14.72
16.01
14.41
12.65
11.22
11.18
8.9
13.83
13.52
17.1
7.09
14.41
13.12
15.69
14.07
14.16
17.38
12.36
11.3
10.91
15.62
13.36
14.65
13.29
13.65
10.83
10.6
14.29
12.34
8.67
14.23
10.72
13.9
