19.18
94.46
171.18
203.7
238.31
244.76
240.09
167.57
30.78
20.96
13.45
0.03
5.68
16.48
1.52
3.7
1.78
19.61
7.12
0.0
3.78
0.48
0.13
0.0
0.0
0.37
1.41
0.71
0.76
5.85
18.01
80.07
9.26
13.85
4.23
1.13
0.0
0.37
0.0
1.9
0.26
0.0
0.0
0.77
2.11
2.8
3.65
5.2
1.05
0.53
1.09
3.95
1.76
4.22
6.47
4.47
2.6
0.62
0.37
0.0
2.23
0.43
1.23
0.53
3.08
6.38
9.72
8.6
4.11
2.41
1.57
0.69
0.19
2.4
1.24
4.24
2.7
5.55
7.57
5.19
6.54
14.67
16.83
14.11
14.33
11.11
11.68
8.66
10.2
8.0
5.45
8.61
4.2
6.47
8.05
6.89
7.6
11.15
11.71
5.3
4.61
5.22
4.14
6.62
7.59
8.08
9.53
10.58
13.61
12.49
15.91
17.7
18.58
20.41
23.85
22.16
24.27
20.96
21.44
21.93
18.18
20.19
25.04
22.93
22.25
24.81
23.86
22.98
31.4
27.98
27.15
26.05
25.92
27.79
29.45
29.83
31.29
24.99
27.62
24.1
25.52
19.22
16.7
13.9
14.45
20.17
14.08
8.5
6.64
5.51
7.76
4.5
2.71
3.87
1.71
1.36
1.88
4.18
2.64
1.98
1.98
1.73
2.59
3.41
2.42
5.38
3.46
5.13
2.58
4.42
8.88
8.99
7.35
14.03
11.7
15.23
7.91
9.09
9.73
11.44
10.02
12.46
14.91
21.17
21.83
23.61
19.27
23.07
30.21
31.77
36.68
28.44
31.77
32.59
27.33
36.28
25.52
22.89
20.02
22.56
23.64
16.51
21.01
17.87
13.81
10.76
10.8
6.33
5.32
4.76
4.31
2.95
2.36
4.29
5.62
2.39
3.09
3.71
4.27
4.52
2.42
2.56
4.93
4.77
4.12
3.72
5.44
9.63
12.02
14.49
12.17
16.65
21.83
20.55
20.78
27.43
28.14
28.54
28.88
29.23
37.96
49.19
50.37
59.26
54.54
38.8
28.65
35.46
25.38
13.89
11.41
7.74
5.8
4.57
3.45
1.56
1.96
0.84
0.95
2.71
4.21
1.79
3.82
3.66
4.75
2.65
1.73
1.41
1.43
1.14
2.48
1.92
2.36
2.23
3.31
4.74
4.51
4.55
9.65
11.61
13.43
13.99
16.19
11.65
13.83
20.52
22.58
29.3
38.11
45.46
48.3
52.94
64.38
70.22
60.51
62.51
56.4
38.84
29.7
24.35
17.11
12.2
12.28
7.17
6.75
6.05
7.7
4.89
4.96
3.72
3.03
1.94
1.77
1.98
3.12
3.18
2.59
3.2
1.85
2.82
2.89
2.98
5.69
1.67
5.92
5.16
6.66
5.74
7.4
5.56
10.52
7.03
7.5
7.79
4.82
6.02
9.53
9.84
18.69
19.23
14.06
14.37
7.48
10.36
6.54
7.31
4.45
5.51
6.15
6.17
6.03
5.69
5.55
7.13
5.74
5.74
14.01
11.06
14.45
14.9
17.62
19.76
25.41
27.38
28.98
37.43
41.23
47.84
55.82
46.25
44.52
32.34
24.85
20.98
22.26
19.66
18.7
11.5
11.54
9.51
5.95
5.55
4.48
5.3
3.03
6.0
4.67
3.74
4.03
2.55
2.3
3.93
4.23
4.53
3.6
4.5
6.93
10.34
6.53
6.67
7.35
10.47
7.69
6.37
9.44
5.93
8.3
9.3
7.37
7.76
12.18
17.21
13.79
18.4
29.52
29.43
34.11
32.39
36.82
34.61
39.59
32.37
32.28
34.15
30.97
16.32
11.28
9.92
8.04
7.09
7.3
6.64
8.14
6.65
5.63
4.23
4.04
5.98
4.85
6.14
4.24
3.78
4.44
5.24
5.27
5.06
2.17
6.11
6.55
6.4
7.21
4.92
7.34
7.76
8.63
7.42
11.86
11.83
14.62
13.93
18.67
19.24
19.07
21.65
19.96
28.31
25.45
28.45
29.81
29.56
31.29
28.9
33.27
32.8
38.93
28.4
30.65
22.38
18.66
18.31
14.42
13.84
10.21
7.25
7.12
4.58
6.04
5.12
6.39
3.97
3.49
7.47
7.46
4.15
3.24
5.68
1.71
5.47
3.49
4.54
3.05
7.06
4.36
4.34
4.47
5.46
4.52
4.29
6.47
3.37
5.74
6.27
5.04
4.49
4.03
6.09
5.28
5.02
8.04
5.76
5.22
3.77
2.79
6.52
4.2
7.07
5.13
5.94
4.32
5.44
7.31
5.77
3.99
4.74
9.61
8.0
7.39
10.0
8.73
5.72
11.77
10.82
11.11
12.13
10.98
12.76
17.57
13.92
14.37
13.06
16.58
17.2
18.89
17.92
19.41
19.65
18.42
19.94
19.09
19.9
19.84
20.64
22.43
23.8
20.96
19.72
25.55
23.41
23.14
24.93
26.2
23.13
23.13
17.29
22.63
16.84
19.99
14.05
14.9
16.29
16.75
19.41
13.14
14.95
14.48
13.17
14.52
15.25
12.31
14.04
14.19
12.09
12.69
10.76
11.93
9.33
10.35
9.64
12.9
10.8
