131.36
140.56
170.54
187.9
226.92
222.26
236.99
229.74
138.25
66.58
0.0
0.0
0.42
0.0
0.0
0.27
0.0
0.46
0.15
1.22
4.2
27.7
18.27
7.34
5.33
0.44
0.41
0.64
0.61
16.69
47.9
3.7
0.23
0.25
0.86
2.66
24.65
8.79
12.74
17.08
2.26
0.51
0.65
1.05
1.04
0.17
2.11
6.93
45.72
40.21
20.1
5.75
2.24
2.11
0.66
5.45
5.4
4.32
12.91
24.24
25.23
16.32
7.38
15.63
2.51
0.21
0.93
0.23
1.77
3.2
5.96
28.83
15.26
28.63
12.72
4.2
4.34
5.12
0.8
2.85
3.66
1.75
2.06
8.79
9.04
8.71
12.22
30.9
2.1
1.85
0.86
0.0
3.28
4.45
13.17
17.14
16.8
7.97
9.52
7.23
6.37
3.87
2.98
5.94
8.87
23.57
14.54
16.57
28.54
4.78
8.6
16.58
27.53
20.45
24.46
7.64
18.89
11.37
5.24
7.83
16.56
22.01
4.47
4.96
3.89
3.68
4.69
5.73
4.76
12.71
4.38
7.45
10.59
8.12
5.74
8.6
6.55
13.07
15.12
13.13
17.57
4.24
5.94
9.65
3.11
5.98
3.2
5.37
7.32
21.72
22.61
10.49
19.8
7.62
4.36
11.76
12.03
13.45
18.89
21.12
11.39
7.29
12.59
25.44
27.09
15.59
11.24
7.56
3.82
5.37
5.84
4.85
5.96
13.11
11.42
15.19
6.35
13.3
15.53
9.76
8.48
4.7
10.79
6.67
2.36
4.9
8.69
7.17
7.76
8.64
25.53
29.49
29.17
24.6
27.8
27.59
29.46
25.98
24.44
35.7
24.05
19.26
17.06
16.92
12.93
6.37
11.7
9.43
6.04
4.65
9.58
6.06
1.86
2.1
4.88
2.23
5.71
13.68
19.26
24.09
17.5
27.47
22.07
20.65
16.98
15.22
18.6
9.61
11.71
6.53
5.4
4.91
5.18
7.55
11.07
8.86
7.21
5.97
8.33
11.79
9.69
13.66
9.21
11.39
11.39
15.27
18.3
20.18
21.27
26.72
28.92
33.48
28.27
33.37
40.01
26.25
31.89
31.27
29.93
22.04
24.04
20.05
15.22
21.86
14.95
8.49
10.39
10.41
11.44
6.45
2.29
3.48
1.71
4.02
5.68
4.62
6.1
6.14
5.41
6.94
6.58
8.95
10.59
6.11
8.32
12.26
15.91
22.06
13.96
15.67
9.4
12.02
13.4
9.89
9.6
16.73
17.48
24.44
24.64
24.62
15.78
16.8
16.71
18.69
14.07
11.99
16.54
8.23
12.83
9.87
9.54
12.55
12.06
9.01
13.68
6.18
8.63
8.86
11.23
13.36
12.9
15.74
18.22
16.14
31.69
25.91
30.51
28.24
38.96
35.23
26.54
28.08
31.66
36.85
25.82
21.73
23.41
19.47
22.65
17.86
12.98
11.52
11.43
8.89
9.45
5.38
12.16
10.39
10.96
16.04
9.99
6.84
7.27
7.13
12.04
10.1
10.02
12.13
7.67
6.26
4.32
4.93
4.01
3.28
7.13
8.99
8.19
3.87
9.6
8.83
14.26
21.33
17.44
14.86
16.69
15.37
28.65
26.65
17.22
16.89
17.67
15.85
24.06
12.15
16.18
12.5
14.07
12.25
8.32
11.25
10.23
11.69
5.31
4.53
8.72
8.72
11.11
15.46
14.05
15.03
16.14
14.37
17.41
13.38
14.81
16.51
11.93
16.83
12.29
16.6
18.54
18.32
20.77
23.59
24.54
26.45
23.43
25.3
18.41
23.61
24.14
26.95
23.63
22.75
19.45
15.95
13.97
11.69
10.57
10.22
13.41
7.66
8.15
4.94
4.0
5.4
2.77
8.13
3.58
4.05
2.67
5.04
7.63
4.78
6.19
5.21
7.94
15.0
15.6
25.18
20.78
21.71
24.89
22.9
32.75
28.24
37.5
28.7
25.5
22.05
25.09
18.22
20.83
21.11
24.45
24.14
14.45
14.34
14.2
9.59
8.01
10.31
11.34
9.71
4.73
6.71
5.67
5.68
5.65
8.6
9.44
7.41
6.23
6.0
6.26
7.64
12.88
12.29
10.53
10.65
11.98
10.37
12.78
14.16
13.84
10.09
15.14
18.42
20.65
21.86
18.17
17.07
13.39
15.74
16.94
16.59
19.23
18.84
22.12
23.01
16.84
23.87
22.69
23.49
21.24
20.09
19.28
21.2
24.51
30.41
28.04
29.42
25.4
22.58
19.04
18.54
20.53
17.34
14.64
14.64
16.15
10.79
13.25
6.74
11.96
9.6
4.88
10.17
8.72
5.61
6.16
8.89
6.68
7.28
2.39
3.19
2.94
10.76
8.52
6.93
9.74
11.23
5.41
10.33
7.17
11.43
7.46
10.01
6.11
12.74
12.54
11.31
15.24
15.2
13.96
13.19
15.68
19.71
18.66
17.59
13.87
22.56
15.53
16.4
17.36
20.93
21.56
22.54
20.53
20.47
20.78
20.61
20.0
19.85
20.67
23.46
21.45
24.32
23.11
20.16
20.79
19.22
21.37
18.3
19.21
19.07
18.19
19.97
18.16
16.67
