0.2666175454572639
4.152198322973537
8.11837639940395
10.194694159171696
11.14463636671959
13.056911611081182
17.38416845858853
18.412412479358878
17.760029677838943
18.16268735166252
19.27266181999269
15.62930231538848
14.171656212753405
13.468659282361797
18.74661660023115
10.214635598883763
5.496106729888843
10.449451748555862
8.307912239121455
5.837352218020285
6.844106348825359
7.5816034169847235
8.41817237616902
11.785086942261932
16.15102832597622
16.683341223186382
17.64299779061067
18.59592839888326
20.000874030064768
20.639523055052905
21.37789886855356
25.84380441950296
27.07221371069514
26.185162093472435
27.03353831290861
25.870480203946357
27.47041725039484
27.03324620501106
27.685205011697413
28.51142595893355
29.85626806116321
30.640815553768565
31.278719669364342
31.870409877030436
32.46418875221357
33.56627317044069
33.853108880490524
33.92396626321546
33.90988065740317
33.94075750045185
34.930319939824784
34.985762232923626
35.08716477653399
35.78759320095791
36.8073809350276
35.46932918939484
35.68090690199369
35.470483417672185
35.7536467668372
35.31915442860979
35.310724449394826
35.76332215762129
36.3081952742097
36.85518428206394
37.16247282971328
37.45157220742857
37.5134835271852
37.60964627728103
37.430783733285935
37.7818496205928
37.63262710225504
37.76660904682885
37.849139591046175
38.650257884911774
39.01501942219665
39.31714473885791
38.7646905171119
38.87149843021506
39.29752354461399
39.39095175201231
39.84085427492204
39.51848312830273
40.07647772994045
39.80859640786132
39.898768507192905
39.694967495534094
40.19847926650658
39.57142889075728
39.62178005497668
39.86898049849878
40.151179439102826
40.32915896347523
40.05735195312935
40.392460449685466
40.32387954870931
40.8428912124888
40.85187417866032
41.06401105147116
40.60597424353835
40.21492265950374
40.477400065752775
40.72168649758282
40.91445604130218
41.0012485227528
40.929068081952174
40.9671751424265
41.22140719265824
40.92065898167581
41.20410638036316
41.03558242609797
40.94539576166574
41.70276058012323
41.71984101320056
41.91800615543944
41.88913793302074
41.62899047915496
41.71086666531148
41.755698733671125
41.3420099591285
42.00010254870387
41.62812676003291
40.80699368017935
41.887064874329845
41.35084693147412
42.11385222628622
42.38682727544513
42.13358868228735
41.56549977203202
42.14502568405038
41.62192026838034
41.82780558418583
41.8023107398669
41.82617083761381
41.98419145606956
42.162163930632886
42.236315541107
42.18643811963016
42.08158952583914
42.34158826831059
41.70449027512886
42.30271254288083
42.05636669620013
41.76682511422596
41.72486389236817
41.577457321524086
41.943700918926446
41.50559501496018
41.81623752041427
41.600195191819104
41.42178748414601
41.43954936507578
41.1079718764501
41.407172542533225
41.65500456307749
41.08687882179108
41.3019495999434
41.39721321815647
41.57263668391537
41.57259697955029
41.17268168889791
40.9505258822291
41.22084261143102
41.42165399107731
41.226421420966446
41.36927594843613
41.21146585801355
41.25575136834102
41.6044502113019
41.26451086812725
41.49190029028332
41.7461886836635
42.1004048992422
41.48855544321464
41.78913960023727
41.91832390868999
41.93367704372833
41.536362791941
41.668793075837804
41.689184108690114
41.637234502435255
41.62425928372665
41.74337147007078
41.44554464742133
42.170589235242936
42.1018988986183
42.03052575502635
42.13729918723156
41.69268190445469
41.8865616519106
42.0789014610519
42.33273559763558
41.83306440603874
42.19496962993746
41.8902164122162
42.04287352426484
42.29304868439437
42.20103604202017
42.07855237808957
41.96650220947839
42.00243860423738
42.23088907038221
41.92977400494004
41.92493260898874
41.90822819537812
42.05067612076832
42.019425166881184
42.181330245188654
41.93942762001845
41.53930244950132
41.7676042471743
41.66514934173645
41.4221458420015
41.513073131899006
41.385775716782106
41.78674363071887
41.64849536402043
41.92142903517555
41.80855758132195
41.780235825161945
41.65870590006629
41.84164896291814
41.7790281838438
41.91521257257192
41.82896037995833
41.63759449990108
42.03788269355827
41.833494273230826
42.07254813593097
41.91640739235338
42.290645991435774
41.70841787437917
42.03879196813441
41.85541557421448
42.636791546880815
42.273317761209256
42.25966475415902
42.042592378885786
42.15424939143808
42.26483944563796
42.08179542469101
42.40964699113674
42.1753997946492
42.47333535357205
42.65411927961146
43.20673010348078
42.83921132077458
42.51458106502778
42.5924110376794
42.34984932433661
42.11789298108546
41.68131507452339
42.27105225239639
41.65422544099114
42.04837091692875
41.49278555026227
41.56888867837555
41.76955622545507
41.448689337249206
41.90762020958167
41.8991977910738
41.36147175588232
41.45851311268956
41.37088423270029
41.76270838748002
41.56878258222372
41.421465649975296
41.516104327542216
41.30802241886049
41.33365791276503
41.46261232943056
41.70925576146566
41.94056756530459
41.779228011684445
41.62759111438206
41.83511221890255
41.80682814327676
41.74322625319756
41.74908589452164
42.06594944435796
42.3605023972986
42.07586368829828
41.962390308237154
42.29911510774407
41.84508719716398
42.19837747318972
42.32482981145827
42.3638037889714
42.35159058957717
42.206573452438505
42.48078118340885
42.55977387114864
42.56206139645593
42.87035738645228
42.876855753561976
42.59606689306253
42.94761557956418
42.7621393863449
42.84591931402572
42.219734554473646
42.34494032650848
42.38550423020255
41.95411016484754
42.26134078724174
42.35746463820722
41.79352151890024
42.25727805494272
41.91733961252602
41.65238543787704
42.31326464600853
41.42526650206544
41.9169812930728
41.8402364528698
41.78764595361149
41.86757674269688
42.17151073151397
41.731005665348384
41.81492386694197
41.8345424057389
42.01607105558951
41.839688582596864
41.73369609580816
41.605205091822285
42.118461509645165
41.54727527764416
42.13124628417892
41.55120733686535
41.595434503936445
41.7075249228004
41.98133046975856
41.65800562732784
42.06397812378871
41.73206423219585
41.968695422489866
42.08260353862044
42.11194963987152
41.979276337268544
42.05940066277628
41.93494189551435
41.956210562969176
41.98826662690002
41.999251289237655
41.59142030095449
41.92352266058498
41.74575992311058
41.85110883250935
41.62536911691164
41.64686321130788
41.7094569981474
41.61030030469357
42.01364824954455
42.00041090634648
41.457356226729786
41.849118892771365
41.8545167460054
41.80149545060352
41.67607976040532
41.99739322358512
42.414736251067495
42.01747151016552
42.10856063148254
42.41122672270351
42.12040838004116
41.8785876450035
42.168969533131694
42.18563990034516
42.17146459856934
42.4893520346846
42.56414511232028
42.87306959694589
42.25868149390306
42.402486314978525
42.42613223956554
42.25939919564679
42.049496832116965
42.13413210488548
41.89614833760459
42.33614891343759
41.99429789896056
41.99633900752809
41.784983480788085
41.76458827936203
41.67756796236394
41.84039624645695
41.73066188647312
41.92665315130431
41.60472301254924
41.89704256212928
41.70889209232719
41.50199512291969
41.37769097733377
41.24912694618508
41.76731771980453
41.45082023495509
41.73421304081123
41.78625799201127
41.94066322098895
41.80912198075932
42.12174098294469
41.59353531973271
41.93295802695995
42.096841478304775
42.04741887121014
41.65787377847788
41.53648235142853
41.74945633587712
41.885073582368896
41.902262056132656
41.6165596389705
41.577277643411
42.05380050269756
41.87889903461896
42.156288190112406
41.96248728749438
41.624261010284336
42.36787144507704
42.12712667441168
42.48402667072658
42.20706145648586
42.69261309169626
42.45072131586536
42.67047867080971
42.33252487101301
42.33747267545426
42.37269696524716
42.24264909507955
42.33829426376781
42.04072209250835
41.96603305512599
41.72133541289998
41.9880153515544
41.87560028301488
41.91054995960956
41.99142864435868
41.75266292307566
41.80793357808293
41.7223744398957
41.83514875122118
41.64749798472458
41.65367642126524
41.9891823180987
41.649819670425714
41.82583227115878
41.73467777713904
41.69389761042041
41.70659221120383
41.79141605410365
41.51623909703207
41.541082739479386
42.075224296228185
41.979217345442414
41.784520322047946
42.00915574233834
41.82278510508656
42.06252956346376
42.12864748692893
42.32388180151813
42.23809957301068
42.05970274751501
42.08733738614862
42.23551888500875
42.246303515436
42.06813523762256
42.33286744231275
41.919320457028725
42.26578668171568
42.303511458515786
42.56981425176133
42.15154640659126
42.7663109537548
42.68320630827984
42.478680273740665
42.352120710232114
42.51428711561512
42.51005006509738
42.50465077613393
42.45549315923956
42.50634708266453
42.234450005061696
42.54974217459053
42.5081031357027
41.97673397937749
42.0393385371046
42.05075264310391
42.05024137967085
42.35729284487261
41.74842275981074
41.82559546135044
41.65743486436352
42.08819392816462
41.87398714260498
41.80162786952525
42.06119812719189
42.28601904886298
42.176965187369554
41.89105573342109
41.74338079353915
42.13716046692844
41.853998177694805
41.48863561852721
41.57599151677758
41.6655348992624
42.13683886951952
41.87573650807641
41.61110712570599
41.956779692866455
41.6395427755349
41.53858025598712
41.99661910486105
41.91942789191222
41.58197365205783
42.172498622903376
41.789783441082506
41.67872665434717
42.045712584743015
41.95873812209572
41.87389422234423
42.07470908352006
41.53726907986764
42.06477056318313
41.93140799991918
41.97660110765781
42.016860950121135
41.710034055104295
41.80167441875236
41.76279061056428
41.63062383568181
41.579203755311
41.912098868335946
42.11432423395391
41.66258740421474
42.156570591526815
41.75371262739718
41.66918174334209
41.74166475234175
41.67471646713599
42.101472716017234
42.156372668527645
42.0724140332459
42.35171248819317
41.66754454875208
42.05163086184288
42.366736261434056
42.4242562000945
42.08632504071089
41.78889857070956
42.30619375602077
42.28763383072537
41.826084402812576
42.31188863373716
41.94568980553581
42.03789815687939
41.86178518516294
42.194954081797576
42.30393513561943
42.23728110368837
42.33267898147904
41.815213875627535
42.34252538073506
42.10952566071044
41.88324516401521
42.25398453249687
42.45731725122687
42.1193078011071
42.33889375817313
42.734122891218725
42.46834090682045
42.44375473187809
42.503486654968725
42.66962004451628
42.48638480925801
42.20814254584471
42.33062338796653
42.07040210271466
42.36640929613856
42.54971403487957
41.81686155933328
42.22015194306489
42.27808197701777
42.478353838946425
42.147609291563214
42.14429287417809
42.1488119300205
42.25282521093912
41.87596017731434
42.220460417851065
42.14330716718221
42.45235405808128
42.25070937181156
42.09143508647114
42.488552930344014
41.97795545405542
42.076517418154616
42.00283816978136
42.25308349091853
42.11679209597185
42.094264507783095
41.98652587812573
41.54895684315954
41.79999786074423
41.867553736206446
