0.3439125369482275
3.069158691475222
8.187441586396936
14.32736791394416
18.42886539560024
22.224040004121544
25.640446509816147
28.38841561693212
30.54421072141687
32.51761139171625
34.04168520098674
35.90603477052226
37.36688404099643
38.15828484993597
40.60865101199924
40.24817148213355
40.63177355649937
40.079688751107504
41.644392799855474
42.00662849252703
42.20572849214346
41.994197685933806
42.23533923668857
42.5241680894796
42.37119397201522
42.13158363057075
41.93539955153843
41.81055723861264
42.08856919650562
43.12336917225717
43.52320807376425
43.39705228349294
43.5606471406739
43.607348342080186
44.67047406232934
44.605493883294805
46.0734619563834
45.63048216665853
45.83397510390505
45.57952129623634
44.190097253060486
43.830638651338425
43.43902154440828
43.79062033125103
43.7332161185286
43.798514543297216
44.9438072869415
45.857188117178815
45.70947721444216
45.74413973667141
45.89090472806394
45.4454279534365
44.57872239593377
43.49973361021545
43.59323163686815
44.08450123022914
44.72636439027991
46.19241020667853
45.6681099584754
45.747825505898255
46.16789868009674
45.514967437869046
45.639043245875726
45.93973958849264
45.843900432467706
45.28204513159093
46.59474867374762
45.775145084973154
46.57467340971975
47.41465729183721
47.66136320880353
47.26417512894782
46.77069510849613
46.73870603788436
46.48090843307049
45.55583110201211
45.33465466436013
45.65720674585194
46.08906366522952
45.96168818935396
45.88149233792814
46.35264905346769
45.90586097041117
46.62137653369099
45.35424113897388
45.37638386518458
45.82416742821617
45.0429666886974
44.93684954663952
45.78053149290758
46.23711637075222
46.9605738342668
47.73367264178951
46.76809780479418
46.31467673967459
45.86284386418304
45.849155844972174
45.40442373517219
44.83352721482112
44.76037315794146
44.76124270865138
45.90202404876366
46.943542766418766
46.48080754628276
47.38554605053698
47.21438455435138
46.96944447876589
45.85823131460864
45.17979279455787
44.74103530187272
44.655928986419966
45.50234576309724
45.95457850019808
46.54850814974711
45.72571230072077
45.7086363193995
45.77556309628134
46.74563828244314
46.96440210481436
47.23434067616836
47.65090335554526
47.65825032814077
47.88615033488901
47.56011621002112
47.59309191704062
47.28246222859882
47.347629262879785
47.235533779388895
46.58054131344417
46.35090173458021
45.46986960551041
45.57751951701259
45.56881635514277
46.09707829550607
46.80457476055986
46.85673451598071
46.20019432541956
46.727339363626
46.25582876528549
46.38188691938522
46.833402746499885
47.249023135021815
47.20749276409626
46.94041655499452
47.23067676168934
47.32654233603824
47.470392667371215
47.40855364321155
47.103104646029536
47.530549109651496
47.275063119216576
46.9902173837584
46.99624510282683
47.00767895878906
46.87228261978924
47.18046658685382
47.02537439615004
46.639715526152166
46.67921559549703
46.78772550800963
46.925589798750096
47.090111976850224
46.853568936247314
46.6764280115447
46.476050276964855
46.78700367288417
46.72098956777556
46.93381233545495
46.6063233057682
46.61353583958005
46.858108836326565
46.92046851656316
46.82369213119806
47.18089539717303
47.2616551442329
46.69740486191591
46.82412821174118
47.21927281726671
46.9940246315434
46.92354406964351
47.29703506855009
47.10044798764935
47.43163671241896
47.79832684515459
47.95373514119466
48.320950986159225
48.02804627001355
47.65238328099547
46.95866204409287
46.642306752703405
46.60278814753207
46.43340666835327
46.678782653555125
46.45949195810593
46.47801722124876
46.61986809937528
46.61019531470174
46.84200270494242
47.00337627233613
46.706391749580746
46.89182717886349
46.82244831055261
46.962789831606
47.17987350353376
47.09604505284651
46.8173004554298
47.19228565096508
47.08295493513704
47.0411749749392
46.77867026707956
46.75318107057683
46.79204916138124
46.67026774561669
47.05643426577248
47.20818004939487
47.30611931576168
47.31443244607331
47.0122755468084
46.95971275210561
47.1059780838464
47.60230642833928
47.84640899404876
47.92597089680871
48.127580528747394
47.897155742063205
48.11470103078571
47.89149597380823
47.55303839116017
47.02570787646415
47.16282749098411
46.52900560421215
46.16010022359124
45.689898673951646
45.86778784573434
45.96560603243682
46.6373624635393
46.84021173821568
46.95130692818651
46.7772666955053
46.32645187711939
46.24855027657053
45.962107149016816
46.36281714576951
46.77087025442182
46.91713472117188
46.95443242980311
46.67187708279902
46.67992255429068
46.24974172413051
46.40613790619041
46.575035399674746
46.54235753725951
46.52126255117539
46.94466634062762
46.61122890018365
46.25929784685597
46.16305120212674
46.14347857951057
46.12665768009535
46.19905628785229
46.264505544503336
46.64526689873336
47.033231149577134
47.1044603806825
47.31401880472897
47.4372346740624
47.217655015989656
47.67943728148137
47.49851904695353
47.50039692434308
47.64963992280677
47.35893851540991
47.34737728223983
46.88337910330429
46.56539865762098
46.41579201113722
46.39074525200856
46.49914961512052
46.51735541672764
46.48378616912103
46.41636994700794
46.08376030777696
46.522206684848186
45.99610819875086
46.51073388661784
47.09957660725048
46.1923596965881
46.54621027443185
47.2461681964399
46.95874887127855
46.8753717619956
47.068170362730186
47.60976618595871
47.3808962950822
47.43813494983127
47.45637985718288
47.12130791091145
47.14875733177785
46.42667962014717
46.948106451056354
46.55430546095269
46.142335692065146
46.43582320006564
46.71412241927012
46.21596286672604
46.32362094346029
46.41991353365702
46.70652309519847
47.01478946063948
47.17989442948161
46.81541390731749
46.675785504512085
46.80315750805978
46.33396457268379
46.275917630275
46.23836284329125
46.503784685287634
46.19961345899674
46.24914532423876
46.42454198201825
46.88374963801503
46.86593349506955
46.995295232704905
46.61320394469319
47.269934085586
47.17362530524533
47.21185917819944
47.30538418004664
47.38682929249485
47.10021668757153
47.2603319466008
46.50145304142516
45.97256747471828
45.712293959064034
45.83347856295975
45.95070956824526
46.14910655168765
45.76350064535888
46.03480346323338
45.569213705690174
46.22274203625612
46.102148456478425
45.9207932933726
46.4107223938797
46.19629493337237
46.09928133694062
46.064392748226894
45.74271018649432
45.78016846334144
46.16285628323343
46.56438432966732
46.48189494182622
46.260753040004445
46.581187713236176
46.40332545355895
46.73742151693919
46.48923661569148
46.66634350048984
46.33560528987167
46.64942221876805
47.01864373044587
47.04154068922749
47.16217983287697
47.196994863122725
46.97820323102522
47.454289344358585
47.73370009243085
47.83567464304315
47.88107090681972
47.58099443922365
47.9190878598216
47.628011269742544
47.365698479110925
46.98384602207623
46.87444845949692
46.72083299895349
46.79344478606713
46.39319643763233
46.01700191958481
46.3377458559044
46.2238788428302
45.80291393143509
46.38230185424375
46.143209005771375
46.14193276285776
45.859461321438886
46.32906146005267
46.165887854070064
46.422673733764256
46.41070265435052
46.180059462303696
46.19591876302937
45.958652097021805
46.27387062907892
46.29333416733129
46.05136286435268
46.01649568978877
46.190402598375634
46.30500038384944
46.41573097031278
46.75899443908553
47.0793788519626
47.05400393071857
46.87168207881557
46.96866143288173
47.1199819521726
47.1854258423669
46.98647207572347
47.16219796927369
47.41991550758243
47.57134399763024
47.39623020661151
47.58934985014785
47.306508604751045
47.21355550303276
47.19056382051687
46.950293712604434
47.135070231882246
46.86901306108813
46.61660274734263
46.60795042738148
46.517495599324704
46.68740114463475
46.618480809674985
46.29105264653348
46.33600122508197
46.488568918393725
46.44587653560913
45.99558996099344
46.33859410570323
45.74983442162897
46.151691365501264
45.95080794318646
46.06147809556865
46.28156298454054
46.06656232136724
46.40580510996721
46.17064204988472
45.73734806633362
46.19329553813419
46.18103771530031
46.06710876182464
46.13743887878896
46.33656177522873
46.46323333875476
46.46238268978286
46.4839057009204
46.65075499629627
46.75475963613975
46.730821528344514
46.80162023001936
46.68836962730493
46.98980869745648
46.79002856879308
47.18138494553223
47.30521153899805
47.22766417261726
47.182520280909536
47.35477913914604
47.20910288778025
47.505178578929055
47.2331221727031
47.39956406928069
46.72455533653479
47.06518211610816
46.83509886101685
46.805820286031775
46.39381395729739
46.42795793304039
46.40301107733064
46.130314269452576
45.93718625677251
46.04464608546623
46.489994856514656
46.20190259410329
45.90922948744099
46.114491378359965
45.79567726186692
45.93716915099216
46.00185136695554
45.879946023746285
45.812158736176094
46.07122220124533
46.02433960243374
46.259567808048175
45.91401924679538
45.67410957791429
45.93853735664021
45.98624971224233
46.19923826972721
46.18121682352659
46.249791770480805
46.61025849868461
46.2687193732953
45.94956726740977
46.11794220580767
46.1696466710976
46.29088884800378
45.95779431493051
46.358032444138125
46.05805594238298
46.45042476316085
46.56169871866623
46.37919368566904
46.36321390238343
46.29805914377541
46.36617200824416
46.521574224117686
46.50053396287047
46.54809152802355
46.64409795181516
46.29719550100701
46.50650816153933
46.43448331831838
46.817482867144456
46.554887185086265
46.62042637166859
46.35300351696077
47.109354988537326
46.37266216073203
46.70648266756127
46.83429388686753
46.589335833333536
46.722657555144615
46.7975915158275
46.88650511123671
46.695436200879634
46.92408389658486
47.06945310320154
46.775240282457744
46.74638379421558
46.724993059661536
46.61354672437096
46.69649287978635
46.35306143950578
46.621442808308274
46.5572736719684
46.32564925882792
46.70656493908987
46.23957468710625
46.11671514542358
46.419444809906224
46.28072064870876
46.42570449970364
46.0118351528691
46.05814433479685
46.22556684059535
45.95339899530311
46.20719332625289
45.94762733216709
45.714034529988425
46.11521377507619
46.0874434959366
46.297622406039736
45.9291597035091
46.09690193974477
46.005465769221736
46.07257252479287
46.23877038843008
45.54357265567063
46.17180814682311
46.30327257982454
46.15334928194783
46.18532694447163
46.45164636997583
46.224811754919614
46.49070261184264
46.37747907894428
46.44606813906665
46.35554922671805
46.021131209327
46.3132642437391
46.06404024044
46.51437665345948
46.325861412902725
46.06817949976512
46.15122746255896
46.33788019928561
46.4458880715212
46.2684430461162
46.17616232879773
46.36607126926308
46.3528941866694
46.00570502064048
46.497038560185466
46.30681930677916
46.40474842653456
46.50713599398243
46.59170657075161
46.5303461301521
46.31964501424676
46.18123634418794
46.265243022490274
46.51572850769409
46.29600815008182
46.22072458322029
46.64486846013203
46.34123445476244
46.07435124207677
46.53399981060903
