1.7903939045576038
2.9111460271650795
6.582722888993885
9.132634475028883
11.058038294429132
12.610463039169897
17.766301349164607
16.356895409907146
18.176415406940883
12.204266995679038
13.826752941734007
15.906361962615945
16.057203652472204
16.847976653640796
21.00623774855053
22.42468379906926
25.409430555162437
28.0650509235651
30.95044106147316
34.851223847744095
36.31600173052847
38.65040406282748
38.57548874295232
38.21376241959789
37.22519786472992
36.28097945135792
35.779590996145664
36.265223617224194
37.17883802646884
38.73652116255912
41.71012702516902
34.99431403666819
33.20034471165125
33.61479154790923
34.49250817102491
35.81976144873963
38.420234016958695
37.93499442746082
37.96422764527762
38.72773472859556
36.22271998854033
35.48119533641389
35.53579257798706
35.652912345628096
35.5621209098879
35.763152021025256
38.50642632488377
38.86575989520863
41.91754659006357
40.99744412554379
39.50943927507219
38.43922238449576
37.67482137407088
37.55205280844409
37.54423138444147
38.26546819390666
38.547864523717735
38.81981676678743
39.57799357146254
41.28823643518282
41.64692411968775
40.06732322418471
38.99457701693675
38.690839040926406
37.67269001048324
36.70308909637401
37.59035150382808
38.00090486476304
38.72548966728666
39.38178224703166
40.48770758137243
41.99060395703116
41.20702655493859
41.81802460445952
40.605940151564646
38.6505458000694
37.28313486935309
37.49175552842111
37.14120258916304
36.88448680114136
37.10927000192158
37.402724091232855
38.21202351810222
39.88709565214074
40.32538898342116
39.85678612603688
40.242162123875616
41.25234311999375
37.84646855862382
37.19306364537932
36.22078819472349
37.12933689595427
37.790810382407415
39.15154577097411
39.18844771489592
40.23998963232475
40.80762256114637
39.40384050694402
39.0104001873418
38.65479476635883
39.09298585604282
39.15923780190504
38.774404250866446
38.80451739656083
39.86733164215318
39.48020975907244
39.65576555412655
38.92538682038876
37.98861808879944
39.42679585941996
39.089409956581584
38.67788680693808
37.82687962738974
38.49081619533759
39.28768159808055
39.27003212616497
39.23389301593621
39.05873487411397
39.02327725405167
40.45858322019984
40.85598073679055
41.59228199452348
39.99911015388499
40.028647701024624
40.69007301745136
40.22203483189007
41.07951615726657
40.93764874169652
40.37231653084245
42.087079805628456
40.6362575429761
41.22668814629358
41.336315465977705
40.794066313270726
40.70456467258515
41.25785152115575
41.36593991655701
42.29917182785192
42.61831200435758
42.45692332237497
42.57623802943499
40.798475676409886
41.25860255009207
41.04430594509377
40.57441183152554
39.73817644681272
40.09785981888675
41.230189086037065
41.73309634297961
43.64487550310686
43.3066247663551
42.48460624732817
43.37733903536475
42.37869808336928
42.118884232102666
42.88771669191452
43.355027144975935
43.88784877843808
44.390601091615046
44.26267231539149
43.40470254954349
43.617479082391725
43.62932019990476
44.23063134904509
44.58870116824069
43.98539555322654
43.36659622418399
42.6725408438474
41.91689113233788
42.6816877390222
43.20965724901436
43.24810839106751
43.714680811258624
44.29847404038936
44.475679136421206
44.35670082665419
43.89496109643347
44.2211973504596
44.79117449870731
44.26191298740513
43.716835666771466
42.98747783127195
42.8166592028475
43.15018237901481
43.178869804857705
43.53203437849656
44.06777615699728
44.35025913533167
44.32681869574692
44.99307584245789
45.39243140722985
45.70137676065842
45.74391641685375
45.5784721369254
45.291599703439005
45.42092617416296
45.50073598766243
45.21754994416702
45.00660077765766
45.29923121867076
45.60306584058496
44.99926531935198
44.65375397571685
44.88013537425189
44.65578782106
43.83160981213548
44.349390468182406
44.28813735873408
44.24500070045726
44.07130276358637
44.58785580207362
44.21988707664532
42.90534937537246
43.39837797170164
43.985508003001
43.794119333157234
44.23790187850052
44.98637796266871
45.23017294805604
45.36340038844183
45.39956117272659
45.68205644747624
45.43961975527685
45.3348211608199
44.88091826050904
44.7877946566853
45.16595971454583
44.15582624025817
44.16756015180941
44.43043736469407
44.21315115302108
44.19798521954188
44.29968457867583
44.80270006610414
44.99010248728074
44.555417683281
44.36647868568889
43.91548676746203
44.70538480071505
44.6134799267457
44.668073965185016
44.86814725283546
44.88988620118308
45.12538438063443
45.3565058137192
45.50857093863597
45.5543817860084
45.58753300454581
45.62831290583221
45.98104859264228
46.02621030439279
46.33772739235132
45.826717543897686
46.57759794179996
46.21612395252587
45.93087112290797
45.95492442270616
46.16821045855038
46.29287343516542
45.84584462833058
45.63588701284441
45.61862790498255
45.58909959210942
45.92227801402236
45.355659038187206
44.71675859951916
44.83570853517042
44.916456812050384
44.723470132336686
44.91332724869033
44.14412829668523
44.10431127786632
44.8819888860905
44.44998245716567
45.04582987880739
44.63664310756005
44.76449641777735
45.01654000949992
44.89374737139438
45.22764798392616
44.76895687210104
45.03820190215729
45.325087430805176
45.00095227398055
44.776025691512274
45.34893276451205
45.26753759128084
45.7102667792538
45.41646264529072
45.695681757581184
45.126314679498975
45.2108625840323
45.27021920825658
45.37661312415671
45.418900059962056
45.5866015465666
45.752118353223615
46.14806619495487
45.79109561543133
45.81464707932731
45.49899149997478
45.18679462644501
45.35067181326629
45.66021913642037
45.26765054847234
45.493262954283495
45.51970998697106
45.19694372210111
45.72154055614797
45.54837740229391
45.20084758822268
45.11042248192135
45.21253188190789
45.49663049862026
45.45544497906747
44.96247602756761
45.761632273420894
45.40944858513181
45.59861061844613
45.69765949348266
45.62952580225365
45.64209856851867
45.78717290626489
45.42500947403151
46.24713596315243
46.13475388026491
46.37729938314973
45.93385165181033
46.90498011005072
46.52301806677431
46.53803100784371
46.55764942066191
46.53997638497412
46.4447653505156
46.24419979761662
45.8710045237733
46.20648329750489
45.91118456011967
46.30150141481174
45.817729601359126
45.56710157456664
45.51161220703154
45.491727360751554
45.30321565708235
45.30510619548561
45.03856070686252
45.193059446268535
45.315888747594215
45.46664123398828
45.895797264227184
45.778364629824615
45.39576511353
45.33656897188705
45.39007427115009
45.33828489049762
45.46381725781248
45.51256133089503
45.72555637501675
45.13071368218545
45.32455525391375
45.23754223531841
44.889429068289154
44.82574893436056
44.7028479932805
45.0651821862797
44.87388124983912
45.40463194267394
44.99323082183056
45.54988153878672
45.0836792116409
45.94877280349277
46.03774366420235
46.28630523258988
45.79654264116253
45.94348365203323
45.97615214178837
46.40273983309181
46.32689962358429
45.86725685923113
45.95393583254849
45.94208304455322
46.02029088185378
46.12075345294501
45.99670512676874
45.86120914098797
45.74392742456212
46.11674375617902
45.64537250692173
45.52935256464767
45.30615151931013
45.435107246390544
45.4790425347548
45.35824649677293
45.10388552024256
45.726156052931536
45.41506081680248
45.30205642354995
45.50674029182435
45.42768411611911
45.64621766225669
45.60779678320196
45.711787963990815
45.56936372372415
45.07835927701976
45.54125603944346
45.79913955808374
45.68501594713345
45.33711819858658
45.657903691873216
45.893894693333
46.16181619524663
45.93062515873427
46.21120865677307
46.08676503652556
46.17136159939002
46.13205107866079
46.277970215882966
46.2348249459215
46.06186684842087
46.159118901097536
46.24925531969582
46.20536263476357
46.53349051499721
46.44073956805626
45.82413138594253
46.009225784328045
45.98738151178383
45.78638679005257
45.91476438685383
45.38818408275742
46.02534738136011
45.48854913444043
45.6164558041759
45.34649434647225
45.50823693492851
44.89179766134336
45.31804160881197
45.18617884213189
45.25984634601671
45.52503402151982
45.481167560480834
45.21686747750248
45.639189180667344
45.41404206929005
45.47157675049941
45.47670189026372
45.482479034738
45.86390260076469
45.71885942936202
46.1413585735904
46.05101177905728
45.78437547392648
46.27269863316678
46.1555144416472
46.35019882736653
46.37126664103276
46.07668085485364
46.01650428078708
46.08113913672284
46.05230467203306
46.3208370892716
45.78524219241424
46.594905053661165
45.68063152223703
46.10009816226615
46.14993517535744
45.805807627817565
45.87208260877296
45.86803730082747
46.071677971482494
45.592351635071935
45.64544500828457
45.90392076531978
45.930474285444525
45.475191941299016
45.62914534219355
45.622640137465496
45.706230525226594
45.649400653829865
45.47680762098304
45.54604188346844
45.8591073716706
45.54646230970775
45.52484632830572
45.610893794248994
45.55968880478749
45.51102229006604
45.58909248591485
45.63071589742747
45.7600075399849
45.79362212035579
45.88283221195759
46.16934994125444
45.8822393609251
45.97128130631135
45.93070290525442
45.89222788203514
45.98680874013394
45.912459981010485
45.90764008640855
46.07661862764196
46.22581546091988
46.15201605966201
45.92897610167003
46.01026618630006
46.212711421347976
46.32253285141989
46.34989318621614
46.20528509209864
46.201598664248415
46.36057973225124
46.14646199269413
45.97115469872151
46.39871531205557
46.221244380171946
46.36369106361762
46.16311650766542
46.09043633657569
46.51622638894723
46.61656802801608
46.18269878022095
46.734095255230606
46.38853586677415
46.345329683788144
45.79401592662087
46.288282836391936
46.215737026557775
46.491727047504185
46.4700878835388
45.98189259449999
45.76697944535656
45.75263051877772
45.92687429242622
45.93638543185722
45.50529283441487
45.7489083406399
45.65792313642849
45.42499694327264
45.829734162619246
45.76343431406991
45.62294451774856
45.70991187624296
45.80949943628914
45.6363418931808
45.75302476956158
45.54721693245876
45.61569738540668
45.46385860824948
45.93575415553589
45.513029055012666
45.429317167300304
45.39288466412148
45.761311387076695
45.831425512187
45.77966952532172
45.8113207790333
45.72950785027462
46.15770764186669
45.876699563653126
45.74061214325109
45.78491181196439
45.890394158189466
45.84917062377299
45.99267883293234
46.58424496198342
46.13514021145624
46.29955729296606
46.6581665423812
46.275286666461454
46.18818429976358
45.79061344973394
45.75912961190859
46.07213514370898
46.30765318023874
46.55846946595921
46.03143653484381
46.351923117534064
46.529192592157486
46.44290991066868
46.34639459361937
46.40395896494281
46.4751911920586
46.57166580385901
46.38517419900258
46.290500574067536
46.48665665816007
46.644038826281175
46.40835766440172
46.404794842287885
46.48740777914369
46.1691624577016
46.233487287255954
46.24428690854501
46.6050359236981
46.2537000644814
46.31806474210784
46.43538796410172
45.87995686266742
45.916110161998425
46.44241841318885
