32.06
42.42
67.92
73.38
62.17
75.14
80.15
68.68
65.89
64.89
81.47
88.33
64.42
46.77
56.98
62.92
56.35
55.58
49.0
62.35
59.17
34.41
37.25
36.04
34.73
56.25
81.82
73.34
63.25
46.51
33.33
47.91
70.57
74.17
56.3
50.68
47.37
58.53
55.76
53.31
59.51
58.59
51.36
52.98
63.61
47.85
42.16
45.4
51.04
54.47
54.2
59.85
56.61
45.88
41.24
49.73
53.87
54.16
60.66
63.56
63.52
57.78
57.56
56.0
46.46
47.66
56.86
60.15
59.18
75.99
74.32
63.52
59.0
52.4
61.24
65.91
59.14
67.31
68.48
65.77
71.66
70.88
62.6
54.05
46.06
42.28
48.47
53.17
56.95
52.95
52.09
57.84
55.31
60.88
61.05
54.54
58.53
60.27
53.18
48.87
55.0
54.11
51.72
52.04
49.37
42.01
45.56
50.19
48.13
50.0
50.75
60.08
67.62
56.08
45.62
49.55
52.66
51.26
51.98
55.62
57.01
52.87
45.4
45.75
45.6
52.19
58.8
54.12
56.76
57.86
50.84
50.26
54.75
48.3
38.38
37.19
41.91
47.08
49.47
39.55
32.17
36.0
47.4
53.39
44.43
42.37
40.02
36.02
40.62
57.99
59.37
44.62
42.34
40.7
43.82
39.37
42.34
48.17
41.13
40.07
42.09
40.33
45.17
51.1
47.56
47.29
49.18
50.33
47.43
41.17
39.37
44.94
46.1
48.48
47.56
40.6
42.4
43.57
39.12
47.02
52.53
47.46
43.07
38.2
40.51
46.77
42.15
31.66
29.99
35.34
48.2
51.49
46.37
47.9
48.4
43.77
43.11
39.34
38.06
38.8
41.17
42.18
34.27
29.88
32.64
37.58
40.79
45.32
46.17
41.65
37.73
40.11
43.2
37.48
34.83
38.61
38.12
37.12
44.08
46.38
50.09
45.17
45.33
50.06
47.43
51.94
47.21
45.21
49.0
46.6
41.52
39.02
40.1
39.88
37.03
36.1
43.19
45.87
45.45
45.49
40.18
40.8
43.24
48.02
39.37
32.36
40.47
42.0
41.85
49.09
52.06
40.5
32.21
40.45
41.57
36.56
42.37
43.14
38.38
37.78
33.67
33.38
40.44
41.56
39.77
38.47
39.29
43.58
39.0
34.23
37.35
41.09
40.37
33.77
36.22
40.57
42.35
45.42
49.33
48.23
37.7
34.9
34.97
37.4
38.78
30.74
31.01
42.74
45.77
43.41
41.22
39.55
39.72
37.65
34.18
30.43
33.37
40.12
41.13
38.95
39.61
41.75
35.67
35.89
42.25
41.05
37.76
38.02
38.08
38.05
35.0
31.92
36.4
40.42
43.43
44.02
38.19
38.92
43.31
42.38
43.54
42.97
42.33
43.89
44.69
40.06
35.12
37.69
43.39
46.26
47.69
46.11
39.02
31.92
35.48
41.36
41.31
37.15
40.96
48.33
44.79
42.22
43.68
40.45
35.2
37.48
39.62
37.93
36.37
34.65
37.32
39.07
37.45
35.39
32.19
33.29
38.69
35.66
36.99
38.42
35.89
38.5
38.02
40.89
39.05
38.66
42.45
42.84
47.08
44.74
40.03
39.07
38.19
33.56
40.15
49.74
40.76
37.65
41.83
45.88
42.67
37.61
43.57
41.21
44.52
46.71
42.75
39.49
33.22
38.45
37.01
30.92
33.5
32.11
37.39
42.45
42.47
51.2
50.33
41.82
36.92
37.46
38.7
42.32
45.3
47.36
45.21
40.96
39.61
43.22
45.09
38.71
38.12
36.28
44.27
45.78
40.09
41.58
44.19
48.85
38.69
30.6
39.24
41.51
39.17
37.55
35.31
32.6
31.14
31.65
31.15
36.09
41.4
41.84
34.87
35.1
39.34
39.74
38.49
41.05
35.46
34.38
44.74
44.23
40.24
42.01
37.61
35.27
37.58
34.55
33.19
34.88
38.55
38.49
39.39
33.41
27.37
30.44
28.98
29.5
38.99
46.06
39.76
33.31
31.99
32.41
36.04
36.49
34.91
35.36
34.78
34.49
41.49
41.4
36.09
35.52
32.48
35.29
35.83
32.27
32.01
32.76
36.25
35.18
35.32
34.17
31.1
32.77
33.21
37.14
45.03
45.04
37.49
34.68
42.34
51.62
45.43
37.54
38.5
42.14
41.49
38.98
36.6
37.81
44.4
40.82
39.52
38.82
37.69
32.27
31.42
36.72
37.63
33.53
30.66
33.25
41.47
42.96
36.1
34.33
34.22
36.15
32.16
25.1
25.58
32.85
34.67
36.34
36.65
34.75
38.1
40.69
35.35
32.23
38.09
39.83
35.51
30.98
30.37
32.44
31.8
32.7
32.51
36.03
40.83
40.91
38.69
32.77
31.55
29.53
31.34
39.68
39.42
36.04
34.62
39.52
43.53
39.91
39.82
35.98
30.89
38.34
40.39
34.12
32.32
32.72
38.14
41.81
36.36
31.61
34.2
34.92
40.28
41.75
37.88
42.58
39.79
34.4
37.09
35.25
31.92
37.17
35.96
30.27
33.08
43.06
46.83
41.14
39.05
42.32
42.12
39.25
39.28
39.41
46.67
43.23
36.7
43.7
40.46
35.77
