9.1
10.21
15.48
13.7
20.82
48.79
60.32
53.56
58.18
51.27
51.71
63.35
56.32
43.99
40.79
45.87
48.62
52.41
47.7
45.65
42.9
41.84
48.71
61.93
58.58
54.15
58.25
50.6
54.79
52.2
54.06
58.46
57.03
53.96
40.95
37.96
48.2
51.16
49.91
59.38
58.99
54.83
54.88
51.14
47.81
44.22
41.38
39.76
48.9
49.93
43.84
58.87
55.17
47.28
54.7
53.41
46.47
42.51
48.43
50.27
52.48
41.97
35.07
43.16
52.47
49.76
43.88
47.39
49.78
48.21
42.46
49.69
55.64
47.5
41.67
44.38
42.79
44.86
45.81
43.05
47.06
43.08
42.01
45.41
51.34
47.55
35.5
38.56
40.44
42.23
41.97
46.09
50.53
44.21
41.41
45.41
46.07
46.26
42.2
40.58
38.5
32.93
40.04
43.07
42.63
45.83
45.27
43.8
46.36
49.64
42.39
39.77
38.76
45.59
46.68
38.74
38.11
33.44
42.63
44.93
39.77
48.62
51.95
46.06
42.93
38.41
34.62
37.01
41.78
47.56
49.21
44.48
36.83
35.92
41.04
47.45
43.7
39.86
44.98
45.37
47.02
41.11
38.35
45.2
49.84
43.5
38.42
42.02
37.05
30.55
35.84
41.12
37.48
31.71
34.34
40.65
46.63
44.96
39.78
38.39
40.39
38.52
45.35
52.04
39.34
34.81
36.25
43.67
49.81
40.18
36.89
40.88
36.96
32.87
39.67
41.61
39.03
38.77
46.53
43.77
35.21
41.78
38.98
38.3
39.83
35.88
34.74
39.58
42.74
43.68
39.27
38.42
34.53
31.11
38.96
42.24
44.71
44.25
39.25
40.39
45.3
45.3
39.6
33.76
34.76
35.65
40.49
44.48
43.12
43.91
40.45
37.94
37.82
37.42
40.65
45.04
42.66
42.08
45.8
42.3
39.95
42.9
40.4
37.68
42.96
48.89
47.12
40.77
41.28
39.16
41.1
42.05
36.03
31.73
33.35
39.86
45.47
49.17
44.37
42.71
40.18
35.52
33.63
37.36
44.77
41.2
35.06
37.9
42.15
37.91
36.4
40.87
39.98
35.29
37.89
41.82
38.41
38.65
37.43
37.16
37.68
37.02
38.57
33.73
37.42
45.29
36.08
28.18
36.04
43.8
41.97
39.42
42.56
41.77
39.78
43.11
48.7
43.64
39.29
38.4
35.0
38.3
40.17
41.21
42.99
41.97
44.95
47.89
41.18
39.81
43.94
40.05
37.83
44.83
38.87
30.89
34.31
33.72
34.55
39.32
40.54
41.8
38.57
34.6
35.72
40.86
41.61
35.66
37.55
42.26
42.37
42.26
37.77
33.91
34.34
37.49
43.24
41.76
37.34
38.16
43.18
43.63
42.13
40.13
37.24
36.66
33.32
35.7
35.33
33.59
39.22
42.08
39.0
33.14
33.01
37.46
36.63
35.84
32.02
30.27
34.4
38.09
42.31
35.1
27.89
41.17
50.68
44.25
38.35
34.24
38.52
45.74
43.64
37.27
36.87
37.26
33.26
35.64
39.04
42.78
47.78
38.72
35.25
43.23
43.1
41.43
47.05
50.39
51.41
47.88
37.31
43.25
45.73
37.64
42.98
45.64
36.28
35.14
44.53
44.97
42.4
37.36
32.78
37.72
41.12
36.32
35.82
36.26
33.43
36.88
36.65
36.67
42.79
44.08
41.2
38.64
34.72
40.14
44.27
35.25
41.24
47.61
41.01
38.0
41.75
39.38
38.27
47.63
43.29
40.25
46.46
45.46
44.79
43.44
42.69
41.4
36.07
36.32
38.79
33.94
32.79
35.93
35.62
38.21
39.75
40.18
43.64
41.68
36.54
35.61
38.38
43.2
40.57
35.71
38.65
38.1
31.35
34.2
38.85
36.92
33.53
35.91
36.95
41.16
48.39
42.11
39.81
39.17
35.19
35.77
37.06
41.13
44.01
42.61
38.47
38.21
42.62
46.53
46.76
39.32
36.89
45.34
43.53
39.4
35.17
31.33
37.9
35.44
32.23
35.74
35.04
38.38
36.71
33.65
37.98
35.3
34.24
39.0
42.82
38.87
33.21
27.54
32.22
44.38
42.97
39.19
39.09
38.02
34.08
33.94
35.16
33.11
30.55
34.65
39.87
39.24
36.58
40.47
38.9
33.99
41.9
39.7
32.43
37.07
40.09
36.6
34.18
32.18
31.71
35.03
40.08
43.11
40.88
36.01
42.1
45.56
37.73
36.6
42.39
39.46
33.43
30.94
36.92
44.97
42.47
34.98
31.45
31.82
28.78
33.86
39.82
36.4
32.66
31.38
32.37
36.6
39.2
38.57
36.69
30.05
31.88
37.85
39.59
37.02
30.68
34.57
41.32
34.58
26.94
32.39
37.79
35.72
36.81
45.02
45.48
50.76
50.03
46.27
43.93
35.12
36.01
43.8
48.22
44.74
38.46
34.38
39.43
44.96
42.4
39.31
39.39
38.77
43.2
45.74
41.37
40.03
40.26
39.51
40.44
38.09
34.4
37.13
36.13
31.1
29.91
28.61
30.69
37.26
39.17
35.86
38.93
43.86
40.02
36.64
38.29
37.08
37.57
36.03
36.49
40.05
