18.44
26.04
38.88
46.13
54.74
62.96
62.7
51.87
46.37
51.75
51.96
45.86
43.75
42.81
38.46
42.69
39.78
40.85
47.89
45.45
42.22
41.7
50.17
35.72
23.76
26.82
24.05
41.48
46.35
35.02
39.23
47.18
41.45
40.61
44.14
40.9
38.78
36.2
41.06
45.47
53.35
66.92
51.85
37.09
51.37
57.42
47.66
47.2
45.9
41.09
44.03
39.0
37.32
39.97
35.95
37.16
41.73
43.92
50.15
47.58
35.59
29.89
38.78
45.66
52.07
44.64
33.31
38.87
45.88
46.42
39.77
44.14
50.84
44.9
40.21
41.51
43.93
46.27
45.45
43.96
47.56
51.91
55.05
53.79
47.42
43.76
35.2
36.53
46.4
44.85
44.37
52.18
45.02
42.27
53.03
49.29
51.71
50.8
47.38
52.8
54.71
48.25
42.46
43.32
41.3
47.5
50.02
47.44
43.31
43.36
41.63
45.65
49.23
50.41
57.07
59.78
70.09
63.4
50.55
50.35
53.51
56.66
58.8
59.59
53.82
48.11
49.97
55.44
57.74
55.62
54.17
50.39
48.49
58.52
65.73
58.36
49.33
47.74
44.89
43.49
47.96
51.64
48.6
44.64
41.55
42.93
43.87
45.3
45.76
47.31
57.78
56.05
46.01
43.67
43.23
45.37
47.94
46.44
47.27
51.41
53.32
52.98
50.03
43.41
42.21
41.53
41.83
40.49
39.3
49.42
51.9
47.19
45.63
44.29
47.34
47.57
44.06
44.39
51.58
57.48
49.47
46.18
50.64
49.86
49.29
47.88
46.29
47.14
49.35
50.58
55.98
56.58
49.81
44.72
47.04
50.21
52.58
46.37
39.98
40.51
38.6
43.67
46.87
52.68
52.63
46.14
45.56
48.71
52.23
44.7
36.8
38.77
48.83
50.66
40.44
35.92
33.26
44.0
50.07
41.56
45.82
51.84
52.56
49.33
47.89
45.66
43.57
43.11
41.32
38.84
47.84
51.15
39.95
36.48
39.77
46.68
49.04
44.4
37.98
38.49
46.76
41.67
35.77
39.31
40.4
39.81
33.7
35.32
42.87
43.45
41.75
45.8
44.14
44.14
50.19
43.39
33.88
38.48
45.7
44.29
42.12
40.88
37.82
38.72
38.9
35.09
36.38
39.82
36.51
30.41
35.1
41.64
42.63
46.05
44.84
37.48
34.56
37.82
38.26
39.78
41.55
38.41
35.85
36.65
35.86
38.33
45.75
44.84
39.04
40.56
45.42
42.5
38.61
39.02
40.88
39.91
33.06
33.04
36.39
36.69
39.5
39.18
41.85
39.86
36.43
44.23
43.05
35.42
36.72
38.63
37.43
42.03
40.47
37.52
37.44
37.98
41.83
40.2
43.96
43.18
39.65
46.86
48.6
44.65
38.57
41.13
42.9
38.69
41.9
42.4
37.96
43.5
42.37
40.02
40.81
37.01
42.1
41.17
40.66
45.21
48.16
48.58
46.48
41.62
37.03
35.91
35.69
37.58
37.71
35.81
40.2
41.92
36.79
38.38
42.88
41.89
37.13
35.39
37.86
37.35
35.86
38.89
39.41
32.55
31.0
32.3
36.99
40.8
37.26
38.03
40.88
40.23
35.58
38.87
40.54
39.13
38.33
37.25
40.84
41.17
37.49
32.68
33.95
38.68
36.85
37.27
41.43
40.4
42.38
45.01
44.11
39.85
38.85
43.65
43.39
42.12
41.22
33.37
35.3
40.91
43.51
46.29
41.71
44.86
48.99
46.21
47.46
43.87
40.3
40.08
36.82
42.32
45.4
42.02
39.86
41.0
44.62
42.5
40.59
40.38
38.34
36.53
40.4
44.3
39.57
34.8
41.33
38.15
34.95
37.86
36.01
37.91
38.59
37.91
35.21
36.74
37.01
37.83
38.59
36.51
38.52
41.3
36.99
33.55
34.48
36.65
39.57
39.34
40.11
39.18
41.89
43.01
41.55
40.55
40.54
38.04
38.57
40.74
37.13
36.95
34.7
32.93
37.87
44.0
38.38
29.82
34.62
41.97
39.61
38.7
39.89
37.42
42.65
40.49
34.1
42.85
47.79
48.48
44.92
41.35
41.53
42.17
38.67
35.72
39.7
36.93
35.5
37.35
33.99
34.84
36.99
38.63
37.16
35.81
35.63
31.03
37.15
39.81
33.67
38.17
38.89
39.7
38.39
32.47
37.75
40.06
39.23
38.28
38.72
38.91
37.12
37.16
35.14
34.07
39.73
41.2
43.59
43.57
38.22
43.87
45.34
38.83
40.67
40.92
35.4
37.91
35.54
36.4
39.17
34.54
40.78
41.45
36.63
32.81
32.93
37.93
37.91
35.82
31.61
29.94
35.71
42.02
39.29
32.73
38.3
42.4
38.91
39.37
34.19
35.2
39.18
37.14
39.45
41.64
39.92
38.1
42.42
41.08
34.43
36.86
42.01
37.78
40.34
43.58
41.8
42.79
43.07
42.49
35.34
37.32
45.31
43.72
40.31
43.67
46.95
50.18
53.34
43.3
35.99
45.43
47.89
45.81
41.78
35.52
41.55
40.49
36.98
42.54
41.86
40.16
38.03
37.98
38.78
41.5
43.11
40.32
38.06
35.98
36.76
40.03
