-2.555586819921976
-2.3490184897709945
-1.600198626695217
-0.4908836915131456
0.0942921329459133
0.2075161256216462
0.4316410375402569
0.4890991405661438
0.451132822355639
0.5809003118055562
0.6924573942417943
0.5899890553918704
0.5882783380178889
0.6235651483232487
0.6765636083749227
0.7467763681134959
0.6050484103061264
0.5609865257412988
0.6856467792470556
0.7270477905090447
0.7499952407273645
0.6769525990873647
0.6629364193117441
0.9426862787534618
0.9506096595244736
0.8766762113095251
0.9992181900822428
0.9000701215495296
0.909654664033947
1.141813572669764
1.0079959638162186
0.9033933128981172
1.114477714160107
1.0933692881874957
0.9331558540730536
1.0045029698254369
1.3483389853202028
1.4860895733991706
1.2399487953109305
1.2028396398244856
1.3415840555529592
1.33292263949713
1.3407467220528329
1.3030331624291114
1.283392371927375
1.226427835073837
1.4512345165033005
1.6002536331987358
1.4754951193723878
1.4714674351314878
1.6399884462775214
1.5604631240925686
1.3879127801986026
1.783155775545748
1.9763263554855863
1.820355148463757
1.881665931693374
2.0823641280024745
2.115800920214014
2.09221789249619
1.83377405356035
1.841122180998964
2.162566787019521
1.88184350099506
1.5034450493808884
1.560142687541335
1.8000974912683998
1.7511568800203727
1.7223643430775004
1.5945936129548102
1.3506874567672469
1.5391648037991936
1.408082402878179
1.455818564128341
1.6589833018551277
1.4273728992618209
1.211697881428404
1.3996676274330508
1.673604146791822
1.6755886982635635
1.6721353770763088
1.6723153960067605
1.955371474441227
2.0928585288172
1.7256874226910268
1.5988675672182746
1.7875891821598686
1.9678983894516744
1.993324457522504
1.9592168865374409
1.837353905589408
1.7162110916564608
1.6401145396470371
1.7290496313333086
1.6570011571317844
1.6775338705599503
1.745522240198044
1.7908159512665618
1.7428783053533277
1.44529653305951
1.51324544114052
1.801378671339603
1.818992259546228
1.6027063265597945
1.9556785652283315
2.1175265082887447
2.0555902741306142
2.375896290214846
2.1434104906023874
1.744338610992624
1.9632034995200047
2.1317766401220566
1.7996982514830184
1.753169200898242
2.114128867456035
2.291405902401216
2.541752563244831
2.4059351664151087
2.0692624960492214
2.20252025315088
2.391099775330041
2.367710977707092
2.399095866862499
2.326669785986802
2.1167600178124357
2.296260750838768
2.228302650359764
2.0149386681985835
2.221711010257731
2.1890535828311792
2.2358436302077687
2.62542297053198
2.6623191614982624
2.521425016665193
2.4965787087116187
2.4583048100879634
2.394302112992317
2.3788727074242475
2.2049945856393056
2.248445536987316
2.6442948405897835
2.6716867062401466
2.7758113155512274
2.9196499961894813
2.7371094515846046
2.275121914836405
2.05278742184682
2.172785065982986
2.3610825916478144
2.419582651649059
2.465456906911728
2.638445899994169
2.639393622925604
2.620430897262429
2.451162536993798
2.397277518483082
2.565372529638479
2.482785606808486
2.531964827411973
2.802720368127333
2.623191807756436
2.47466773595396
2.592451567305535
2.71917175622574
2.7623040405224684
2.735388384335358
2.73790680265123
2.899187818093952
3.28515793747328
3.234743294419652
2.948986933050849
2.7441380440713594
2.7165348393620032
2.96055262314324
3.155451521006893
3.117547425778269
3.0912624450127386
3.2521980614945267
2.8964783665780782
3.001746857233221
3.122947939898651
2.9099766806216785
3.1940609698322238
3.159553086542136
3.072756087929136
2.7447178621019765
2.6309889557033035
3.1430955078395857
3.260131928558716
3.2720482561632385
3.20349778978989
3.3971107294728
3.5042519941240324
3.4082734473239777
3.5133244218410367
3.3013233205535477
3.284155769964105
3.2831727825217296
3.089753816064387
2.8976873212877363
2.5445473002255503
2.259167762519287
2.5558656316539063
3.0302610348257537
3.101627028854872
2.7767206890210008
2.6970184790757274
3.08209197591142
2.948288644915051
2.762900551635131
2.945699246003308
2.782214858085441
2.5552810244923125
2.3469892714574625
2.125087929851588
2.104510316407933
2.2302951584860558
2.385414855357246
2.378418210329469
2.499555092731573
2.847615867571366
2.8967538994430844
2.911967038573871
2.665218601396743
2.627805568877824
2.9069025244417803
2.832610372768558
3.1826077747012103
3.5025556011844814
3.126057314623947
3.005470098317692
3.231115862295039
3.368791018546001
3.2722433996393776
2.907721490439986
2.891201999269991
2.834577578390969
2.759895217878405
2.583487708483412
2.566831361642022
3.0771180260764743
3.49992474977282
3.3506316349967773
2.945003705338616
2.95491317536462
2.984390125861196
3.0656791108127703
3.110308186095513
3.3347850887794857
3.6414366154904783
3.5103405422093243
3.497755751552323
3.5468773898116592
3.6604292083176087
3.663580414616208
3.531091504916113
3.5947375600952585
3.764139126384747
3.78971556420992
4.052530187831978
3.887270667364553
3.572838958939724
3.8929509553529855
3.889042132891432
3.7299120520047184
3.842179533048109
3.963454317383867
3.972912615054853
4.0141471498081644
3.944690620827224
3.730001433996437
3.60129046600826
3.711177990821037
3.6578141985658488
3.838591946306849
3.986460592227031
3.524768499506867
3.424907946056573
3.767779191265488
3.6891182674275793
3.439321303430736
3.509018882595113
3.9240661953260014
4.164389131701727
4.037825889637134
3.9855254413167
3.680094216483034
3.179697225307404
3.383225436932564
3.6296281638272663
3.776201594508373
3.81996710492485
3.549336566469651
3.3967879721917864
3.700571532766456
4.21171191469104
4.468808377769361
4.182984919478223
3.708153010694797
3.8073843485580814
4.06071713307426
4.009817754467754
4.065793202362601
3.991351094016653
4.000395459332501
3.7767960122513258
3.2952653469997704
3.853342514735669
4.051124103346771
3.68638650442142
3.612961689243491
3.7883072378772136
3.83279177074156
3.658251441930925
3.766351742494857
3.751480460600497
3.977430923331279
4.031933256870877
3.605793878174945
3.224135322260236
3.014441229706599
3.05417109025873
3.2108106738135684
3.6731314133369306
3.449574717263317
3.0591717253417023
3.41891983238832
3.682010509962308
3.695002582708675
3.611305301255928
3.493490450519585
3.087343200408597
2.933758318433591
3.319525712165312
3.346983997537158
3.294931371201412
3.509102630322343
3.52622101695135
3.4251132818862966
3.594377078440468
3.767135549940761
3.799196857746263
3.76758489485524
3.618472117424297
3.6542320094110097
3.919452187853915
4.153135151869175
4.053883010932362
4.061006738885877
3.902026549411103
3.636128203389325
3.90982307787396
4.213490411938049
4.353909640623617
4.338852204589427
4.159600253110638
3.5585787712760784
3.783349434472962
4.127029108024297
3.831598791020985
3.82238521801648
3.8741849176792726
4.09565712726442
4.0458798567326655
3.635414246305408
3.499442598199333
3.730526535439598
3.582244583773685
3.975405771618327
4.473130859203549
4.0016074363178165
3.9227499931059753
3.998373625456748
3.755413877575115
3.8160782567221463
3.904521857356234
4.029471837169731
4.266774322294504
3.958612399428653
3.815969752642228
3.961120175075584
3.8986869614114696
3.766873669371987
3.741543928875723
3.739550958355451
3.635426317222926
3.489528050744109
3.295099377564118
3.3926025625372667
3.2800609642239937
3.1508241888929778
3.5010972970797285
4.145634339244015
4.244010001520135
3.702357231761705
3.9268433268599936
4.191438095873921
3.388659020041
2.923756775952604
3.147651782180913
2.9311075863102003
3.4579165945259938
3.915076595392746
3.272290366792553
3.458619974802273
3.90241027344339
3.790605681182969
3.9787224102746257
3.71532635251669
3.36905295461981
3.5123403561839965
3.5332967328841254
3.5990544241597773
3.699775732762079
3.6711531811633247
3.704819139291047
3.864272281922384
3.919411329172306
3.7326089870547863
3.836163900821088
4.214309942495393
4.036845975631648
4.036510184529714
4.186039061564423
4.344301289293609
4.033545747755764
3.584900273943393
4.206534694360581
4.699142819547988
4.326662795298889
4.098195387865864
3.916446621377256
3.6628396072447353
3.919967408720754
4.258927152628465
4.466181162401961
4.371657978614338
4.407867674013284
4.196293091970508
3.748658027010537
3.794300357935705
4.064555182974828
4.115506329696527
3.957361169115935
3.8011253244714913
3.666347466532838
3.472818861434996
3.422596572728046
3.4970005982281203
3.4413567912123444
3.421425460895776
3.174276160439499
2.972972312971764
2.669116066310327
2.789803209435468
3.349535920501253
3.3113987971701158
2.901692353246049
3.2183733516822195
3.590957388722401
3.5217445732987303
3.633073337662885
3.7583694301932256
3.451927141131941
3.040640590994839
3.1680426530848163
3.39093237516316
3.3746651417956697
3.6963537802539976
3.7782897876028416
3.334433949571563
3.207970678865598
3.342286564487016
3.6543224582973375
4.057742390046405
3.624360674240356
3.0609402609604297
3.230786080411867
3.130569939195858
3.200972486891048
3.190477819122748
3.1676889884845214
3.452364573852178
3.459486867593827
3.276169636184709
3.0846899814109605
2.88809493432685
3.049467416746352
3.404514286709578
3.646270034325718
3.476112920811397
3.200736092473383
3.526363083247064
3.442297896315972
3.788488587117526
3.922941451978038
3.4256839907719963
3.7635203024141055
3.941194959365853
3.743179754087633
3.5896079630242435
3.594741158653528
3.430471158742724
3.4388194116596726
3.4442619956523
3.391561784840626
3.6416287266203167
3.9069655998741193
3.998779788293257
3.955112903079625
3.7959705925462224
4.163958192387121
4.2538264116907945
4.388129067676178
4.412798441736398
3.7867190235612265
4.010324823077944
3.916241574071288
3.815724138138035
3.651467735868705
3.4147127069743317
3.326422569030031
3.38193594411731
3.7651331725059594
3.6019756117540505
3.4123066543370726
3.346140236804839
3.6985461647194624
3.859347846701348
3.7146436336891
3.7565178213070087
3.642528273080493
3.307213051614497
3.120554820040849
3.614530193742956
3.662446370129542
3.4598418006850604
3.3076217891421797
2.998309635619113
3.196187840843752
3.575526303098412
3.723599994724217
4.056728870733759
3.9655262082923217
3.867432435210512
3.909139921619603
3.5690164439233154
3.7580177672348025
4.216639162330568
4.298369456602295
3.7984656094464175
3.544701815325228
3.688026460180496
3.6016847780979777
3.7740533286474216
3.799408171914004
3.6122157752500152
3.932994037294323
3.773188005091926
3.1376332564663967
3.298611568039612
3.627749245510545
3.696580940666776
3.67877318778188
4.031160467861098
4.071725592569884
3.5852801335278546
3.768549623927552
3.5232295468972747
3.7868288955173615
4.26335195263537
4.145731355224056
4.185155939252446
4.289856166383095
4.506366754753063
4.322391502786154
4.255246185133204
4.038701594228309
3.9024544087209274
4.431713830336069
4.4673133180103655
4.347174794442167
4.00679902769952
3.864121169475756
3.9800368055709714
3.821275710315127
3.649778117077279
3.3228389101552107
3.155190346449075
2.9014995100303174
2.823750076549236
3.1314634459735555
3.0050282377189546
3.115252452743252
3.232555061654947
3.0750194181149384
3.0642747951687137
2.932860030774918
3.018170101289325
3.03482031865255
