-0.4579288550266411
-0.2617750032733643
0.1286863396183562
0.3749882640690748
0.4102889151738206
0.580491606755245
0.650888531615143
0.5966304152665658
0.5582702459831795
0.681436923945891
0.8725999653435756
0.6519517901005836
0.6586312363796926
0.8610749921132783
1.065119606925186
1.1720701056256404
1.122336929102242
0.9054681013078474
0.6985116443431432
0.6441259600604279
0.6936779231228911
0.9742039409702749
1.0327650023389634
0.8977405028945178
0.8249161344651144
0.910742117851316
1.0049953551783968
1.3072418786373408
1.63270690398635
2.0604398250096447
2.3548757011473755
2.1352303877311187
2.2767384997890256
2.384201176854579
2.5461342356927905
2.5853643516139613
2.3702213719016845
2.204318309230689
2.468897489452368
2.855997403409454
2.776190140317695
2.7837855208998143
2.791457438659024
2.5580355360571847
2.5121239622549854
2.713560588592557
3.1404160541025505
3.118008391744866
2.7358862166507354
2.876201650903655
2.620711298377687
2.5070070115492165
2.6894293917814003
2.4444865456324734
2.2872270909493246
1.8841739653272864
1.7118539975232845
2.3880680417134594
2.610272276971421
2.5837419648554527
2.830890282312904
2.802209624394325
2.580534612205436
2.748847600468608
3.2179790627662395
3.2649019967293054
3.0926876704706543
3.366286109978453
3.465477862481016
3.032293982206044
3.204727982860527
3.466824615452486
3.14340920335182
3.12014694346931
3.2415020900250875
3.2377631155441517
3.56500308643484
3.730593892579564
3.5647432486329365
3.768081293824773
3.919546705335701
3.9399698257138063
3.990685990026264
3.984047202652265
3.791713072151352
3.5061400391189697
3.8460696792764737
4.020985171450179
3.9328260339448935
4.193351990068304
4.252841785995905
4.11219975931981
4.280701149808599
4.305695447097941
4.231121228043899
4.121914527902079
4.121801718354416
4.393386718648975
4.251566493341743
3.886229791813633
4.319667890427166
4.989545179424929
4.752564155928792
4.565243997535643
4.452006321552069
4.643754538095309
4.97633282939844
4.948864335036509
4.588158779121666
4.565452336118854
4.965118187185659
4.823977881992627
5.014042089384819
5.244176181033275
4.976261985146762
4.710225761710164
4.800779675622242
4.950844855757139
4.568461802696648
4.704674791091255
4.90925397767777
4.889948734934871
5.285243296981167
5.3445820953473095
5.375199961791295
5.152276422034638
4.597983552394032
4.880943233380775
5.0235373485772925
4.844623452075
4.960103830223331
4.688085866771112
4.424390433055914
4.611274447119028
5.149339155361624
5.445991634598326
5.238230012656977
5.480779075026443
5.9222000824612415
5.714673340969492
5.606244319726913
5.77232563818123
5.972238510591069
5.718593021016289
5.501095133575301
5.776706308632271
5.830804125486688
5.757745400427691
5.840775709702459
5.824790233948347
5.562836808816436
5.314641143069289
5.3080036672225965
5.433187386919135
5.417734787131898
5.695323105486791
5.870992925392753
5.4415997607536495
5.057786729297361
4.895454962470283
4.557976801557939
4.17373269306086
4.145042432197434
4.362862817225925
4.985029678800023
5.465976873538917
5.288905724185607
5.008100826899736
5.088240416886557
5.094869186058265
5.351087667632365
5.643648845969875
5.72998937987893
6.11409691748345
5.637954280076372
5.301069250095719
5.883796838375299
6.1333092464117165
5.997098779702728
6.090679075032366
6.321106652439358
6.123309771655533
5.895880397007678
5.963725683237881
6.072858851126486
6.229969182063282
6.223034754010297
6.138043118261031
6.125882742431669
6.007049687124468
6.399232492995485
6.646870274608236
6.505932648726888
6.586129298856711
6.509519351710594
6.528491759950627
6.194431749017631
6.13335171621222
6.592221033380959
6.658866024970028
6.583138831560998
6.2681681056221965
6.224624736149921
6.678143489717961
6.292622787302471
6.25002518199048
6.790867307018807
7.000692740567143
6.887269207451505
6.619202143150901
6.388095077089748
6.268119247755163
6.403764610233881
6.589941233287954
6.785518290253163
6.916873898183375
7.042102839502636
6.947382796335005
6.721261525252771
6.735210891314827
6.850674798205231
7.0040833708759
7.057025864765251
7.083418128717662
6.989343373100442
6.760656854495266
6.7748794972144175
6.80092976013011
7.2353656586949056
7.078465569607625
6.63764932146414
7.1673236247912415
7.285465113867572
6.747413172116624
6.566037076547361
6.781168083708659
7.036743071164686
6.67886018531503
6.611216842610833
6.919217260821214
6.548271047547449
6.544116753847303
6.649555425417678
6.312648811796745
6.253172496674577
6.682873930133894
6.761237520126651
6.493314327527051
6.960098854303718
7.130663520033556
6.796500828602949
6.913204501951994
7.247555950790959
6.686744036294742
6.744741349999885
7.31437854151198
7.252215399014054
7.276462817670096
7.037034919535696
6.796259314971758
6.815909166918577
7.172962295013135
7.41191900458346
7.268040206520293
7.333546405589821
7.621532030867684
7.409416675126254
7.0274136976410695
7.069815773412956
7.23143340785074
7.405180820858764
7.473322261462559
7.441994728069528
7.609754347662913
7.527961815420489
7.316213602020928
7.224142874771073
7.362063546802229
7.297446164249506
7.224169843371053
7.744071759990507
7.820466640651283
7.324492602238616
7.1823289012933165
6.957141591731856
6.963923292012405
7.256749875983539
7.2513485103121775
7.377735164201946
7.606810722907979
7.792242769006282
7.656120940340847
7.910905301635549
8.23520975958481
8.041962533818623
7.455171861253347
7.021652741692657
7.248770103062295
7.2937221541868915
7.215162492841135
7.039144117090664
6.845089604394239
6.965909941872514
6.866923615462572
6.749937442437348
7.069760889427413
7.368658566424001
7.371689874614984
7.1071229487758
6.733390440206787
6.842062887717548
7.487453814261768
7.675499371987097
7.989793457541192
7.922442036738736
7.5871236234291
7.777599436348856
7.517603940834008
7.394070863092075
7.532221032280709
7.730273338468293
7.871088176591988
7.532549160823777
7.680184935120089
7.747220753131776
7.976787374023103
8.42739874568097
8.186555152470559
8.0871342226598
8.05715042044097
7.645580020329941
7.276345819515371
7.220902751228157
7.370680000405409
7.915676285386955
8.154988795787009
7.961472610968095
8.214083775763282
8.241813276628454
7.905068707450312
7.836595353470415
7.771509197947924
7.661440598523773
8.077509956202459
8.456424978049915
8.099302593038539
7.797638900611723
8.004606560857138
8.385389669739817
8.10779278332939
7.647748740136962
7.709458558124828
7.970067187405916
8.309051314500712
8.44941833658917
8.352855939125996
8.123467088640206
7.909358540014564
8.234479501022022
8.460951760148022
8.377672495656558
8.399920072375853
8.457509496137327
8.324682196293724
8.369871433004672
8.350955007941542
8.288215778099168
8.479421353072798
8.07780329302416
7.836920933113861
8.211179314773538
8.21716905459456
8.065883787889065
8.036814860539158
8.116243305866629
8.11127416474445
8.455838784735434
8.651664195763107
8.578134313632342
8.482534429773532
8.54401364583291
8.744213959392058
8.338020291910045
8.063042840976212
7.863474164213626
8.182570729888399
8.544665376136976
8.418315317138196
8.33088988800726
8.51807021357391
8.77243649480724
8.630583291160496
8.249663817396328
8.267554037629942
8.51367474783555
8.592444938361087
8.610290538020509
8.624950000218417
8.22581488103229
7.925703878958526
8.35890904767673
8.39979134969276
8.163634991382652
8.1679895522392
8.214560069723934
8.375517120237735
8.283184485351164
8.343493666294673
8.300439543211427
8.14917594863143
8.253453923864214
8.184665069463483
8.28552474993684
8.283471188320215
8.196748990730887
8.055319583876292
8.003609233880008
7.893571280993568
7.802965839166202
7.828349990739793
8.166506412032904
8.343007758259965
8.111810452210264
8.332376258396444
8.521514629241649
8.188703398790212
8.101532787941014
7.940936694409579
7.55654547902247
7.753784246890799
7.653864030398396
7.660870446304869
7.991151954774932
8.231658603449555
8.411024953639894
7.927327645606445
7.947482988877661
8.649028275742307
8.459115980156206
8.52920685123828
8.920492448774365
8.830419832166278
8.71571615972715
8.766323588538652
8.61908371432709
8.554272378163523
8.927680013110761
8.976377732871178
8.532561404088685
8.455173550422543
8.61190684677759
8.304219611120693
8.385307588547109
8.243723619254416
7.926226395318582
8.38674995466276
8.778156518245087
8.7698789951023
8.905738401609517
8.557630009327914
8.589865245516775
8.935176738010334
8.789035783817926
8.67181331108971
8.187974954561785
8.348503639794194
8.815724398902809
8.89304173407011
8.754164224927086
8.584676050546545
8.795049065362074
8.532178314664995
8.837635078280798
9.079508006864536
8.987378239814358
8.768397580622375
8.08644210791977
8.589495763633378
9.07136060421101
8.98378410029535
8.915694577358579
8.77309204974583
9.017948683019467
8.839692095939316
8.794350198421482
9.329630645086873
8.989829378594738
8.444260440570325
8.829078792756407
9.302700776465915
9.047013488377065
9.07584505558089
8.852527342778842
8.471345298887373
8.508619515205122
8.611139890827708
8.774427647324035
8.427472339076825
7.700295729375424
7.456520468155204
7.556120758226188
7.536939783225193
7.501379595892476
7.927806367262092
8.272527404780801
8.243630430610164
8.348382624130695
8.337866066089644
8.114465077439663
7.514862295754598
7.028537405993047
7.146536568689295
7.191655871646269
7.302854885237505
7.258114609057925
7.26051714945023
7.519384502674383
7.894027912943663
8.354311741718522
8.076766573488772
7.761251069062021
7.1657970778711695
7.16942870657353
7.948030768876464
8.323172507257338
8.510209162481368
8.241090704406611
7.686231539973258
7.5514718864276436
7.679808527843477
7.948597233015159
7.94879794766533
8.023642720447976
8.276496413766251
7.884525331291412
7.65218984414659
7.813716413579049
8.187246613305659
8.512558169729669
8.666095376434107
8.814274222171994
8.527941311264614
8.419540193949944
8.57404287064376
8.5931115107457
8.72518298999798
8.845018042993052
8.819540152680078
8.675964057184682
8.49447641421262
8.360878590321839
8.287933109043074
8.230397950800661
8.371711730098003
8.129355772856002
7.742750441263948
8.251773106412083
8.756195691928191
8.478705184712245
8.3352992155074
9.10187038225827
9.06878758586113
8.514696752581612
8.861642798231163
8.899124912993729
8.842847864953685
8.534082555959996
8.284989117579293
8.125787589428754
7.823661478709783
7.7299771823334575
7.987708913337562
8.387425276691973
8.162862112244943
8.007232465642403
8.12556151383802
8.579450509819187
8.612128763174296
8.303817012793736
8.216346294661285
7.848808670307135
7.926805404955448
8.486656828228956
8.55569243799277
8.423985132910909
8.779500555800235
8.883176916101407
8.972694606689947
9.020137555247006
8.981617649684269
8.705952456386129
8.74797591371655
9.171958791862645
9.01538671769209
8.94857741126013
8.990167861680035
9.222040436902017
9.22387026753772
8.789880878125077
8.8163678218216
