-6.1770000000000005
-5.6449
-4.749699999999999
-3.497899999999999
-2.1541
-1.0144000000000002
0.0369
0.4268
0.6648999999999999
0.5827000000000001
0.4142
0.6772
0.6938000000000001
0.6092
0.5119
0.3686
0.4965
0.5154
0.3899000000000001
0.5749000000000001
0.6324000000000001
0.8882999999999999
1.05
0.8947000000000002
0.8890999999999998
0.8355
0.9431
1.0705
0.9722
0.9141
0.9346
0.9439000000000002
1.1169
1.1342
1.0876
1.3361999999999998
1.3996000000000002
1.2717999999999998
1.4068
1.6769999999999998
1.8192
1.7347
1.6609
1.8439000000000003
1.8273
1.795
2.2240999999999995
2.3719
2.3184
2.3521
2.1481
1.8903
2.0286
2.2543
2.3973
2.3997
2.1471
2.4313
2.5496
2.2603000000000004
2.5315
2.6422
2.765
3.1507
3.1158
2.7435
2.6849000000000003
2.8802000000000003
3.1023999999999994
3.2386
3.2599
3.2648999999999995
3.3481000000000005
3.4105000000000003
3.2309
3.2799
3.313
3.2673999999999994
3.285399999999999
3.4759
3.5734000000000004
3.5084000000000004
3.458400000000001
3.4997
3.8562
3.7904
3.6113999999999993
4.0946
4.322
3.9617
3.6315
3.7631
4.0749
4.2724
4.3226
4.0992
3.9566
4.159199999999999
4.4285000000000005
4.3495
4.1925
4.465199999999999
4.459
3.9087
3.728500000000001
3.7175
3.3048
2.9511000000000003
2.8320000000000003
2.932699999999999
3.223499999999999
3.296400000000001
3.4507
3.5091
3.6309
3.702
3.8486
4.4354000000000005
4.5915
4.8217
4.8902
4.6976
4.7781
4.7417
4.9208
4.797000000000001
4.3878
4.0311
3.9852
4.4081
4.6213
4.6686
4.785
5.2264
5.3176
5.0495
4.826999999999999
4.856599999999999
4.957800000000001
4.8229
4.9727
4.8937
4.750499999999999
4.9547
4.995299999999999
4.8894
4.7152
4.7787
5.0689
4.8838
4.6979
5.027699999999999
5.251399999999999
5.415900000000001
5.668899999999997
5.6518
5.5151
5.5516
5.6122000000000005
5.4655000000000005
5.038399999999999
4.887300000000001
4.856400000000001
4.8267
5.3005
5.650499999999999
5.573500000000001
5.388600000000001
5.6678
5.947099999999999
5.933300000000002
5.954600000000002
5.9617
5.878500000000002
5.8072
6.0963
6.399699999999999
5.903299999999999
5.7627
6.0422
6.0449
6.3103
5.7929
5.682899999999998
6.2951
6.1479
5.9254
5.945499999999999
5.921600000000001
5.837899999999999
5.798100000000001
5.869799999999999
5.889500000000001
5.977899999999998
5.948099999999999
5.511300000000001
5.470100000000001
6.068800000000001
5.884200000000002
5.992000000000001
6.823099999999998
6.511799999999999
6.5247
6.744199999999998
6.7384
6.9035
5.9934
5.995899999999999
6.5922
6.4442
6.2318
6.2411
6.6615
6.844199999999998
6.6953
6.1261
5.9499
6.368399999999999
6.6127
6.5166
6.6167
6.673800000000001
6.763999999999999
7.235800000000001
6.9073
6.431699999999998
6.6233
6.6361
6.547499999999998
6.426799999999999
6.493600000000002
6.668399999999999
6.5461
6.458399999999999
6.226299999999998
6.275899999999999
6.4287
6.395099999999999
6.4985
6.6416
6.706900000000001
6.562900000000001
6.558399999999999
6.623599999999999
6.591499999999999
6.434499999999998
6.6178
6.890899999999999
6.6067
6.6392
7.101800000000001
7.082399999999999
6.7756
6.6443
6.9998000000000005
7.069899999999999
6.734000000000001
6.857700000000001
7.111400000000001
7.295699999999999
7.1248000000000005
6.670000000000003
7.087799999999999
7.141099999999999
6.821500000000001
6.992100000000001
7.2749000000000015
7.465299999999998
7.247100000000001
6.9819
6.8027
7.1586
7.6902
7.3775
6.7896
7.198300000000001
7.5653
7.3465
7.330399999999998
7.5889
7.401199999999999
7.186599999999999
7.370100000000001
7.561
7.4683
7.373699999999999
7.7589
7.920099999999998
7.607699999999999
7.7089
7.848499999999999
7.6173
7.5181
7.3304
7.5689
7.885499999999999
7.764500000000001
7.7036
7.517799999999999
7.5415
7.5699999999999985
7.741299999999999
8.0248
7.881900000000001
7.579099999999999
7.480900000000002
7.5817
7.6986
8.0411
8.2246
7.9441
7.735399999999999
7.614299999999998
7.750300000000001
7.692199999999999
7.352
7.355099999999998
7.1041
7.2572
7.628699999999998
7.864
7.7323
7.7877
8.021
7.0577
7.0823
7.718900000000001
7.715599999999999
7.830200000000001
7.7567
7.719299999999999
7.0933
7.104
7.690500000000001
7.8149000000000015
7.8152
7.959499999999999
8.195
8.0673
7.9681
7.808000000000001
7.852000000000001
7.944400000000001
7.684099999999998
7.831200000000001
7.8274
7.6597
7.6279
7.748900000000001
8.073
7.8914
7.9533
8.3373
8.3078
8.096499999999999
7.8668
8.060400000000001
8.6091
8.5022
8.2038
7.897799999999998
7.844399999999999
7.5241
7.1061000000000005
6.945799999999999
6.104400000000002
6.0131000000000006
6.335800000000001
6.453399999999999
6.621
6.973299999999999
7.346000000000001
7.5389
7.7321
7.63
7.849599999999998
7.9118
7.658200000000001
7.512600000000001
7.668299999999999
7.895399999999999
8.111899999999999
8.109299999999998
8.0056
8.0908
8.0177
8.2629
8.398900000000001
7.9632
7.967900000000001
8.595200000000002
8.377200000000002
7.9917
7.795
7.624999999999999
7.8043
7.813299999999999
7.682900000000001
7.678199999999999
8.1191
8.3682
8.1609
7.878000000000001
8.066799999999999
8.410400000000001
8.5031
8.3278
7.629100000000001
7.490100000000001
8.1698
8.6179
8.6922
8.5083
8.239899999999999
8.316799999999999
8.3913
8.238700000000001
8.076200000000002
8.2954
8.4159
8.213199999999999
8.322899999999999
8.3328
8.032499999999999
7.9826
8.287
8.4486
8.5676
8.5961
8.455300000000001
8.274500000000003
8.3751
8.3095
8.2449
8.3996
8.0401
8.127699999999999
8.3793
8.280800000000001
8.1588
8.343000000000002
8.5183
8.2173
8.0927
8.251600000000002
8.307100000000002
8.0207
7.806199999999999
8.0734
8.327800000000002
8.2363
7.819
7.0775
7.1004000000000005
7.472300000000001
7.149299999999999
6.964300000000001
6.917399999999999
6.737699999999999
7.3584
7.892299999999999
7.881500000000001
8.2243
8.6713
8.5661
8.431000000000001
8.1397
8.1526
8.7357
8.724
8.6627
8.5593
8.6155
8.3918
8.1432
8.849799999999998
8.888799999999998
8.5377
8.5298
8.485899999999997
8.530800000000001
8.476199999999999
8.445500000000001
8.6286
8.6086
8.596
8.6276
8.258600000000001
8.1374
8.396
8.6811
8.7204
8.633299999999998
8.7447
8.726600000000001
8.623899999999999
8.616599999999998
8.644800000000002
8.7799
8.804699999999999
8.953499999999998
8.671599999999998
8.721000000000002
8.8343
8.4732
8.6416
8.6639
8.8834
8.954600000000001
8.550099999999999
8.594199999999999
8.5074
8.5437
8.6611
8.433200000000001
8.4126
8.416100000000002
8.3979
8.703899999999999
8.8087
8.527700000000001
8.633499999999998
8.484000000000002
8.0978
8.0128
8.488
8.9477
8.9618
8.8625
8.7795
8.783800000000003
8.645
8.771899999999999
8.795200000000001
8.5749
8.7264
8.526
8.374899999999998
8.636000000000001
8.5573
8.506099999999998
8.817299999999998
9.005500000000001
8.796299999999999
8.7914
8.5946
8.632600000000002
8.8675
8.5315
8.7736
9.1493
8.752
8.3376
8.261000000000001
8.397399999999998
8.3687
8.1956
8.0273
7.926599999999997
8.0741
7.923800000000001
7.500599999999999
7.742099999999999
8.025400000000001
7.8374000000000015
7.6848
7.434400000000002
7.352900000000001
7.3169
7.0563
7.2477
7.400899999999999
6.992699999999998
6.515899999999999
6.3768
6.956400000000001
7.2894
7.054399999999999
7.407399999999999
8.0451
8.3243
8.072500000000002
8.0626
8.185699999999999
8.2091
8.4678
8.3298
8.401800000000001
8.7008
8.648099999999998
8.2079
7.984500000000001
8.053500000000001
8.2549
8.428199999999999
8.3298
8.182699999999999
8.4589
8.5048
8.169300000000002
