-4.0326
-3.4647
-2.347
-1.2292
-0.2092999999999999
0.3155
0.5405000000000001
0.5780000000000001
0.6047
0.5266
0.4211999999999999
0.4955999999999999
0.4865
0.4856999999999999
0.4247999999999999
0.4788
0.3877
0.2056
0.3023
0.5097
0.4109
0.4680999999999999
0.5901
0.384
0.5439
0.7437
0.6373
0.5244
0.7672
1.0345
1.0469
1.0064
0.9613
1.0177999999999998
1.0148
1.0212
1.1547999999999998
1.0732000000000002
1.0363
1.3217
1.3204
1.1125999999999998
1.1468999999999998
1.0979
1.2894000000000003
1.4135999999999995
1.4227
1.3377
1.2264
1.6710000000000005
1.9382
1.7523999999999995
1.7293999999999996
1.6902
1.3974000000000002
1.4218000000000004
1.5523000000000002
1.5946
1.922
2.176
2.059
1.6651999999999998
1.7200000000000002
2.2503
2.0153
1.5334
1.6683
2.0563
2.1512
2.1455
2.2159000000000004
2.3534
2.494
2.6979
2.6603000000000003
2.5252
2.728700000000001
2.7778
2.8495000000000004
2.6890000000000005
2.9602999999999997
3.1398
2.5571
2.5752
2.9079
2.8687
2.779200000000001
2.9977
3.1193
3.0647999999999995
3.1219
3.1854
2.9020000000000006
2.893200000000001
3.2637
3.3004
3.1968
3.1694
3.5046
3.369
3.0707
3.129
2.944500000000001
2.9577000000000004
2.919200000000001
2.8336999999999994
3.1904000000000003
3.3873
3.633600000000001
3.8678
3.7343
3.5675
3.4188999999999994
3.6212
3.8024999999999993
3.8099000000000007
3.9419999999999993
3.894599999999999
3.8808
4.082800000000001
3.9103
4.0367
4.125900000000001
4.186499999999999
4.2116
4.2674
4.3727
4.126399999999999
4.0079
4.0956
4.181499999999999
4.2179
4.3572
4.4
4.2759
4.076999999999999
4.154100000000001
4.244800000000001
4.1065000000000005
4.1898
4.2428
4.0284
4.4396
4.5209
4.347600000000001
4.1514
3.8082
3.7258
3.478299999999999
3.6948
3.9536
4.1734
4.218
4.0161
3.9185000000000008
3.9208
4.2972
4.3916
4.517
4.569800000000001
4.4945
4.5968
4.524399999999999
4.599
4.403099999999999
4.1557
4.4585
4.3567
4.0145
4.0355
4.556299999999999
5.0655
4.9852
4.8115000000000006
4.6727
4.717600000000001
4.866299999999999
4.637600000000001
4.4045
4.813299999999999
4.983499999999999
4.5699000000000005
4.4325
4.5297
4.2372
3.9838
4.018299999999999
3.7964
3.8164
4.093
4.4261
4.7033
4.4222
4.592
4.7631
4.5042
4.430400000000001
4.3201
4.316
4.5583
4.6338
4.6871
4.6506
4.3466
4.6119
5.081799999999999
4.9866
4.993499999999999
5.0524
4.6531
4.663999999999999
5.0892
5.275999999999999
5.0102
4.8127
4.943300000000001
4.9521
5.0916
5.187099999999999
5.1067
5.307299999999999
5.2756
5.1995
5.2249
5.1257
5.1223
5.1049
5.387899999999999
5.359000000000001
5.066700000000001
5.046600000000001
5.0708
5.141900000000001
5.1014
5.143400000000001
5.511300000000001
5.478000000000001
5.576899999999999
5.6602
5.331399999999999
5.2868
5.266699999999999
5.3652
5.3918
5.4831
5.360399999999999
5.297899999999999
5.4527
5.2408
5.438400000000001
5.792799999999999
5.436299999999999
5.554499999999999
5.9236
5.818099999999999
5.9923
6.0303
6.124199999999999
5.963599999999999
5.802700000000001
5.610999999999999
5.444299999999999
5.688
5.600599999999999
5.883800000000001
5.9072000000000005
5.750400000000001
5.928
5.7047
5.288199999999998
5.0971
5.3024
5.4791
5.555699999999998
5.5394000000000005
5.067
5.0017000000000005
5.709
5.9642
5.888399999999999
6.0516000000000005
5.9787
6.198699999999999
6.253200000000001
5.762399999999999
5.688700000000001
5.673999999999999
5.9167
5.953400000000001
5.7813
5.916600000000001
5.8096000000000005
5.6588
5.8409
5.9689
5.6359
5.5519
5.771599999999999
5.7966
5.9089
6.3004
6.0873
5.5461
5.632999999999999
5.581999999999999
5.1128
5.1454
5.4911
5.7388
6.0175
5.9253
6.086400000000001
6.1701
5.847300000000001
5.779000000000001
5.709499999999999
5.7286
6.115899999999999
6.0851
5.7676
5.6437
5.5336000000000025
5.6626
5.8947
6.203200000000001
6.2714
6.1305
6.091799999999998
6.239299999999999
6.0433
5.905799999999999
6.174200000000002
6.1244000000000005
5.740799999999999
5.8048
5.7597000000000005
5.702099999999999
6.546899999999999
6.550500000000002
5.7624
5.7056
6.025
6.0844
6.096699999999999
6.1426
6.1886
6.322800000000001
6.133700000000001
6.1847
6.088900000000001
5.529300000000001
5.304399999999999
5.205299999999999
5.430299999999999
5.953199999999999
6.454199999999999
6.6849
6.6694
6.3714
6.203399999999999
5.972900000000001
5.8889
5.925400000000001
5.539
5.276500000000001
5.643299999999999
6.2485
6.258000000000001
6.009499999999999
5.8514
5.6163
5.0212
4.6491
5.1249
5.672900000000001
5.5889
5.437000000000001
5.437800000000001
5.950000000000001
6.3308
6.117600000000001
6.001200000000001
5.8372
5.817
6.102599999999999
6.136499999999999
5.8768
5.958200000000001
6.177700000000001
6.3619
6.089899999999999
5.896100000000001
6.119800000000001
6.135199999999998
5.880800000000002
5.433899999999999
5.5337
6.009100000000001
5.9055
5.9649
6.192200000000001
5.884499999999999
5.638100000000001
5.8584
6.203999999999999
6.294099999999999
6.3688
6.2052
5.579199999999999
5.436
5.831699999999999
5.827100000000001
5.615299999999999
5.3711
5.1629000000000005
4.9672
4.725
4.747299999999999
4.8023
4.7958
4.5074000000000005
4.722700000000001
5.3283
5.284599999999999
5.077099999999999
4.963100000000001
4.7812
4.8325000000000005
4.636199999999999
4.5568
4.8658
4.642799999999999
4.6191
4.749999999999999
4.8036
4.875699999999999
5.1305
5.7868
6.085299999999998
5.746
5.7449
5.715199999999999
5.7575
6.038400000000001
6.2318
6.5236
6.261099999999999
5.919700000000001
6.003599999999999
5.840199999999999
5.8325
6.0697
5.962299999999998
5.676499999999999
5.743799999999999
6.0502
6.068200000000001
6.1064
6.3675
6.431200000000001
6.1803
6.125
6.2923
6.204200000000001
6.049899999999999
6.1875
6.2606
6.136199999999999
5.9436
5.7847
5.950500000000001
6.2833
6.3597
6.368499999999999
6.3504000000000005
6.322499999999999
6.276300000000001
6.0017000000000005
5.8228
5.9117
5.892599999999999
5.902199999999999
5.940500000000002
6.369600000000002
6.5912
5.853699999999999
5.519499999999998
5.9929
6.410199999999999
6.5894
6.169700000000001
5.9107
6.327499999999999
6.6320000000000014
6.398699999999999
6.1009
6.315799999999999
6.424600000000002
6.260399999999999
6.2199
6.153099999999999
6.089599999999999
6.217199999999999
6.2595
6.3592
6.379599999999999
6.4769
6.394099999999998
6.2071000000000005
6.197199999999999
6.1541
6.3414
6.205500000000001
6.2696
6.4228000000000005
6.344600000000001
6.391299999999998
6.1404000000000005
6.018799999999999
5.9974
5.901299999999999
5.861799999999999
6.0687000000000015
6.3089
6.2801
6.2937
6.441999999999999
6.347199999999999
5.9552
5.8761
6.038200000000001
6.188999999999998
6.471500000000001
6.675000000000001
6.5374
6.253299999999999
6.2688
6.167000000000001
6.1019
5.994200000000001
5.7494000000000005
5.7901
5.8707
5.795
5.6784
5.767
5.840599999999999
5.850000000000001
6.0688
6.2504
6.270099999999999
6.2946
6.1974
6.270600000000002
6.4864
6.364599999999999
6.1429
6.409900000000001
6.557300000000001
6.027399999999999
6.036200000000001
6.3580000000000005
6.4388
6.5385
6.553900000000001
6.602999999999998
6.5718000000000005
6.521
6.186599999999999
5.930499999999999
6.1174
6.0526
5.795999999999999
5.768200000000002
6.451400000000001
6.9987
6.6826
6.5634000000000015
6.5543
6.341800000000001
6.3875
6.4755
6.1722
6.3361
6.7434
6.699199999999999
6.573200000000001
6.527699999999999
6.162200000000001
5.9336
6.5360000000000005
6.702099999999999
6.5752
6.542800000000001
6.5779
6.515199999999998
6.380099999999999
6.3622000000000005
6.396399999999999
6.352900000000001
