-1.7865593766570689
-1.578846353424486
-0.919589141912048
-0.3094546522300055
-0.0121276017465793
0.2350885228014129
0.327174690333648
0.4771370080491015
0.4520562853560128
0.232575813425632
0.3933610656059128
0.6856154025595661
0.681964424419664
0.4615590677805779
0.4067009936437076
0.4356898830390054
0.3895524178873121
0.4274217796371284
0.4437196725287135
0.5120077561118532
0.5490655916515234
0.5094276282988963
0.5809642404701351
0.5514319746749387
0.5906635754818641
0.4662459840201964
0.3492438824429858
0.5106506507589116
0.565324761460841
0.7046153470868696
0.813389221555704
0.6035352421011335
0.5460356401564986
0.7127214511387998
0.8196197992254602
1.111795625074672
1.1034071032345971
1.041772818370886
1.2254007259517743
1.2230350378884531
1.170865435890227
1.3948598586098098
1.4774818473050884
1.232723234958748
1.149481028684208
1.1583264022307862
1.0662148334931276
1.3249547480363035
1.5180532074871982
1.469329560161465
1.8137865608646608
1.713838826044817
1.4770077623569606
1.2616833997196557
1.0548439690326037
1.4192247143255223
1.722791026464072
1.8138327577291349
1.6602761700606852
1.4129714172224033
1.3732776707684398
1.5141663765602915
1.7157917574480888
1.7032968583703456
1.8968985493268744
2.045078717628726
2.1837741267990114
2.3255610543749325
2.429299382105949
2.4315330572402134
2.430921132477126
2.5620286348964667
2.445843990484681
2.353328357694816
2.432579459321528
2.5660494297370957
2.6593277361985543
2.6960473717692377
2.6247652035559934
2.5753364902609843
2.831450478548305
3.117109419718235
3.318390474114981
3.2526700600904803
3.0699398541464693
3.069482622093779
2.76158439289457
2.9278653748502874
3.1020636119903195
2.955472687676349
3.06896204785946
2.938735116763283
2.9344135418751467
3.197742945685302
3.288640030148806
3.1077602080410043
3.08255022030735
3.363481033580539
3.5377497360894847
3.363318277414569
3.236582680940148
3.4415889747075856
3.679727913689559
3.7509495279228617
3.487507645816117
3.422830817074407
3.352162800693163
3.1310983290360355
3.107530328826583
3.29276251823439
3.4957783528672035
3.812197495624301
3.914578101254327
3.852927520941311
3.884063568581969
3.93156969629766
3.994716214732105
3.907193018873565
3.558114546493856
3.3234469528148423
3.447520125594145
3.499696781820364
3.500364079066053
3.595880725014569
3.742477523771212
3.852883602673679
3.835038799514789
3.899780646347117
3.893699653969137
4.077567158944773
4.425300736717719
4.4316696255754815
4.563859314069651
4.332641894873162
4.10549463942993
4.112279386824986
4.319976492494588
4.52166742166667
4.41613960972564
4.301500827085725
4.202406624123575
4.463141204416761
4.742187921995972
4.862025060716897
4.788560916499589
4.410147294374252
4.42276095404373
4.741820151639407
4.775940910393851
4.778143953731007
4.816872216129459
4.653922814120077
4.805532486003486
5.142019733595318
4.961234751773568
4.349757092506598
4.45904175671786
4.802002689081931
5.06458349186334
5.151114215701544
4.996628875699101
5.356569352467257
5.297989464921988
4.902670331400061
4.973619020474725
5.073056395491791
5.037876352651249
5.108446088927758
5.166989439448429
5.105538660540597
5.073777277305273
5.199913835160874
5.20832673879315
4.955581621564416
4.723529107955567
5.01482616724109
5.226756966833751
4.968539818285384
4.508027993699591
4.495531287221855
4.614936707053087
4.810163419420501
5.107661242795231
5.01052444909012
4.941006614553924
4.959923048092017
5.091830350128181
5.08756097975461
4.997542135813507
4.962159133587762
5.086768462095056
5.059249631881705
4.880684550649539
4.798411795281887
4.850408867363081
5.284635404673095
5.512674955048486
5.483271791344228
5.299006992846505
5.11968827472287
5.2797267717211405
5.289660492375427
5.234511459695774
5.020690933032026
5.015497710791054
5.056556312637657
5.073307526240692
5.232431510716634
5.168762647528183
5.1319801372233735
4.970219568375332
5.1819242649772095
5.175769057131374
4.935330864995004
5.354975158484291
5.444039016732699
5.143590912896865
5.249861110987224
5.351486927373607
5.2653389859551245
4.825979876767197
4.518070128802126
4.627484434596213
5.377594197059023
5.921477466063071
5.7485876916694245
5.284075542020828
4.864401869877078
5.03331210472184
5.286002682490999
5.252795868362576
5.1787529295978265
5.262632362528832
5.383699566387142
5.5772622454013
5.232469046800897
5.328366464095131
5.549209107446462
5.190340207379034
5.403572457108623
5.4395348939072345
5.471280204889155
5.7954085311715176
5.385556017309776
5.326002495328851
5.718610791919665
5.654808597261299
5.550961688593954
5.684551991047794
5.373545912868011
4.966241728300961
5.085566752343109
5.335973195529317
5.438079208432731
5.452301746076081
5.748210948504196
5.819947748034125
5.5167481791264334
5.43999323459062
5.728266277661748
5.607418093032263
5.562507913964874
5.647707383748376
5.761107989885951
5.970454852052119
5.941603984809145
5.620858184356413
5.362234912210115
5.590263517169968
5.729262726423412
5.6174412734469925
5.579604639341408
5.976771436448783
6.28327296075426
6.067998346644096
6.033944543226579
5.942607998682335
5.768049478226853
6.013689835993258
6.017185439326364
5.777657575521111
5.616177872878121
5.690047605651621
5.826972521328178
5.821496832153066
5.809194719003724
5.7583608592977535
5.7675165708830445
5.8537453343060415
6.100352534446828
6.227730724675167
6.020051349376935
6.028350262037767
5.947125414648887
5.92638919329298
5.8042019311839965
5.866480300693662
6.170385114734972
6.1954098402490585
5.992120585333169
5.8966823854939445
6.121480388132413
6.173830485849945
6.1251897797786485
6.1320387215622425
6.000049275405313
6.093778087186892
6.372764012553396
5.830217529412401
5.3664213516063
5.657607233813293
5.958193149618605
5.885390629545575
5.426683377799495
5.498194692359177
5.3818055534229226
4.994761417087857
5.250873696912197
5.699396165534031
5.765571265327968
5.383866803513732
5.130365496281631
5.165478564174623
5.195148882402071
5.397114405817538
5.694054434704904
5.687466086146502
5.546022088757207
5.454726030606394
5.506818279734535
5.676687976678448
5.984051843067125
5.891394721380265
5.731852445493846
5.802855627625112
5.78612775095801
5.919086103569826
5.77498634620439
5.42603431424545
5.295322596280803
5.496966006660327
5.773932644512928
5.629534378436367
5.342199458319136
5.357700847754296
5.365176623224734
5.430392787575454
5.317354560595083
5.336140082295998
5.960877265221223
5.9930360302300185
5.6983905694036014
5.66718237244953
6.054014872738933
6.265100890956151
6.1469730134272345
6.153176370009626
6.112664959506025
6.3267168336348405
6.210077012402237
6.256771127963633
6.240549881774733
5.647713262093752
5.569653062539793
5.11413818904888
4.902388933124222
5.598070132961685
5.810509325969923
5.812635634111278
6.186375680219723
6.254234825348044
5.700342537813629
5.744367402599625
6.061426850781653
5.919904389578468
5.902857719533475
6.17059296351036
6.388685702567099
6.15807932770999
6.037960855444513
6.091048763055392
6.050095959475922
6.005148778665999
5.896860994534339
6.234070894583857
6.173563303740321
6.008845584419347
6.243905036587424
6.144586071306858
6.245057658273632
6.387114595110071
6.474949369244699
6.502756583589685
6.0221283060446895
5.82066341755135
5.7296264440686695
5.923882066891059
6.412306478064022
6.326148243979426
6.411995357127243
6.585842074546524
6.472496079629012
6.405110664626903
6.3899402054214
6.23145542220826
6.160254533703176
6.007901713888608
5.933059273215863
5.990215270643945
5.900300896575425
6.01354240723759
6.115826439409318
6.083442654995722
6.297752808188457
6.374396270710121
6.128944923476359
6.156006269960038
6.376916869370775
6.553404345394153
6.96799842001727
6.99025052131824
6.674387084125711
6.648971473262071
6.719168834572653
6.599706664194298
6.370695682473662
6.32133360866005
6.759989467294993
6.824851820290656
6.666341945776585
6.798197535814299
6.628250671410079
6.473835421996094
6.462069142964997
6.57670111644604
6.651484735372755
6.373187112192224
6.068699474715682
5.995379298199266
6.168343550040495
6.564914774263563
6.612893823192112
6.7062118050406045
6.898783313920094
7.018586724221153
6.850984472220602
6.385121784144115
6.583302535928598
7.017756580402188
6.699054905606661
6.028552828207292
6.193650368344663
6.515401127079854
6.391559583430832
6.854361154270132
7.028412876239546
6.48197972372859
6.462056100761389
6.555924314973169
6.759288433047
6.729695719676965
6.6128403675725815
6.853412367585728
6.691483409460285
6.586836465126376
6.951066564048906
6.8564824940226
6.367777544438721
6.492359172398311
6.77032620563489
6.870598021703854
6.966450274406295
6.990457969606044
6.655535249306618
6.515242415063873
6.398569258879941
6.368362038370526
6.564512657988936
6.382743574137549
6.388724362862766
6.675334426880646
6.950292404189319
6.982115934705648
6.751516470518306
6.368489866025133
6.38670181386213
6.9777014357135885
7.153026177327158
6.548508481474929
6.098146835305057
6.464691534425454
6.784627163004388
6.848743023411243
6.982623458651537
6.775290117259633
6.575286982897889
6.55489127111245
6.380766021091062
6.3560763053482265
6.286527545954465
6.379543548165328
6.833910016259357
6.797337658053424
6.556630747722052
6.56268778257251
6.380395915524007
6.217519278727026
6.374007053667957
6.6866774727098655
6.714427513605164
6.489265259264415
6.218405920481055
6.15044358415727
6.249460240603237
5.976517539034236
6.000889453570193
5.941014415087486
5.838173999863048
5.982367255671851
5.9621452070489145
5.9288038104221865
5.737350697103958
5.43375214621538
5.801969031382169
6.147942140939923
6.16772460823689
6.441474815343623
6.560774068540374
6.189208007018224
6.060846602525234
6.2966460090175405
6.513482084059552
6.876485091766427
6.690312677506391
6.676361078374729
7.014767148632794
6.875804367359171
6.808017526826598
6.894538878055155
6.973733688151888
6.745201261084648
6.758514809969025
6.971811902107638
6.732547221157058
6.340530815532328
6.375378644779508
6.624102671266336
6.734389707238085
6.9182753800697325
6.672918629854439
6.677766813815274
7.001174647368945
6.600984764084599
6.1829818187611405
6.208255788403454
6.124757487903858
6.249659569840805
6.23193885632864
6.423778980665343
6.336752018764116
5.946193603663138
6.0102912230822
6.032926689377799
6.0623277705683645
6.118232556944
5.88101968380339
5.733006921267202
5.889210286935415
6.22032778723191
6.411090428254528
6.142441593685489
5.832387335177272
5.699809677787169
5.4163978512237625
5.214562114773453
5.064072311535077
5.26195123736732
6.144879185020466
6.366579427428619
5.872386449226599
5.772494053156364
5.496969759804946
5.674361115410603
6.408705261042937
6.3655512620412695
6.354398303581991
6.339399609757327
6.1538283580713244
6.0247270901233785
6.255999530707851
6.199618490731531
5.798889110649188
5.737442657936351
6.073176655330943
6.278432076307479
6.137992496166243
6.3508030424898285
5.938128931339003
5.49953538767836
5.345828264829106
