34.25
32.04
50.99
66.19
75.34
91.01
88.42
89.36
89.67
88.34
78.15
81.88
85.0
76.38
81.16
82.83
76.42
72.93
72.07
80.83
78.2
69.88
64.17
72.78
70.75
72.8
74.56
71.36
76.17
80.99
73.01
65.21
67.99
68.01
73.96
71.85
74.65
77.41
73.51
70.94
66.22
71.32
75.62
72.86
73.08
69.12
72.76
73.57
72.03
75.61
70.08
76.63
75.18
71.16
77.05
75.3
75.42
79.78
77.43
74.74
73.61
74.99
77.25
77.07
72.54
72.86
73.79
73.8
77.06
74.38
73.3
73.62
73.26
69.72
71.26
70.76
72.49
63.24
72.14
78.7
74.61
74.41
74.43
72.16
68.73
73.2
74.54
71.88
71.06
69.49
74.73
74.95
70.58
69.33
73.76
83.29
77.73
77.6
75.1
71.82
79.91
76.69
70.8
69.21
75.95
75.92
79.94
72.48
72.47
71.43
72.54
74.95
77.72
79.98
73.74
73.63
75.35
75.32
69.82
70.57
80.24
76.84
73.48
74.11
71.76
76.78
71.53
71.28
74.48
71.11
75.12
83.17
74.7
78.2
74.6
72.98
76.9
80.2
74.92
70.36
75.45
75.43
69.55
76.35
82.31
85.06
72.79
75.58
70.2
74.02
74.34
78.26
77.34
74.42
68.42
74.76
78.22
74.75
72.19
71.02
72.05
73.47
71.42
75.57
76.42
75.44
78.43
77.12
75.09
77.82
69.47
72.1
76.47
74.56
75.58
75.24
73.56
76.17
75.71
75.34
71.03
74.43
72.54
70.28
75.04
77.28
74.52
81.27
74.93
71.86
80.77
76.51
80.87
71.49
74.33
74.89
78.78
67.8
73.71
72.33
71.2
73.65
76.43
76.02
75.92
75.13
71.58
72.93
72.49
72.18
76.66
72.51
70.19
72.99
64.88
75.03
77.42
70.99
74.42
76.66
76.34
68.69
66.07
75.64
72.09
71.41
75.62
73.13
69.56
69.56
75.25
67.39
70.18
73.88
71.52
70.31
71.65
79.58
76.01
72.28
70.15
78.65
77.1
69.34
68.03
68.1
72.87
74.13
69.78
66.04
70.82
67.28
72.89
76.5
72.06
73.53
76.01
75.33
72.47
70.58
71.12
68.7
72.74
74.16
74.36
75.13
71.28
75.1
71.94
73.97
76.78
76.49
77.41
66.23
70.6
74.97
70.29
69.03
72.65
73.4
70.56
73.01
74.96
73.77
77.94
75.48
75.85
74.65
67.18
73.84
69.33
71.45
69.09
77.62
80.67
73.66
71.64
72.54
76.03
71.96
78.59
76.46
75.91
72.13
71.08
72.6
73.57
66.7
72.65
75.89
73.81
75.6
77.55
78.08
78.76
73.96
73.63
74.34
67.45
74.3
74.29
73.32
75.09
82.88
76.67
73.25
73.86
76.55
75.58
68.48
76.3
76.39
73.2
69.41
72.86
73.95
72.85
70.64
78.44
75.21
76.68
76.61
68.51
75.48
78.53
75.82
72.95
74.81
67.6
74.76
73.11
76.8
71.76
76.64
74.7
72.63
74.87
70.11
78.0
76.42
72.5
70.2
77.18
70.32
70.56
73.81
74.88
76.36
78.43
82.82
79.47
76.13
76.13
75.26
70.34
71.92
74.89
70.25
75.55
75.12
71.63
79.37
76.08
76.62
81.13
78.01
77.97
71.91
73.75
77.03
71.22
69.46
70.51
78.52
73.75
75.19
71.27
72.69
73.4
72.05
74.3
68.41
70.06
76.69
75.65
78.04
71.36
71.44
76.26
74.16
78.42
78.96
73.19
75.0
76.74
74.85
78.04
75.04
69.94
73.3
74.69
71.45
70.19
74.55
68.45
71.56
71.32
77.75
75.14
77.07
76.8
73.84
73.06
74.58
74.92
70.17
66.75
67.04
77.65
77.42
71.82
73.17
76.25
74.11
74.28
76.29
74.63
71.55
77.61
76.83
80.12
69.81
72.15
73.09
75.07
72.2
78.81
72.27
74.62
76.34
76.05
77.55
82.48
69.94
73.11
75.51
72.57
75.78
82.61
68.48
69.29
75.14
74.43
76.89
77.05
70.44
71.3
75.25
76.73
72.04
74.74
74.31
72.76
72.7
77.6
77.62
70.2
71.03
76.84
75.07
75.31
71.26
74.1
76.16
72.87
74.28
72.82
74.22
76.04
72.14
72.05
78.4
74.0
72.61
80.07
76.97
74.07
75.54
67.76
72.68
71.44
71.27
72.82
69.49
74.78
73.63
73.23
79.89
72.98
76.83
74.88
77.16
77.63
68.81
71.96
76.17
76.52
67.23
75.8
75.66
71.73
72.18
72.66
76.7
69.24
69.46
77.59
79.04
77.3
76.49
73.66
74.61
74.71
68.98
76.88
80.2
79.52
78.92
72.31
67.93
73.95
73.86
70.15
69.05
74.84
71.02
72.17
69.66
73.12
75.03
72.0
66.64
69.7
75.08
76.52
73.32
72.18
76.81
67.85
65.66
74.61
76.39
78.07
73.62
75.4
71.45
74.2
71.72
70.41
68.38
76.23
75.2
64.87
70.49
79.31
68.28
75.18
76.38
68.3
70.38
67.91
72.9
77.31
73.27
74.16
68.05
75.13
80.3
74.13
68.16
