21.74
22.81
31.51
54.63
79.23
99.27
93.66
87.02
90.34
97.2
89.99
76.54
78.99
79.25
88.52
86.86
67.44
70.85
78.23
70.26
73.99
65.25
57.25
70.27
70.0
66.32
69.87
67.59
71.85
72.9
66.65
58.31
57.35
59.58
63.18
69.02
72.15
69.75
68.5
69.85
67.97
70.53
77.01
85.54
84.9
74.79
66.52
75.78
79.66
69.18
73.12
72.89
70.92
75.52
76.92
74.28
72.48
80.18
78.67
64.22
72.82
79.75
77.98
84.16
81.75
77.54
74.33
73.2
66.79
64.82
71.17
74.53
73.94
71.41
69.19
69.53
74.15
70.72
71.89
80.34
74.83
69.53
76.48
76.12
67.15
72.57
78.43
71.61
64.81
68.52
77.24
74.46
66.05
62.31
67.36
76.84
77.59
77.34
75.48
71.6
72.27
75.84
68.15
66.51
79.64
81.83
80.11
73.22
71.88
74.6
74.98
74.93
66.65
68.88
75.62
75.54
76.73
75.24
69.48
69.63
77.75
68.71
58.76
65.01
63.27
65.61
73.4
72.13
77.7
87.12
77.56
66.07
73.79
77.03
75.57
80.8
82.28
74.04
67.51
69.21
70.18
67.23
65.76
78.93
89.51
82.83
74.38
70.44
67.42
71.56
75.01
75.7
74.78
71.46
71.47
71.69
76.3
72.82
67.96
71.26
73.56
71.61
71.0
74.19
78.8
76.63
72.4
71.95
71.12
70.94
69.06
72.7
73.64
70.86
72.0
75.01
77.22
79.9
78.4
69.81
68.53
76.53
79.37
72.41
73.65
73.4
73.26
76.5
70.92
71.88
79.67
77.74
66.29
66.98
75.1
78.68
78.37
75.33
73.24
74.74
79.98
83.16
78.9
77.72
77.11
80.02
81.22
75.91
69.93
67.17
76.86
74.64
66.03
63.78
68.34
72.92
72.47
74.15
76.68
72.29
67.53
64.65
67.37
69.53
71.69
78.05
77.48
73.39
67.85
75.06
78.04
68.2
68.09
77.04
72.22
70.41
78.9
80.44
72.39
69.31
68.04
67.98
72.86
68.96
63.03
65.11
70.56
74.69
77.93
70.63
67.34
65.13
70.97
83.86
82.62
79.77
82.95
84.45
74.76
70.72
67.98
67.5
77.78
78.72
71.27
69.99
71.71
71.54
66.16
68.76
77.68
79.87
82.54
79.27
70.98
72.46
74.12
61.99
67.34
77.3
71.98
72.94
75.9
83.03
83.81
77.05
77.68
73.37
73.62
76.32
78.43
74.47
67.95
73.06
79.43
74.34
70.66
74.63
67.87
73.2
86.87
76.29
66.46
69.31
71.82
70.19
69.9
72.93
74.56
78.89
77.68
78.22
76.84
75.58
73.5
70.63
73.28
72.82
68.75
65.78
67.64
74.47
77.39
74.18
70.78
72.95
77.78
71.8
73.27
76.77
71.63
72.94
72.44
67.19
71.39
80.02
80.54
81.88
80.18
73.36
76.46
80.15
78.17
83.99
83.62
80.72
79.27
70.44
66.62
68.49
72.11
72.16
70.94
74.8
75.73
78.14
75.54
75.55
76.0
69.95
71.58
71.46
75.15
72.93
65.58
70.05
75.18
75.78
81.12
81.36
85.21
83.51
73.33
63.98
59.68
66.28
73.15
76.28
80.02
77.19
64.02
66.07
73.72
75.86
74.86
75.31
75.09
73.76
76.12
73.77
79.04
77.23
71.98
79.02
78.23
75.57
75.21
73.92
73.69
73.32
75.3
79.3
79.08
76.89
76.16
78.08
78.3
66.65
70.55
85.67
84.04
81.25
77.77
74.41
70.69
67.82
76.11
78.67
74.35
70.21
69.1
72.85
74.53
76.66
77.51
76.94
79.8
77.42
74.73
82.1
80.69
78.09
78.06
77.77
76.26
75.09
70.53
65.02
70.63
73.54
66.67
63.89
72.43
77.93
75.5
72.0
70.03
73.68
83.23
84.71
75.68
68.5
70.73
77.49
80.3
77.17
76.34
73.4
73.05
68.8
64.35
69.29
74.31
79.31
73.53
68.51
67.81
71.65
78.01
66.71
68.56
76.64
75.61
79.72
74.2
68.53
70.16
77.84
83.72
75.66
72.4
73.88
72.85
81.32
80.62
73.78
69.57
67.86
77.07
82.38
78.73
76.38
79.56
82.44
72.8
65.7
70.97
73.17
67.71
70.83
73.06
69.9
70.59
66.97
75.65
74.01
70.31
72.83
68.4
68.18
67.06
69.04
68.76
67.11
75.92
74.58
72.37
75.68
78.0
77.87
68.58
65.84
68.5
74.91
67.21
66.17
68.71
60.26
69.71
73.68
71.07
73.24
76.92
79.83
67.79
65.09
72.22
70.21
71.09
73.22
69.39
69.25
74.69
76.8
74.55
80.03
81.6
83.53
79.07
70.66
72.95
72.03
69.87
69.97
72.0
65.57
67.47
74.31
70.7
70.15
67.78
65.88
65.22
63.39
69.18
70.09
68.95
70.59
64.25
66.91
80.11
80.48
79.15
80.99
76.45
69.68
72.08
77.56
73.27
70.45
73.83
68.93
64.36
76.4
79.94
72.79
69.61
63.83
67.79
73.42
71.35
72.59
70.82
73.59
78.19
76.43
85.53
86.54
74.13
71.54
