33.65
35.73
49.39
62.89
75.5
87.73
91.01
90.9
88.53
87.38
81.06
85.28
88.32
77.84
80.71
82.33
74.43
70.47
71.93
76.45
79.8
67.45
62.52
73.55
72.6
70.12
73.14
74.52
75.07
72.88
73.1
65.82
65.83
65.12
69.46
71.54
72.9
73.6
76.26
72.77
68.35
75.6
72.98
73.95
73.17
72.52
75.72
71.12
76.2
71.55
71.42
77.23
77.61
77.96
77.36
77.2
77.94
75.85
76.36
72.28
78.23
77.06
76.01
77.32
71.87
70.1
71.27
75.7
79.13
80.4
70.68
69.66
73.21
75.1
72.19
71.33
71.55
65.18
67.71
79.7
79.04
76.84
71.95
72.56
67.93
75.29
78.5
70.61
67.03
67.33
75.86
73.33
72.64
66.75
75.06
81.56
76.49
74.02
70.33
72.24
74.58
78.36
69.47
70.11
75.05
72.3
76.42
75.93
74.48
75.89
69.11
78.5
79.74
80.88
71.31
69.72
73.34
77.29
67.31
69.88
79.43
79.51
73.89
77.56
70.55
78.1
77.56
68.85
73.38
73.59
70.98
77.86
77.27
74.23
76.83
76.7
80.4
76.1
75.88
77.83
75.89
76.58
72.79
77.86
83.37
83.07
73.93
70.66
65.53
74.98
73.6
74.72
75.06
72.36
72.58
70.15
75.69
67.34
69.1
71.74
74.57
70.37
69.09
78.07
81.21
75.87
75.61
74.45
77.91
79.98
68.98
66.8
75.79
74.43
76.61
75.19
76.49
82.07
78.99
71.29
65.93
73.65
73.68
72.44
72.01
74.48
79.48
75.8
72.4
70.82
78.65
83.74
76.56
69.17
77.54
75.84
75.05
72.25
74.8
72.39
73.8
74.69
76.62
78.41
75.87
74.2
72.16
72.19
72.03
69.74
74.13
71.44
76.97
67.98
67.62
76.48
75.34
69.95
74.85
77.46
75.75
67.8
67.09
78.28
76.14
67.73
77.06
68.1
66.25
71.4
72.12
74.33
73.63
76.64
77.87
65.51
73.45
74.19
76.27
72.91
70.9
76.52
73.97
69.65
69.19
71.84
68.58
71.95
75.11
69.5
67.76
65.7
74.33
77.79
77.12
72.62
77.59
78.44
73.01
72.34
68.18
70.92
72.08
71.18
77.85
76.41
66.79
67.39
72.63
72.68
74.65
74.81
75.56
64.8
68.9
71.16
69.84
71.28
73.41
73.82
67.96
73.05
72.88
71.64
76.84
73.93
72.19
76.53
71.72
74.43
67.77
73.09
70.37
79.12
76.09
76.06
69.79
70.82
74.43
69.43
73.81
75.35
77.98
72.06
74.16
71.79
69.91
63.27
71.21
78.28
75.66
76.0
75.9
80.61
80.27
77.95
72.09
74.52
71.33
68.81
76.23
77.89
79.32
80.93
78.33
77.81
75.23
73.75
72.88
72.61
75.98
75.6
73.12
72.49
75.09
75.05
69.3
70.02
76.72
75.46
73.4
72.86
75.94
73.14
77.43
77.08
75.65
75.42
68.11
69.52
74.82
78.36
78.11
69.85
72.57
72.24
70.44
74.03
72.51
76.1
71.66
73.17
79.35
72.12
67.49
69.18
76.03
75.74
73.76
83.99
77.54
78.59
76.74
76.24
70.73
69.96
73.44
73.57
74.17
73.95
67.1
74.93
68.96
74.03
78.05
77.5
75.84
70.7
72.83
75.01
75.92
73.0
69.94
79.17
79.83
73.53
76.14
78.21
75.48
76.57
71.17
74.22
75.72
75.8
84.53
79.55
76.79
65.02
77.49
78.83
81.57
79.17
73.74
75.81
73.44
73.96
77.18
79.41
73.79
69.01
67.12
70.22
75.74
77.31
68.58
70.99
74.4
77.16
75.6
75.39
72.68
72.4
75.04
75.71
76.03
74.43
73.82
72.12
78.22
72.85
69.02
73.66
72.53
74.48
71.89
77.54
73.52
78.97
76.56
76.3
73.35
71.68
67.62
75.19
74.95
71.56
79.0
70.3
72.74
74.83
71.86
76.59
79.77
69.7
69.2
73.69
71.31
75.33
78.7
75.58
69.15
77.35
74.16
73.27
80.3
75.11
72.0
76.49
79.77
74.23
68.91
75.18
77.86
79.73
76.17
73.5
76.29
74.15
73.71
72.37
79.41
69.31
76.96
74.02
75.49
72.0
68.3
71.14
74.52
70.56
75.51
73.5
75.09
71.48
77.34
74.73
74.85
75.11
68.79
69.33
71.37
71.99
70.9
68.24
70.66
72.23
80.13
75.43
76.1
75.18
77.81
78.11
78.77
73.86
74.66
74.2
71.99
73.16
69.64
74.18
72.78
67.34
71.09
70.87
73.51
70.17
78.9
78.12
72.57
74.17
76.6
73.64
75.61
70.22
78.4
81.2
81.4
77.47
72.69
67.68
70.38
68.62
66.76
71.31
73.28
71.97
71.94
72.12
71.41
74.73
69.44
68.87
65.9
70.36
76.42
71.99
72.72
69.62
65.33
69.68
71.97
77.65
75.73
74.03
71.94
75.36
71.08
70.3
74.1
71.84
76.23
70.6
66.15
72.66
77.27
71.45
72.68
74.94
75.27
72.91
75.11
76.6
76.41
73.52
75.64
73.02
75.28
80.33
74.65
71.11
