13.42
12.86
15.04
24.61
35.78
51.44
72.69
79.43
82.27
80.41
77.05
87.86
91.76
87.17
89.15
89.51
81.64
80.21
83.35
89.03
79.27
68.68
79.19
76.55
63.61
72.08
78.25
76.45
80.78
74.33
69.91
73.03
71.77
68.85
71.73
75.46
75.33
79.31
81.83
72.89
64.11
70.7
73.34
63.07
60.95
61.24
69.33
74.66
72.33
77.17
78.14
72.67
74.49
74.17
73.97
70.32
73.05
82.03
80.24
83.44
80.01
74.6
72.59
72.46
72.88
69.23
68.42
74.28
78.65
77.38
73.82
65.25
67.31
78.88
70.08
67.2
65.23
60.17
76.98
80.99
72.05
74.98
76.21
70.95
68.42
71.98
78.18
75.72
69.44
73.85
77.83
77.38
76.09
70.49
75.53
83.67
77.56
75.4
81.44
81.24
82.23
77.61
72.25
73.84
76.77
82.82
85.38
77.17
70.1
70.23
68.4
72.54
83.53
84.82
75.07
70.66
79.52
78.68
67.13
73.3
81.49
76.36
70.06
74.38
73.8
73.62
83.45
81.93
73.16
66.78
76.78
83.85
75.32
74.99
78.78
80.57
84.33
84.37
81.54
81.63
87.21
84.32
77.87
77.25
84.4
87.98
82.57
72.71
65.66
74.7
74.85
68.94
74.83
82.18
77.94
78.03
75.68
66.7
70.36
77.51
78.22
72.61
75.26
83.86
81.65
80.45
86.67
90.35
89.64
85.62
72.09
72.14
77.82
73.99
74.8
76.23
72.35
73.61
81.48
74.72
71.27
74.45
74.37
71.88
72.6
79.49
78.75
75.59
72.46
68.25
75.39
81.97
78.8
72.57
78.63
82.56
75.79
75.37
78.64
80.62
78.33
77.11
77.47
73.83
71.61
70.15
65.69
75.19
78.8
74.29
75.18
72.12
79.24
82.93
76.87
81.04
81.36
76.19
78.58
78.93
77.24
76.93
72.37
70.92
68.93
70.7
78.31
72.99
68.29
71.15
80.27
86.48
79.16
84.92
86.32
67.47
66.44
79.08
88.73
86.17
79.94
80.07
73.81
66.75
65.9
69.45
72.47
74.19
73.45
67.16
64.64
70.31
76.65
79.86
75.38
75.79
85.92
80.17
76.62
79.29
73.5
73.68
77.81
80.88
75.3
80.78
75.59
73.54
84.18
80.07
85.74
88.1
78.36
73.36
77.57
71.28
70.39
79.87
78.31
71.39
71.49
74.95
67.79
66.16
77.53
77.49
70.55
72.16
75.5
75.69
72.91
72.53
73.41
78.03
85.76
85.3
79.09
77.41
79.93
78.73
72.99
75.0
83.48
81.31
71.99
68.38
69.04
75.93
76.18
73.83
77.56
79.02
86.84
86.62
83.78
81.61
77.87
87.62
80.13
72.19
80.6
86.6
89.72
89.3
91.58
85.58
80.13
78.6
81.46
77.47
76.48
83.95
76.19
75.82
75.83
76.11
75.98
70.07
82.98
84.53
73.13
71.7
72.77
75.45
71.26
71.65
78.99
79.69
81.92
82.41
83.66
79.4
77.34
79.3
68.76
68.5
82.37
77.99
72.1
80.56
77.97
76.04
73.33
70.06
79.47
79.81
73.75
79.9
80.91
78.08
84.15
83.15
81.2
86.89
85.78
78.4
78.93
86.2
84.69
73.76
70.57
75.74
76.08
78.69
85.96
83.89
80.38
80.19
77.73
82.88
85.3
72.95
70.62
79.2
82.36
82.23
77.51
76.6
79.78
77.92
74.97
74.3
76.15
82.34
83.71
79.16
68.96
67.72
78.54
77.1
85.59
88.25
75.71
79.13
90.65
89.14
78.56
71.93
66.74
75.02
82.72
77.92
78.63
76.44
69.63
73.3
74.4
76.1
82.51
83.24
74.54
68.85
79.09
89.83
87.89
77.05
69.54
79.17
88.83
80.7
79.9
85.66
76.57
75.94
82.84
76.9
73.37
74.67
67.88
75.81
77.32
74.05
77.81
77.88
78.74
77.05
81.51
82.92
71.94
65.88
77.93
84.53
83.99
79.26
73.48
78.58
81.54
84.69
90.69
82.09
75.63
81.3
82.2
79.27
78.76
73.89
70.2
79.95
84.38
81.45
75.66
71.66
76.61
73.5
76.93
76.58
82.83
86.07
72.69
70.67
71.74
75.7
81.79
74.46
78.01
85.43
76.49
77.61
76.84
72.89
85.5
93.87
86.57
80.21
78.78
77.11
79.67
79.4
74.6
74.33
79.47
79.38
68.61
77.2
85.82
86.89
88.83
83.83
79.99
79.97
83.63
82.93
76.49
77.91
85.53
84.8
84.71
79.99
78.03
83.58
84.25
82.0
79.74
76.55
71.91
77.41
81.18
78.72
81.49
80.62
79.78
84.36
80.15
76.2
79.08
76.16
86.15
92.31
73.83
66.97
70.86
72.49
70.72
72.91
82.99
85.63
84.11
82.3
80.34
80.47
76.56
73.4
78.25
80.66
82.05
80.68
80.22
76.29
70.89
77.58
77.38
76.01
71.17
71.28
82.34
82.09
79.76
82.64
77.31
74.68
81.1
81.36
72.07
69.06
73.4
72.08
78.91
80.09
73.23
76.5
76.95
73.15
75.8
71.98
69.06
71.23
74.71
80.04
78.73
68.99
