67.88
69.31
94.69
109.34
104.71
111.99
106.03
93.14
85.45
74.22
67.04
73.92
75.42
66.26
67.9
72.71
61.55
58.53
63.49
68.11
67.7
60.35
59.16
63.74
66.04
66.5
62.91
61.71
69.68
63.1
61.41
60.93
63.62
71.16
60.42
58.54
69.35
68.73
66.06
67.63
69.74
72.05
76.4
76.8
77.05
74.09
71.51
72.1
74.69
72.62
66.79
75.57
72.11
70.8
81.37
85.21
80.85
73.12
72.15
68.89
72.54
83.25
82.07
66.6
60.86
64.44
71.13
83.59
80.07
80.98
77.42
74.8
73.88
71.33
77.53
76.69
70.0
63.59
69.65
79.59
85.4
78.66
68.55
70.67
73.89
64.86
68.74
76.1
67.69
65.37
63.7
67.29
71.24
68.27
75.6
80.83
74.18
68.7
66.32
70.82
77.84
78.39
74.37
73.88
77.25
71.8
68.16
68.22
72.46
70.26
67.66
76.68
79.97
80.89
76.46
75.85
80.09
74.44
74.35
78.05
82.3
89.62
88.09
83.27
83.39
86.09
72.59
69.52
76.15
65.49
70.83
83.32
76.56
71.13
72.91
77.03
74.16
74.77
80.0
75.27
77.44
77.82
74.83
72.79
70.42
81.1
77.66
63.32
72.05
79.18
74.03
80.1
81.46
70.37
69.41
75.96
80.49
74.54
73.3
77.3
70.54
70.61
74.85
67.96
66.27
75.53
73.48
69.22
73.65
73.71
69.24
70.29
74.17
76.44
75.48
72.28
75.63
78.24
79.76
76.43
69.21
72.88
75.64
75.54
68.16
66.84
77.02
82.41
78.29
74.57
81.12
82.14
77.42
79.45
76.16
72.05
75.67
79.61
75.28
66.63
65.77
72.48
79.0
82.4
79.65
71.58
75.34
79.07
70.49
65.59
76.91
78.47
76.55
70.89
64.98
70.53
71.42
66.57
71.72
78.26
72.64
70.66
68.03
73.76
79.37
71.47
70.32
66.03
65.6
71.77
63.87
61.67
69.48
69.47
70.36
71.64
71.94
72.5
73.46
75.69
73.66
75.99
78.92
75.21
73.47
76.41
70.8
66.29
69.65
72.08
74.95
77.2
70.26
65.96
66.73
72.31
80.68
76.76
70.05
65.55
66.19
71.5
71.08
69.28
76.08
76.56
64.96
67.74
72.2
72.62
72.14
70.88
71.33
68.54
69.54
72.86
73.69
71.87
75.67
70.18
62.72
70.8
73.21
75.27
79.16
73.76
76.92
78.08
71.16
66.85
66.48
73.21
77.27
85.17
86.75
77.01
72.19
68.72
67.66
68.13
70.93
76.79
79.21
75.41
71.68
72.43
71.3
66.47
71.51
78.65
72.42
68.25
71.68
70.82
80.74
80.25
72.02
65.88
63.94
79.76
81.34
76.33
74.43
75.21
74.35
74.68
79.79
73.12
70.14
74.52
80.93
79.29
73.44
73.76
74.5
74.24
64.78
67.11
76.06
72.96
75.24
78.7
77.36
76.22
80.7
77.83
72.54
73.25
69.08
69.87
74.51
77.26
74.02
77.1
81.08
74.36
74.38
74.73
73.58
72.44
77.91
78.52
78.31
72.48
60.32
69.57
79.16
75.32
76.38
80.55
72.73
70.11
72.78
77.11
74.19
65.96
70.86
72.93
73.17
70.33
75.08
80.9
73.04
73.24
72.61
67.92
73.75
75.82
74.15
79.62
72.83
70.19
74.86
77.5
71.6
68.1
73.62
73.35
76.57
77.15
74.31
66.89
68.19
81.67
85.15
78.69
71.3
72.85
71.4
76.9
80.79
74.88
75.76
78.77
68.42
65.08
75.92
72.14
68.84
71.42
69.25
70.33
73.18
67.51
64.08
71.51
74.16
72.27
67.81
66.31
73.93
74.01
67.51
68.74
70.44
70.25
64.82
67.46
72.82
68.32
71.84
75.14
78.76
71.06
67.03
74.06
79.88
78.54
74.63
78.04
82.27
77.1
68.68
70.76
69.43
67.62
71.77
64.59
63.35
75.39
75.52
69.23
69.3
63.9
63.18
73.79
73.89
75.75
76.73
69.26
67.27
72.42
73.06
71.58
75.77
81.54
77.39
76.63
78.41
70.21
70.38
71.58
72.65
80.11
77.7
68.43
69.33
70.3
70.21
73.73
67.33
70.03
76.41
77.22
72.89
72.12
77.53
67.37
72.46
79.35
67.02
64.32
71.18
72.44
80.46
82.82
70.54
66.81
69.39
69.52
74.74
72.63
70.88
74.84
70.62
71.54
76.32
79.18
77.56
70.05
69.13
78.17
80.93
71.75
67.4
75.22
76.17
73.62
75.47
70.32
65.92
68.65
67.1
68.12
68.1
68.47
74.19
80.69
80.17
75.73
76.0
72.69
72.69
74.36
73.81
75.3
75.94
76.21
72.75
68.7
62.61
68.24
77.8
76.13
75.67
76.18
78.41
70.6
72.81
78.89
71.01
65.47
72.48
75.47
70.13
75.24
76.78
70.33
66.64
64.6
68.87
77.93
81.59
78.09
75.72
79.72
74.45
67.36
68.71
71.96
77.08
69.7
64.56
78.24
83.36
73.9
72.86
81.25
77.17
64.79
66.53
75.35
74.03
72.92
67.23
65.71
75.64
79.63
74.12
71.97
