-2.246681783811277
-2.0041019951786465
-2.0134009988808472
0.3790800651501604
1.042025610348709
2.877315756724941
3.6561049200719724
5.351335741491372
4.999717000093287
6.844080851232828
7.793371236193191
9.669088709091348
11.311103408776567
10.52735140823869
13.21308429135013
12.411010449792672
12.272081363669276
14.248915366679796
11.969580931145344
17.191385155084607
15.179093850002019
15.455788962105428
17.190770313816227
16.785015304448205
15.75285545513524
16.5464594967149
18.59912235747532
18.869126753866468
19.16450254281674
17.707261334638623
20.649040114280464
19.095999047167446
21.127966678614882
20.755466341021968
19.324805574944552
19.849477979392393
19.647970591929074
20.644364397054538
23.288753282992246
20.552195911398503
22.14392743947742
18.56692976088147
22.292587965119335
22.348971674804673
23.86131966467628
23.359918531936803
24.69240744059283
22.90876526252481
24.18657640502144
23.471310229021128
24.70613103555811
24.609563885856524
23.879710654185082
24.438782292271753
22.820802820056066
24.272511597366705
24.018370046145357
24.68910435124334
25.148085780864193
25.217062852333974
25.683185727997596
27.3269800989796
23.467379759289347
25.95705840401523
27.213179209609304
26.85933974215459
24.92469814061171
26.93491728297744
28.416174681321824
26.719495262229053
29.870084119548437
27.96872032045568
28.54319567272583
27.521403585114427
28.160574098960474
29.019103729692837
30.133559681201973
26.987183911035828
28.122747217504795
27.90855657040546
28.789755293415126
29.245441634040866
29.768543855629346
29.40129029657657
30.382973279596357
27.167952391451166
29.40785390004916
27.990591739755775
28.947398613808176
28.685403411540463
29.014993403918204
30.03245397071214
30.051289521714736
29.051229566704905
30.160607793273513
31.17328306661636
27.712345552869667
32.34438793889542
30.089937500824416
30.115444681083673
31.413940926605218
28.699918756822793
29.402014023636035
28.747258021230806
29.47730915521931
30.038744911487072
30.336788250502167
30.75644730768193
29.529323324389978
30.716647928470938
31.85935131893773
29.98319573537428
30.512990539106355
29.279398620426257
30.456171504743935
31.410705242637544
28.621387754606513
29.184769102091497
30.81800905900623
31.14715640651034
30.68336166358226
28.991743694843922
31.812510192820465
31.310281487428313
30.596247917082042
29.327717941095564
30.716484223358087
30.25634895357432
29.398809885604777
31.165760667419185
30.249618105462034
30.858951432980092
30.35660623332209
29.352053080040477
30.380085270619105
30.19356168373376
31.762592351220697
31.026727170866835
30.818691246818872
31.13830108330533
32.060616780663295
32.17365105828779
32.29078069483449
31.813180655748546
29.793946636292596
31.12440979544646
29.379502767091623
33.20930584404341
32.385149722511926
29.644160400367795
30.176130825905993
32.78329127305914
31.060946055208333
30.268543639931718
31.119443922752268
31.475552533095524
32.69190602773899
30.45791419519521
31.16119635276871
31.627784782588282
30.929911093163277
30.311581099857264
33.88097217390447
30.609761919545576
30.335081325517045
30.50410791961898
32.49768258205606
31.876089268684172
30.47168881793818
32.37876727586591
29.898810354052245
32.00569673172005
30.472359154249588
31.55378732177953
30.787686469740457
31.51852316755995
31.326819147142427
30.43513429840312
31.648000580365494
31.977996071261607
31.609057643508244
29.57364493679453
31.498025528546513
31.431722894539256
29.88636140145403
30.806651666666756
33.156393346282066
30.906236183888375
31.84427403004875
32.50827047767202
31.364281936886066
30.146212792270536
31.3997443058551
31.713692491831157
30.41481929176001
29.73238798551329
31.63866573426944
31.114563189660714
32.45693538043416
31.399141031428385
31.182129920805387
31.570762543351428
32.41168466461559
31.741678501159587
32.82615862623261
30.40072892635585
31.496751417926262
32.3848808911982
32.43332943238302
30.997696306495968
31.691790613679405
31.576656851135716
32.13874711648353
31.227339960867894
31.826045322479537
30.098791646611236
31.85046081059842
30.376893888761753
31.0725815004497
31.75935218063183
31.13055532634638
31.057484660515478
32.65885991971895
29.75753546518599
32.140598148479484
32.01726991075355
31.36836566315167
32.596883945457535
30.63177713271321
31.201893946365814
31.574185125654175
30.04005526920782
30.828430495817166
32.30735996605805
32.04696943956147
32.4630411480093
31.567011474789375
31.20006962861841
32.43510033162617
30.54322735442224
31.480695582612384
32.50485502528829
31.38382460059824
29.61047115972324
31.456292121239365
31.277623297286183
30.510630270465004
31.878021103519906
31.7863592487425
28.24503596600057
30.314260307215363
31.399864493780402
31.96141931705668
32.201414562340666
29.262850515187903
30.274978550962764
31.268582820382008
30.745816444721292
32.67598388399702
34.31657387062178
31.4574848735664
31.208174111217545
31.976367324736756
30.371274107662625
31.775957121837507
32.07761849575295
33.189176857950386
31.354186961698005
32.474525793772045
33.394113004027496
31.213247580847778
32.27677109947771
30.91122146721375
31.481342806480892
34.345156169406394
33.376804213244654
31.664760877514325
32.74422710744132
31.989029603502264
32.09760196795197
32.54124661228959
32.120679437937
32.407675247106084
31.10790686069859
32.61727307906904
31.776196764137822
33.74869968466026
32.34351329757721
31.726933274820144
30.88319160515975
32.72454938693228
32.70152534246289
30.92199792482968
32.49123418583754
31.83752976532488
32.21511947235353
30.90494079037898
32.749365154430706
29.195124899179905
32.08048912010503
32.35090841556172
30.604522642516333
32.835943367850255
32.68184333822499
30.343312888016204
33.25915525979606
30.916955518613467
31.914308300532443
31.335297202540858
32.40902376214022
32.48282102035897
32.53056622121935
30.922813270800177
30.365653759644985
32.24208463221986
31.82752840434784
30.229022450421645
31.82449824920944
32.64625778469486
32.72693021894041
30.801706338813478
32.04815938634632
32.29168725105512
33.19895878403794
29.39784960450253
31.15228009273849
30.883063613111368
31.89796221981068
32.15269607631221
33.28763011122821
32.1551448503638
32.09738047725055
32.09399427810309
33.27602177100391
31.79592162768728
33.686604104577036
32.287393930602335
32.200005530008
32.5927745823653
31.65994492116311
32.07052030675419
32.22026671080384
29.613591594321576
30.598910690700393
32.91350563399102
31.534822144380353
32.81418786818177
32.73363187182577
31.825502731692183
31.648325580657946
33.161225127918584
31.38997206271005
32.45858834999637
31.336053243036602
32.99121746249436
32.09180153700034
33.36696784727601
30.69293334612499
32.22753265408922
32.39000747555087
32.0110967444964
32.05855896250306
34.62995800200592
30.907084387547165
31.783517881844425
32.353755358855594
32.633880546854584
33.52008372403806
32.33033775858271
33.93341035805986
30.83636016282453
32.26015874957996
33.296815624763724
33.69086428635489
32.865138981520865
31.939216298754104
32.13200898887725
32.12206494663524
31.26333860731823
31.750565825702814
32.22993898877942
33.914465164088774
33.286048704287374
33.00779638193025
32.59777016976261
32.21279442936489
29.904715936030957
32.029878235306505
32.65598405627264
30.885852683282703
32.91309119506172
32.28224134906203
31.322216600032505
32.07382169446374
32.205345744641846
29.493469838968757
32.05290955689536
31.446728046523518
32.58629674779261
31.77453005117806
31.57532080177264
29.928129549668498
34.40028025400964
32.09103712677159
33.05932628950112
31.500243174013036
31.367564663328835
31.779423604545322
33.362032124702246
33.12428614002395
31.688614296683433
31.00315745281053
32.871835085040594
32.972677580473416
33.40159943058789
31.10394000214708
32.209195178268594
31.324159536127492
31.06600191229056
31.85816724084652
32.52896196217979
31.818116028783756
32.86512884268676
31.065947228735585
33.654287011323305
28.970060056306224
33.05370403135216
31.747294964773157
31.251499701993335
32.133811628354366
33.00342565043145
31.484715885844864
32.56301568186059
31.864639147921558
31.61586714384801
31.56333121030981
32.35271477142403
32.339079681864945
32.51931753899596
32.59043946858706
31.50986773464267
33.21666517885042
30.39940464253157
33.38371105833265
33.000305401325015
33.78921667127627
30.935065841420375
30.52957864119882
32.38196111947608
30.530808646638654
31.372655414170097
32.12471275636093
30.485904528476414
33.85714145711485
32.88366220959747
31.576260443010455
31.977196631035298
31.715531751693366
32.377124242296865
32.41645465682044
31.542180910450803
33.15294771050447
33.1347742452953
32.721028802195946
32.79854049259262
32.996987463431175
32.21022462116125
33.21613097469158
33.69837126863923
33.21573235842422
30.82312590312257
34.137796028511005
31.847542313951074
33.03537635044535
33.158118692105816
31.72185608328723
31.69025189211306
30.796770635466856
30.751009887199316
33.037220949683416
33.28660804599643
33.37006246669971
30.302091902966083
31.27750637726888
32.381145096475876
30.370439571540164
32.914504563145066
31.92046824066129
32.56073789947216
30.85845519891013
32.50416856377227
31.719824252740803
33.31755919532831
31.02230595795524
31.468406917893773
31.763861032989443
31.00735399289364
31.987250948983156
31.4518142131087
33.119801130535485
32.212633056252095
31.458862609717187
32.038340916474404
32.333427125784155
31.969363240325166
31.443650079185552
33.3752245215572
31.68967286879512
32.09192246683839
32.69256172555275
33.350724592574196
33.46760150316641
32.76379563265485
31.072278274359522
33.30688809463627
32.548897339186915
31.75026035648807
33.12379044812746
30.581746558196272
33.10260670810018
32.79244639961563
33.274615855967824
31.6033650735406
33.61129196715065
31.48362384841901
32.20737084400909
31.757216396605955
32.909687315062754
32.30142919377104
32.288186670553685
31.249486970230492
31.24071675181282
30.6446140283231
32.27550402547631
32.00014244409017
31.38223700266944
30.069896777131547
31.176177612061597
33.63878439534567
31.85042790610381
32.185576203336126
31.22842386942021
32.559552775858165
32.887492853850475
30.882696589883956
31.182999226063778
31.967973471069776
31.459196502327003
33.557592266522285
31.36547820235945
33.718729275278534
33.332906723952725
32.599126095979955
32.10445395284238
30.006434981212728
31.915308929249846
32.07865184124012
31.31051750666895
29.5802672782454
31.551978662331695
30.90629890291008
32.769032778476074
32.77272674325681
31.048102467781753
32.35910949676916
31.67460263170561
31.58681503028012
31.902309520246142
31.161125248180362
30.20856664002857
33.65766316322109
30.65585459704566
32.08218291555666
33.20497454323994
31.98440485021288
31.976526978976228
31.13354888193976
31.541933153472517
31.080665913012016
31.21872930998346
30.549603339984657
30.964798419326407
29.297233407957023
31.324565816034173
31.964743987135982
33.93912409457607
31.86806304158881
30.723273783780563
32.63525851077952
32.41644744996577
31.90309157031748
34.60482553209862
33.93884144317788
32.24162016142486
32.474890329439205
30.92658850656496
31.825393533449855
33.4052406790281
31.706514467619012
32.18966664480737
