0.0752
0.1638999999999999
0.7713999999999999
1.8418000000000003
2.8492000000000006
3.6011
4.630200000000001
6.251800000000002
7.712799999999999
8.8895
9.8047
10.8791
11.8844
12.4428
13.146900000000002
14.182800000000002
14.8268
15.0211
15.5925
16.033899999999996
16.142999999999997
16.4165
16.8924
16.906499999999998
17.209400000000002
17.770000000000003
18.1392
18.436
18.4242
18.659
19.0046
19.2779
19.3542
19.343
19.4909
19.6231
19.743700000000004
19.838
19.9543
20.2889
20.5196
20.8391
21.241
21.420200000000005
21.6178
22.0478
22.0137
21.8931
22.2715
23.0132
23.553800000000003
23.7804
24.5905
25.0337
24.8244
24.8406
25.2368
25.6353
25.4884
25.6853
26.3039
26.119799999999994
25.864500000000003
26.5842
27.6842
27.8412
27.9442
28.127099999999995
28.0496
28.3021
28.3924
28.561400000000003
28.73150000000001
28.812399999999997
29.1982
29.37890000000001
29.242200000000004
29.6487
29.84
30.1021
30.0584
29.77480000000001
30.251000000000005
30.1195
30.2542
30.71
30.251699999999992
29.9701
30.214500000000008
30.3346
30.35419999999999
30.4519
30.7291
30.5151
30.4861
30.8684
30.8881
30.929
31.0987
31.2446
31.3255
31.21520000000001
31.3551
31.6989
31.450999999999997
31.325
31.6288
31.815899999999992
31.8906
31.6375
31.2685
31.211500000000004
31.2329
31.157
31.458700000000004
31.8832
31.717
31.6388
31.4278
31.2653
31.4236
31.3545
31.262199999999996
31.1148
31.017500000000005
31.2541
31.988699999999994
32.3006
31.769
31.415900000000008
31.5954
31.717799999999997
31.5803
31.381500000000003
31.428700000000006
31.4036
31.4347
31.5316
31.594000000000005
31.7478
31.681599999999992
31.7012
31.9565
32.030300000000004
32.0561
32.14770000000001
32.3171
32.26989999999999
32.0837
31.796800000000005
31.5623
31.889599999999994
32.04750000000001
32.3783
32.6739
32.4905
32.6104
32.4396
31.937200000000004
31.9382
32.2214
31.925300000000004
31.8635
32.2497
31.8904
31.845700000000008
31.967099999999995
31.9885
32.214200000000005
32.2686
32.294200000000004
32.1852
31.8393
31.896400000000003
32.3998
32.8875
32.8337
32.250600000000006
32.205
32.4827
32.6218
33.0884
33.1373
32.8504
33.0578
33.108999999999995
32.9953
33.1291
33.0786
32.468799999999995
32.265
32.8172
33.17830000000001
32.9034
32.64930000000001
32.6223
32.9367
32.71779999999999
32.6058
32.9357
32.77340000000001
32.8846
33.234199999999994
33.002900000000004
32.6726
32.764500000000005
32.9323
32.781099999999995
32.917300000000004
33.27
33.2558
33.30199999999999
33.3011
33.4245
33.42060000000001
33.2307
32.9989
32.93180000000001
33.0332
33.3366
33.2231
33.0488
33.2243
33.1748
32.9635
33.4828
33.7527
33.349000000000004
33.562099999999994
33.6203
33.695100000000004
33.691900000000004
33.4184
33.354400000000005
33.31850000000001
33.250800000000005
33.3861
33.454
33.280300000000004
33.4027
33.7916
33.642500000000005
33.263200000000005
33.1192
33.2685
33.4357
33.5105
33.4669
33.0355
32.982299999999995
32.9345
32.9529
33.4261
33.4738
33.254
33.244699999999995
33.431999999999995
33.6018
33.1075
32.9849
33.18920000000001
33.12550000000001
33.2421
33.2425
33.060700000000004
33.4727
33.7552
33.4644
33.371
33.3454
33.30089999999999
33.2877
33.3478
33.3941
33.5072
33.2864
33.37650000000001
33.4929
33.3531
33.425
33.773
33.73519999999999
33.6639
33.5568
33.271800000000006
33.5111
33.372400000000006
33.208
33.60249999999999
33.525299999999994
33.2904
33.3341
33.4469
33.11959999999999
32.788
33.4886
33.8335
33.546899999999994
33.44539999999999
33.5266
33.3625
33.1412
33.1313
33.381699999999995
33.6915
33.522099999999995
33.517399999999995
33.708200000000005
33.5045
33.424600000000005
33.619499999999995
33.809
33.7121
33.4112
33.3357
33.4052
33.35150000000001
33.5112
33.77969999999999
33.5354
33.3075
33.525600000000004
33.52510000000001
33.2233
33.2475
33.4016
32.9537
32.797000000000004
33.303
33.461499999999994
33.1655
33.0703
33.2748
33.3626
33.4377
33.3863
33.4557
33.803900000000006
33.583
33.058
33.0992
33.3641
33.4513
33.469100000000005
33.2887
33.0713
33.28360000000001
33.352799999999995
33.0739
33.1144
33.2199
33.177400000000006
33.1132
33.2357
33.2602
33.2556
33.3903
33.246900000000004
32.9808
33.168499999999995
33.1236
33.053200000000004
33.4673
33.478500000000004
33.455099999999995
33.3541
33.2896
33.60889999999999
33.766
33.7312
33.6861
33.7532
33.68300000000001
33.5214
33.312000000000005
33.1142
33.426
33.652
33.328199999999995
33.1781
33.413599999999995
33.47730000000001
33.5073
33.58310000000001
33.3951
33.6543
33.8916
33.8316
33.7534
33.529300000000006
33.5047
33.4722
33.39
33.256600000000006
33.50730000000001
33.786100000000005
33.700900000000004
33.409800000000004
33.194500000000005
33.2765
33.3507
33.2434
33.5108
33.8252
33.6074
33.3929
33.458800000000004
33.4409
33.3484
33.173
33.049800000000005
33.5566
34.0538
33.8423
33.485299999999995
33.4246
33.2775
33.116299999999995
33.136700000000005
33.2837
33.3125
33.2942
33.272099999999995
33.42830000000001
33.67829999999999
33.7721
33.7363
33.2999
33.1922
33.5582
33.398900000000005
33.162000000000006
33.280300000000004
33.0857
33.116899999999994
33.379400000000004
33.629400000000004
33.444399999999995
33.20749999999999
33.4578
33.4532
33.4873
33.4209
33.515
33.632400000000004
33.4169
33.3781
33.5476
33.724000000000004
33.8203
33.6112
33.571299999999994
33.9641
34.0133
33.731399999999994
33.6447
33.659800000000004
33.88119999999999
33.998
33.8216
33.8234
33.8289
33.7374
33.7803
33.9017
33.8144
33.95629999999999
34.083200000000005
33.933
34.0186
33.898700000000005
33.9531
33.9499
33.7215
33.918800000000005
33.819199999999995
33.8415
33.617999999999995
33.4279
33.883599999999994
33.6839
33.3109
33.510600000000004
33.75170000000001
33.703
33.55460000000001
33.74790000000001
33.7814
33.3487
33.5156
33.592
33.5414
33.8568
33.9493
34.1007
34.1057
34.2127
33.9202
33.6052
33.6481
33.7543
34.0972
34.0446
33.9897
33.7383
33.7577
34.005300000000005
33.7075
33.6807
33.8569
33.6717
33.9807
34.398999999999994
34.171899999999994
34.1259
34.0337
33.9178
33.708600000000004
33.495400000000004
33.9179
33.874900000000004
33.390899999999995
33.52550000000001
33.900000000000006
33.9998
33.797799999999995
33.4279
33.388099999999994
33.28
33.3721
33.5562
33.2862
33.1745
33.513099999999994
33.6961
33.165699999999994
33.1488
33.4653
33.5748
33.5967
33.4423
33.7367
33.85210000000001
33.2814
33.1163
33.3658
33.43280000000001
33.3714
33.3455
33.4273
33.5067
33.4072
33.4045
33.352999999999994
33.196000000000005
33.41440000000001
33.5862
33.6753
33.61529999999999
33.51090000000001
33.6777
33.8875
33.89039999999999
33.748400000000004
33.6487
33.4893
33.320100000000004
33.34590000000001
33.6353
33.593399999999995
33.5593
33.8083
33.8043
33.599
33.4537
33.1772
33.4001
33.7929
33.53130000000001
33.2654
33.29260000000001
33.3934
33.305699999999995
33.3909
33.2072
33.0132
33.2529
33.3846
33.33560000000001
33.5494
33.378
33.0641
33.4163
33.6542
33.5004
33.1602
33.0796
32.988899999999994
33.2618
33.4819
