61.42
54.15
46.19
42.94
41.57
41.0
37.64
33.11
27.56
20.65
16.61
18.47
20.54
25.9
33.11
30.53
22.72
23.47
30.19
39.34
43.52
39.15
39.85
35.89
26.68
24.8
24.7
26.9
26.76
24.72
24.81
24.14
23.98
22.25
22.3
23.98
25.67
29.25
29.37
23.6
20.43
21.37
20.91
21.0
21.57
19.93
21.72
24.57
21.69
20.85
23.28
23.13
21.27
18.92
23.31
26.27
22.86
19.57
15.46
19.04
20.49
17.15
16.3
17.18
14.15
9.94
13.18
15.4
15.44
12.59
13.46
17.76
14.35
16.06
15.68
12.51
13.65
15.55
14.47
14.11
16.6
17.66
15.83
14.39
14.1
14.77
17.6
16.62
14.28
10.87
12.91
12.25
12.64
14.52
15.7
16.18
13.44
14.04
13.08
12.04
10.61
11.01
18.33
16.84
12.89
14.48
14.13
15.3
12.81
10.95
14.67
17.55
15.65
13.71
10.7
9.82
12.63
14.02
12.86
17.43
17.95
14.12
14.6
12.99
12.57
11.92
12.88
13.66
11.63
9.79
10.22
9.92
12.46
11.92
10.68
11.72
10.83
11.78
13.89
14.33
13.19
10.72
9.69
11.0
11.64
12.96
11.82
11.88
13.17
12.5
12.74
13.68
10.92
8.4
10.3
10.49
11.96
11.62
8.39
9.7
11.81
12.06
9.3
6.09
8.16
8.05
8.13
7.88
9.73
11.92
8.66
8.94
13.07
13.13
9.36
8.5
5.66
5.28
7.15
10.52
10.4
11.08
10.95
7.26
9.45
9.81
6.99
6.13
9.04
11.6
9.76
7.95
9.9
9.02
9.64
10.01
10.04
9.32
7.39
9.24
9.04
9.21
9.8
8.88
9.1
9.33
9.32
10.51
8.3
9.6
11.77
10.23
10.9
11.18
10.82
12.84
11.93
11.35
13.08
11.01
8.77
8.82
10.25
9.98
10.85
13.03
13.33
13.76
15.03
14.84
12.45
12.44
13.13
11.25
11.61
11.73
10.98
9.19
10.21
13.56
11.58
9.82
10.09
10.5
10.12
9.88
11.81
14.67
13.64
10.16
11.57
9.64
7.61
11.42
10.92
9.76
12.17
11.28
9.67
10.85
12.78
12.85
10.75
9.38
10.6
10.75
14.11
17.53
18.24
18.42
15.11
13.93
13.88
11.98
10.49
11.13
11.07
13.12
13.64
10.23
9.19
11.22
12.79
11.45
11.29
10.88
9.35
12.93
14.23
10.89
11.87
12.53
12.53
11.5
9.07
12.23
13.84
12.41
11.27
10.66
12.19
11.46
9.19
9.35
10.58
9.88
9.17
10.44
9.14
7.17
9.08
10.88
9.44
8.89
8.85
7.93
10.13
9.98
8.81
10.4
11.21
11.06
9.07
11.66
12.81
10.51
10.88
11.64
11.96
10.27
9.63
10.64
11.59
13.17
14.22
11.57
11.13
11.98
10.42
9.88
11.57
9.78
6.27
7.85
10.79
9.89
8.45
7.6
11.79
15.61
9.44
7.29
8.85
9.08
10.76
12.54
10.03
8.21
9.16
8.8
9.44
10.55
11.59
10.63
11.76
11.78
9.17
8.82
8.06
8.77
8.64
10.1
11.18
8.68
7.26
8.83
8.92
7.0
7.98
8.77
9.27
10.46
12.93
11.77
8.45
8.29
11.54
11.77
9.25
9.83
11.01
11.71
11.75
10.1
7.88
8.31
9.75
8.91
7.44
9.3
10.83
11.16
11.22
10.29
9.14
8.42
8.66
9.33
10.28
9.3
8.86
10.61
10.25
8.91
7.84
6.97
8.02
9.89
9.73
12.19
12.75
10.88
10.83
9.72
9.57
9.86
9.4
8.78
11.23
13.74
13.14
13.32
12.15
10.42
10.6
9.39
9.95
10.87
10.76
11.36
11.24
11.43
11.62
11.67
12.45
13.13
12.09
12.58
15.27
14.58
11.86
10.45
10.98
11.96
10.8
10.53
9.68
10.87
13.08
13.24
13.01
13.9
12.09
10.6
12.03
9.93
10.22
12.7
11.25
10.25
11.56
11.54
12.35
11.52
9.3
10.97
13.94
13.57
11.99
11.54
11.33
10.14
10.9
12.64
11.92
10.82
11.92
12.55
13.11
12.1
11.91
12.44
10.98
8.62
7.96
10.53
12.16
11.63
9.8
10.91
13.71
14.22
12.55
12.42
11.75
8.22
8.9
11.82
10.76
8.75
10.18
10.25
8.89
9.31
9.89
9.95
9.62
10.32
10.01
9.48
9.67
11.11
11.07
10.16
11.57
13.97
11.98
9.53
10.06
9.93
11.43
11.3
10.43
13.08
12.19
9.91
11.28
9.94
9.26
11.19
11.62
10.7
10.7
12.43
12.32
10.68
10.37
11.89
11.3
11.34
12.22
10.95
10.54
11.08
10.86
10.95
12.7
12.58
11.16
11.33
10.76
10.95
14.31
12.67
9.69
10.97
13.39
12.56
12.03
12.94
10.72
14.83
14.4
9.84
10.02
8.95
7.23
7.69
11.78
11.61
12.45
14.72
15.78
14.9
10.75
10.95
12.64
13.57
14.22
14.89
15.48
14.32
15.34
14.1
11.16
11.47
13.42
13.65
12.23
10.9
