0.5357110646386023
0.6810518835548539
0.3639490999321941
0.1752827732178071
0.909072454632762
2.0078389350943318
2.847183941086429
3.4939788349165206
4.7675496066847485
5.21119986411437
5.327931924723249
5.765906203689514
5.679745971470125
5.558840943641208
6.541327680984455
7.818246196832798
8.231208524419554
8.90568886495433
9.728225215602956
10.57219228104984
10.871359307811844
11.002125119166555
11.463015713489868
11.862805851391196
12.30400419557602
12.20874618137078
12.296422283354614
12.285306517243969
12.387379023797234
13.087048888596556
13.218386166936718
12.792138032616048
11.964438777160844
12.301790204924636
13.149625521710291
13.512229446981005
13.875773880897002
13.840707705116616
14.170911693057011
14.355249952218204
14.160951269925096
14.395377807544916
14.602032404967677
14.217107201632448
14.29501643765376
13.923215032025992
14.1382678344572
14.937837596609224
14.53706434457838
14.58219390145705
14.367370876642912
13.576565620995652
13.53766221699253
13.926176987504077
14.12150320344024
14.00617272226263
14.340667739946769
14.630457463700044
14.633453553710622
14.713822112379855
14.578796931996273
14.334175023857895
13.575123787531108
13.627450115439222
14.426906149681734
15.062255386880064
14.826948593778376
14.01134863244686
14.485278408087654
14.67839235696188
14.436090287760194
14.374910517115676
14.09388356138443
14.38601203969935
14.869325537230075
15.305273604600714
15.662235824298142
15.249538556714706
14.59374574545066
14.74862248303672
15.24563730432192
15.34506417737264
15.19739607840569
14.874945431823734
14.392682451592028
14.463237802414133
14.766224800850097
14.585335220772842
14.829904122907124
15.167596193322378
14.982639403186443
15.392614920964125
15.192304895763424
14.939454180042876
15.189548716238896
15.469027907404104
16.10612961663277
16.403073637551458
15.972442384364896
16.12684038372393
16.635813683401068
16.64402902308724
16.283725491723796
16.33362668070761
16.78530250836574
16.705727645864794
16.434548773861252
16.264841511273485
16.10375954385789
15.92705324207145
15.762553972546971
16.228967587593935
17.140717912088864
17.55361789051607
17.277402540168456
16.83741444732597
17.23538677471786
16.658250626312036
16.67467382823841
17.65292838336672
18.054579041148017
17.850444616479212
17.336412072789564
17.66661571347294
18.11193059587828
17.885808474597955
17.720683363139763
17.621373183477054
17.588512633040235
17.644558899446142
17.512277202901984
18.05950834895164
17.909828837249723
17.859148184022366
18.215926066658792
18.175275837926744
18.248970055543094
17.755826637810618
17.550367489733553
17.60050693816025
17.047792632202018
17.104586657885893
18.023955904235635
18.206566447905157
17.630918366994834
17.605618118423425
17.815534105229847
17.96626018556374
18.12585614049213
18.091233615322977
18.241398062019687
18.64253748418338
18.13867646825227
18.082938672117702
18.72704390976593
18.40805951679998
16.96093083520129
16.041673337286202
16.716242599664128
17.95530963524815
17.745322347224345
17.320794072203054
17.684070080151745
17.333039630289658
17.47591853683734
17.90268342706443
17.88913823416827
18.039664298557767
17.965033554239344
17.47833890072217
17.839936602939495
17.181946832003604
16.617504936396138
16.736023681524756
16.026328483560572
15.32550575070882
13.874597063646002
13.212164679830927
14.67796272364757
15.94346094216246
14.922512853725255
14.934087352760905
16.435966804340772
16.53137239576548
16.440271594396048
15.903038506425796
16.993954438779745
17.390932333891985
16.01817974559519
16.35842192716577
16.694300058381046
16.973660413015104
17.411328354397448
17.120984338625284
17.032362764779712
17.22395437644433
17.120505440311092
17.157616349076463
16.736958507371927
17.11849346311948
17.55032441868006
16.862592051751225
17.321743720788565
17.47622812241135
17.402238312498447
18.54401457000827
18.95662781625981
18.097395833666475
17.765226121905034
18.40004353610317
19.228479693191577
19.106711776351805
18.50403274594083
18.97706376373863
19.826570275294987
20.083132648241698
20.24733319953671
20.31528263176928
20.33810348528344
19.99524077216733
19.587876493946784
19.800588945998363
20.63925935239728
20.743373528506712
19.61672946896985
19.07215509097287
18.83713635730308
18.9285613228622
19.34534233216741
19.85264171185556
19.71751445528241
19.433261411955456
19.242560586972747
18.783584425818628
18.57363227200952
18.99688790136373
19.51283269684045
19.669470645543285
19.13169882380778
18.496820769667423
18.970957607940758
19.60086975145252
18.62028534113468
18.3832518322499
18.90319588821828
18.18641457648842
18.968272605800763
20.068994943488317
20.352641638840733
20.475216952475822
20.207694071027724
19.887926586834293
19.52172256638725
19.35980934749944
19.550706515824015
19.75641603847524
19.70971212537101
20.04547668473224
20.46173220779577
20.32567458743681
20.40396778568244
20.49225670172607
20.20231755188236
20.242636101946843
20.27711922998611
20.433556326853328
20.37004502756932
20.34781203687757
20.3063155672968
20.015861929455173
20.47813926942817
20.39719596670393
20.45286146663559
20.603823229935127
20.42467262451204
20.30718482362663
20.191484308238465
20.14840569419216
20.226255518420288
20.84039049347517
21.060126632695056
20.789844627389726
20.870949902825046
21.00278154581564
20.88584101996953
21.32335828642845
21.519727438524196
21.15199264305196
20.76568018020235
21.02266041524246
21.30813312211633
20.8832165628997
21.05007965078088
21.167195630058064
21.300136410893124
21.068344436918903
20.625919820206427
20.65248667807816
20.36535351321826
20.156328630810624
20.37986369940217
20.56466968672085
20.12633130467912
20.409709546908157
20.780823176853847
20.912120672789044
21.153016870230005
20.559683534146053
20.4358709894082
20.77560234058649
20.828404284007974
20.85728510230309
20.731162250949705
20.658807437967397
20.77732177418402
21.013884021591007
21.27182421884604
21.533399048766476
21.622751353166663
21.217621171543158
20.829764075859533
21.051216668965427
20.92280174979408
20.955826898681213
21.538837545508283
21.58756035205496
21.30868099505002
20.66597878393014
20.73931786439039
21.475045341592523
21.78510377992072
21.46602619155825
21.028730997202636
20.69999805562818
20.747243002756576
21.184811646517733
21.215431176785305
20.755066378809836
20.703519539307614
20.943160312739607
21.07873100685986
21.262245914127902
21.204658220073988
21.190572209081992
21.15330756983021
20.95982119589049
21.002972893768607
21.36372014875159
21.11701917335855
20.52418640738097
20.1219674476376
20.349612006047774
20.62786589134355
20.389051622668955
20.708246845077625
21.37665216556433
21.607723027695325
20.913646071337777
20.19823016866465
20.388562841485346
20.76963354324152
21.01084443357464
20.81298242046085
20.348863461439937
20.14187748012278
19.924805484885223
20.1750650635646
20.538223168175644
20.237672356234494
20.354607570758613
20.63576468515311
20.32360515087857
20.157703691707543
20.62645563440402
20.4702052173232
19.81350150912474
19.36694609022548
19.45277391802405
19.58279685066364
19.1890147604095
19.620108608648184
20.22379782604118
20.064717153724512
20.0858767328164
20.318925787650223
20.26017562666633
20.39232876683307
20.47700689821482
20.55253442423981
20.81311465895453
20.94097609021432
21.21447524826739
20.935371218807816
20.805294504440965
21.03902413901317
21.03097621804463
21.31411132908763
21.263402831096357
20.725988556142944
20.086797707863496
20.08278001239657
20.81102034171782
20.956747652852005
20.55707133228875
20.581276795155983
20.61269449064332
20.806922466780048
21.04836612144983
20.937068977498065
21.483715087003866
21.406656833227647
21.20854227215616
21.129127837477377
21.10011189921612
21.511304446804846
21.18460834970062
21.556097690316925
21.980083544872414
21.515302121027062
21.136339312338123
21.03675800559139
21.205375547357637
21.712062237810485
21.75074027721218
21.513073944188477
21.853258056049206
21.46427797394673
21.528876387928463
21.90226107637012
21.50644684224068
21.749336769776647
21.56784313552695
21.100089185415303
21.720840098568377
21.56788079565642
20.791961964141368
20.47435023628981
20.721643058725054
20.876095271964747
20.508404280916047
20.719276831340757
20.78733206760165
20.983364011775997
21.485562985241835
21.73240777015058
21.51782927509353
21.273606430901264
21.110449037031024
20.945180179557788
21.10066384483856
21.849317287571584
21.93012028754896
21.608473397089025
21.989059267235067
21.68580731374706
21.698680724877025
22.024028065339603
21.81753955937947
21.195218537931027
21.20995791335216
21.98942948383488
21.794869325212197
21.73381805307594
21.0684275796655
21.12965213547668
21.722307534040635
21.696577737043853
21.8373554789858
21.63904413875575
22.10585431390476
22.128578036504724
21.73136388449844
21.5466257332362
21.65815400736245
21.610181039971334
21.63350384383188
21.765330217092696
21.987022742811654
22.01420783128736
21.7697481959012
22.26664424354348
22.34812410393391
22.18205383172105
22.19699769733063
22.1072300785776
22.08143095204728
22.009505296998064
22.058673195383605
22.189108631489145
21.78626669164013
21.62553914026348
21.819360216143444
22.254096792402773
22.665563268188293
22.175866178295163
21.92048171184249
22.05465970139944
22.10851284116987
21.98250965053665
21.877523097131828
22.41551604355733
22.33117555738172
22.137691578317387
22.35785643581066
22.38856809189653
22.330262974326093
21.907666204112708
21.488171374845837
21.822864996221064
22.280780622491807
21.283429512996985
20.893431628717344
21.416570615403995
21.70588511168611
22.034550581032185
21.95695142042973
21.713443614931045
21.83554853906183
22.237626194811558
22.472924684118407
22.229996131228404
21.609654570226727
22.36724956815051
22.649139808178283
22.06567957844176
21.99510218164717
22.28167729022979
22.6051694054414
22.146229515752392
22.17538923828228
22.649841248859605
22.867751797738684
22.36010381263935
21.66399193494996
22.02190279407368
22.47743705587613
22.114388690145557
22.47153140735356
22.685152720288453
21.89507583232564
21.848729932317184
22.5275588375201
22.97509974252145
22.59360251190181
22.400424566130745
22.595830838705204
22.510657318228663
22.45828103746029
22.21657966630912
22.40057826292821
22.484891058812742
21.84807910033764
21.72708652152512
22.17043991224981
22.308157500599236
21.75682436055572
21.256465594839412
21.27865077461408
21.944201622779325
21.874498018743903
21.42207146095208
22.042278378083918
22.4956116833293
22.30589459009721
22.04832792691004
21.58121164100805
21.45815561079633
21.42468358040058
21.086131692693428
21.172678577700957
21.987688666922818
22.38266922330712
21.801435117992547
21.776868646983274
21.833878499615366
21.46672384063905
21.582767203419145
22.290849969144336
22.205487997162432
21.782607203396147
21.37118423923373
21.99347676704804
22.568824103455697
22.394918599303317
22.681133229507893
22.707090885029103
22.814695652438512
23.11018471072668
23.037508619182336
22.597041143198773
22.86982890390511
23.22460946013199
22.74933114771952
22.40769755027477
22.556855533553243
22.395842605098736
22.83430428768746
22.99376876754089
22.7167981395075
22.330316722551597
