13.11
24.84
16.69
28.57
21.48
35.12
24.6
25.41
39.53
37.04
26.01
52.11
26.94
45.04
35.29
43.03
37.39
47.1
43.67
36.91
36.01
54.51
52.49
37.64
60.91
66.78
61.89
60.1
52.97
68.99
85.94
75.66
71.1
51.97
66.52
65.06
54.67
107.02
70.57
85.75
112.9
89.44
113.09
105.09
81.46
85.0
94.77
114.13
113.51
84.87
95.82
85.86
102.84
85.17
113.65
108.6
120.54
117.18
105.3
123.1
106.07
124.53
107.79
125.47
121.69
140.02
116.25
127.35
122.62
113.35
118.55
124.46
125.89
132.18
138.24
132.75
135.41
123.12
140.46
130.27
118.4
127.15
128.29
121.51
141.93
161.05
130.86
131.52
123.49
147.19
155.76
137.92
141.19
148.64
143.21
151.34
125.86
148.16
142.57
154.37
147.77
144.11
138.07
154.4
147.47
154.83
153.52
152.67
152.92
155.97
159.23
171.38
159.13
154.35
169.0
157.11
162.12
175.78
159.27
152.34
153.51
177.52
157.74
153.34
172.77
159.52
168.17
177.32
178.01
172.33
168.45
182.08
174.09
177.58
166.02
158.1
164.2
168.81
169.46
175.46
164.04
176.28
165.5
177.55
178.0
165.56
186.62
170.0
176.78
166.52
170.77
168.58
159.9
170.44
169.22
173.05
167.6
171.41
158.19
165.73
159.73
160.7
142.2
166.73
164.45
166.66
164.12
165.74
161.77
152.95
181.8
159.29
171.57
174.81
176.91
176.96
181.69
190.37
159.16
178.15
166.62
159.69
180.45
174.48
170.67
172.22
176.78
160.2
149.36
168.09
167.39
177.72
175.28
161.29
161.87
171.69
176.95
159.28
166.35
159.07
163.83
164.81
175.53
165.16
160.97
164.63
160.97
153.66
180.27
160.26
168.84
154.88
154.63
174.03
148.15
184.07
162.63
177.39
160.9
164.87
154.92
164.47
154.15
158.87
159.19
175.44
160.3
160.1
171.17
154.91
161.09
162.69
165.25
165.91
171.91
172.66
173.15
183.61
186.01
180.92
191.39
169.55
174.01
173.56
169.42
175.51
175.86
161.93
174.86
159.57
167.15
175.49
162.19
159.86
169.34
174.39
173.89
172.88
157.66
163.79
162.52
154.79
171.48
175.8
166.98
183.41
180.82
174.39
167.9
175.3
174.87
185.97
177.58
174.75
183.76
170.16
189.82
176.71
177.99
182.01
182.25
181.32
172.57
167.35
177.3
184.34
162.76
167.16
174.66
169.17
163.26
175.91
165.18
173.78
163.35
162.68
177.09
169.64
172.28
176.93
165.0
167.38
176.02
167.48
147.08
176.42
158.69
165.76
168.02
173.88
177.75
185.35
177.34
174.8
168.55
175.14
172.19
172.0
164.91
170.79
168.48
167.41
170.51
157.61
163.33
172.45
161.58
175.62
154.42
167.09
166.82
172.61
169.37
175.6
166.3
162.56
171.4
177.08
167.67
172.7
173.53
177.4
177.17
165.0
178.82
169.15
167.25
162.31
179.29
159.83
166.89
170.44
171.01
173.98
167.11
169.3
174.98
173.12
177.89
175.75
175.9
169.48
174.47
176.88
174.09
183.89
175.16
177.63
176.85
173.57
182.27
169.71
183.91
174.05
175.47
173.37
180.45
181.96
174.81
177.47
171.86
179.21
167.26
172.18
171.67
162.09
177.32
171.26
168.66
179.67
178.35
177.04
170.52
179.11
184.29
180.76
182.07
173.27
173.49
181.67
181.74
175.93
180.1
177.7
178.2
179.86
182.79
178.61
178.34
185.61
185.66
193.76
185.33
191.47
197.0
188.21
185.96
181.98
192.39
198.27
182.09
190.64
181.52
195.59
185.51
178.85
184.8
185.82
179.98
182.36
179.62
193.61
180.37
184.39
195.96
184.37
181.55
183.89
195.52
179.29
182.0
180.22
186.75
172.99
169.91
167.45
163.99
178.93
166.32
178.88
173.24
180.55
175.36
174.5
178.79
171.72
184.14
174.74
165.57
176.86
180.06
178.96
178.28
182.39
176.89
180.12
188.21
182.91
192.11
181.57
177.71
183.84
189.57
179.72
183.78
175.62
192.97
192.95
182.94
182.57
181.83
184.83
190.82
188.9
179.48
189.42
181.64
189.85
180.85
181.5
168.61
174.18
177.53
180.88
180.43
181.63
191.57
185.74
179.11
192.78
181.16
193.47
182.68
194.6
198.96
198.06
185.89
190.48
177.4
184.72
191.28
197.52
186.09
179.74
170.77
185.82
183.38
187.19
186.94
185.13
189.54
185.46
177.65
175.35
177.07
188.49
182.43
189.33
190.72
197.77
182.97
191.27
190.17
192.13
191.19
192.26
194.77
191.44
189.97
196.28
204.78
201.26
196.55
193.38
183.19
180.63
171.8
183.4
186.15
182.36
178.82
177.66
185.78
183.25
190.24
186.84
187.45
190.0
185.44
198.66
195.72
181.09
190.19
194.73
196.67
189.52
200.39
197.68
194.26
199.6
189.7
189.95
187.37
186.03
187.69
197.7
192.18
188.22
185.56
182.1
192.92
186.95
204.1
177.85
184.36
187.17
191.19
186.95
195.82
179.58
181.31
182.19
182.63
183.76
187.6
182.77
186.41
184.03
183.29
175.14
