60.67
56.03
51.73
37.41
76.17
68.2
62.83
54.59
46.87
59.19
69.73
60.67
55.39
79.03
83.09
71.62
51.44
51.95
64.81
65.79
57.87
44.46
55.83
42.58
61.34
64.09
52.81
64.67
66.49
42.79
61.93
44.92
55.0
39.85
64.62
45.41
53.65
61.29
43.24
65.34
64.83
53.25
80.13
50.18
59.18
60.47
58.31
67.69
71.42
64.81
66.59
85.57
51.34
85.16
73.0
77.51
71.81
70.93
76.52
99.18
81.6
85.77
113.67
73.94
79.85
99.33
97.24
84.55
98.17
105.29
99.19
109.53
98.9
121.05
112.15
86.71
90.34
102.57
122.76
116.48
123.56
124.35
139.66
124.82
122.22
148.05
106.34
125.3
139.6
143.31
143.27
162.08
154.81
154.73
180.79
152.68
152.08
154.07
179.42
190.92
167.76
176.74
187.46
181.55
187.56
173.13
180.48
177.66
179.49
182.28
170.07
179.36
195.91
194.18
188.68
201.58
197.44
192.89
178.48
183.51
200.14
184.94
199.32
188.46
204.38
221.51
195.44
208.95
211.86
201.45
206.24
193.83
212.76
206.39
207.65
191.16
193.73
208.96
211.17
196.99
201.4
193.61
198.74
188.9
193.87
182.81
187.86
185.35
203.11
193.0
204.03
201.53
183.69
183.06
187.27
199.33
205.37
194.76
200.77
190.46
187.64
197.03
185.93
193.14
174.63
176.0
177.43
179.23
191.4
188.72
174.8
181.06
187.78
186.59
179.24
185.04
187.6
186.0
175.75
182.04
175.39
188.93
184.15
194.21
172.64
180.58
183.48
177.31
185.31
193.28
194.94
195.46
189.87
179.59
178.48
185.52
207.57
194.58
191.47
188.15
180.64
193.37
186.74
184.16
183.25
191.98
185.82
198.19
188.75
175.11
182.32
200.77
181.99
176.52
173.28
176.67
198.91
185.28
185.6
201.28
194.01
188.5
189.22
191.69
197.79
204.79
190.56
197.62
190.34
186.65
177.12
187.27
185.29
193.56
189.59
198.75
198.8
186.61
189.65
188.3
193.39
181.32
176.07
193.92
173.93
188.46
181.33
179.11
185.2
178.44
192.84
196.31
192.46
190.34
187.59
192.5
182.94
180.68
190.52
189.04
181.03
189.63
189.31
183.53
178.32
184.84
183.32
191.71
185.01
169.13
177.81
193.47
173.55
185.67
186.95
189.79
186.55
200.53
198.62
190.22
194.59
196.59
187.82
195.5
189.32
191.46
184.18
191.96
182.53
189.59
190.56
180.31
179.64
187.23
178.96
180.77
184.9
177.42
190.5
193.64
184.54
187.6
194.42
184.47
183.44
182.59
188.34
201.15
178.57
201.46
186.93
189.13
182.31
191.59
185.79
189.53
197.3
187.31
192.02
184.24
185.29
174.72
181.39
195.61
182.56
196.64
190.06
184.62
197.66
199.99
195.04
196.6
183.8
193.93
189.52
190.84
187.23
194.24
191.79
179.34
194.47
190.03
188.11
182.34
201.18
184.21
189.28
189.38
196.91
199.9
203.29
207.09
196.64
189.65
193.04
188.63
192.21
191.64
182.33
179.29
192.79
176.04
181.25
182.06
185.8
186.48
190.03
197.2
182.98
187.41
183.29
190.63
190.93
197.77
196.73
194.33
195.86
190.56
200.16
184.98
195.27
190.5
195.12
182.53
200.54
191.32
200.68
194.44
193.81
192.53
210.98
203.11
202.99
194.85
205.87
205.14
199.33
201.53
194.93
199.19
194.21
190.1
188.81
202.88
198.64
197.88
193.72
202.12
192.69
186.28
190.51
178.76
198.28
182.11
182.56
179.73
180.28
185.69
187.36
177.1
181.02
181.41
186.85
191.66
190.17
187.85
181.85
193.09
196.06
182.37
199.07
190.35
203.13
191.57
188.89
195.78
189.2
198.9
200.27
190.5
196.1
199.45
186.63
192.99
188.26
195.73
203.64
204.92
194.79
197.84
189.72
189.41
194.41
197.42
204.15
198.47
193.82
193.52
195.8
190.76
200.18
206.18
194.58
197.97
204.14
192.3
201.52
191.22
187.99
197.67
193.56
194.88
202.18
197.94
195.92
195.88
214.87
203.22
197.83
204.9
194.51
197.54
198.26
196.79
192.93
194.83
206.4
200.53
187.95
186.85
193.21
206.83
194.18
201.06
202.9
204.9
200.61
203.28
199.65
216.4
209.56
201.24
202.19
205.97
204.47
190.82
202.59
200.62
206.11
201.98
199.24
197.33
198.14
192.41
192.25
195.08
197.7
201.53
196.69
204.55
197.15
193.06
186.74
194.75
198.16
195.01
194.37
189.28
202.37
194.18
191.52
193.31
198.01
198.08
189.68
195.82
191.66
186.85
187.32
202.72
193.48
187.44
191.67
191.17
196.27
200.62
191.0
198.38
197.42
191.18
191.76
193.16
197.9
188.27
196.56
193.09
192.82
189.95
190.18
202.94
209.87
205.03
203.48
193.61
199.61
200.88
195.89
201.13
213.68
207.88
198.14
208.36
205.65
203.36
200.8
200.93
201.79
202.31
202.82
199.54
200.86
190.15
191.13
201.5
199.37
198.98
187.53
189.33
192.24
197.4
187.88
192.44
187.94
185.55
187.58
185.61
197.14
190.0
205.88
200.67
