94.1
92.08
65.06
102.74
94.84
90.78
77.31
97.93
103.27
106.09
79.34
79.89
87.6
87.03
78.54
88.54
93.6
84.91
78.08
77.25
56.08
75.14
63.64
80.76
88.46
62.68
65.24
92.63
81.34
76.88
87.93
67.23
71.13
75.15
56.17
74.07
74.73
79.22
80.07
79.93
52.18
66.07
64.41
80.08
67.52
67.71
70.12
74.63
89.65
74.67
68.54
72.22
89.87
73.73
68.4
72.67
79.43
67.08
73.99
60.07
69.41
84.82
94.98
55.72
71.16
92.51
90.23
82.61
77.3
72.25
83.03
78.1
80.89
80.51
68.98
79.43
86.16
85.93
93.35
86.81
78.05
88.97
100.24
96.68
85.12
96.72
81.3
78.04
105.89
111.78
102.07
100.8
81.03
80.05
105.6
111.1
86.82
96.57
86.31
114.6
116.57
94.21
104.15
102.96
108.26
116.78
101.95
105.92
104.79
117.06
117.81
114.5
110.29
126.57
120.27
113.78
119.86
132.21
132.18
111.67
141.74
129.17
121.41
131.58
130.91
151.6
152.91
134.68
141.77
160.18
138.38
138.08
147.01
154.04
141.9
148.77
168.61
147.93
162.47
163.97
152.42
166.98
179.01
160.02
164.17
165.01
151.54
174.03
157.41
146.56
158.14
143.94
149.19
148.29
178.2
153.19
145.27
157.07
156.67
154.6
165.22
152.04
154.67
155.76
163.91
168.05
154.02
172.24
149.97
151.48
160.22
163.41
182.2
163.51
164.0
163.02
176.08
171.76
171.47
156.02
167.96
175.93
186.55
186.81
167.28
167.17
162.9
157.09
176.36
170.63
161.46
175.82
168.48
162.11
170.8
164.17
156.2
152.03
138.83
155.22
165.35
148.39
158.29
160.69
153.79
161.25
152.7
161.58
166.61
164.59
156.9
158.07
167.56
180.81
179.63
175.63
178.95
184.07
178.86
195.24
176.19
182.21
171.62
174.91
164.62
171.15
180.23
162.96
163.94
172.21
171.31
169.9
176.73
173.06
169.17
178.37
179.56
171.72
172.49
171.7
169.18
166.72
172.45
165.01
176.61
157.62
178.8
189.53
158.12
182.48
185.33
170.55
182.18
188.84
174.93
180.62
193.0
185.84
181.26
180.09
186.42
191.29
194.17
174.59
172.97
182.26
185.32
188.76
177.2
187.01
185.34
179.91
176.48
178.46
161.66
170.72
173.4
188.05
180.5
172.8
178.42
171.71
176.95
187.37
183.79
179.36
173.92
184.05
161.85
175.15
180.96
184.71
171.76
172.19
175.31
179.02
169.45
178.25
167.86
182.25
165.58
173.4
165.18
162.71
169.57
172.04
172.82
176.4
177.77
172.95
181.83
172.15
178.31
180.26
182.42
179.68
180.06
178.09
179.55
178.26
173.5
165.85
171.28
173.72
173.07
174.94
174.43
176.98
179.36
174.91
164.76
183.8
183.97
199.23
193.72
194.27
176.84
175.06
181.73
176.61
179.37
181.95
184.47
179.92
189.05
180.11
187.45
186.53
190.38
194.24
183.2
177.46
178.05
189.76
173.74
181.55
192.88
182.51
172.75
186.13
180.78
180.11
174.35
187.27
179.9
183.57
186.23
176.84
186.54
189.82
184.11
180.46
183.43
190.18
193.84
195.43
193.0
189.91
190.9
187.94
186.9
177.3
175.75
185.24
174.11
189.49
180.73
177.05
186.48
168.87
190.52
172.43
176.04
184.85
184.72
180.54
190.25
184.46
185.29
197.79
183.56
188.66
200.61
199.33
196.66
189.74
192.75
181.97
188.24
183.86
180.57
174.73
178.68
178.6
174.61
188.27
178.36
186.13
189.1
190.29
182.19
187.97
194.15
188.99
197.8
195.07
196.98
187.65
197.02
201.07
202.92
205.39
193.26
203.69
195.23
197.57
189.45
187.58
192.72
192.55
186.11
198.0
191.77
188.31
190.89
193.44
186.36
189.91
197.15
188.22
190.39
191.89
185.33
185.64
185.17
184.29
180.94
182.93
184.65
193.22
191.76
196.45
188.29
185.09
195.6
196.58
195.81
189.16
193.87
185.11
192.02
192.27
182.93
193.44
189.24
187.01
191.34
182.48
185.84
185.35
188.52
188.65
198.09
199.95
197.85
203.49
201.64
205.89
199.2
200.16
196.6
192.97
193.93
201.33
194.24
194.23
192.01
197.98
195.38
194.41
189.31
194.89
192.64
201.65
201.09
189.66
190.34
186.94
197.13
202.85
198.86
200.72
206.79
204.93
205.13
189.9
202.44
210.18
211.17
202.0
194.62
195.45
198.41
202.28
197.9
190.44
189.25
194.67
189.3
189.19
182.01
187.79
179.38
183.6
186.57
171.13
185.4
185.74
181.13
197.03
191.7
187.0
181.91
181.99
183.96
180.7
190.14
183.31
185.79
192.24
191.38
186.27
179.36
181.36
183.21
197.39
188.55
198.93
191.38
207.08
209.57
201.85
196.41
197.73
199.05
209.19
201.53
190.82
196.7
191.99
186.23
188.1
189.71
185.81
185.6
183.27
209.43
199.87
202.18
202.73
203.43
191.54
200.5
210.57
202.64
203.23
206.26
195.25
193.11
205.47
196.21
188.5
200.41
191.82
188.43
191.39
193.45
199.54
195.43
201.42
