32.11
35.27
22.87
29.19
25.4
15.43
29.9
23.42
27.79
24.31
33.16
24.05
24.48
20.44
19.69
11.48
21.08
9.08
14.24
15.57
24.13
20.31
33.01
19.56
8.13
25.8
17.72
16.67
19.21
21.04
29.2
14.17
10.21
18.7
15.33
10.85
38.3
38.03
14.57
25.6
12.16
23.84
39.92
53.94
27.47
21.05
33.69
47.31
33.94
37.6
53.37
55.41
27.61
56.98
57.52
54.39
64.81
62.31
70.65
61.17
88.68
80.0
91.49
92.65
85.24
99.57
87.76
97.46
106.19
107.44
119.39
96.57
117.37
138.5
113.13
128.69
162.95
149.71
156.57
152.22
157.84
149.47
147.87
150.53
151.69
158.55
146.63
158.18
169.45
151.64
180.16
163.17
181.68
168.39
180.58
190.5
178.88
181.2
172.01
185.04
179.46
193.53
184.14
171.79
190.14
189.28
190.04
196.88
169.88
193.97
178.01
178.37
191.79
184.86
191.51
187.55
192.04
182.45
181.82
190.58
190.63
188.94
191.03
186.2
196.9
199.44
182.35
182.62
201.08
202.53
195.09
192.37
189.14
184.23
182.68
194.61
191.03
180.91
173.68
183.93
168.03
188.54
172.43
186.89
181.81
174.82
199.29
184.6
190.83
199.79
193.28
199.87
196.66
191.13
198.0
174.86
175.25
181.16
177.48
182.35
178.5
172.91
168.94
168.79
179.92
166.71
167.14
193.14
189.52
178.85
187.17
183.08
183.27
180.2
187.07
184.6
192.75
172.73
191.78
192.41
189.9
177.7
197.26
202.03
211.74
200.78
199.5
194.34
200.94
175.71
189.22
191.56
190.72
196.07
178.69
185.93
190.14
184.56
165.98
178.4
178.45
174.97
183.71
177.64
183.22
170.3
188.51
194.52
190.59
185.32
175.5
183.81
178.69
187.2
184.15
173.6
187.34
183.98
184.79
165.54
173.9
172.55
174.96
173.98
175.63
174.94
175.97
179.93
179.55
179.68
195.23
182.53
189.47
177.29
184.02
182.55
185.63
169.67
184.61
186.76
196.19
183.97
191.75
184.41
182.57
171.27
189.24
177.62
175.6
185.99
185.34
180.98
179.7
179.47
181.65
175.05
180.47
185.81
172.32
173.08
188.86
186.87
195.31
193.26
189.95
191.61
184.43
181.2
175.94
180.69
178.28
172.8
166.06
179.54
186.22
185.27
189.2
179.73
174.41
174.66
180.35
184.83
179.55
189.92
185.43
183.31
189.63
188.75
193.81
179.45
184.6
163.64
180.61
180.69
188.89
182.34
176.61
175.7
184.05
178.42
184.83
187.52
176.01
188.18
190.09
186.05
178.4
196.24
201.44
184.38
199.7
192.45
188.65
189.11
188.84
191.43
183.47
173.78
169.02
182.66
174.11
161.84
171.73
171.37
173.07
158.54
172.97
172.79
185.2
173.45
172.0
178.65
175.52
173.98
174.29
182.23
188.88
183.89
179.81
180.41
176.13
173.12
174.54
180.5
181.31
175.89
192.42
183.59
177.53
176.11
174.62
184.21
187.13
180.28
188.84
190.94
188.72
189.39
189.6
181.17
182.33
174.22
178.09
183.05
174.94
179.81
187.06
186.97
187.64
182.75
179.64
180.08
179.99
175.16
178.62
177.23
183.52
181.68
184.53
195.0
192.44
183.64
179.59
184.53
188.42
182.13
191.99
184.73
190.33
183.02
185.94
185.43
189.23
188.67
180.84
183.86
186.25
186.87
188.77
187.31
184.57
189.91
181.99
188.28
191.25
189.24
188.14
193.77
192.92
186.09
188.27
189.3
178.53
186.51
201.7
182.08
189.62
193.93
197.5
185.74
192.3
181.03
179.26
191.7
180.01
185.82
187.01
189.41
184.3
186.74
190.96
184.45
186.52
181.26
183.26
194.23
195.01
192.29
193.07
187.61
193.54
189.33
195.85
194.88
193.28
187.32
196.74
186.49
193.92
188.09
189.25
184.31
179.61
182.32
185.02
178.93
189.19
185.82
186.42
186.53
187.12
182.82
193.32
173.43
188.01
185.33
190.23
186.1
186.31
185.98
186.65
198.4
183.17
185.85
185.25
191.34
187.31
178.64
176.22
183.68
174.33
179.87
175.06
192.11
183.14
184.09
184.82
185.41
185.4
188.75
183.59
198.54
196.85
195.48
202.26
196.45
189.29
204.34
202.89
197.05
194.25
199.85
197.22
190.7
183.11
187.13
194.78
194.43
186.34
185.92
195.67
195.59
196.95
200.48
191.2
192.18
193.84
195.43
196.4
194.99
208.05
196.91
194.21
202.53
192.37
191.13
199.03
198.6
189.3
177.79
191.35
196.12
197.6
186.14
199.35
190.88
183.37
192.04
190.69
183.96
194.35
200.85
204.21
200.84
194.98
200.27
199.54
202.99
199.23
191.46
188.49
182.69
193.96
192.5
194.35
196.92
184.1
197.67
192.11
184.52
204.5
194.11
186.34
191.27
188.55
196.93
198.67
197.6
203.82
199.52
194.95
193.52
196.65
190.6
189.41
189.04
192.52
186.64
187.1
186.03
185.92
194.61
188.33
192.65
194.74
187.3
188.58
188.04
187.4
193.37
185.72
192.77
183.16
194.03
190.99
184.78
182.84
179.61
187.11
187.7
