-0.0435061227615299
-0.1544382526748618
0.2463023893926443
-0.050902270223631
-0.1916055610423973
0.0965105307046118
-0.0124997046602006
-0.0732882425829683
0.0340391702317581
0.0036444885264847
-0.0994347810087828
0.0582454742741925
0.1523522294028452
0.1208003985398496
-0.0045583018232299
0.1517018720211612
0.1275918149018622
0.2911857798630933
0.2463637377738844
0.1090073961940188
0.1490781446815772
0.3533696490923396
0.1197313324002658
0.3019876862646692
0.2518100106608773
0.449477853360105
0.3728509670255595
0.4118109686760716
0.4390973981236592
0.4166888923761483
0.4015306293671056
0.4930987108231905
0.5268413843652574
0.529741257092305
0.7144912276229344
0.6400376695519026
0.6374419164429963
0.5924341932674835
0.7442848485242146
0.7906158411476655
0.7382762679956549
0.8988204857386495
0.9759300705650716
0.9115257305126608
0.9830073744319592
0.991726198815867
1.097433598432123
1.0663842870137925
1.096212107503117
1.1564817019450275
1.1907934211490028
1.2414782268240712
1.373174596974993
1.4539640292432423
1.4095267923499273
1.5036518257135765
1.569430638026767
1.6708587948977114
1.6391535148273515
1.8030840778819308
1.733147773144726
1.9161418788098548
1.9442653540689956
1.945922825923177
2.0336108480903565
2.172763175110159
2.1701577741788696
2.260420688649645
2.455919458871664
2.501651090599814
2.4703247200572798
2.607844426024009
2.769050098910845
2.6835703241932536
2.8242915674702345
2.8627580332970397
2.967858096081493
2.980730883895721
3.0293631407732984
3.257584773701542
3.1853916749238107
3.349657251303989
3.510344775237735
3.626688700896774
3.288242717288213
3.64063290923303
3.581103259486313
3.8057642252662993
3.953295059688637
4.000281499359295
4.012837869842158
4.015865261932498
4.080844510891872
4.071539166254006
4.200582268764091
4.247486179931704
4.598434361349481
4.707906167089502
4.498703554147229
4.375552770243959
4.694724282679049
4.638484228422922
4.601865427146084
4.758914439572402
5.086574991111405
4.760650989475594
5.210485867646918
4.900791690309834
5.266352303527141
5.344546433139418
5.308260201556419
5.332359363870869
5.451239412159365
5.544338396719083
5.507876504147271
5.579094016435748
5.870391407015836
5.628007804368858
5.879849074656419
5.645361819848298
5.887484655623817
6.031544743130501
5.629584424278278
6.043435391416774
6.030791994732247
6.213051354077023
6.224803068139304
6.274514968102028
6.273255868352453
6.540638197089502
6.43006267179249
6.352793565592196
6.297148578916576
6.499138908827805
6.636391568416521
6.614775909336109
6.78901982340361
6.750592052519164
7.025118105501604
6.960673116312911
6.940562979549036
7.326862048747459
7.219957093170429
7.267739024529744
7.5453578186322785
7.716940827347068
7.395680271168768
7.555069077993936
7.519861460902279
7.808295296190856
7.723994852240286
7.907626838751305
7.838528466451302
7.873411697735626
7.873944643149444
8.026147035780307
8.177668926268238
7.713814047195856
8.234122249036242
7.999139117058851
8.08286664506089
8.401852360843288
8.37812318424683
8.580197321690067
8.503054196204745
8.493896612894897
8.339071027534679
8.546988947421506
8.40306529413405
8.671451933574746
8.710165367801398
9.042092326357649
8.846603709319178
9.176482707258147
9.133751172501972
9.088880287395597
8.977624527940556
9.438361430554393
9.414372129715009
9.34294273584861
9.28528329732247
9.588938210451348
9.44059734540216
9.454259512214014
9.547058773870592
9.701153720518418
9.529221913274643
9.380221727538984
9.84908336944448
9.737566232422314
9.872259853535889
10.115381075246528
10.04193759636861
9.918312054497369
10.044030889403624
10.18220699809108
10.22165626721804
10.456787382859424
10.10408352187961
10.19765919964052
10.360455094024156
10.163429485638169
10.484184324330151
10.50185966763208
10.435914019408388
10.382799448493888
10.690079591476598
10.61187106910242
10.53102766460312
10.54262510220384
10.50915233037091
10.583628368183632
10.82202075833489
11.021725495914268
10.607826923193404
10.779238786384145
11.063891335874551
10.879694788480808
10.722424316605911
10.869515118695718
10.975527758171888
11.37464357871097
11.313476206433702
11.280368156193582
11.163560097025533
11.117135473676267
11.19871361844467
11.727197606552304
11.59288460020976
11.73311928750011
11.908155752016198
11.48193269349409
11.70065111226296
11.472242753335069
11.824191621742012
11.79258112702695
11.581637905542877
11.814005378701664
12.119280288784468
12.2869185137203
11.804041844836872
11.679929406294807
11.903154633265824
12.035951299394918
12.042217806378048
11.97284418422729
12.083308667324468
11.963392495996036
12.301270720479971
12.458621799520166
11.9856226150474
12.461080258299448
12.179998794676528
12.51725660174551
12.54869888537151
12.40677831275638
12.586759090073404
11.837877996980684
12.607572878910362
12.765742459111127
13.202736705186146
12.908139759225971
13.12537162625889
13.17390423574517
13.275287579443882
13.124474636942091
13.13931791728533
13.41502037984456
13.34196930702728
12.97097220777089
13.37344124399558
13.436631642226958
13.79513943830669
13.341047388148075
13.284092579433157
13.38828026080252
13.642221288614913
13.181959501079634
13.60228122792913
13.573173082495
13.381782049028672
13.642774866512228
13.862587826330484
13.893240955518088
13.845417051911085
13.970228129551815
13.967561215711354
13.93184351934318
13.677849622546068
13.798303734183628
14.245095291998888
13.78197896744788
13.763508006185612
14.413642707583003
14.261568894773
13.78765305885504
14.185811070562504
14.370869944177894
14.17206299247589
14.25295397246851
14.605360813502111
14.565869653040885
14.40303940733926
14.635198114297934
14.44099347381039
14.80582108303999
14.607064087390365
14.448567769895964
14.45513089078395
14.431422937380548
14.80775278581833
14.934924014579645
14.565130376155857
14.346029467566368
14.838888738722089
14.864232611698666
14.546847299057854
14.802973222007616
14.603901148418707
14.895626532668024
15.136293444829285
15.36285372638636
15.009938662045696
15.164952060980116
15.190016297660677
15.460784953279564
15.164500563744305
15.547596210436168
14.990040234789936
15.159249260400625
15.575925473047237
15.413889672746755
15.505880383160797
15.17902598881819
15.696740078263618
15.623015245225272
15.884673970902568
15.844202734175406
15.300259115495336
15.259641969739
16.139682055662025
16.034308748412048
15.65722852137462
15.680046473782284
16.033496268131184
16.12033205191417
15.915198490496149
16.029978521987715
15.817157460961123
16.193591454055124
16.04002473856718
16.003782156534424
15.999890853011932
16.266553274750958
16.05447749737492
16.598286756629747
16.024415034187463
16.266170051432876
16.391989472148857
16.16593750278021
16.86402913226587
16.251288799037628
16.45881371819841
16.48165553236664
16.38355286479057
16.81236330147532
16.72963242940021
16.913736660742376
16.801542466758065
16.720263249926848
16.64548049810889
16.511366724440844
17.16074668895902
16.91642896325579
16.720591722219275
16.732030876638003
16.994685912575225
16.806792159741544
17.31470748396631
16.94756091552268
16.956613999117405
16.878669787999037
17.237763564587162
17.265640522408184
17.36901141503274
17.5101881870665
17.47535533909313
17.258644860053952
17.51555554076638
17.678868829598947
17.504380122576208
17.50112856958663
16.916733806898822
17.418484637084344
17.484714776400434
17.437768019299284
17.42150985376867
17.609651221325443
17.529153710576068
17.85281650746573
17.496740395595722
17.63099128666591
17.385116514733976
17.482249289206546
17.25853441430547
17.836502486741324
18.101394752662607
18.08931648467548
18.077324109240955
18.00566698623114
17.96342468537804
17.80625219170728
18.45878645101065
18.32519591230529
17.985065834598778
18.17958678207348
18.12658057259776
18.005521936484445
17.929328293708693
18.410815551451577
18.31238609074744
18.65784867187498
18.094360657166146
18.64302143309985
18.369932218323054
18.822114812416995
17.977922344194457
18.27386616634078
18.7256843052362
18.56010175529503
18.35829523113109
18.74088761199361
18.892240491839143
18.79791405236551
19.02551631851783
18.759845839380127
18.980370951436363
18.517608871829477
18.633272992539183
18.943878391655357
19.127264641872465
19.15900849549742
19.02060561914342
19.0146097972927
19.267934094639745
19.15825720604969
19.1676908316078
18.95517116721173
19.35491088712258
18.843946071437596
19.33662273577632
18.97902492370438
19.624430224092382
19.32290721411371
19.30967913543608
19.38221265968756
18.87802789370529
19.340437572601573
19.748382836407146
19.53076298122093
19.60940120668512
19.338845849690355
19.658587226868505
19.685337364735776
19.858493051225743
20.126625164046803
20.37332377662444
19.648973696743766
20.168236278092845
20.542905767310984
20.29175270699202
20.127814996831123
20.36131098224736
20.282204491689548
20.32541640294365
20.047527606915644
20.169621332933342
20.591376510723563
20.34488737743271
20.61792730659872
20.35931335589851
20.60422502420033
20.663062625615503
20.56241256268056
20.480097831819748
20.047359501367776
20.95939235648806
20.8047034568516
20.984843138471103
20.93873624882968
20.63188626906721
20.689709252330253
20.96576959143657
20.736505125292663
20.298250595642696
20.911621834043537
20.99638391360564
20.90183768610816
21.18419688635708
20.90545281753939
21.02275833315185
21.4562651106596
21.390722257349765
21.423310306493377
21.01273282070641
21.113798473981287
21.30982904825781
21.685083512076805
21.285463491877525
21.22244828187096
21.53296118887876
21.471092288702348
21.63992472339268
21.791250180269063
21.714909628227687
21.551191156568237
21.92320003145312
21.51216613239719
21.825251650254728
21.94036962207541
22.072298241729506
22.03239157857549
22.39074251947213
22.1540764630348
22.276689237667867
22.48449481190883
21.824788123625627
22.42978227773145
22.472763408682063
22.632047410817705
22.486792267627244
22.483694215290537
22.589649899217616
22.545018322560622
22.440984173087603
23.13114569691852
22.270956345299265
22.840229647757827
23.06789676264384
23.058326671442405
22.99405934607372
22.510662554628222
22.368510136868867
22.964309020829152
23.234512972700745
23.258515949156475
23.064229413506222
23.164267268575887
23.185667745321417
23.402583347615096
22.958592741966168
23.6111712959119
23.65389375247507
23.606003971793697
23.71400192556749
23.744133644403394
23.638299259716792
23.93857245651262
23.928197544397836
23.8169523684396
23.99815630449721
24.097178657751144
24.39593039832776
24.518138209772392
23.81405987683781
24.248113438722168
24.39694647120725
24.52979291310361
24.63004666115233
24.10024402517344
24.591351278522943
24.413442541735275
24.41822932796072
24.783727975773488
24.550561593730095
25.041352965937325
24.98501350462272
25.03731913424883
24.945528463009417
25.2624461038268
25.41928066079727
24.883194389895905
24.919046734799007
25.186897442571706
25.534297681165903
25.861415869837288
25.15329464450596
25.68659537648994
25.389068205000896
25.80925359976543
25.390089116153703
25.667859841452792
25.558096741828987
25.811220763260607
25.81816807317466
25.79838847032769
26.323075852603647
26.074790241191568
26.13685739716345
26.121936001256778
