0.1922512499484396
0.0664322968359125
0.2299051319758697
0.1917375461883195
0.1295974631136844
0.2115792803776613
0.2258415246511315
0.2153763582463744
0.165879939022033
0.2274733063731989
0.3409403903813576
0.2637954059839192
0.3381932437242379
0.4254323945714762
0.3396684404896788
0.3502044083561302
0.423016594634291
0.4039577785984896
0.4095748507686634
0.5152145323462514
0.5661616436271479
0.5004078676474258
0.7003577907143353
0.6162099403505449
0.6981147412517485
0.8679863971914208
0.8066218137528293
0.6791367317436283
0.9430513579814778
0.9540866278700996
0.8420161459442335
1.0781942866676326
1.0724350070593234
0.960688751710566
1.2203664355261787
1.3213865205446078
1.4276601381117389
1.4443747157202025
1.39981546538979
1.486231302792694
1.6211812446735872
1.7420560625221924
1.641003833671048
1.8014683284645223
1.7697390307573722
1.9277066177840092
2.067900214441637
2.2110234280599106
2.3119897177332795
2.2156631198017784
2.255996911858303
2.6409818337680857
2.7297172931454385
2.659070318195837
2.7932445134849115
2.664233933464394
2.8903641798089588
3.077920820490544
3.015819027022072
3.0066749715524868
3.3409107212413773
3.451943968521963
3.28946904780198
3.6023400763843387
3.5967996531373485
3.850325620398364
3.7919157979488687
3.827463729575208
3.9944124708390016
4.175007881346134
4.4273847941490345
4.372217325094485
4.79994169002005
4.664936962497455
4.692775970923576
4.888633387217492
4.860079670717041
5.0536641364548425
4.779174312846656
5.348828701720313
5.2990835374317
5.386189822809049
5.478710921328476
5.8567159964284405
5.726771389429251
5.659274864141752
6.021903325125452
5.998450515712368
6.150025544118948
5.967359365216071
6.300181497673212
6.121783170255704
6.187430749668092
6.877236611291411
6.689867481046077
6.532599289353967
6.79236449770716
6.62079858367276
6.928363731173025
7.169973752992231
7.146935807675915
7.194899907618314
7.133035360169068
7.77696587442436
7.611319024439706
7.254488738756252
7.844299069829617
8.04712621590101
7.788902240481328
8.024151003241156
7.977636382285773
8.084707424376793
8.352764206886178
8.250133801249033
8.387160939249297
8.581753405131057
8.318722811802061
8.390583666501891
8.78813764860052
8.781126895182892
8.52968722556492
9.234293096006509
9.237435913679086
8.832550295998148
8.97044465966725
9.423781419806277
9.324310197510712
9.415530221254455
9.018873077982102
9.231019097735048
9.365017923515005
9.498574027211433
9.736053070165667
10.071293171472917
10.10197126614242
10.109046789795537
9.95738102118856
10.688632699804382
10.688104776523264
10.406566671098735
10.761420428282724
10.825288877205113
10.71329657542802
10.648280769898005
10.672332659850602
10.81387586459152
11.077025731575214
10.750704234570383
10.969576181559738
11.028643156885046
11.309428059438824
11.053960370693876
11.353181670338843
11.697218717032662
11.39892111116952
11.38594501524927
11.720363607240268
11.348984316580797
11.831210186640316
11.934716898138204
12.079961687279088
11.873984549481913
12.076577470114314
12.257360227892864
12.409608947181503
12.668315775581911
12.272515921308964
12.365247761414352
12.635847512592422
12.661350680653948
12.88753014059582
12.794002067122694
12.747462945440086
12.861554147208324
13.160681888403268
13.18276288203296
12.925121272737542
13.02849912758976
13.087670320732297
13.177490462234095
13.07281751958123
13.604793891896811
13.817758582450974
13.847773040776092
13.488254538648093
13.367904551928032
13.724597271186594
13.952912038959244
14.173786241954913
14.218410259605845
14.153076983503054
14.37322169731226
14.026748098395307
14.156749813988377
14.665819640081766
14.766461936815713
14.536831034341224
14.327637514326964
14.34195945732776
14.547887188364546
14.582149880469666
14.843489655104756
14.933351144495177
14.831085293585629
15.199773328352205
15.186765703068742
14.64457148317873
15.095417093381512
14.95794400278952
15.372360871021067
14.717415440151814
14.704875521016405
15.240744394628756
15.424956060445366
15.434389151736378
15.6830102030155
15.602326353399798
15.808611231683797
15.680107547999778
16.162370875324193
15.732373868673692
15.796346516769695
16.114544882296762
15.987187291573152
15.782177834466188
15.6125938334768
16.139330547809823
16.10789956283798
15.790156166502152
15.772744916882996
16.315626902025482
15.629062992211985
16.43747912079776
16.21156237549111
16.751863692206168
16.340258364110824
16.94836457517103
16.674073848177525
16.674952589266773
17.082798026142225
16.88973996622498
16.698660451618338
17.03078247108618
16.953165058100502
16.99831149334673
17.4120010216676
17.360106491091166
17.525151887861792
17.277143405392017
17.457831741066972
17.448868916643505
16.970376030529412
17.503930847034084
17.764098496892316
18.003331081285168
17.710774745480244
17.87272932076833
17.637721814971716
18.07632942956081
18.297841314016814
18.28395877316231
18.303405869713504
18.452275947365084
18.317623506564967
18.586051161550117
18.587615349782865
18.116148423182757
18.4888894901841
18.81955837741751
18.6317327361889
18.727120662139782
18.671335305497177
18.4738188161104
18.665392505877332
18.93873998560505
19.25437201253339
18.789596919177846
19.10303601752992
18.86338251620565
18.97031620734743
19.092703645954405
19.01169761585807
19.11765024329297
18.94607211991344
19.229049511104478
18.90636942229646
19.25482509272245
19.4565718810516
18.701121215881344
19.675256526955508
19.48411039731784
19.78994746051755
19.28614701528289
19.5703156924974
19.483574779822824
19.55391654437523
19.52426888819457
19.815997853929197
20.079798034471768
20.060330721062925
19.79984748277233
19.51346837394617
20.08979130859937
19.75728282739852
20.12106278529433
20.064886494353807
20.236593112813758
20.3007964119668
20.62364625198495
20.38312503219513
20.08122647087063
20.19332155352984
20.561807487776
20.463055991788465
19.921765016852376
20.05850715213744
20.304929893523468
20.351394217194763
19.68173290827408
20.373406172331112
20.766061397715227
20.28283002092852
20.34517656369784
20.572541620779862
20.769634648740347
20.654904315704503
20.38481384343092
20.50883153268164
20.708904814226948
21.00936103465912
21.17672146260489
20.655614854506744
20.97725932851738
20.729357501612643
20.96373561624663
21.19803815248382
21.071928267354565
20.546630067996645
21.203928804546493
20.584271151804018
21.187232459427527
21.01953249118653
20.35301961503433
20.96206755560825
21.344628946616595
21.406641249919076
21.20919640930759
20.72443401477973
20.909415914557197
21.592495291966703
21.42223569851255
21.552626807471658
21.527994894174547
21.486184266485417
21.39761455876715
21.584516068490995
21.710724452640303
21.45848411626777
21.85116488617584
21.661914260818307
21.450136580572757
21.35789142425356
21.456780434967424
21.83992455315808
21.75604750420474
21.916325540868296
21.71000767045591
21.74325243050122
21.263602004305664
21.84256474189828
21.77314925655681
21.400286094973968
21.90963085093232
22.276797754810357
21.95449516390697
22.040709399107676
22.04570154034717
22.088622781574163
22.46433823884125
22.107140680631343
22.33104584300064
21.891165217877298
22.6107293937116
22.48285865393069
22.57660906089128
22.5775550367573
22.51894830377045
22.34237698430288
22.259495311670094
22.49869986740168
22.877958190652603
22.38653020761727
23.01063691699317
22.737505586825883
22.828937314851466
22.518955593930254
22.479651653186732
22.816358801022066
23.21461207439371
23.08099508895245
22.89368343715073
23.07861815625804
23.06292813215344
23.0114789823448
23.48358339229669
23.45778379810817
23.3663451324493
23.315028499678387
23.15032919573793
23.255127681099456
23.663143117003383
23.574559575912737
23.346943662888847
23.12678365624299
23.308700778447506
23.51842078070847
23.648571432672647
23.831178409768007
23.408256908152254
23.88351558008862
23.307308109503506
23.73998721166929
23.91815562038665
23.830772830606048
23.62841133403383
23.6866199526239
23.962988059403305
23.7800465870179
23.532325043858336
24.34461339470312
23.859537300973194
23.93618443515465
23.742518523718847
24.29565501741101
24.15304186345905
23.968357739432093
24.24640497135116
23.83811797645816
23.88096700573302
23.77540144246028
24.32104009486909
24.42455230553644
24.48486906089748
24.217839864503432
24.00202089597617
24.56877156719188
24.376753460531845
24.19613825221045
23.96496189390676
24.41442188069825
24.190890409538756
24.591627617962413
24.572869126866728
24.39043766285788
24.45680544910077
24.579680681414487
24.51249245673962
24.45647431160634
24.464736725612678
24.759264445813358
24.649802754072308
24.45200769147173
24.79367238517033
24.625022046865737
24.769685330630907
24.56291212847183
24.938782983946904
25.22194890665487
24.831930402917536
24.88707761646495
25.08373387648912
24.941057884698623
25.296630649243152
24.944552839536435
25.39784842836083
25.19881805616874
25.479720560559905
24.4890064687378
25.348154401429746
25.31648594701789
25.088305608976995
25.06063647947904
25.253352781034728
25.23055969796232
25.287257993118427
25.549777416407093
25.50903659662586
24.91929603486727
25.33600200328861
25.301561395275293
25.437845691301977
25.57868283266571
25.365775905659167
25.28029747353722
25.758528643494834
25.818406460741425
25.948819319376057
25.247106090930888
25.71696390057817
25.55255364177028
26.008483913782943
25.613760761508264
25.74659798765546
25.99820522966786
25.86733627913532
26.051952563924
25.636994683167558
26.249261612686105
26.26334786912451
25.82202059152521
26.197433481206883
26.54114147741304
25.96743753800932
26.24226626639564
26.25573935455231
26.588558892520343
26.218730360420476
25.96774047615293
26.22727798874872
26.117244568569998
26.14880165441772
26.538434405731252
26.189298940316725
26.20678725564788
26.330219360098145
26.34781443879352
26.3320154282104
26.464448705700384
26.39953551519686
26.53538122037541
26.5163838404764
26.311568498238486
26.36144177944002
26.42031252886781
26.78192954073429
26.759182667792107
26.89891627204561
26.75291955797693
26.910510966826124
27.022476294681475
26.86994303367865
26.68042401704655
27.058533006153556
26.84380691965569
26.65794955063995
26.753953786000302
26.743846602934312
26.799815191657604
27.019798078882783
26.975237298274877
27.08930614245041
27.04442588189374
27.06121574081593
26.98133877157363
26.864937699879658
27.235491242148758
27.16469341867962
27.411943019943
27.234570447811866
26.82141061956056
27.02346958145832
27.51846572252085
27.293992708130123
27.257736513343144
27.39960706693372
27.82138969837933
27.048248524616103
27.270605613441965
27.463355076413787
27.363040652972423
27.67200659331825
27.858938711942837
27.06603911477838
27.350380089104668
27.75553424115486
27.488266730818754
27.72671653141639
27.91087889369792
27.61055801669699
27.59312225059939
27.619597768771676
27.91089963746404
27.972789754905836
27.93231924588608
27.239874883568103
27.612069489172637
27.408024766902564
27.873724580042417
27.919916343068632
28.23402774856715
27.932678301763147
28.059407481866305
27.828604907362102
27.99561209845156
27.49782539505384
27.851411814607214
28.476100762382877
27.81612307132925
28.333092854613
28.266851873198647
