0.1603037859535395
0.1588402704667668
0.2351042920102447
0.2741213731085875
0.2250528622539363
0.3077587327574939
0.3229467983668817
0.2221288927180513
0.2933014217595509
0.3399407152953889
0.3256313701109162
0.2879360757599191
0.3317046180767102
0.4307485626009846
0.2942243471487388
0.5690598074066233
0.4369521511922297
0.4833830648703274
0.4792042492221636
0.5472299895735729
0.5457478865088481
0.6856431892544694
0.5675474909490987
0.6659647867304409
0.597760385482701
0.8335184963096414
0.9299353817318942
0.9204374552648932
0.8979498916059471
1.0656055221872716
1.0036933217505613
1.0572110674643418
1.2077863483513511
1.3391374202013993
1.3206049641015616
1.4730506934350025
1.307731817924214
1.5099808373912438
1.4945153788543706
1.5857815609928914
1.7410903065597405
1.8637900878729772
2.0175219244228666
1.947246405771036
1.9779268382945911
2.074967050269475
2.176221667686705
2.2254916452991647
2.359247785179889
2.320404555877966
2.429163681790463
2.4651330594003693
2.5632101930983646
2.5592063191980885
2.7327770933040934
2.93200628207091
2.8535067577869664
2.766046801834297
2.9492251185899625
2.908274690645635
2.9343548107282937
3.1983502249310067
3.184403353718647
3.187981442144201
3.23272106263923
3.2023271955334547
3.548453475977681
3.575308223281142
3.5417462278679226
3.572031902570989
3.64672525932086
3.9154075941751008
3.959026884654409
4.068873617053232
4.113461451201187
4.085899335794752
4.219580030892994
4.085353462454819
4.504400663069445
4.431115944496386
4.215127065926498
4.684874736533573
4.592885350548913
4.869220709245129
4.82991923562473
4.914080908974954
4.9022063634006505
5.0118854614175925
4.952341007801267
5.238901469319274
5.066107600103624
5.174810182315732
5.409402052284795
5.277892438435213
5.764674440689934
5.670621132511979
5.755488506175936
5.9672381000519685
5.578372101662591
5.926604822832387
6.107953848936446
5.878874904143709
6.052034853436083
6.07661147678678
6.322133326454358
6.342413681876756
6.44126397898803
6.831060382460096
6.617535791139016
6.716149948357814
6.479289236460875
6.6259450926875605
6.47527415686723
6.686363201267137
6.727534453684305
6.995507826288286
7.082818394569016
6.977511200157641
6.778644395592051
6.8778139393115785
7.432633387522506
7.205769543106567
7.552794563688618
7.467413965463857
7.513864825462336
7.624967850419595
7.274070709175362
7.399890558643014
7.452466296247427
7.335361746751971
7.633718101322761
7.676133557375358
7.85770940619918
7.839819046506212
7.965668337018346
8.199180993242983
8.451179476387425
8.42199463728568
8.186127818314151
8.203302500559818
7.970424426764957
8.319909060647836
8.455204726248551
8.17417558040919
8.826229430338753
8.446003115593456
8.860274874825457
9.063573434012753
8.520562098458873
8.993428723584575
8.676173805888055
9.15760012771748
9.31309043106451
9.1402089274935
9.19695498945694
9.194669773570888
9.462815439888116
9.221304775048846
9.664052865498425
9.28358523747896
9.411865701255977
9.45113890308362
9.445999536370277
9.602332630685718
9.917181488445642
9.470020051930506
9.91056943799132
9.775394004345188
10.310255044099572
10.058242905132222
10.448579660890912
9.888165266007286
10.08195723392474
10.250160988261454
10.1832069911409
10.518739607971838
10.237799547341464
10.218175116946693
10.218220501352896
10.461554580236587
10.60203742157932
10.76018716750508
10.732632725175185
10.931801814567098
10.795634342016887
11.337568641960315
10.893017372794349
11.234625932532028
11.172063283953038
11.872324685022267
11.349532660958346
11.112401202861111
11.368063419491882
11.877549753390484
11.573825774262266
11.565299948503265
11.664609226347874
11.54290637960827
11.54647998988307
11.35093485617878
11.552415453347749
12.00903817472824
12.110528744571816
12.207246968517111
12.087267480453365
12.334770161759844
12.039167656318453
12.272809240148533
11.947258587212511
12.539909434795812
12.094379061823314
12.476130418949758
11.85582536652917
12.807891179502494
12.688618379967792
12.682121125730662
12.885157901631771
12.488476396880785
12.966468780057864
12.790094190394814
13.013987857823434
12.82019967190974
13.167318781435108
12.968143878161378
13.427259581667473
12.87222886786631
13.254252179186713
12.888843595395263
13.664607415809323
13.822266329142373
13.409872529049618
13.358220564361572
13.291526041203994
13.416140149845669
13.639800806074245
13.414527655473034
13.701144390875942
13.314849138956342
13.513821540173598
13.514645211956136
13.44183584184444
13.696541804742594
14.078052880865586
14.101070309830456
13.704813800458885
13.462221352876249
14.37848354673666
14.29796761675683
14.006650640622256
14.15659799726509
13.619041757258126
14.321000966477095
14.338376555675415
14.6004746194733
14.63751357629335
14.555645602753737
14.655023403301993
14.510340133085943
15.33062012156296
14.784772265517224
14.861375326162104
14.711958893717728
15.5747151516073
14.942750368874083
15.180276210155403
15.33621661745312
15.313429269355815
15.352278074448966
15.380440074178225
15.315112195326863
15.020682025118363
15.691810635690905
15.286833810588032
15.230937193965222
15.37344446807017
15.298254602850475
15.65816121259437
15.534926178638491
15.409885776934754
15.577267321952991
15.943435459900895
15.458799458132336
15.866340094589882
16.118271070676766
15.930499000358523
16.1376884646608
16.903771330908427
16.81328329087146
15.893608916199366
16.16956298402003
16.259850823402445
16.263800853329766
16.37087385750319
17.100253257242567
16.202273500500997
16.39489138053629
16.41761060553224
16.866727429800168
16.81344631347237
16.686494857525847
16.784091306907904
16.90810278305197
17.057028996391818
16.975412697961815
17.127516171972204
16.824785199828316
17.208181766373762
17.279878047608253
17.128198991402254
17.554968526356475
17.719585959679574
17.568915765943768
17.34991146587412
18.15120612042295
17.52002936854254
18.149560848135145
17.91099088556205
18.21896910239174
17.93979009629196
17.681053020841567
17.915401096299338
17.307278341239535
17.85941601525211
17.872784180179192
17.94589898293981
18.184967674005257
18.032934999090177
18.385389506361957
18.021186700732624
18.411664656063508
18.320031962587723
18.723775584290387
18.66861189060421
18.595423588748275
18.34859540814504
18.079158471562668
18.54377396200905
18.61112617960265
18.99893845639597
18.03839100844311
18.543271423502222
18.171293608957438
19.08635783898571
18.272209057302224
19.02136196203188
18.99858964016101
19.10229641294176
19.141434151313508
19.41243562483766
18.930119197342663
19.253016844118346
19.619561551234973
19.066915632041532
19.21976805659228
19.072053507381455
19.07618988956244
19.50372087647781
19.48143230029641
19.45648862469959
19.14507194380374
18.928150514118684
19.88219121663408
19.799492192072535
20.264993263387986
20.29836835748483
19.81712697026085
19.930569947245782
19.516112992022197
19.51053956848875
19.93237179642876
20.816305352946767
19.855867956905264
20.097526306223937
20.224387112286013
20.021957600781462
19.532025732264
20.348436899265423
20.02691196955256
20.30737598235174
20.254829620827252
20.871715760081766
20.319337316277608
20.268618145011757
20.691389724707765
21.16034775118682
20.87037540670172
21.09379761002491
20.8145097023348
20.835875102651265
20.71805192768791
20.31614036458519
20.97367853147733
20.47087275751716
21.14811107192144
21.26312281558837
20.816101629200304
21.27798678763704
20.91304100858156
20.85026808490435
21.41005683763033
21.49962500371851
20.99756687169207
20.895292518528905
21.26686151584409
21.530734696482185
21.24349029362104
21.103780237933574
21.263405256903123
21.28627462250157
21.77961763361148
21.442388417763198
21.56133267062513
21.332770651571924
21.687179057656312
21.611538398694208
21.157386029861154
21.73987074065034
22.055643362724453
21.50187175228457
21.63255227907989
21.635233909535945
21.94429269978377
21.638917653548383
21.430950021766293
22.367970985416616
21.7596976937189
21.734090327781
22.16255376368012
22.145606648322268
22.507226526917925
22.376358518056144
22.63993309078751
22.44037061197822
22.748610662330652
22.68328948638793
22.369154937834296
22.96383245511576
22.165322018561906
22.945012319596263
22.667885432797437
22.340099067130176
22.564175756200537
22.86925890401907
22.395903215575345
22.916912032655883
23.02248632221108
22.96448036554885
23.061417992037992
22.330804162801417
23.301133679393075
22.816410797449
23.00308325090927
22.825635850052503
22.60322683988857
23.092024627225197
22.96834450431277
23.270474133487173
23.50404934285429
23.24218631401569
23.07159154445185
23.11560054872578
23.504765835580294
23.10779515303765
23.53901850695404
23.740533588819133
23.243855640369457
23.419963490729465
23.226107023592512
23.77807703864804
23.30821368558552
23.678158119519644
24.015535162848312
23.913947867215697
23.86026154520826
23.539182348960345
23.352062015575303
23.586972494945144
23.40166470680864
23.140582168861343
23.801135787428915
24.019563118486488
24.173238584488654
23.5228812956429
24.303858274734672
23.705078430886
23.79814321435281
23.824503695315855
23.876548640800674
24.03848302017685
23.674485605004907
23.394656429946107
23.992924271147952
24.10903625922958
24.189034743877446
23.43594264591237
23.88813001652605
23.895218993194984
23.955519194174304
25.1382274737806
24.49537182585979
24.453201236496263
24.389289199474
24.669534794708284
24.689347602750548
24.53190433591962
24.536674047782217
24.78149483382807
24.29286235451515
24.201122723359823
24.49831505791591
24.986291081751585
24.96447937587529
24.454066827770724
24.62675032768269
24.80330510055993
24.54811047807185
24.833468565953822
25.22644611931928
24.65792555586294
25.24704184065066
24.867970094410147
24.577832287747643
24.97555279677658
25.54793035535141
24.93454853057012
25.33950440400041
25.223433403613598
25.242135735458927
25.372413863176934
24.40637488903628
24.897980792263457
25.72289179373591
24.920138743833213
24.796746096376783
25.4088372826928
25.585115925312557
25.12536135850268
25.035087575348072
24.95233287345889
25.23145392750307
25.468609287459916
25.674634340034643
25.674240108801623
25.78916259639436
25.00435706065866
25.38923476005972
24.23724968022001
25.45187468568849
25.61589266292744
25.642889286254015
25.708606634408305
25.64772715509313
26.06200669763203
25.928712520574123
25.395337866452635
26.20945412057167
25.715573127287332
25.818160095886743
25.626498697122205
25.455752355610105
25.545250614625743
25.794094404008632
25.47627262900718
26.360200546832985
25.9562946608717
26.46050485976888
25.449179570084198
26.53528367290484
26.15601850070283
26.449462121252704
25.769457952324984
26.127867655754947
25.89546642899738
25.905033483126207
25.89914840156695
26.083177172188524
25.96577846735746
25.940095461922315
25.881005980446037
26.19764710180305
26.080352839153
26.07410459655888
26.066292115604504
26.45707714639194
25.95006023173281
26.04847032142135
26.38137572127146
26.457578430626267
26.633901560366414
26.28562690085681
25.92005499113637
26.770689236088224
25.98647598529159
25.84843599080687
26.77998256025036
26.927671841319707
25.936235783259782
26.592905561859148
26.88658877155025
26.58529777163139
