-0.6906090614355965
-0.7947251782807362
-0.7690434450053003
-0.6501020895448909
-0.6316413483217392
-0.6732067685138606
-0.5244602152758783
-0.6159866808305925
-0.5693307198717719
-0.5205380393980346
-0.5619214909030581
-0.3979927094753364
-0.3505460974922716
-0.3641997640267948
-0.3537938476592424
-0.4103616930067972
-0.3200741972105003
-0.2990458368972268
-0.1606427996375688
-0.2196535434359041
-0.0879727824805881
-0.1250713198530793
-0.1353425026286989
-0.1070899549027251
-0.0409447595866336
-0.0744930575246406
0.0145177634888373
-0.0237369124483101
-0.0566805203043993
0.1398403011212428
0.1097987123432666
0.1271269291018033
0.1414354588329671
0.16362503804048
0.2334166069289563
0.2319824714413697
0.1933918736994851
0.2505818716655343
0.3358763646801725
0.3221771589294859
0.3911835794904751
0.3724877814012919
0.4168559860120671
0.4600552626755803
0.4067816083485659
0.488897263943242
0.4749960405484843
0.4565796559783143
0.5353107187311287
0.5308510297561727
0.5948163156579345
0.6419791778505577
0.6740068457484228
0.616867295257841
0.6629174840781527
0.7155964899192655
0.7437431312555077
0.7604848254731885
0.7822315155487024
0.8392537900674523
0.8262009932526335
0.9197500860888626
0.9246137710813404
0.898609459316295
0.9180005332947806
0.9341047341913156
1.0507831416861737
1.0186556206719772
1.0506078798568128
1.084485369501215
1.0993083981752636
1.1182780954564309
1.1363477044930976
1.2106250916044383
1.1757404716990028
1.2485087195317333
1.2374522648164636
1.3240464223068862
1.349356643241627
1.3542934052301547
1.368518974501274
1.3862395943046126
1.4353404091627746
1.5176107137855082
1.4939525629159736
1.5263967406562926
1.6025954016385286
1.5723114457047476
1.6926609315453274
1.6451767104138912
1.682700288831986
1.6907767182575213
1.7342750975994816
1.7573448743192006
1.8403149043922329
1.7814694770236414
1.8525709001258708
1.9913963650351496
1.942073872020172
1.9428639480494387
1.973371312851628
2.093120210367998
2.037899306421329
2.066014743180055
2.1010325968174635
2.1361011847715425
2.24758104294585
2.224571292342737
2.304001864964963
2.24823634824964
2.3371773486569105
2.4043964085649536
2.4387511497349954
2.448137896357176
2.482707331361588
2.531855470980576
2.502348085297158
2.581449654511943
2.649232041885712
2.649173138484116
2.643299909970289
2.7007565862836627
2.744389024602357
2.816325083782175
2.7344532145156943
2.8189217283292307
2.929237727639804
2.897506357105391
2.9381412223284507
3.0433452642407963
3.027810251008231
2.95931630523243
3.090944673701482
3.127364585782208
3.1739515944425496
3.1590267977736484
3.1759303316799192
3.2941127396556467
3.4363622178154083
3.2978467766372184
3.435303493200023
3.384674378030636
3.473773184137739
3.5357040922513847
3.5800850961723927
3.5823335827281158
3.618038812053575
3.622153121695976
3.679298386176063
3.775518984501868
3.735986955955351
3.838800089480801
3.808017030950112
3.959870077987189
3.9021677521845377
3.9731918506614425
3.982710688667763
4.026222191061606
4.003920033019867
4.108746984572914
4.224509162721558
4.135975557040026
4.181574550728255
4.089080648006299
4.350326031693616
4.348868286714995
4.382272338156631
4.504287520266009
4.377003985269641
4.344151473898784
4.526014532719149
4.502135135222712
4.609487702614808
4.418197114323174
4.530751622936596
4.664412405642247
4.607423009274738
4.703365566491097
4.6780591971149725
4.839249297967074
4.758745531868857
4.647642498256759
4.893773046253713
4.83881607258165
4.795582054748175
4.92755560162671
4.996426672384524
4.898359390308733
4.943117322173816
5.040628538699196
5.155154964310688
5.208862143544406
5.042436339955786
5.187718450927886
5.151643600868473
5.218700681700293
5.315057735695365
5.272770512139951
5.425360006699711
5.311827944551367
5.307540758805024
5.458863724725319
5.49443482870024
5.301737263483834
5.445799650016834
5.354617536148291
5.323824872204474
5.363477247701233
5.398896218403669
5.63363541308297
5.606440672657849
5.67660265216423
5.600960350556348
5.613050960694327
5.630143149269461
5.78545917542278
5.643259367007852
5.744603182202473
5.780326732440617
5.662833107938626
5.830840380042668
5.786376718224854
5.790999023122319
5.976607722926888
5.803641301790179
5.984778624464579
5.932592102549204
5.969210143727192
5.904497969484056
6.0169736099669455
6.06327188831882
6.048921811901055
5.976997933381842
6.210046428251476
6.138814206613218
6.194290054335332
6.254151888496832
6.238605606457764
6.18866090141045
6.257544000524814
6.2681446587190495
6.108294070621919
6.396600838026408
6.221696070513734
6.323614885630945
6.477102070884035
6.347105528041457
6.634821886509664
6.336172113727444
6.590482655429155
6.632700239303915
6.55365694394845
6.51138085031574
6.72985424738803
6.513866230551388
6.742180895801133
6.567542738117389
6.601825731307339
6.488441757598935
6.570690884600181
6.733024348601495
6.596151361629066
6.863907395685179
6.867003684911473
6.801549117752461
6.698871911672111
6.820723179692364
6.917971443679392
7.008958751575773
6.900417931811893
6.874500890051378
6.850750902706475
7.075237300272586
7.067561273457739
6.806717344439989
6.799981781831155
7.2027183575827225
6.998298846295813
7.191330012143937
7.190719791207053
7.148195242239834
7.068129012810565
7.114588973320725
7.297778351538564
7.254694653960337
7.276857958063077
7.25650365094597
7.262129209959674
7.180657749904077
7.205248813063986
7.411171442024576
7.362652799290579
7.508340196402388
7.509174491360016
7.433656561687656
7.389849016433179
7.4868308325876
7.526559002720428
7.5213878210992515
7.470067412154686
7.5993838146574015
7.648811346621263
7.660730276885034
7.614821690388947
7.703402501553223
7.664603885279027
7.516996181481229
7.638358351670259
7.693463749411121
7.69009004495267
7.594901852598582
7.771036591387234
7.887460192830059
7.676536794776212
7.954996658032801
7.815656425975621
7.670565862295909
7.875939162332137
8.06459726345017
8.09138392846214
7.819946228916041
7.988270518909871
7.98311347066043
8.010269309805928
7.828904516029048
8.077940728629468
7.999838117585573
7.985419371580222
8.038999587150206
8.155713594028942
8.111157336041757
8.08698082253042
8.072998134654675
7.909882445455705
8.062274908290805
8.001867607520687
8.059942515145595
8.16366384820265
8.036417249467931
8.199063041352018
8.329654670410932
8.314773594481698
8.31607891420752
8.397986341373286
8.13952912455979
8.113581283416188
8.445567316858803
8.195760021075275
8.684715965630085
8.441467769596487
8.344905650276925
8.404479482962016
8.395358627858187
8.447249751574628
8.468861064989746
8.549049259303382
8.568384064171205
8.585454842913421
8.499268113798662
8.454920137059846
8.327901930544376
8.758673753358758
8.686593252503375
8.755953508122461
8.75919573981192
8.766336968330403
8.66638805270542
8.928770098485154
8.576392806696896
8.657281025923476
9.021417773687444
8.73609867557168
8.86979908455467
9.038087676173262
8.916907205544284
8.731192496078881
9.043622081312922
8.966161854961602
8.809264397454214
9.068882492301974
8.952488597597336
9.111441314535114
8.764991805743447
9.060239116419773
8.867282443700578
8.651207718354428
8.94987898290642
8.942585026541769
9.047762846462945
9.195678859132869
9.29313532148129
9.023892070444695
8.879243706224539
9.350232789943256
9.320326541478998
9.098607630353872
9.262525413885628
9.406111075456064
9.24342317436957
9.357637606985309
9.28712214750795
9.375919027770584
9.44106118371886
9.288280159807837
9.160196795517216
9.312203645431472
9.47906364188802
9.36539670294142
9.085388785409611
9.300543095244894
9.607246805539187
9.776798980408808
9.40691615230297
9.449064857124144
9.526948619299256
9.481856969441685
9.225676578336635
9.243894682867584
9.696974606496994
9.599233349841263
9.56241678510898
9.576040770892968
9.547189291596055
9.466610168898164
9.589919733078943
9.528637127193663
9.813049059262674
9.405202031577092
9.583487752227231
9.64737679062184
9.503872491008202
9.639778918940626
9.86985714161437
9.823281887582228
9.63657940133908
9.736586230215334
9.945810697422532
9.600598268756915
9.939350246105027
9.719228435876351
9.604689936223302
9.678032595768505
9.821384058391542
9.854660740508873
10.01443939451062
9.886215600822805
9.605916608961971
9.970228550982885
9.735742783544406
10.117690554155685
9.821817058458846
9.747577353978585
9.86131478930466
9.923006942642765
9.721525766477058
9.942010564328267
10.008450072611978
9.939934722387571
9.78273422878424
9.867952007424233
9.947792104945927
10.106920546436752
10.017713725741778
10.032416650856712
10.22621111540214
10.052174864228755
10.129008161558612
10.20468449166389
10.007064330249086
10.247041266250363
9.807630218128631
10.181619376698835
10.000402551315144
9.93158516435738
10.384102046630089
10.438802873213254
10.49032147352794
10.241143448745143
10.694750522717236
10.190959259649306
10.218837609451857
10.110188004477694
10.196031551752128
10.222456481736794
10.553120176028076
10.253432287660544
10.201550160359316
10.440297141483097
10.357686325560502
10.406831616859252
10.412940592376795
10.317569496265168
10.44870016666846
10.543009429924076
10.35290620640923
10.36369440129106
10.375856152652537
10.452700392103027
10.560101151436523
10.502859375898998
10.64475681527086
10.532471289740126
10.537251037810616
10.72146736537
10.899516258509632
10.791137554550742
10.639399437335634
10.622534582986082
10.571857225297864
10.656779290332418
10.724346703079451
10.688221935506506
10.595365928010796
10.781327197084776
10.911678689677924
10.574781644793584
10.943538307842957
10.569748533881578
10.648096109370586
10.881925704349923
10.808240811606248
10.884132820325776
10.52807933958268
10.942646351132284
10.938132743509552
10.800662504403812
10.873480142342975
10.827528369976358
10.846308797255842
11.00826391758543
10.631053077325744
10.792311559252015
10.830688471837568
10.843375716325106
10.820715424993148
10.72089219872241
10.51298464036466
10.95618661046781
10.504602993550876
10.494668709001855
10.798557344246293
11.00207115624756
10.78175745057331
10.643356130490735
10.816729146700162
10.951960908918894
10.913984768703706
10.994883914751904
10.677115943661734
10.85573852278608
10.729555433760432
10.94806186684458
11.044002562927558
11.14892719449158
10.641596620043012
10.815360944368331
10.923814580102274
11.04780930834194
10.736914200229984
11.1191797015262
11.269509596136391
11.163400602482534
11.1558955172093
11.259144204474548
10.994917415688798
11.069673079641191
11.19795389370093
11.390388398151442
11.107541154927526
11.27116070326423
11.346387205476116
11.225009647181244
11.086241718407145
11.148979658294325
11.221197175580771
10.997724238551198
11.1551403012456
11.311217202835124
11.425795351323984
11.408208084938058
11.216342816023229
11.303728104735615
11.510019710694957
11.127417001396052
11.225361131110365
11.498806337425655
11.5143596902099
10.979611066325027
11.40805516276408
11.235764041309556
11.48641868247837
11.556385873942366
11.5977898727142
11.524662713291274
11.164374070922284
11.15466662662814
11.315158030792382
11.232212667492236
11.189267628655571
11.128619641929015
