27.32
38.52
39.83
37.25
61.17
86.1
103.98
125.13
135.79
137.33
149.37
162.79
153.21
144.59
144.04
126.98
121.71
124.5
131.02
130.58
129.55
131.96
125.61
132.93
136.79
124.79
111.74
116.26
135.89
142.22
142.2
136.67
144.29
151.09
135.38
142.38
165.01
167.05
150.18
158.5
168.76
157.75
155.79
161.99
161.82
176.33
181.98
164.13
161.73
167.42
160.9
148.0
157.57
155.94
143.67
157.19
165.71
168.38
160.33
147.19
151.85
160.09
166.56
167.75
159.34
157.74
156.13
154.77
152.73
140.85
119.71
123.56
146.79
151.76
140.57
134.89
146.74
140.33
144.36
161.31
152.21
143.84
144.62
145.54
162.41
164.13
152.51
135.17
132.99
160.37
176.37
161.41
151.74
157.01
163.19
170.58
178.02
193.87
200.5
193.08
171.95
176.87
179.81
174.8
174.93
161.94
174.63
176.72
172.13
164.09
159.03
175.89
181.93
159.96
164.43
158.83
146.08
161.47
162.53
163.89
167.36
174.09
171.23
158.11
164.22
168.11
165.59
175.45
186.01
180.54
176.16
184.38
158.95
151.82
147.69
141.62
163.36
174.5
183.81
182.73
162.3
154.54
155.42
163.67
156.32
150.69
165.71
159.2
157.11
159.74
170.79
179.76
171.38
160.09
184.21
197.9
157.64
151.28
171.61
176.91
171.57
168.22
166.2
185.66
196.77
175.73
170.06
159.7
172.13
181.95
182.19
194.83
183.78
167.45
157.79
164.29
187.86
215.49
188.18
154.52
150.69
164.41
198.17
210.02
206.71
190.53
182.19
160.75
133.36
145.89
159.07
176.2
180.2
152.64
147.04
160.05
166.9
165.89
158.62
141.79
128.17
133.43
150.11
176.49
181.54
157.03
164.53
183.04
177.56
162.11
155.79
153.33
133.72
143.84
171.97
158.93
136.62
148.78
161.42
171.35
175.86
166.25
160.82
171.7
176.37
153.32
144.45
158.65
157.1
143.01
169.74
185.48
165.53
168.58
175.57
167.08
173.33
168.01
161.68
183.07
181.54
186.15
191.93
175.31
184.03
186.24
184.89
173.6
152.5
152.78
154.88
178.41
186.69
184.56
195.67
172.35
161.18
173.46
180.27
183.95
173.35
162.91
161.58
151.04
156.48
176.85
161.09
144.58
149.32
174.53
181.47
157.49
157.94
167.28
171.58
155.49
143.5
166.59
180.66
184.47
163.61
145.87
156.79
158.01
153.76
162.37
166.69
168.99
159.14
152.36
148.66
156.11
171.44
168.2
187.9
194.78
191.16
198.16
191.71
174.42
161.63
173.19
172.59
167.93
176.8
179.84
186.09
173.72
157.2
163.64
162.75
148.52
156.28
162.69
143.47
164.42
185.94
174.4
158.29
146.62
176.57
174.66
160.93
178.78
179.03
185.08
176.54
180.66
176.03
166.33
205.37
197.98
175.36
173.78
155.44
139.21
157.88
182.0
169.23
159.8
156.68
157.71
168.95
176.47
168.3
154.48
165.78
163.17
147.12
151.65
164.59
165.43
138.93
148.32
192.0
192.26
168.22
180.78
184.12
163.49
154.66
160.46
161.84
155.17
161.85
176.67
182.84
163.54
165.24
175.76
191.47
189.18
175.81
169.37
164.02
169.56
169.18
162.9
162.79
188.35
187.93
191.32
195.71
187.33
181.73
157.38
168.05
186.82
161.92
153.22
149.04
152.41
178.68
177.66
153.85
142.72
149.39
156.87
145.91
149.66
168.25
183.23
166.94
148.45
150.69
166.83
171.74
149.2
146.9
157.92
177.17
179.52
172.13
158.2
166.23
155.78
134.59
146.13
148.06
131.21
132.43
155.28
155.84
154.03
157.41
158.93
152.17
148.42
149.85
143.07
159.75
169.85
158.8
149.28
142.56
141.15
150.41
146.49
141.81
148.03
146.87
156.82
162.26
161.45
178.46
170.31
154.35
165.2
173.37
165.0
162.77
176.63
167.02
152.53
136.49
141.39
148.74
151.28
152.55
152.1
133.1
148.45
178.31
154.44
154.25
163.62
156.73
155.23
170.15
162.38
157.3
173.42
170.43
155.23
147.88
144.04
130.19
140.44
153.24
147.04
159.58
160.93
140.71
136.95
145.25
143.93
138.81
145.33
157.21
155.31
146.73
142.97
156.43
188.62
183.27
173.6
170.51
167.21
157.35
145.48
164.27
168.12
155.71
151.92
141.57
142.9
160.09
150.44
138.86
148.87
177.83
160.75
132.9
155.12
153.58
147.81
147.22
134.78
141.69
140.11
140.3
150.45
143.54
133.84
137.89
137.78
151.19
159.59
161.12
169.14
161.12
146.98
140.66
152.38
164.65
148.61
134.99
153.02
166.85
160.21
141.64
136.32
155.92
158.13
144.64
156.37
153.02
144.16
145.7
150.14
158.35
154.07
152.2
151.31
151.11
172.87
181.27
167.16
152.98
152.4
165.73
157.81
151.3
165.47
161.93
147.42
151.95
157.94
155.98
162.82
160.96
167.15
159.9
153.08
158.51
157.93
171.06
170.88
153.45
149.29
165.64
154.55
162.81
164.93
141.18
143.81
170.64
179.01
173.03
151.62
149.76
171.66
159.12
168.05
178.67
169.76
154.54
158.22
174.26
163.84
