51.06
48.05
47.43
63.7
85.86
96.81
97.52
96.23
107.71
120.9
120.98
112.82
123.36
119.2
106.46
115.69
118.19
120.65
129.82
134.33
135.85
147.92
142.14
132.56
131.63
136.2
152.59
161.94
169.47
163.12
153.87
161.91
158.39
153.51
160.59
147.45
139.93
149.68
141.61
154.95
187.83
180.69
156.07
161.25
175.09
154.01
130.17
157.08
175.34
177.67
189.29
180.62
178.06
168.77
155.33
162.96
181.45
174.99
151.92
151.34
169.35
175.25
173.51
171.43
158.25
168.94
164.84
159.59
178.79
174.13
166.86
167.6
164.46
166.0
168.85
174.09
173.61
155.85
171.75
179.34
159.83
167.21
168.83
171.35
153.0
146.91
154.29
157.4
174.1
159.78
152.51
169.5
170.51
167.42
181.59
190.81
177.84
157.49
157.12
180.19
187.08
172.98
182.02
181.68
158.94
158.6
161.18
154.42
171.31
187.53
174.59
156.16
156.02
174.27
188.31
188.13
182.55
175.32
169.87
172.61
189.85
194.21
184.2
199.81
205.77
179.49
170.31
187.42
196.17
210.42
205.1
192.62
217.35
214.4
212.65
199.52
180.18
185.88
176.13
176.94
192.31
200.52
187.82
177.66
173.81
187.38
194.46
178.52
174.97
192.95
197.7
192.48
187.06
176.69
177.37
190.96
193.13
175.39
173.96
175.84
177.05
192.73
187.85
188.89
198.69
204.45
186.32
185.02
189.48
168.22
171.04
170.25
178.87
184.09
167.28
160.29
171.31
190.5
201.94
197.38
179.22
160.31
165.78
169.08
185.61
203.91
187.46
191.36
200.85
186.05
183.88
194.86
185.8
171.87
167.82
180.91
178.91
163.8
180.78
196.59
198.86
190.4
195.71
203.18
201.88
193.58
175.92
171.91
180.07
180.66
196.26
218.14
214.3
189.57
191.95
197.9
174.13
168.77
185.29
184.19
162.84
166.77
182.72
188.76
181.03
180.92
178.2
170.45
164.53
181.47
191.59
191.56
198.44
171.39
182.87
189.72
175.03
183.03
177.21
163.58
163.75
160.23
182.58
193.26
185.59
185.65
168.42
161.04
166.56
176.05
186.95
180.38
159.51
164.84
175.35
173.82
177.28
190.9
208.14
189.37
169.0
187.05
193.31
194.23
178.17
179.35
168.05
166.56
181.16
163.65
172.9
172.3
160.36
151.44
172.14
173.37
177.78
181.27
161.91
167.46
171.77
193.23
187.84
160.78
143.81
156.2
175.37
178.15
177.41
169.95
176.07
165.03
168.11
192.03
193.03
182.3
180.38
180.31
176.45
167.35
153.68
156.42
163.44
159.34
182.51
195.73
180.56
185.84
175.22
190.61
188.17
153.39
151.78
168.47
176.27
176.14
188.93
181.8
186.21
184.14
166.4
162.29
177.6
176.58
150.7
162.39
182.85
192.9
190.26
176.24
166.4
162.63
155.32
177.27
199.96
196.23
195.38
196.73
178.5
152.05
151.07
177.09
184.67
174.04
165.78
175.33
202.49
192.72
175.32
180.96
194.23
186.29
174.05
174.47
172.78
171.89
171.25
171.25
168.33
161.61
164.8
175.03
170.19
170.13
181.26
178.03
166.57
168.09
169.74
165.71
169.26
183.33
190.52
181.65
168.31
159.32
181.48
192.49
180.33
177.0
168.35
160.36
173.55
182.01
171.96
184.35
178.58
152.04
171.08
176.2
163.11
178.05
194.28
183.82
172.2
174.18
173.45
167.12
152.19
171.52
187.39
171.74
177.9
204.17
189.44
160.25
153.61
154.69
171.55
186.77
187.73
167.81
154.92
168.9
170.42
158.28
165.93
158.11
159.66
177.59
182.45
172.01
176.54
180.88
159.15
161.96
178.53
183.99
173.75
183.9
195.64
193.05
178.7
153.85
163.03
187.47
174.29
168.16
172.82
156.54
158.73
173.24
171.6
158.68
170.19
190.44
194.91
199.37
172.24
159.52
189.14
182.18
173.82
178.77
180.68
187.65
186.89
186.87
177.33
166.35
157.52
178.11
192.52
187.23
191.24
177.8
174.87
175.93
176.2
177.78
160.86
164.67
173.34
161.52
161.52
168.27
172.01
178.0
182.4
170.55
193.77
211.74
185.66
174.48
163.62
162.58
183.48
166.44
159.13
169.44
155.93
158.91
166.09
158.31
165.3
170.92
145.07
146.53
171.56
180.7
170.34
162.57
177.96
179.66
155.86
159.92
173.63
166.24
150.9
146.39
175.29
171.84
157.49
161.48
161.53
178.62
168.18
143.38
157.94
150.19
137.5
154.84
146.53
148.03
161.97
170.01
158.83
133.69
140.7
170.08
169.08
146.48
169.1
206.97
191.0
167.92
179.1
175.1
170.39
162.97
164.87
182.05
188.89
185.95
172.85
164.34
154.47
149.29
151.2
150.67
152.73
177.25
163.1
156.18
199.4
176.76
143.78
148.74
159.4
183.17
169.97
156.84
155.62
140.33
151.38
164.61
175.06
170.15
168.27
186.74
193.62
182.19
189.92
187.04
162.14
174.31
183.49
175.14
177.47
164.47
151.65
174.76
175.55
167.61
159.29
154.56
158.81
156.39
161.24
163.05
175.84
177.33
167.15
154.65
141.65
148.97
159.98
172.22
163.35
151.89
