53.24
60.79
82.53
100.11
105.46
119.6
142.72
140.69
136.69
129.75
111.37
118.12
130.81
126.5
119.5
115.96
110.49
124.32
129.82
118.58
122.01
146.1
150.92
149.71
144.25
134.29
134.56
122.18
112.44
118.5
130.77
129.77
133.49
127.56
112.54
114.67
119.35
124.72
139.34
155.95
152.61
151.41
144.95
130.97
137.05
137.97
134.44
147.6
153.39
134.18
143.25
155.02
154.21
156.72
150.97
150.22
153.12
167.65
175.39
158.32
138.64
147.54
161.51
150.1
151.93
164.5
159.43
148.26
168.03
164.52
153.24
167.33
157.6
158.47
160.55
147.68
177.34
196.19
161.77
162.89
181.63
180.05
165.61
160.35
169.92
186.61
185.1
164.94
153.97
152.91
162.07
161.91
171.99
193.08
174.16
165.12
188.42
171.79
163.8
192.22
200.4
208.46
225.28
214.28
201.44
195.92
192.35
187.13
175.74
176.7
171.86
168.79
172.06
173.22
183.76
175.84
164.34
170.57
184.05
200.83
183.63
162.15
162.36
164.02
191.01
198.22
190.52
184.95
179.4
183.36
180.35
193.89
201.31
182.8
170.32
193.99
202.5
168.85
174.74
183.3
191.2
205.12
178.19
168.09
184.43
185.56
163.03
177.23
193.1
159.72
160.59
182.75
170.44
177.48
193.74
171.69
179.93
178.4
154.49
162.44
161.92
161.33
173.55
194.92
194.48
172.29
166.28
182.63
194.64
202.74
185.88
173.77
187.5
182.94
177.98
183.41
181.0
175.3
171.9
162.61
163.73
163.7
160.67
169.28
176.52
182.55
196.08
190.68
187.83
174.03
153.03
179.4
188.71
166.04
176.99
187.34
171.22
175.39
185.73
184.86
180.78
183.11
176.07
165.33
171.15
188.72
192.47
199.57
187.96
157.96
164.02
171.11
176.06
164.16
147.83
166.52
179.19
179.34
182.94
174.29
172.06
182.72
192.49
177.14
160.51
164.68
186.58
184.53
174.38
166.82
167.5
185.58
163.92
154.45
178.91
186.35
170.25
171.26
174.98
183.42
173.34
170.8
195.48
190.59
180.21
177.99
184.17
167.69
171.81
191.95
190.98
192.08
176.19
161.68
164.6
180.13
186.99
174.31
164.81
165.64
161.45
167.29
162.45
154.71
182.99
206.25
199.47
180.01
155.18
148.31
145.87
155.79
175.47
180.25
164.4
144.26
169.06
176.02
163.24
164.9
164.62
169.32
166.44
145.8
149.85
168.64
162.38
169.25
170.24
157.78
175.87
192.67
183.92
182.32
171.18
159.7
199.65
206.82
176.71
190.61
188.48
174.15
177.98
170.58
174.74
179.35
175.98
194.33
199.48
184.13
171.25
158.15
167.57
164.08
171.69
188.31
183.79
166.34
162.04
182.71
156.07
141.25
153.61
152.19
147.82
145.58
148.83
155.65
158.01
152.55
138.85
142.66
178.61
180.37
166.4
166.55
157.28
157.98
162.49
162.05
158.08
163.41
170.45
162.92
146.23
161.38
175.99
154.58
162.85
173.47
158.34
150.5
153.8
160.67
170.59
168.76
156.69
166.03
166.46
164.26
173.84
164.16
174.58
165.49
131.6
141.82
144.59
142.53
166.36
168.68
167.46
160.61
150.65
156.35
157.83
154.87
157.65
165.45
158.18
150.06
169.06
160.79
133.61
153.43
175.44
164.32
138.24
133.37
146.98
182.68
188.91
149.96
163.78
169.58
159.89
167.22
177.92
183.43
166.06
151.53
139.97
154.14
170.15
152.26
143.31
156.25
168.36
165.98
163.59
167.52
170.31
179.58
165.68
150.25
149.2
177.42
179.98
143.87
155.25
170.62
182.34
184.67
177.69
171.78
149.58
148.91
166.94
169.59
149.71
169.7
209.83
197.01
171.2
153.74
157.87
169.64
169.93
166.95
145.38
153.84
151.22
140.24
151.27
153.76
155.02
151.5
164.12
188.34
193.91
182.88
176.05
164.79
159.86
166.7
165.85
169.37
174.89
166.12
169.69
170.5
147.19
136.77
160.09
161.08
160.06
173.09
151.01
140.09
159.71
169.02
168.14
181.15
191.82
177.94
166.86
155.88
145.8
152.48
163.63
178.02
163.39
172.53
173.94
156.08
162.21
166.28
170.27
164.26
153.17
144.81
152.31
152.45
138.84
144.77
160.14
162.56
155.03
142.34
139.57
154.06
155.86
137.61
137.2
140.28
150.43
172.48
171.68
157.21
156.53
150.15
141.47
140.04
144.15
159.24
162.55
156.1
147.62
146.84
157.82
151.45
151.49
164.62
171.83
174.37
156.48
153.26
167.72
154.29
152.72
161.06
156.62
159.47
154.58
163.73
159.58
149.26
162.69
152.8
155.14
159.93
147.13
154.49
170.09
175.64
163.69
157.9
150.06
149.41
169.17
169.89
170.38
170.32
154.27
156.25
154.92
143.03
157.56
154.46
139.33
148.01
160.68
150.8
141.55
136.07
131.26
138.18
143.06
173.93
181.54
159.62
162.26
158.01
153.46
161.57
156.11
154.09
145.38
139.96
147.75
151.73
164.13
149.8
158.39
168.28
146.91
141.75
137.63
150.1
152.99
144.91
141.24
149.17
141.7
126.0
139.07
150.92
160.04
166.64
155.8
152.65
