-3.2645244807992015
-1.5481551653231862
-1.6231826535055007
-0.25116467695977
0.680256837016273
2.6292567232308963
2.6889461958871843
3.1044515866856424
3.5544595080452455
5.615790727712947
5.406381051364999
6.867636629844519
6.606993549546878
8.468750627782807
8.41264569616833
8.196292590281104
9.745155362585233
10.21027703947793
9.409834702178975
11.89574956055986
12.006570611138665
10.203310657804634
12.297924765633384
12.605394541257159
13.102752236928486
12.733341400864822
13.80571273096563
14.503314449127805
13.895301078297067
13.840097292014793
15.905523868418745
15.497721547361426
15.16280932034341
14.544275760146594
14.735228936771183
14.806966811837288
15.614316775091757
16.557272386442257
16.06442733763286
15.800293864534364
17.46305673802917
16.316857731311735
17.227909152889644
17.329728996886168
17.267970825148513
15.904156262798484
17.11555102623682
17.52575709607333
16.21662527105776
17.339283982811413
18.869655162359706
18.530026652639293
19.88637935813914
17.97828818518807
18.39463289354358
19.112343589482695
19.628987356803215
18.659078180940277
20.301411823141343
18.706762492112198
21.87116873220971
18.95412247160287
19.921962985658688
20.536686520593324
21.19425528578659
19.981508833876163
20.87392283348794
21.629893354808647
19.690688888168694
20.81347686286761
20.382320918523597
19.786139034686823
21.861603797184536
19.931222712206182
18.63441859771812
21.178929953074963
20.29521397251181
19.92635402871307
20.83628706364492
19.073487279162354
20.433654311895936
20.613128559398614
19.938851760133907
21.471522184946657
19.437069010887885
21.693408185223515
22.668102793121456
22.587193478255518
20.27174141391563
21.75737589412983
21.01981531399049
22.405832095994256
21.596223507154
22.10149757768557
21.55539615120531
22.07439992480466
22.358835681899446
20.320371515855697
22.099824155384265
20.739709089848727
22.194199227498817
19.84439808241249
21.105046233117925
21.37440067418347
20.99067946369422
20.519158989101506
21.918302386941765
19.867271445752376
21.808122457753566
22.486015133955863
21.057932921773425
21.348302947889454
22.765411746167835
21.993108677760965
21.297761755775834
21.673311170944153
22.22742618470345
23.012496267073164
23.746029065480474
22.171630352841504
21.95945420428898
21.839481673674236
19.282943336441992
22.986764869499762
20.750066834946885
22.54194610636188
21.602342920625755
22.651427236472493
19.972487922385255
20.82533433387728
21.31512448523144
20.812019026906874
21.21244517763882
19.910384366424985
21.977546786554676
21.353615254704003
20.96527071669741
20.646664714403776
22.01617935163042
24.005933455124126
22.35346065829671
23.7454249763014
23.484828008571288
22.791789347370894
22.107834506822368
22.163579071903804
20.493662366263667
20.650595320766676
22.688654630708797
24.146744293185854
22.181837735162897
21.884905713905717
22.78972625989788
25.16785915474488
21.119219512864845
22.482942217267162
22.633836105495693
22.37900113701875
24.953072980105492
22.651716263355276
25.154843362925533
23.88093981404466
25.31100760089522
24.265889681707716
23.128050481275856
24.168140228751763
24.677244177716283
23.27551016215468
21.42303655573277
22.641654685413247
23.479024273611785
23.310670501856368
22.108714881584728
25.392169412212088
24.247991823760554
23.391337325890525
22.311997586448246
22.478842197186406
21.83554002724594
23.294387946475258
23.241901244965828
23.388787094882517
23.709804619700147
22.329963965598743
22.92393274757105
24.03982663730465
23.88965805465112
22.836327870633347
23.718857881683334
22.89705091965357
21.703012648918538
24.022785038847342
22.835874960037476
21.67534182250274
23.04484495208569
22.381088735325907
21.505706972014085
22.708525217126684
22.740436524474866
22.127960174330624
23.4771457127297
22.446865285957934
23.072792436148582
22.940956917282197
21.455175803163247
20.90492878500339
22.13116814374718
21.715199252749322
24.380683374627687
25.4075683510251
23.682765071562812
24.351620558623928
21.276995255179244
25.454400885054262
23.5549686134896
23.471957370984686
23.3657420911791
21.650903787705968
21.066880872852416
22.100041887880575
23.548995614659837
22.09167131129464
25.219537756346856
23.138468590570277
22.401747531228153
23.532999036126544
22.051487552559045
21.990606980714055
22.05479536753231
24.297415239475225
23.24393435242258
23.459225097065932
22.797867446055317
23.055189402281663
24.832510231585726
22.56781685446883
23.1763776320863
23.49372602536791
24.221334949636187
24.762687284853836
24.97564462674558
22.793031137959765
23.45846996582988
23.461397400102573
23.696784445127058
23.40655298805705
26.40310485912612
23.71021089436359
24.707549486517742
24.660006581395336
24.59384494477333
23.68077247504333
25.150810062735566
23.43801353660411
24.601580472085452
23.820167643683412
23.037875941567563
21.45829621483015
23.376135792255678
23.097763225041138
24.269161290549732
23.67503560861919
24.662128577432064
24.01412513189723
24.814261577581487
23.971723631591587
25.75742794512241
24.019175990413054
23.080257684198717
24.396192653720398
24.827013743781663
23.154089101627534
24.95207073571114
22.317990891161497
23.675971202804984
25.720407240001226
24.209426878420658
22.02011826791923
22.866481201531506
22.30205776012061
22.392945444008554
24.87127607754426
24.288039223483544
25.10690164427635
26.047130054614723
24.685007586466476
25.23686330023725
24.350776845981876
23.149186448876723
23.22829179000582
25.017521434822143
25.03842512303917
23.67483210748017
25.397151542481176
25.977638885844236
25.4537023927731
24.917463814438005
22.311700352036034
24.982541844115964
24.034166104947637
26.227242547820104
25.662414769679238
24.131199244129448
26.297170360149458
24.319550923155834
24.437161369742338
23.969577648684897
25.878107553066023
25.91579423330014
24.720138390770746
23.431785932987328
26.075126547516653
23.589525636032555
25.826549964095413
25.361450224889516
24.322982939386325
23.97066846387021
24.63561306343446
24.876252853549598
24.94187295642366
26.452679153725462
25.471069297351555
26.755857087176985
25.08746999381946
25.076324090747782
25.500726911347236
24.924670849058067
27.03454976145734
25.437770867305794
24.506447386283774
24.652506072805924
25.186429368158322
24.549325869335508
24.59396764228954
25.657202479684734
28.466762439038014
26.004970609644936
23.82741582149022
26.638271566798
26.031739671219093
24.8343491925032
23.358748783401776
24.416997915528277
24.782306162361778
24.97785274126571
24.728515939671702
24.820540691450525
24.74861368828119
25.839486742016412
24.80901630553338
26.15822817940164
26.10509939391226
26.803534714578273
26.512823165700205
25.04024381539017
26.44617082369544
24.30199719473256
25.561117493824604
25.903557835330155
25.836416311451337
23.95160510826624
24.54731690630789
25.69425569174165
25.960472777854125
25.18795497888629
26.05236880745889
24.64754178693534
26.710469200655588
23.843163672327183
27.6169885242323
26.8621399586933
26.65637849896437
25.653969988606907
25.336171738958207
24.411089581702157
25.45730006430745
26.659516680604366
26.20005481079728
25.6820395871978
24.873702513285327
26.052684037950606
26.138849042490733
24.190144530461296
24.728173801638423
23.640878461236326
24.208343509911884
26.931119273863565
27.72314719190091
26.673910104085923
25.86509022751281
26.415054601737932
24.80726272879208
24.27402099158304
24.906069533862016
26.650537874826068
26.59833758347951
24.449317560179864
23.307239039615954
26.364175541814546
25.63199836565419
25.48316232056178
26.475918031988847
25.071688474658252
24.40754463031026
25.23404930031911
25.32783579919913
26.81170887750282
26.14944429868539
25.945328463592055
26.84065191739514
25.43091589248409
25.518123097499842
26.61934016269051
25.552657638976434
26.281565612815104
25.881207355123955
25.772253936091612
27.22418388644639
24.706467954402893
26.630998208067204
23.713759955608488
25.36459650185318
27.83521867068607
23.95551373058362
25.12547355523007
27.157830126270465
25.696319323865776
26.071830092893645
27.227918034633973
26.008763575141387
25.491894933066806
25.069665857929856
26.92711323655525
28.78673591431156
27.3045055368732
26.387441944759313
25.691542113384582
26.953259850734504
24.407636875280737
25.709480694061863
26.709144872843787
26.335384777563497
27.20342739199227
26.079135931718476
26.714106107128167
24.465451381532763
26.26543596983148
26.304471239727718
25.012896756690463
26.29368070559358
26.07999441029046
25.100440436580804
26.428822145030626
25.073279769892107
24.013230194852742
27.01545725391055
24.206790888637652
26.546654996230682
26.6217465150622
25.833143542495655
24.87134808616729
25.614507754445775
24.145107747643102
26.28185579082836
25.076333467948427
25.205991529593266
25.891256731921242
24.576676023480836
25.32893030001105
24.71420615301227
24.959604191386973
24.61816434088978
24.801348110298324
26.294059362512087
27.35792594978242
25.938955636505206
26.904932590252173
24.891871252755166
25.57684553103063
24.10552127028019
25.79671918907751
24.691548725040814
24.737789394591843
26.00442019789938
25.384504487062166
25.81954202305051
25.72916007293864
25.42857282090327
28.26426660091791
25.999744879578987
27.65658540841424
26.8107943866347
26.747948276847886
27.20315344820858
24.842534900561795
26.613769581180094
27.214994259846417
27.084832210775538
24.881056061964124
25.233753176889817
27.22674851289916
26.245952803011562
27.227163620435675
25.42338153365221
29.08812164041806
27.555715098665985
26.674865877979094
24.989439728123067
25.812076588455728
27.38240834674416
25.67779072656238
26.616092666349584
25.34041297241628
25.231007645347606
25.01555449401376
25.25834851759209
28.00654519887733
27.077008782962697
26.63871533060465
27.158594430119173
25.617558547692692
25.858035534503067
26.31555425801592
26.451343643419744
25.148599295152906
26.06694320589316
24.655699009235253
26.1204545816034
25.783549150216896
24.63332980613176
26.427363804963534
23.727439468807226
27.108246692883323
23.737634860097806
25.560955763234517
26.09152219548949
25.638684708712663
23.941160762558077
25.96251894478374
28.9827148097966
24.620184916373468
25.160715907911882
27.63951658652519
24.035703518157383
24.522285132073677
26.16828433504598
25.189600003465745
25.65183243778347
24.904924694449207
27.45738639749114
25.457799637732982
23.96456953376378
27.242772608822673
25.314355775900705
24.02713915497132
25.425828806494316
25.82547103611099
25.687579487721187
23.34737386762975
25.590732700765745
25.23339195250417
26.733551089128675
26.021173747923065
25.29280421755998
27.116667430657778
27.57838616544216
26.073212740679132
26.16800977238666
25.060828526749717
26.059882667756085
26.97947930410321
25.487454232250354
27.376355783369075
25.856510609713904
25.973281962716975
29.227329315760482
25.92957786448442
27.906076531349413
26.08079521060003
27.42355003322669
24.870022722102572
25.831180525353005
24.027876306168995
25.213568461397607
27.63637336397136
28.507637895552655
28.067988303466365
27.081781385587657
27.17596885954016
27.187802971338954
26.40348764638288
26.567636702238843
27.00040518096384
27.212337924180456
26.67905551090439
26.388842059686624
26.592862771854026
25.553700658562786
24.803941835494722
26.63502619276043
