-2.655813520299732
-2.41960611184875
-1.496003452354295
-0.1620174559449007
0.8169871486350786
1.2989567510480595
2.2681900080497583
3.2284350893683227
3.907325326601543
5.033769137404536
6.07890116934089
6.663862566272643
7.251380201231941
7.829937967169124
8.353733574066977
9.134797388322353
10.03039172226068
11.187444833643012
11.7740045147738
11.84351832237147
11.596527121537884
11.846671486638456
12.965228014493553
13.425954080131667
13.872531422116564
14.42642982373308
14.541291234850927
15.091647577148985
15.542480051738398
15.429580974094549
15.086169559882784
14.482365934978931
14.765555001206794
15.482687429238316
15.300895156168806
14.718769245957132
14.920419787975089
15.376438221296103
15.324406525037212
14.573201665226383
15.74021517534934
16.582434221055575
16.36088139289573
16.758302244743263
16.459433456694818
16.920959565372165
17.067410332823762
16.63322293741801
16.111542316936514
16.41292957310398
17.51780383856373
17.2732730821734
16.07854346389796
18.4979087052431
19.46867234690976
16.84452191772757
17.799830902384404
19.201929212715275
18.811478131392427
19.338228206740716
19.92357723944744
18.550795477381644
17.53682344152781
18.60292059702316
19.323412321724863
19.9496190190725
20.29773983213077
20.21094052029816
20.52091292746461
18.884099043037903
19.32488235354525
20.18287051922394
19.09086388958574
19.715627260023112
20.1748093922825
20.755551372592123
20.81760949610904
20.2158785394164
19.54260806469789
19.317620900064128
19.99708360571525
19.4443056925355
19.87527605534822
21.291011625986627
20.946647197853505
21.606851453830657
21.77693308637524
20.53085337573169
20.541149642002612
21.9659153298074
22.4261905274759
21.88465753323917
22.43594298974884
22.678663110741727
22.40223332365419
21.55390264605452
21.11437350109931
21.338541725715217
21.54996667703548
22.302533542102893
22.925686482211653
22.151180616388807
21.228906689233494
21.61425513279377
22.374337216983218
22.418804427268245
21.044660962231102
20.817990714779672
22.083294781512866
22.09323386685105
22.566242895415154
21.679348906459992
20.276212235192705
22.25430486921748
23.15447009844688
21.81129847099825
21.162144629734797
21.25465309914851
21.856261296596504
21.977799859404527
21.684808782778504
21.185271501707074
20.69727912005641
21.039743642497747
20.861840925885087
20.61761584670782
19.82261689396121
19.53907248329925
20.197898291578984
19.817451489253276
20.41778075437584
20.7924006054012
19.12249195981776
18.48627757916976
20.531575891490387
21.57521990903956
19.84866285862444
19.60378808279229
21.20112584605125
21.763552607446027
21.761499131000196
21.671002461241574
21.31498644690967
20.78317112697888
20.956188707229582
20.82108264594408
18.57487345113676
20.032918509737392
22.54742053439952
22.714275562755265
23.01616111286942
21.30122745077569
21.13500858190616
23.43197328369416
24.46783730338196
24.056640642949088
21.926002545337965
21.564959348573375
23.580207983134905
22.94292430619034
22.064580631160847
23.741618471496203
24.71547956574569
23.880915405300502
23.023650381034543
23.765390430898297
24.141703412327196
22.107139967988893
22.21077618197567
23.007524973983145
22.517850190874256
24.07330221361447
24.97659806916681
24.77724733107048
24.03279641695919
22.41312839194165
23.076512959566323
23.28587994667776
22.646164140362007
21.206349693620883
20.884632140445028
23.43847872198863
24.1232547417234
24.610691751958925
23.997908383445875
22.705901297963145
23.017509842951107
23.221587794718307
23.180286747586266
23.099903590062123
23.087698315748163
22.951551958224627
23.911308931193357
24.14568911939501
24.102900294232448
24.083565825745158
22.890628841852813
23.516586193452767
22.809285735010164
21.34928086334681
21.590947901649205
20.53246377705947
20.448734628341818
20.44863529588201
19.5230789893338
20.11649007205488
20.31842133388137
19.7319577904913
20.456765437103236
21.21284674408277
21.857723561749125
23.080057134871623
23.750141368748483
23.89486369330969
22.85268793092968
21.36256965582376
21.54650808747027
21.923692642341244
19.726121111682
19.23311477903018
20.65208851416183
20.24605190275873
19.49194887219865
20.49647129818468
21.47918261835333
21.61651552292244
21.520646641567154
21.66499401296913
21.815038346065062
20.881249734951695
21.16670503585794
22.59624974567138
22.573478250155866
23.082471509004808
23.782850465275644
23.137503165352147
23.055391330032304
22.64892345880413
23.081566910947924
24.22424823273221
23.90176159677134
23.86635085457977
24.8100100680506
24.152930103496537
22.0619816814704
22.822723367598236
24.13858448778681
23.20289118753444
23.48177232545645
23.934640709117403
23.51025820694928
23.70858243776996
23.6889229608118
24.03056670601997
24.868045519104893
23.93833641318983
22.899588585868305
23.66837745378682
24.274554822132508
24.35006889201467
23.97223685217434
22.379290565699566
21.299089351629245
22.25067083048159
23.871559180936146
24.71483676023395
23.799237257348164
24.504462816754625
25.239621335991952
24.06259853730926
23.53509344756563
23.74268091748976
23.23803189244185
22.637811828115755
22.928071360446467
23.171581480155837
22.892182756937355
20.32970740433604
18.701685689787585
18.78573270330523
20.675389514948748
23.488590942207505
24.584146378811734
23.79988155008476
22.55829775388697
22.64181912850432
21.838182620603256
20.889037068114188
21.1088133629596
21.323057020532623
21.366138304114852
21.16739696520225
23.282795118954382
22.966082601447376
20.314234296879555
21.24282789378436
22.458393824770464
22.531939055902896
23.434117353296
23.79089070261806
25.20904792855048
25.778044003126865
24.019727415508623
25.353642732350195
24.520541418655583
23.78365863467268
25.877844686411983
26.97567547287297
27.50293811510429
24.680796520482023
23.2293110645267
25.041993490671643
25.657218731115226
25.37944962130096
24.272558928216394
22.82382681002748
23.621855646726782
25.11348349403104
25.708653989145784
24.75766284865169
24.8678198430028
26.15368956239624
25.50606576447022
25.67253526149789
24.21003445379241
23.16295732060648
24.698433576200944
24.16532598422067
23.738422521868607
24.181444426077924
23.43108047671716
24.152833435314538
24.711562430489103
23.59540436302599
24.14314736231454
25.61130487862816
26.03848493720845
26.551966899998305
25.76487956104157
24.56893734390736
25.1646547172498
25.573322362953974
25.435409894352123
25.06519785770636
25.22588526861021
24.71617622224648
24.2227331344724
25.230576647321666
25.42627924907181
25.0629091980747
23.76559323336198
24.1064026735586
26.191834443752267
26.2781059540904
25.05747070798621
25.1798884616212
24.85042055039311
24.942091309742317
24.761410962891645
23.36991675376526
23.8177867259254
25.456855831729136
25.673238947337605
25.95301743160196
25.719715947366435
24.92232650486405
25.30404561534689
23.91749360741526
23.54077564305284
24.060228276149605
24.80861554555804
24.10786677070168
24.128508367749923
25.1551696723072
23.947141978132603
24.20015975467063
26.626115565827508
26.66227140675372
24.75344454725165
24.54740166187561
25.193630561757946
24.517452513862025
23.053107645258223
22.67453485400655
22.54015563890477
23.79489397782717
24.405228727719926
24.77529004965485
25.068528843997623
24.127345739612093
24.51007138205065
23.89488473975377
23.41688166107536
24.5565990456832
26.7113036218359
26.853710916351
25.19189520360308
25.242633987642296
25.187670448008088
24.438462647343822
24.87163714978678
24.86020558544847
24.004163723829183
23.35314210787893
23.801617982241734
25.40391070157333
25.446896452808883
24.279401851082927
24.3736448597474
24.42708875379125
24.325213636699583
23.6112285117659
24.382286016856
26.66747340656584
25.769294406475623
25.841097636872068
25.38515742894544
23.99021089431776
24.02502977248626
24.0348671678844
25.040553543632218
25.73486871785204
25.310942867532084
23.636004741258763
23.97598882637023
24.92249135306345
24.06130029095
22.89718370000631
22.58250082654633
22.31498977153461
23.48683647316157
25.28179025613169
23.840292454238146
23.77055306844029
24.602085829558906
24.5360008497158
24.627475478636374
24.32108919900138
22.45119825555118
23.61335524568077
25.925309171616387
25.96166557886089
24.490867820739137
23.375360386314497
24.0812180464433
24.644317829310072
25.418276932395298
24.146953372955537
24.3301319377496
26.071206815906702
25.578014852314126
25.718193532131156
25.608273512249056
24.34489265653679
24.859988312242105
25.252455822170795
26.0702775350304
26.671140027081066
26.74625280488789
26.800687234020646
25.35049029494501
24.160439879907656
24.65730364689448
26.073536249681545
26.796161318575056
25.501451837748014
24.07522175981628
24.573315228244105
24.61635951097177
23.65550054633294
24.38227120679692
25.78640145995101
25.88897129371579
24.9097756644468
25.277137824803045
25.79844944165193
24.5187032538869
23.455542529484607
23.020874121571424
24.56031261157391
25.42624527277921
26.405676110258288
27.20196253974953
26.786492645586165
25.722309980116588
23.726185462694637
23.98434430890148
25.356123702613147
25.187856138098752
24.92096975073679
26.351871845005327
25.15074900501089
24.486409619890864
25.335700809727
23.630201636718592
25.15033997606848
25.697309735895743
23.81012643918055
24.09204580929158
24.43874610855752
25.26999602202616
26.269502797066043
24.12999751504057
23.011239089778325
24.66788028857833
26.58153525833849
27.096128040573923
26.124423981928008
25.939816390007195
25.000027473208128
24.63042091290833
25.395038024995248
24.37602665808093
24.140370229986324
23.808913350386263
23.937191232655078
25.58230394257602
25.96578447113351
24.76962249239411
23.48279739726156
24.25179730790028
25.14755597816585
26.76068419857077
26.132393950945534
24.46864641325576
24.899383333824822
25.422174661352653
25.92736892080081
25.394363601961388
25.789007334029183
26.446733882311783
25.69713580935372
25.871160271625843
25.024315262792307
23.87096430475754
24.217156232442267
24.395975971556386
25.37705940849858
25.55774137025695
25.61309810419356
25.754023637579422
24.905762635635647
25.969883669402897
26.16923987068635
24.579171112832515
24.16088419683273
24.809815253391804
24.91258869433589
24.688084144674846
24.826881514854808
25.193304479032797
24.006689195667185
22.98434202601412
24.58864127453124
24.129002776967425
23.312539509856368
24.64015019515192
24.873189752013904
25.164976208140438
23.211259231655408
21.890011303482183
23.873569626169377
24.368425900174337
24.907746080583333
25.13313736529392
24.345536306452992
25.272306053483327
25.68226980644827
24.96730965361757
25.904527826504133
25.370475420253143
24.10281991811402
23.01282002526882
23.84960664626323
26.392766085367683
26.523343154155523
26.070922885383258
26.582793195174418
25.234773654056724
23.006430673599024
22.30760947024797
22.926859376506584
23.63595652258084
24.40013684462555
25.36678278432446
25.547581446851837
26.15415671968828
26.53480611848261
26.12759263685584
25.2510209004614
25.76533330685136
25.978260579800576
26.00124266766222
26.56352927832436
25.674625977717056
25.03591741380444
25.991122174327696
26.07166173764008
24.16602270788228
23.628000502802948
