60.1
93.95
157.23
120.7
43.57
20.75
1.92
0.0
0.0
0.0
0.0
0.0
0.0
0.0
1.86
31.03
34.75
6.59
3.65
0.53
0.0
0.0
1.13
1.64
2.53
5.48
9.78
1.28
0.61
1.24
1.25
2.34
1.8
10.62
4.29
3.54
4.49
12.94
13.25
15.79
55.95
56.86
44.08
40.47
75.33
65.0
36.62
3.21
3.32
0.89
0.92
0.46
2.49
5.23
7.66
23.47
64.08
78.61
25.21
12.01
3.01
2.82
0.98
2.74
2.9
2.86
7.36
8.95
6.12
6.32
5.81
6.94
1.96
23.14
26.39
17.31
13.11
17.25
8.77
16.9
19.95
10.55
15.95
8.01
13.63
6.41
5.95
14.05
7.81
9.13
1.87
4.2
6.47
10.14
4.22
6.05
10.59
8.24
12.55
17.05
24.04
21.85
28.96
52.31
37.31
23.62
12.53
12.18
7.3
4.57
22.51
18.1
18.71
24.01
8.86
17.37
10.44
5.54
5.87
8.12
20.98
9.04
26.2
3.48
6.53
7.95
7.67
17.87
29.2
25.11
24.34
28.18
30.93
20.19
17.7
12.0
15.41
11.81
12.16
24.23
11.88
5.28
14.33
25.93
32.95
44.41
19.95
13.5
12.98
11.88
23.79
24.62
12.37
16.21
24.17
22.97
18.8
18.4
10.22
16.28
4.91
8.82
9.4
10.17
11.97
10.28
11.83
13.5
8.33
6.35
7.93
8.56
10.56
7.14
6.71
5.0
9.15
14.85
5.82
5.31
6.23
7.64
8.25
5.3
5.97
15.13
11.35
13.45
21.08
27.01
24.61
24.73
31.96
34.35
31.54
28.1
25.14
34.29
25.67
25.14
26.01
22.86
19.78
21.33
20.2
9.98
22.12
30.19
36.97
38.29
41.07
17.24
23.27
18.7
14.93
16.12
12.06
14.59
12.61
13.07
4.41
9.2
8.07
7.04
11.5
7.43
15.65
18.7
19.49
19.42
17.35
18.69
17.94
12.76
12.67
14.01
15.11
16.48
12.81
9.54
26.61
21.67
21.96
20.86
24.16
14.04
14.96
11.3
21.24
33.29
32.11
18.82
24.97
14.72
16.5
14.91
12.13
13.59
16.65
23.14
12.78
11.09
17.62
19.4
16.08
13.18
7.23
9.45
4.86
9.4
9.95
11.85
13.09
14.0
8.79
9.95
11.09
7.5
7.64
6.16
3.69
7.05
3.79
5.36
7.97
5.22
7.14
6.92
6.27
4.26
3.85
7.73
4.82
9.3
12.79
13.78
12.78
14.89
12.28
7.26
5.42
7.41
10.95
8.86
14.02
13.58
11.85
17.23
20.66
20.98
22.35
21.22
20.27
17.73
27.95
30.62
20.29
23.3
22.42
18.17
26.28
19.66
14.12
15.9
26.09
16.72
11.18
11.85
12.08
13.0
15.68
11.51
13.39
14.68
14.02
8.61
7.12
4.11
7.86
6.83
6.68
8.11
9.92
6.36
6.35
10.63
17.89
24.05
25.0
15.02
14.38
22.17
11.03
11.87
9.01
8.4
9.9
10.6
12.68
14.37
15.93
20.1
9.26
14.6
11.47
12.0
22.14
16.49
18.91
17.92
15.54
18.32
14.45
19.39
23.31
18.38
13.05
15.3
19.39
12.61
8.6
12.38
9.34
14.46
21.69
15.44
15.86
11.77
15.89
11.64
11.32
14.66
13.0
10.5
17.0
16.1
13.46
11.29
6.28
11.36
10.13
13.23
10.57
9.29
10.88
9.16
17.39
18.46
17.21
19.09
27.37
25.12
29.44
26.1
24.09
20.59
25.13
25.1
25.45
29.49
31.33
19.69
12.1
15.85
17.69
22.37
21.1
21.84
22.49
12.8
23.81
16.43
17.93
16.41
19.12
14.82
16.87
12.61
17.28
14.3
12.55
12.43
7.36
8.69
10.09
6.81
10.91
10.36
10.18
6.46
8.05
7.47
6.3
8.17
7.07
6.78
6.69
9.68
8.66
6.16
7.75
4.05
5.61
7.71
2.1
5.94
6.88
4.98
6.03
2.58
6.31
6.84
2.99
5.84
3.82
7.56
5.77
4.2
7.1
9.09
8.97
10.06
15.26
14.52
11.69
14.93
14.34
17.93
14.31
17.48
22.35
23.05
28.97
29.37
30.93
41.2
43.83
37.66
36.67
44.17
32.74
35.04
32.71
29.42
26.89
30.37
25.04
27.16
27.21
18.31
16.85
17.2
15.02
15.05
12.4
16.61
15.65
15.67
11.45
6.15
12.22
10.34
13.7
9.02
8.3
15.2
10.06
12.16
16.71
14.57
14.67
12.72
17.57
17.97
12.61
12.8
13.89
14.06
15.45
18.09
18.89
9.31
13.71
14.95
15.37
14.83
7.32
12.84
12.22
8.23
10.43
14.65
12.61
9.02
7.91
12.43
7.44
12.48
8.6
9.4
11.35
9.98
8.5
10.8
7.83
10.3
10.76
12.01
10.14
9.95
10.48
11.08
10.3
9.96
9.6
6.79
10.66
8.67
9.29
8.1
6.02
8.17
11.69
8.39
10.58
12.71
6.32
7.72
9.45
9.14
12.17
15.44
13.01
11.05
11.08
10.51
13.89
10.83
15.21
8.66
