52.52
56.07
61.58
79.13
60.42
40.76
27.7
3.14
4.53
1.39
0.0
1.66
1.66
1.9
4.02
2.72
0.6
0.1
11.54
14.8
4.42
3.39
6.89
31.2
76.57
90.0
45.12
16.71
30.33
21.7
12.7
9.91
0.71
2.99
14.32
18.18
7.12
2.11
5.49
10.47
15.19
32.79
24.16
3.46
12.24
35.78
27.16
0.37
1.44
17.06
21.11
27.02
41.58
34.39
15.65
2.75
4.44
5.43
10.73
8.3
1.7
3.33
4.41
13.65
25.17
35.24
34.2
14.44
2.18
6.37
11.09
16.4
13.69
3.63
3.96
6.03
3.34
1.87
6.73
19.8
33.72
19.79
1.34
2.68
5.68
6.71
3.4
1.91
3.62
21.16
26.48
13.41
9.1
13.19
16.62
20.15
29.42
25.94
13.1
17.99
20.93
15.09
25.63
18.65
4.81
9.09
10.52
7.15
8.82
26.55
33.47
19.92
14.64
8.27
2.57
2.95
5.16
18.25
33.78
23.9
10.81
12.99
20.92
51.74
47.51
33.06
34.19
20.86
20.4
18.16
16.43
30.05
28.99
32.89
35.04
18.84
15.49
13.05
10.6
16.09
46.26
83.93
113.86
96.13
57.3
54.04
43.36
22.29
21.92
32.65
37.62
30.08
26.77
30.0
28.27
45.03
34.79
26.53
29.14
15.3
15.59
12.94
7.32
19.97
20.59
12.1
11.84
5.13
12.4
13.43
6.58
3.44
2.18
2.13
1.4
0.49
0.0
2.91
3.6
6.06
15.38
13.17
26.76
33.75
16.27
38.55
95.32
145.71
91.91
13.08
6.87
9.46
14.54
13.36
5.85
1.24
0.79
2.98
2.98
3.36
6.38
3.02
0.99
1.59
1.94
3.11
3.43
3.23
1.57
0.35
3.41
4.34
8.52
12.88
88.84
90.47
10.13
4.63
2.98
1.21
0.3
0.3
0.0
0.0
0.0
1.19
2.61
2.44
1.63
0.61
0.0
1.06
2.23
1.33
0.63
0.47
0.0
1.25
1.25
1.1
1.1
0.0
0.0
0.0
0.0
0.0
0.0
0.1
0.71
0.61
1.91
1.91
0.0
0.0
0.0
0.0
0.62
0.62
0.0
0.0
0.3
0.3
0.0
0.0
0.0
0.0
0.0
0.0
0.05
0.05
0.0
0.0
0.0
0.37
0.37
0.0
0.32
0.32
0.19
0.19
0.0
0.0
0.0
0.21
0.21
0.0
1.15
1.9
2.38
2.07
1.22
8.44
33.01
55.33
94.86
118.81
100.38
108.99
65.46
5.0
3.04
9.69
23.48
39.18
24.43
0.11
1.5
1.39
0.84
1.82
2.32
1.34
0.46
0.46
0.0
0.0
0.12
0.41
1.17
0.88
0.0
0.0
0.0
0.0
1.66
1.66
0.4
2.53
2.13
1.76
3.18
1.78
0.47
1.27
1.27
0.22
1.05
1.17
0.23
0.58
1.46
1.48
1.55
1.67
1.85
1.65
2.88
4.98
8.09
6.83
1.49
1.24
1.6
0.51
0.02
0.0
0.0
0.0
0.0
0.12
0.47
0.35
0.0
0.0
0.0
0.47
1.23
0.98
1.07
1.49
1.47
4.36
5.53
4.49
7.17
9.94
9.46
5.18
2.01
1.5
1.74
12.22
22.07
21.98
30.12
49.2
59.32
47.89
26.3
25.74
50.97
68.54
56.18
56.62
83.38
74.47
71.56
90.5
102.67
99.93
83.72
44.84
4.37
0.0
0.0
0.0
0.0
0.0
0.0
0.0
0.0
0.0
0.0
0.0
0.0
0.0
0.0
0.0
0.0
0.0
0.0
0.1
0.1
0.0
0.0
0.0
0.0
0.0
0.0
0.0
0.0
0.0
0.0
0.0
0.0
0.0
0.0
0.0
0.0
0.0
0.0
0.0
0.0
0.0
0.0
0.0
0.0
0.0
0.0
0.0
0.0
0.0
0.0
0.0
0.0
0.0
0.0
0.0
0.0
0.0
0.06
0.06
0.0
0.0
0.0
0.0
1.1
1.1
0.0
0.0
0.0
0.0
0.61
1.77
1.35
2.7
4.56
4.31
3.61
4.86
5.88
6.16
8.45
7.93
6.4
7.65
13.22
19.19
36.35
46.69
32.75
26.28
26.39
26.03
22.61
23.19
28.07
30.11
45.31
55.33
51.13
61.32
72.64
49.68
39.39
35.87
23.55
29.48
18.64
16.33
28.41
17.75
19.23
33.53
22.44
13.18
11.35
4.42
4.56
13.09
11.81
9.46
16.01
23.56
28.9
33.63
29.27
11.68
3.96
6.11
10.81
9.72
14.47
15.3
8.33
6.71
4.42
5.79
8.15
15.84
24.31
45.79
45.79
25.91
17.74
7.71
15.52
16.36
17.46
24.13
44.35
47.33
25.12
23.09
17.59
14.43
16.12
22.27
22.5
8.86
3.71
5.31
8.35
19.05
17.72
28.08
29.6
12.68
12.0
9.29
9.98
13.06
17.97
21.5
19.14
20.25
18.68
15.81
11.5
3.47
3.39
6.37
14.11
19.65
14.52
12.9
11.42
9.16
8.06
7.79
6.5
1.51
3.12
5.88
4.18
4.99
9.98
9.2
7.75
7.39
