67.06
58.24
75.26
64.05
53.87
9.85
0.7
0.62
0.5
2.59
0.68
0.25
3.32
3.78
15.3
34.7
21.66
7.68
5.41
8.64
3.22
6.96
9.88
13.15
30.22
7.55
6.95
5.73
7.17
3.15
20.94
14.03
5.75
15.84
9.6
22.93
39.36
18.31
39.11
32.25
4.14
2.73
5.44
7.29
20.87
12.96
23.06
1.7
4.08
3.87
10.96
8.06
4.7
7.69
2.83
6.36
7.87
9.26
7.46
16.1
14.36
22.06
27.03
56.98
53.48
41.26
31.85
23.64
12.98
22.32
3.08
5.94
3.44
12.92
11.06
10.9
7.59
6.09
27.35
6.33
10.23
2.6
6.53
3.13
8.44
15.55
46.63
56.38
18.07
37.76
10.0
7.27
11.18
28.54
12.23
13.36
12.66
10.96
7.85
5.02
7.75
23.01
7.0
8.64
12.02
3.38
11.98
8.1
14.02
13.78
14.18
21.02
9.56
12.38
8.08
12.25
10.07
8.23
15.45
9.44
5.46
4.48
7.02
8.52
26.95
15.68
13.75
26.41
28.4
15.94
24.95
19.15
16.43
25.11
48.47
75.22
25.16
39.07
20.03
20.43
30.0
22.52
10.76
14.77
11.1
26.84
22.34
16.91
14.8
28.2
11.9
9.29
5.74
6.98
8.31
11.31
9.61
11.53
6.62
7.37
8.29
12.86
12.15
7.49
12.21
10.38
17.7
10.08
16.34
17.65
16.08
8.63
9.61
8.81
11.44
9.83
9.83
27.7
39.71
17.24
14.73
21.58
16.92
10.3
14.22
9.92
13.07
11.26
7.03
7.24
12.01
16.32
22.83
16.75
15.02
13.8
10.12
7.68
6.98
4.16
12.88
13.32
5.84
9.12
11.07
8.44
14.15
18.11
18.47
25.86
30.79
20.61
19.37
20.7
28.3
25.03
33.33
25.26
23.62
23.7
14.79
12.21
12.89
15.78
13.81
20.72
14.75
10.19
11.34
14.56
12.99
9.72
6.12
8.32
15.0
8.72
12.53
9.29
11.62
14.35
14.6
22.8
25.52
30.29
24.36
22.3
26.27
21.28
36.48
24.0
17.67
28.43
19.1
16.61
17.85
26.04
13.38
8.62
13.86
9.8
5.75
11.64
13.19
14.66
13.94
4.42
5.47
12.81
7.34
11.26
7.69
9.87
14.36
15.8
8.33
6.73
11.2
11.14
16.85
11.73
13.98
19.21
14.08
20.58
31.55
25.09
14.9
9.98
10.83
13.43
12.16
9.87
8.26
9.95
10.88
9.45
15.28
13.64
18.4
14.41
22.89
13.58
11.26
10.53
6.41
6.61
10.47
9.39
10.1
10.74
23.92
21.66
23.74
26.95
19.64
26.47
34.87
16.28
16.98
13.2
16.79
19.89
23.06
16.38
16.28
23.47
15.55
13.28
12.98
12.02
10.04
12.16
17.62
17.75
16.28
14.23
17.93
12.19
21.94
17.69
17.98
16.96
23.26
20.22
16.82
24.35
21.92
25.55
23.45
29.39
22.67
21.85
16.25
16.54
24.17
17.73
18.05
15.06
11.47
17.99
24.21
14.14
14.69
20.51
12.61
6.85
10.85
5.45
4.68
2.16
5.61
7.86
6.78
3.08
5.62
4.23
5.66
7.04
4.19
7.28
7.52
4.42
5.53
6.03
6.97
6.36
6.69
4.83
5.29
7.29
4.06
8.65
2.62
10.96
6.86
8.7
6.78
10.19
6.33
5.9
12.36
10.75
12.61
8.39
11.2
17.23
13.89
15.99
11.58
8.57
16.26
11.58
16.6
11.31
12.98
12.98
16.12
10.89
15.46
19.37
25.93
13.3
18.5
22.43
20.17
17.95
24.45
19.76
21.8
20.38
16.44
25.09
23.22
21.85
15.46
18.76
20.84
23.25
23.19
28.7
22.88
27.42
20.16
17.01
27.25
20.14
20.15
21.42
22.86
13.91
22.36
20.48
13.79
18.47
26.18
19.93
20.54
15.92
17.39
18.26
21.38
23.82
27.2
15.6
16.65
24.1
25.84
17.57
20.54
27.7
19.84
18.41
22.65
26.23
19.51
21.82
30.5
17.77
23.76
21.9
19.44
16.52
18.52
22.14
13.99
21.87
17.39
13.6
16.37
13.45
14.32
17.21
23.1
21.17
17.48
19.11
15.91
17.67
13.33
13.12
20.91
21.1
16.39
10.14
25.4
15.78
18.61
20.05
23.1
16.51
22.4
12.43
18.25
17.03
23.94
17.29
16.79
9.51
21.66
24.25
25.02
13.8
14.59
13.3
14.46
10.63
12.09
14.77
15.72
17.55
13.64
15.82
14.38
16.18
16.88
15.04
16.57
25.15
17.36
15.64
13.78
18.69
11.96
11.55
9.05
16.45
16.06
14.62
12.77
13.03
16.02
10.34
14.33
18.26
21.04
14.73
15.37
9.46
12.73
7.51
16.89
10.18
14.69
11.43
8.85
10.23
10.74
8.1
11.79
11.63
9.92
7.44
10.54
10.55
6.18
9.73
10.62
9.37
11.08
9.65
9.57
13.67
12.41
9.07
7.38
15.92
7.27
11.77
11.35
10.47
9.2
6.1
5.7
10.57
9.28
7.24
9.24
4.32
6.61
11.94
