13.78
35.24
79.01
54.2
111.52
168.54
156.43
129.78
30.49
0.49
0.0
3.3
0.0
1.4
0.0
0.0
0.0
0.0
0.09
1.2
0.18
6.67
10.12
37.54
38.49
30.42
17.55
4.02
2.32
1.57
2.3
4.14
10.77
6.27
17.71
14.36
4.05
5.34
6.51
11.0
46.51
76.63
0.67
2.34
0.51
3.13
0.34
0.86
0.0
2.34
14.0
28.26
10.49
1.61
2.15
3.35
6.31
4.29
5.4
1.98
2.47
7.18
2.82
2.0
2.88
22.05
30.63
26.99
29.1
10.43
9.0
9.59
29.54
9.94
3.79
0.0
4.07
18.28
25.79
38.1
4.01
4.11
1.62
5.2
5.37
7.81
2.69
13.73
6.06
1.16
9.05
6.58
35.31
52.23
31.36
9.88
8.29
6.26
1.85
11.5
8.93
5.37
13.87
31.93
36.76
23.61
4.22
2.22
2.27
1.17
0.12
3.62
2.39
8.9
24.36
65.29
34.05
46.37
34.1
9.62
16.61
20.21
5.8
8.39
4.53
4.67
3.95
3.91
4.29
11.38
10.54
23.5
28.54
43.9
25.5
5.77
5.33
9.04
3.92
11.79
21.6
47.7
29.02
14.96
9.35
3.34
4.5
2.97
7.75
21.92
10.88
11.31
6.28
6.12
11.4
7.56
11.42
16.35
10.76
17.33
13.23
2.98
7.75
11.18
14.76
25.42
45.4
30.01
16.95
13.95
34.57
18.41
9.22
3.34
10.31
7.68
10.14
17.96
7.36
17.45
9.78
5.58
5.2
9.1
3.39
3.86
0.76
3.56
8.44
1.93
8.38
15.71
38.05
22.47
20.2
23.07
26.92
30.28
50.57
38.74
13.52
19.57
25.18
40.0
32.0
8.83
18.89
11.22
10.69
21.09
10.14
7.54
2.84
1.25
1.93
3.74
4.05
11.35
21.64
16.14
7.84
7.28
17.77
2.01
4.87
14.06
31.24
37.06
7.05
18.27
16.64
29.15
23.06
12.82
26.13
9.38
12.65
15.32
13.19
11.3
10.45
9.99
21.77
32.88
22.48
9.65
25.62
20.54
14.39
13.32
15.48
7.6
4.67
7.13
3.67
6.77
10.55
11.89
12.06
18.51
8.82
15.5
21.25
21.14
15.91
23.83
13.53
13.9
17.85
25.15
11.69
5.89
12.94
27.29
26.03
16.08
12.04
12.3
10.82
6.58
12.04
5.35
7.38
12.67
21.64
17.71
11.24
7.63
10.98
4.99
6.06
6.7
1.81
4.07
4.25
6.79
9.73
14.49
17.21
9.91
13.25
16.84
24.52
40.66
31.5
37.28
38.38
49.67
47.12
41.45
23.0
18.79
21.79
32.71
14.22
20.52
13.17
7.31
10.4
8.44
12.73
17.87
17.7
17.57
8.33
6.48
12.71
14.09
14.45
14.38
18.62
31.45
50.92
26.17
21.32
30.9
40.82
32.32
21.81
26.06
13.07
16.23
18.83
23.69
18.62
12.38
17.64
15.42
6.4
11.45
12.21
11.82
9.34
6.99
11.5
10.95
12.02
18.83
16.81
21.14
30.27
29.65
30.98
17.34
21.89
13.7
16.46
15.59
15.44
12.45
9.92
8.93
4.5
6.0
6.7
6.69
5.31
4.7
8.87
9.26
4.36
7.01
3.27
6.58
7.16
3.55
6.94
6.34
6.46
4.23
5.79
7.44
9.27
5.67
7.31
9.15
5.55
8.25
6.75
9.11
4.4
9.07
5.74
4.68
7.31
5.71
6.19
5.3
5.66
5.63
6.39
10.19
7.6
8.1
5.9
7.04
11.02
5.71
11.7
9.45
7.7
10.2
10.63
7.84
7.42
8.41
12.17
9.53
10.03
7.54
14.58
12.25
9.81
11.52
12.04
15.36
19.94
19.3
17.45
19.41
21.36
23.04
28.0
27.69
33.82
31.05
24.2
28.22
29.57
34.08
36.16
21.8
29.69
25.24
22.93
20.04
24.74
22.73
26.72
23.17
17.93
24.11
26.2
23.43
16.78
20.52
14.51
22.18
24.74
18.0
12.52
22.55
16.42
17.45
19.57
15.24
24.08
17.9
17.46
17.18
12.63
13.4
11.95
13.19
7.52
10.75
9.18
8.36
6.65
9.38
5.2
6.25
6.12
9.95
10.54
15.25
8.78
7.88
6.78
11.63
11.82
12.38
8.79
8.76
10.87
14.45
14.32
9.19
12.09
13.8
9.95
8.86
10.47
8.18
9.59
11.7
9.21
11.29
6.94
11.64
10.95
11.16
8.0
12.63
7.34
10.2
9.24
11.1
13.61
11.92
6.56
9.43
9.69
12.16
12.23
9.02
13.03
9.72
9.44
8.53
6.07
10.7
6.23
9.56
7.0
7.3
12.65
8.81
11.91
5.73
12.82
10.33
10.87
11.23
12.05
13.27
11.1
11.34
10.66
9.32
12.42
14.71
17.21
13.64
14.68
15.45
15.17
15.28
16.74
7.36
14.22
13.63
12.93
9.92
10.97
16.64
10.8
8.63
12.72
14.18
14.07
15.17
14.1
11.62
11.11
12.41
18.3
14.89
11.95
10.27
13.08
11.3
15.47
16.81
11.68
13.96
11.45
16.8
15.69
12.93
