0.0397523340150823
0.3200127774598364
0.9758011006513287
2.066350358818249
2.9449094496060373
3.3788056879173025
3.676210844919067
3.803612042847048
4.193333129952528
4.9127422047024805
5.300901861959736
6.004258518540239
7.098617520993026
8.861232000543726
11.88012189122154
11.982327057559395
11.425575366875762
9.789166634491876
6.833593095736895
7.047209161039326
7.873673662754597
7.946205697874721
7.955010718894999
8.103114264033955
8.627654096891893
9.407300338394425
10.958968241951984
12.506864635791834
12.765389781558367
10.973406379442912
8.876679362221847
8.037695233981117
7.163307196698634
6.470975701733087
6.258203424039805
7.189890954726743
7.890681964837738
8.170952950946702
8.644039759820194
9.808404919312666
11.93568166719136
14.013440770543552
10.349119792169509
5.651313403439388
5.852670615875656
6.2917460747099065
6.691664628439957
6.9530480361340645
7.700588252118052
8.825654288466822
9.772192804736024
11.17330331747982
12.086352611660994
10.876357104384631
9.904921608498682
10.515705808838264
10.262641065945266
10.249379277889382
11.016013404127298
11.544223979415404
13.195010256735744
14.497633515918658
15.44699553914453
12.938972659079251
9.838782108365928
9.392456647481202
8.720979208401657
8.991651260632853
9.838327556456544
11.241228459948816
13.102587467820465
10.62349147069709
7.471204347804672
8.21852630462423
8.384116715579287
8.752752350851773
9.476631497947386
9.844980771691604
10.247000963329535
10.649324034923929
11.14706412344085
12.846170412088636
11.775560432224957
8.992560060455798
9.11227505832676
9.26692459586438
9.487025176733376
10.345146259073754
11.2057095379253
11.451858603697463
11.952160145225266
12.36548476089632
13.521903650325292
15.895655446293212
15.967954320344528
14.62896506338593
11.20707379220168
8.749061024898289
9.180772610605697
8.939810486552481
9.190085636512208
10.791909134189334
11.898079070315935
12.734082033592522
13.187777443574282
14.216865440889787
12.186951617044087
9.237392676523733
9.20505026092428
9.061397335811394
9.603396687169909
10.705148828723312
11.665315659229242
12.79749515643936
15.215246891408372
16.404006555320834
13.281079046289252
10.15450688446082
8.494649004330816
7.233946889720437
7.001566889847704
7.078576495466803
7.759056268056477
7.907895674702075
8.120305123937863
8.124021934257778
8.238129822125936
8.54448888288475
8.562950923668241
8.659606409070191
8.605418485859039
8.539626589502952
8.945495068323414
9.53143625228302
9.734717084909317
9.546669110300178
9.168882226858369
9.014258603775986
9.024656173171351
8.879976078157267
8.55856186615494
8.503123478553523
8.612681076273608
8.994027866786803
9.15660163929689
9.322177256147736
9.750309020049873
9.867251677141212
10.304930144184912
10.481318886544692
10.567255737136213
10.800855067580196
10.902234976761598
11.73229981351816
12.495257188237344
13.12422810445557
14.685343597293627
12.89146689622547
9.999822005799366
10.000072080697386
10.121381037814704
10.009961574348196
9.818774943257695
9.78243112840599
10.17169165619328
10.676548119080644
10.900726843318823
11.33376593012818
12.05283643023506
12.61951013923534
12.752309403291628
11.747344537339773
11.28075671895238
11.268228288758168
10.98086739830459
11.353417139406153
11.64423246108374
12.298303322901974
13.119084667143108
14.00684863341617
13.909522848898671
12.814391501235546
12.26429415582762
12.537964362892652
12.141841837355384
10.81599308962597
10.168347985664877
10.33841180235652
11.06063425780661
11.382948966894688
11.083504634688168
11.437776663895049
12.11607050606042
12.758341141756391
13.728132438924822
14.170299618951148
13.488524578950864
13.060337832633152
13.181989296457054
12.45120306104455
12.259480089592843
12.900753006975297
12.90209400095848
12.204372241466556
12.558900110840527
12.438691933676246
11.430379596007825
11.69389727762442
12.416330627754087
13.078483940633449
14.37332212490993
15.38328904570556
14.78321805595288
13.365490394473609
12.178464455806768
11.241580551690715
10.997731950116012
11.394489377087334
10.938099443591266
10.764456708742271
11.4738687479945
12.55787044450345
12.956424631757654
12.070526959038109
11.503610293423094
11.292609335969178
11.126111150670654
11.299796138160632
11.845701903231642
12.446166733402276
13.587994620640997
15.314130150875249
14.025528677267474
11.464685264038032
10.618155181304653
10.859351381574424
11.62866303612901
12.13694805828346
12.206424358663815
11.407729385816587
10.83876411178234
10.748408992792289
10.811750190220842
11.28796086963624
11.454572500327222
10.957044559142227
11.5135056190996
12.272373994300189
11.742078717930958
11.616094880669438
11.316065956103245
11.181164610868793
11.92166955483584
12.93348067416125
15.071407858829398
12.440286385586536
8.204844417552124
8.08562362415654
8.119336942308955
8.717415285365439
10.04805577307457
10.868285305683823
11.610109458944809
13.673158624498916
15.052351327259323
13.003649260387691
11.321447952172145
11.703605571964005
12.216602890536278
12.306818198279434
12.126386134287197
12.81689557275509
12.562246457629003
12.214047355413676
12.667022232649302
12.039935363594068
11.723741471422173
12.530787464602044
12.90831318367301
12.515063957092766
12.071222676385014
11.66700553846726
11.647157550928616
11.673261511067944
12.36871678848871
11.96056719314304
11.2572129982941
12.385685042493972
13.33717901178592
13.10533283752469
12.379936089566268
11.876839894127516
11.783653324005632
12.650169554783025
13.723948283943988
14.206665043807543
13.43941308423307
13.4106337783645
14.23900786775901
12.936055232373228
11.6995995575167
12.651124281333944
13.409306090535578
12.2853713866334
11.041442761574125
11.187761119709345
12.17391278358494
12.704945121823071
13.289890808076851
14.295713068207244
13.289347954942675
11.51187868997878
10.781022615211622
11.09704132385656
11.593617755054323
11.70712333465753
11.690304349556229
11.457941629431971
12.08411770464867
13.663385806195931
14.660361659885892
14.431723992387544
13.253242115138498
11.673402699603765
10.939671273492866
11.170191806187322
11.466604306078182
12.236371882754362
13.973195285864913
14.055349203466918
13.306774613064013
12.686192903691197
11.60889519004013
11.197176261447751
10.5065639731006
10.47149051075035
11.531558317918869
12.839849363012004
13.28688416946938
13.296374357227585
13.581076738443478
13.287089958444689
11.441934901380948
10.114379963041568
10.653103044155989
11.711750611322854
12.222043635212565
12.368154203629569
12.268336270657132
11.88016622784904
13.132271094929514
12.584127144922135
11.423966705588857
11.915802542166189
11.359027793692295
10.888611417097977
10.813745387081072
11.012380994967351
11.08112879916112
11.176913712482769
11.476746548918118
11.798742233819294
12.70959267130796
12.736157808373177
12.647408870919303
13.239562034613016
13.662281522227104
13.38876645241519
12.927785846590194
13.231390164347951
12.728757290357402
12.280585431629447
12.749330652861458
14.054541828589718
14.03850538841981
12.48172603631174
12.357757114069315
12.545794690449664
13.301500554967928
13.6312475789439
11.961927185215462
11.156881598221004
11.358213888716302
11.440475570448651
12.221050403345094
12.56144859310126
12.635895774801964
12.89476046162034
11.97971266681976
12.114860834028564
12.6027240496209
12.60603170032805
12.852804796362037
12.686023259195444
12.66460046538143
11.734907360047492
11.09548608727741
10.848853147255268
10.38192544794274
10.85169105312371
11.57419590699552
12.469344837569167
13.384269570612554
13.6049518171375
13.566093875608862
12.728650616351938
12.111984127219875
12.283491006197517
12.525805272380047
12.00682094721971
11.500386014381574
12.665623766737207
13.50124003995397
13.14094606209329
12.079687956914052
11.644792935910129
12.032996751662717
12.055537174075958
12.716665348911642
13.390825303606384
13.945130738988714
14.024697148301136
13.486681280788016
14.740956617918863
14.506432578679014
12.791048072389636
12.524875684716813
11.92113451116561
11.348486214373898
11.854498366424878
12.515774228038158
13.099080033901624
12.908181321119091
12.69540731423385
13.14025841385734
13.515984238893788
13.339100300821968
12.468949257489855
12.70341895591734
12.922847906596049
12.305552461749471
12.260458160017352
12.74374550419754
12.735372041356689
12.825488805788408
13.4104104109048
12.906083378841853
12.927167618890865
13.980992175728158
15.25490550063151
15.949706783791504
14.987865619729927
13.864995099982748
12.970791334896989
12.544259010362648
12.10697883457548
11.612500190125878
11.368709565396866
11.262204672831082
11.4684730357766
11.697405367811507
11.807024229028787
12.672511938628826
14.353412116666844
14.529929874596258
13.299828854386451
12.08182485741536
11.579624491979107
11.715395300443149
11.760508916433956
11.2456051024411
11.37792284393669
12.549307633587548
13.42546906304606
12.909894980671195
11.93074776308325
12.297708976700708
12.64648109493314
11.894751754961687
11.137687672407
11.610583325604084
11.984954742926533
11.769978311241635
11.884686689257729
11.991699600533655
11.764025289719005
12.53267457447854
13.536624993058686
13.146630733066583
12.230220275718448
11.675991857768912
12.072622060751955
12.18387087814946
12.179056650454386
12.71218197690196
13.404277402896094
13.571022060133188
13.29919538551595
13.73766433756562
14.408396684465345
14.011199774420398
14.399255084036431
14.63292676217759
13.22362856132303
12.20608290139289
11.641264749382383
11.852287279166132
12.36488895811598
12.82107732254529
12.886603382629447
12.760575592407044
12.487127018075183
11.898535465380764
12.05914080031194
12.2681814663381
11.78040301318024
11.822373053963805
12.69983473000691
13.603132067858503
13.465504765635393
13.136961109769627
13.833161026107929
13.981727509482496
13.55987025768757
13.607262406280134
14.100073929204395
14.1895089064159
14.031793931101587
14.370386306405122
13.345003296078044
11.857611082722324
12.03863758108841
12.80086735932015
12.759638730689035
12.144862308568644
11.99249287163316
12.410158217228563
12.829650478841254
12.97470119562468
12.320369535215557
11.373702797472472
11.852541796889833
12.791650173807096
12.474405286224457
12.19565238978539
12.355741023848651
12.125062169735216
12.295623261715347
12.488849883007278
12.700939744983735
12.658995251330705
12.540086658585723
12.45366166033871
12.591436825332975
13.392645082600632
13.3036015433135
12.497433851013446
12.360798603806886
12.526724278272924
12.543739490098956
13.100503870477016
14.110984342816096
14.463118633860718
13.57731952745534
12.54854325547382
12.335603187324304
13.02715298894281
14.540340060969145
14.465685848425878
13.687324981481233
15.300811949555872
15.928314356722655
15.413801693218527
14.571407998334871
12.294791805072135
11.283668023132568
11.654529059402002
11.911807039659983
11.960414447040456
11.811419646302951
11.762999745889868
11.734706138734476
11.945941556829707
12.24354614497345
11.858066357266209
11.58391852920072
12.033466128843806
12.636296349993527
13.014429778968598
12.80896605107303
13.78751594325604
13.958566954280789
12.486725587397032
11.513866020432731
10.55871218281204
10.421646028427284
10.865180079949312
10.858105992715489
11.05269697510251
11.46415650213871
