-0.2415660296575879
0.3051122533046304
1.6644953995222884
3.442536523272816
4.1640377646444735
4.727275636293452
4.377156787199601
5.539736936324166
6.836364344831246
8.678237060853025
9.530612782159888
9.84862512950794
9.187322041282163
9.855189797675086
11.022475238252364
12.29648776262678
11.901039299142584
12.201727505236754
12.709059289417455
12.30782495363152
12.221295215104046
13.144550759911477
13.758504268307185
11.053421507846393
12.410558780893952
12.174686514658616
12.359181845676405
12.702003250673254
13.689486665255634
14.09403584195618
11.952091452132867
12.62189410746632
12.886280530830142
13.665272471384394
14.134863023281044
13.82957352711715
13.861248888181038
13.784617171866222
12.991390488553698
12.869160173973023
14.065321297971572
15.080376017721663
14.274113604483686
14.334297860071093
14.13634430760261
14.194686674459536
12.298075942811463
13.3358984850753
12.95826882842906
13.423603880752935
14.03265479581508
12.872299611152911
13.18243976379712
14.873149096160864
13.212379393939468
13.479427225039146
15.097626201711462
13.72944699589324
15.298619046003743
14.056984648653398
14.494136168596429
13.684659012992167
13.580643363142675
13.54042294301224
14.47121629856488
11.34019007397717
12.09245054194161
13.3370128147964
12.731246009677784
14.085998917457962
13.427737678826563
13.820395033727882
14.027275851504228
14.084065423134136
13.256498968827133
12.722898062019508
12.983134932553462
12.314306656618472
12.51881069982191
12.316469090195762
12.770641321928307
12.367027738636146
12.891490090498342
12.525430362659172
13.438249673965148
13.621626441884567
14.706377191163476
14.644786481101528
14.302507766326364
14.853257316664644
14.241231390074937
14.371274721644854
14.774273825884336
14.7521393867094
15.415119490194323
15.457656134878553
13.759868877154355
12.72753812831444
12.315737197489184
12.396844905553555
12.334571928006469
12.897684478530635
14.119165143623183
14.867941978766916
13.35604646889516
12.83417846761553
13.153208130114397
13.311980009443616
12.30237829107465
12.375182751174757
12.72917189818982
13.155120837872817
13.259902541848518
11.419629151154858
12.29816329217252
12.97024336325181
12.438326673405626
12.93892307163334
13.006949070702866
13.406225393480195
12.868649112915485
12.79836764839196
13.202954631868453
13.13851989866635
12.948864399489844
13.47714830454211
14.515617652533544
14.233366383862911
13.892763962744066
14.22946833528972
13.641441547325938
14.009504555313612
14.22675772772135
14.192250361214498
14.865540837176235
15.073365495176184
13.70575478466568
13.294668387705796
14.02574885564133
13.512060828992876
12.933134281733706
13.734929253928977
13.110718474617167
13.628228987890996
14.642941803095196
14.421515982246984
13.445786809218372
14.103367613770295
12.990098943695278
12.91427936499538
13.47719695065026
12.398359796539603
12.554192947974624
12.828671788968377
13.364905316983126
13.94746926349099
13.529735815539167
13.723506647413204
13.78653616675627
14.054863065629728
14.046539427679027
14.160030921476178
12.613856662295712
13.391497654604148
13.240031378364383
12.49549345889548
12.648434859587717
11.656028261074352
12.07162248869955
12.49828430574366
12.076530164752286
11.991440743284093
12.162218444106491
12.22298362029558
11.8619203323664
12.273195654044937
12.270450323433124
12.76759290960868
12.680783653027108
12.174591649707958
11.760046893038156
12.309214879858914
12.4641638638904
12.407021284322688
13.4098155786077
13.694309067812634
13.137856231734432
13.496104879982964
13.92343245675932
14.590898498298532
14.336711685935647
14.850421994028066
14.589660302778809
12.923164632767232
13.10114405086372
12.90209952071142
12.430938055432192
12.742145998512733
14.024493894078928
14.855906004374436
14.063782767156964
14.115742823565627
12.817861406080276
12.720142497775733
13.59582810199274
12.976671580783725
13.563824840776816
13.381523665965638
13.688513206370828
13.659510475604538
12.822744320768312
12.314588673672224
12.055258783662843
12.473608954202913
12.054062390469106
11.850785942193712
12.734866687360118
11.868152351937056
12.668136596707576
12.416942195185287
12.403126031098225
12.143120534868029
12.58618721065529
13.178861912214789
12.775259301758055
13.696856178130314
12.647505088495596
13.466234577960808
13.588746282977832
13.952158099923484
13.20786116511019
13.408892688592925
13.925580685369368
14.020259609500515
12.51492303335993
12.549116150677849
12.609763678407928
12.24965700099747
13.562667996051978
13.190373766622123
12.81391219987795
13.049788680062202
13.042019086266976
13.020320199509737
12.987245955545824
12.519236922004652
12.159722367632137
12.56242683483814
12.581312433266078
13.254470032257768
12.849552298476691
14.067574213763814
14.016287293645007
13.808117282165318
14.376592252608392
13.22749343223305
12.989961020131028
12.90289020928356
13.157089225846663
12.69200677649641
13.07547081173737
13.302467097024136
13.483099948072876
14.089777871455546
14.133085926234198
14.152183831676478
14.74187291529024
14.688228257661295
14.944699933998006
14.296680155226422
12.878529969158226
13.052530455467808
13.306522812112672
13.088780114085534
13.507116675840036
13.379516808553776
12.570647724281956
13.049207492619134
13.30044468736278
12.763135492581409
13.17404975190627
13.073409472459623
12.31358871586
12.782437171623648
12.648021992896783
12.819503169898852
12.363250542541032
12.975681644380495
12.41313826969682
12.163600590479463
12.561163712963026
12.831939103025531
13.565585312143009
13.070837409984463
14.044246972397682
14.058952752969317
13.785882947472196
14.502104306133338
14.55582867385069
14.96775608006017
14.777628553080278
14.565701787205326
14.54359063598606
15.089479974478996
14.112535517726734
13.363177364714652
12.855343577961802
13.501244174101382
13.102400477620458
13.125396576810262
12.37253358479214
12.6200434959112
12.756704954132385
13.77963033175399
13.790718151716431
12.707547797990603
12.388091105147929
12.808382011668064
13.125367525442233
12.289078454849824
12.41987709866743
11.947985135312942
11.664117427644197
11.710756904231266
11.921012710108682
12.107312590700133
12.697234852137422
12.05760213465774
12.566643260595642
12.65411781611634
12.409078230393442
12.370552878339286
12.79018501145493
13.245434028023784
12.414474211533776
12.13610962411216
11.96524507550338
11.936430270787657
11.773753662238732
12.140335289400143
12.161350998192995
11.79733751639492
12.009008068076774
12.869194621432866
12.85425569053136
13.295209148676063
12.967691072863277
12.715237947023034
13.099928578869164
13.66002994429312
13.74131874438417
13.71220351881798
14.016800601579808
14.640726564692184
15.354436152168732
15.59824850313362
16.099442345216463
15.580554553626593
14.824780657707803
15.241409804551868
14.724749342861893
13.588488929711708
13.554519960164845
12.896444509061393
12.661928102881468
12.696802903867365
12.922817726734852
12.752860536172852
12.593594535945396
12.682166931821763
12.069134313052572
11.930600444294832
12.027955664116922
11.666233617746936
12.058228635613643
11.827055273405744
12.245346489402229
11.860414050374343
12.233940185133845
12.4767908754535
12.204276711491309
12.275808742438029
12.149158473189871
12.412103846832917
12.51169626314241
12.470244097267289
13.035299925161832
13.18342155215078
13.407320547369322
12.981701423839445
12.909292868284128
13.039295203890866
12.87676745448387
13.036304772102298
13.401213303450698
13.47003266286634
13.572899466884856
13.111396269038057
12.738156045579837
12.500280783525238
13.099843437814268
12.70278890638965
11.93030832548506
12.384163642727298
12.352434335414536
12.074554301386968
12.226266876225804
12.233721482509736
12.71106439169183
12.91645865863383
13.155738458372664
12.795327097968658
12.852266313498708
13.078653543152614
13.68521647700768
13.435915298815978
13.53466846580266
14.386028946934198
14.277798735016027
14.500496209620689
14.465536716440416
13.724768370774395
13.117429976245177
12.947439520665505
12.82128696378676
13.151934473539416
13.785513784646843
13.767469960507444
13.87758123463878
13.759719072948023
13.71835133302758
14.035458837344914
14.001669626916865
14.005524814980973
13.944355662526888
13.855588688545076
13.5898610265409
13.524752857631912
13.92430848826774
13.219404895444224
13.177648779765011
13.159450017861827
13.044497984422632
13.763838793871296
13.163150841703086
13.319284575641689
13.558365039319437
12.772051901513011
12.691856915708694
12.21009157584429
13.137909687886422
13.376653779650594
12.895314532644411
12.687168538289551
13.422244659303171
12.891387484931762
12.816753192496876
13.085434772855104
12.844102100340796
12.476492292144272
12.36662351747196
12.619976815642667
12.95853932304608
12.61843764677166
13.150109918648086
13.138641699245245
13.452861031721593
13.216804307844065
13.676999567321232
13.434494290612417
13.78059493448458
12.871203077193154
12.947353550626223
13.083232152245124
12.522955111358838
12.834996253341057
12.656100298846257
12.714479059291598
13.078996859576929
13.283246787854116
13.200245309756992
12.865373643170503
13.273705665262
13.340748846802615
13.356722996403375
12.869021841457556
12.90769690948311
13.359289768499124
13.13873433821408
12.987819610294336
13.546903970989325
13.3651010277656
13.097262169304509
12.86558153287117
12.98983458082839
13.109033402589263
13.451351594665148
13.743021293455833
12.957791984777929
13.01200993648626
13.4099176736919
13.635508067137788
13.541354911751514
13.55804810826418
13.229791761589402
13.329825605478923
13.1671663740536
12.808492415147294
13.217195008950725
13.169533382080363
13.233385915154829
13.260790583193128
13.39430477742832
13.500952272538468
13.4190787789044
12.956024615686182
13.130148706663295
12.885523915262048
13.480276393985612
13.2427805321533
13.211793183347472
13.03322496670749
13.066275451001582
13.213198963778437
12.539508409596069
12.75690081210944
12.453902126149528
12.918325696546171
13.179514525859735
12.878900660534375
13.156702776324195
13.080714460349595
12.98139765317085
13.17745363287977
13.09175212983321
13.21239559376757
13.49759102425926
13.244833314314269
13.82985526581546
13.889703636786887
13.795131271206674
13.725063198289783
14.224913758669588
14.335379537327436
14.029198983729552
14.356967341244058
14.612980790572069
14.394119673727982
14.38593674212468
13.9789180664069
13.774180136685263
14.072791454284756
14.031735030979307
14.583380755877892
13.935652387149606
13.97718668889583
13.947268323565517
13.932505860110671
13.661707471112948
13.776551449941048
13.540672863400555
13.822380797263154
13.638838388347772
13.500987720283328
13.606233655741264
13.257056748843285
13.384345147778372
13.502077318006735
13.802057326037326
13.432020531749156
13.877530570664144
13.609079070203457
13.42188080259269
13.731912542293484
13.56333766572555
13.139944066695492
13.22560815528604
13.21273177746504
13.39294749635946
13.364843778552451
13.115807424521584
12.953845683916656
13.244458034247632
12.895424939781648
13.058019915318262
12.810262211956148
13.119434865912808
13.274027916057994
13.14013907699343
13.07142261075734
13.06262453591904
12.98106702693448
12.940599709805348
12.88971656644745
12.940986468216892
13.113365096407954
13.206150294321093
12.827180504877688
13.092102502656422
13.023739961417368
