17.1
24.24
15.67
20.07
21.69
21.16
32.0
22.55
20.76
27.3
23.24
29.25
33.41
44.8
34.97
39.31
31.52
29.23
41.2
27.21
31.61
31.92
31.1
39.86
38.04
38.64
44.32
42.2
26.1
26.78
28.27
27.07
21.03
18.49
24.58
26.0
21.19
17.31
24.06
30.73
26.03
25.29
21.41
16.57
28.39
30.11
26.49
20.12
26.57
24.16
18.61
25.02
24.73
22.7
18.95
18.38
28.07
23.03
27.63
22.68
15.46
19.31
16.54
16.21
13.61
12.27
26.86
17.38
17.89
16.29
9.25
20.67
16.83
11.63
15.86
13.04
12.74
13.1
13.39
14.13
15.99
15.05
14.65
12.3
13.69
13.76
12.39
9.68
12.8
16.19
10.44
12.64
11.01
11.02
13.68
10.78
8.46
8.74
11.29
9.94
12.43
8.23
8.32
10.16
10.58
8.2
12.28
12.54
12.83
10.88
6.83
9.26
9.48
11.2
9.91
10.11
6.89
10.82
11.62
12.81
9.22
13.25
12.11
10.47
14.12
9.4
9.48
10.31
9.73
9.59
11.73
8.73
7.31
9.93
7.36
8.84
14.27
13.7
8.53
9.41
9.38
8.43
11.59
11.89
8.32
9.01
10.72
9.85
8.16
8.38
11.01
7.06
12.53
8.35
10.82
8.23
7.99
7.35
11.03
6.67
8.74
10.7
9.84
11.53
9.46
5.56
10.82
9.36
11.79
8.89
12.35
10.38
10.62
6.46
8.42
8.01
8.74
5.41
6.56
9.24
9.88
9.82
8.14
8.66
7.47
10.65
11.49
8.17
7.72
6.61
9.51
4.34
8.58
4.94
9.08
11.0
9.08
9.06
6.35
8.64
8.08
8.73
4.74
7.54
5.79
8.07
7.87
9.44
9.5
12.59
7.66
10.58
10.7
7.46
12.01
12.9
9.25
12.61
9.22
11.94
8.16
11.05
8.76
9.93
9.5
8.62
11.36
10.13
10.39
8.85
11.29
11.06
11.13
9.87
7.21
8.17
8.57
12.83
11.96
12.86
9.24
12.79
12.65
10.31
8.09
9.56
10.02
5.32
9.7
9.77
7.79
10.66
7.64
7.54
11.72
9.07
8.48
9.7
8.07
9.31
9.16
6.39
7.57
8.7
14.61
8.9
7.37
10.45
13.96
10.41
12.05
8.87
15.06
14.14
15.24
10.36
10.82
10.94
12.96
13.12
15.61
13.02
9.53
11.09
10.42
10.1
12.99
10.58
7.63
9.64
11.29
9.67
13.82
10.6
13.04
10.54
7.84
9.08
8.07
10.85
10.15
11.91
11.02
10.21
12.51
10.32
11.14
10.46
12.11
11.03
12.25
11.6
8.89
13.45
14.83
12.15
14.29
10.71
11.63
17.36
13.22
9.99
12.39
15.18
15.38
13.14
10.86
13.03
13.08
16.65
13.55
13.96
18.34
12.09
12.25
14.18
13.64
12.16
11.75
17.73
13.83
14.03
10.46
10.93
11.39
15.74
10.66
12.12
16.42
6.77
10.7
13.84
16.61
11.97
8.64
13.23
9.4
10.27
11.23
10.48
10.11
11.1
12.54
6.87
10.89
8.01
17.45
13.03
12.52
10.4
12.49
10.13
13.77
11.34
11.59
10.42
8.52
11.72
5.89
7.52
8.72
9.8
10.44
7.39
11.86
9.38
11.29
11.46
11.4
10.96
7.56
10.94
9.18
9.66
12.33
9.91
9.41
8.69
7.96
9.45
6.82
8.73
8.45
8.59
9.23
10.31
7.37
10.58
9.37
7.07
7.42
10.85
7.65
9.79
7.46
9.6
7.75
8.69
10.96
7.93
8.1
9.08
10.28
10.71
8.12
8.44
7.26
12.38
13.02
7.81
9.52
10.49
9.56
7.82
9.7
8.18
7.3
9.84
8.06
7.37
6.77
10.2
7.59
8.75
7.41
9.95
6.98
6.0
7.92
8.01
8.0
9.62
5.37
5.87
6.37
7.52
8.77
10.92
7.79
11.02
10.29
7.3
6.49
9.97
11.14
7.33
6.04
8.53
5.74
11.05
7.79
6.18
6.91
8.86
7.47
10.0
4.78
6.62
6.76
6.46
6.05
6.47
9.55
9.4
7.19
7.54
7.4
7.93
7.15
10.7
9.67
7.3
8.13
9.91
8.69
8.58
7.05
9.53
6.52
5.78
6.62
8.68
7.27
11.51
7.93
10.05
5.53
8.48
10.02
9.95
10.05
10.9
10.96
9.74
10.79
8.44
9.3
11.17
8.34
9.38
5.64
9.49
14.04
7.0
7.09
13.4
9.4
10.47
9.25
9.69
13.67
10.63
11.79
11.23
9.43
12.05
10.82
9.21
10.54
9.29
7.94
12.52
9.69
9.03
9.76
9.52
11.93
11.11
11.72
12.14
12.65
8.73
9.29
9.24
12.22
10.85
10.71
9.78
12.47
9.67
8.52
10.83
12.84
15.53
13.15
13.77
10.21
11.95
14.17
13.98
12.98
12.5
14.24
10.57
10.91
11.2
8.16
11.52
8.66
13.47
10.64
9.11
9.22
7.34
11.29
10.31
10.58
14.35
6.34
9.07
10.84
11.23
8.64
9.32
8.27
9.15
11.29
9.31
7.64
8.97
