39.76
24.58
27.77
17.87
36.7
23.46
22.37
30.55
22.7
19.21
41.61
31.69
27.16
34.59
31.65
42.62
31.63
39.03
26.56
44.04
41.21
41.6
41.26
38.86
38.95
28.99
34.53
33.05
29.33
36.18
29.5
36.61
34.39
32.99
30.67
34.81
30.95
31.31
25.46
22.36
30.96
24.39
27.23
21.86
30.35
29.13
21.58
22.87
24.14
25.22
23.87
22.87
23.34
19.86
23.69
22.85
20.06
14.22
17.76
13.25
18.02
22.89
17.73
17.99
16.36
18.92
12.28
18.36
19.11
15.3
21.17
16.14
12.66
16.01
13.33
19.6
14.0
15.97
16.12
13.22
11.11
14.27
10.75
13.61
17.82
14.35
12.02
17.29
13.24
15.7
12.19
10.74
11.11
11.25
14.98
13.99
11.35
17.39
17.0
9.07
14.52
15.58
12.43
17.66
13.01
9.28
13.9
13.04
12.51
14.8
10.55
16.28
12.3
11.88
11.62
18.1
9.6
10.75
8.68
12.01
13.54
4.63
7.56
7.55
9.61
14.93
10.35
9.06
7.92
9.92
8.46
10.48
7.85
7.55
11.1
4.96
15.12
6.09
8.61
6.73
13.02
10.19
6.45
8.76
7.14
9.61
7.2
6.69
8.13
6.69
7.61
10.25
11.77
10.02
5.1
9.48
16.37
9.76
8.53
14.85
9.2
12.66
14.68
11.11
8.92
9.25
7.9
14.77
8.55
9.66
9.92
8.62
10.23
13.75
12.89
12.35
11.12
11.27
13.25
10.64
10.55
11.68
10.64
9.7
9.66
13.09
9.04
10.34
8.69
14.75
13.14
6.73
10.81
11.3
11.63
8.77
14.26
10.14
15.36
7.86
10.87
9.8
9.38
7.46
12.13
13.27
11.0
10.01
9.19
7.57
10.68
7.77
7.66
7.02
7.76
9.12
9.67
9.46
7.78
9.53
11.49
8.04
11.08
14.41
10.52
10.96
11.85
9.11
8.48
8.22
9.8
13.02
10.66
4.24
9.8
10.84
10.8
11.84
9.29
11.31
10.1
15.29
9.39
9.07
11.28
6.61
7.55
8.63
9.84
7.3
7.86
9.38
12.67
9.29
7.5
8.91
9.22
10.17
7.14
9.44
9.72
7.44
8.09
7.07
9.33
9.23
9.03
9.33
8.35
9.25
9.78
9.02
10.41
11.95
9.03
9.12
6.63
8.96
8.65
7.59
11.82
8.3
10.13
7.26
8.54
6.4
11.86
7.39
7.26
10.74
8.13
10.83
9.45
7.27
9.28
5.09
7.96
8.78
10.0
7.64
6.93
3.32
7.91
7.94
8.32
7.42
6.87
8.89
8.25
5.91
8.49
7.15
5.35
4.84
8.05
7.81
9.7
6.39
10.42
8.7
8.62
8.43
6.83
7.06
5.44
5.77
7.63
5.67
10.46
8.04
7.01
8.82
8.72
8.52
7.37
6.21
9.01
9.17
12.49
8.06
9.2
10.3
10.59
13.8
13.77
12.25
11.72
10.32
16.55
12.4
8.58
9.68
7.85
7.27
8.28
6.13
6.28
7.74
7.37
8.71
9.08
7.61
5.54
7.89
7.02
7.57
11.28
9.89
9.89
6.44
10.05
8.62
7.01
5.13
11.42
10.7
8.77
8.84
10.15
8.83
12.05
9.76
11.32
12.41
12.07
14.82
14.86
12.33
10.97
13.37
7.95
10.59
9.32
11.52
9.33
12.62
8.45
11.69
8.15
12.52
10.02
12.17
12.9
13.53
9.72
13.59
8.68
12.82
13.83
13.11
12.57
10.07
12.42
13.88
12.75
8.97
9.82
9.12
12.33
15.46
12.54
10.87
9.47
10.18
9.86
14.04
13.65
13.38
11.47
10.81
15.31
12.23
13.62
11.15
10.0
14.45
12.51
11.69
16.62
12.12
14.16
14.15
9.65
8.79
12.17
13.8
11.19
10.65
11.88
10.82
8.63
8.85
10.34
9.22
10.87
8.8
11.07
9.13
9.42
11.18
11.87
9.6
8.45
11.82
12.98
13.07
8.79
8.4
10.27
8.03
8.39
8.29
7.93
7.46
10.86
13.78
12.48
9.2
10.35
9.9
9.97
8.91
16.51
12.15
11.13
12.67
10.5
10.91
10.97
13.55
17.11
10.05
12.11
14.67
11.01
15.7
13.87
14.72
14.04
13.53
16.45
13.34
15.71
15.65
13.47
15.16
14.71
13.6
14.64
14.03
16.37
15.26
12.02
14.21
9.47
13.79
12.53
14.99
14.7
15.96
12.96
15.1
16.61
15.61
13.1
14.92
12.62
14.66
16.08
21.51
11.38
14.83
13.13
13.05
9.42
9.28
14.73
10.37
10.49
11.33
11.94
16.47
8.15
11.84
12.1
8.5
15.75
10.42
11.01
13.5
9.87
12.96
13.83
9.26
12.06
10.39
8.78
8.46
7.49
13.72
8.64
8.58
13.4
8.61
7.27
7.87
7.64
5.29
10.89
13.47
10.38
10.9
13.84
9.38
10.71
9.05
14.12
12.8
11.02
14.12
12.36
14.29
10.12
12.71
12.57
10.98
9.19
10.07
8.63
10.92
7.31
11.06
8.94
10.48
7.98
11.44
7.31
13.91
9.21
12.06
