39.72
36.2
28.46
64.89
65.46
42.83
40.34
46.34
37.79
29.21
21.59
29.6
26.23
18.52
34.59
31.6
21.75
36.76
33.56
35.91
30.13
36.28
26.38
29.08
27.28
45.87
22.79
25.04
35.8
38.37
22.01
31.36
30.06
35.44
24.78
29.66
29.66
30.85
38.05
25.73
27.16
39.69
24.4
28.02
25.35
31.27
26.15
22.07
25.4
21.27
28.13
20.94
21.66
17.32
28.4
25.41
21.19
17.46
13.85
18.49
18.98
20.83
22.44
15.27
24.66
22.1
17.75
17.33
15.64
16.42
16.04
14.28
15.74
14.01
11.57
16.16
12.92
11.31
10.51
10.12
10.75
14.8
14.47
10.67
16.72
16.48
17.31
11.58
14.33
15.48
13.33
9.93
12.32
8.54
10.18
13.48
8.22
12.32
10.41
5.91
8.69
10.43
10.23
10.25
10.75
15.82
10.04
13.22
9.34
9.81
8.11
12.14
8.51
9.85
10.16
10.05
8.85
11.43
10.27
9.36
10.34
9.64
6.15
9.49
8.47
9.27
8.37
13.04
11.56
8.65
10.73
9.22
8.09
9.61
9.35
6.63
11.55
9.31
10.36
9.47
10.9
10.4
9.5
6.44
6.49
6.14
7.18
6.8
10.1
8.72
10.87
6.73
8.64
4.55
6.08
10.11
6.78
7.74
5.63
6.08
7.75
5.95
7.43
9.05
8.46
7.65
8.24
7.9
7.61
6.51
6.87
5.18
7.66
8.17
7.47
8.78
9.51
7.58
9.24
11.25
4.33
8.99
9.53
7.91
8.87
7.4
10.55
8.01
8.08
8.3
9.58
7.92
8.59
9.68
11.07
9.03
12.04
11.84
7.52
9.39
9.36
8.65
7.63
6.05
8.16
9.41
8.64
7.52
9.93
14.54
9.92
9.57
7.53
8.7
8.08
7.59
7.93
9.23
6.23
10.76
11.45
7.77
11.75
11.88
11.48
11.27
14.44
12.53
15.74
10.89
14.19
11.66
13.49
13.86
14.63
11.94
10.59
12.88
11.52
14.97
12.62
10.17
14.32
13.38
12.88
12.33
13.04
14.45
11.12
12.65
13.56
14.83
10.05
8.21
11.54
11.16
10.08
7.45
14.33
11.83
14.45
13.59
13.44
13.16
13.54
11.7
14.57
13.46
14.61
12.98
11.57
13.94
16.04
11.39
10.59
11.7
10.6
14.45
10.24
12.88
12.88
18.71
9.61
12.2
14.68
13.86
10.02
11.16
9.37
12.05
12.08
11.63
8.48
13.21
10.23
10.37
11.23
15.49
11.2
12.16
9.49
7.67
13.13
12.44
7.29
11.41
11.09
10.22
11.1
8.36
8.38
10.45
12.49
11.5
9.82
8.29
8.92
12.06
13.5
11.16
9.83
13.68
11.1
8.23
9.33
12.13
8.4
8.01
12.45
10.43
9.46
8.8
17.15
9.56
10.23
13.71
13.98
11.1
12.08
11.79
12.58
11.47
12.03
8.85
8.87
13.73
17.91
11.6
8.6
11.31
11.46
10.46
9.14
11.41
11.21
13.52
7.89
9.7
13.24
8.43
10.9
11.7
11.39
7.91
10.37
7.26
10.62
8.52
12.25
8.43
10.69
9.02
9.32
9.09
7.6
11.13
8.74
10.96
10.01
13.59
8.83
8.58
10.02
10.99
8.52
11.2
8.41
8.76
8.8
9.03
10.74
10.24
8.9
9.29
10.24
7.27
10.31
10.46
7.01
10.47
9.89
6.65
8.86
11.42
7.68
12.34
13.63
9.7
11.48
11.46
9.34
9.02
9.69
8.54
9.02
10.45
6.54
10.6
10.17
10.35
9.72
7.88
8.62
9.95
7.95
10.07
6.29
6.45
8.68
7.18
8.12
9.81
4.65
10.96
5.49
7.11
6.69
7.53
5.6
6.02
12.41
9.54
11.01
5.75
7.73
7.82
8.22
6.4
11.78
6.86
8.85
8.83
6.24
8.83
7.94
10.92
9.19
9.3
8.36
9.82
8.93
7.64
10.93
9.63
12.92
11.32
11.05
9.35
7.59
13.14
12.43
10.47
10.55
10.92
9.33
9.9
8.76
10.62
8.93
10.61
7.75
13.06
9.52
10.27
10.81
7.43
9.82
9.62
7.92
9.13
8.94
6.3
9.39
10.46
10.01
10.23
6.9
9.33
12.76
9.09
11.97
9.07
12.82
10.52
11.91
10.42
14.91
9.54
8.08
12.04
7.88
6.78
8.81
10.53
10.73
13.7
10.55
9.88
10.43
10.46
10.54
13.85
10.6
9.64
13.58
8.45
7.76
7.82
11.03
12.74
9.83
12.19
12.28
9.22
9.01
13.44
13.04
11.21
8.25
11.41
13.23
10.91
13.44
12.28
11.16
11.79
11.87
11.58
15.68
12.97
14.04
13.5
8.72
11.25
10.27
11.55
12.41
10.26
11.68
9.99
10.79
12.39
8.06
11.86
16.27
11.33
9.73
12.1
10.8
11.8
11.02
13.43
13.48
11.34
11.1
8.4
13.2
12.66
12.84
14.34
9.6
11.25
13.63
10.1
15.05
12.21
12.01
13.8
10.84
13.23
12.39
12.33
13.69
13.16
11.11
12.21
11.1
13.21
9.16
13.2
