-0.2651999999999999
-0.1648
0.3772999999999999
0.2991
1.3669
1.6742999999999997
1.3448999999999995
1.9667
2.4005999999999994
2.9189
3.6364
4.4137
4.9459
5.9239
6.319699999999999
6.942899999999998
5.8766
5.972499999999999
7.447599999999999
8.2047
8.4579
8.9116
9.8481
10.421799999999998
9.9272
9.0852
9.9857
10.8949
10.249
11.413799999999997
11.1787
10.7091
12.0919
12.6669
12.6183
12.828499999999998
13.567
13.0235
13.1943
13.183800000000002
12.486399999999998
12.897700000000002
13.0878
13.098799999999995
13.8695
14.179
14.0212
15.2179
14.462899999999998
14.2235
14.1147
14.730100000000002
14.392300000000004
14.7927
14.787999999999997
15.0902
15.2902
15.7905
15.5872
15.8828
15.796
15.956600000000002
15.605700000000002
15.9375
16.422299999999996
16.340899999999998
16.2444
17.318599999999996
16.973499999999998
16.500300000000003
17.598799999999997
16.2101
16.029600000000002
15.676999999999998
16.598100000000002
16.809900000000003
17.3228
16.264300000000002
16.311
16.540400000000005
17.6196
15.2913
16.2258
14.361
14.9316
15.505100000000002
14.9945
16.4899
16.6352
17.1767
16.3245
16.3687
16.3802
16.343999999999998
16.722599999999996
15.698900000000002
16.753400000000003
15.9479
14.6429
15.066199999999998
14.2275
15.953800000000005
15.5277
16.2564
15.4246
16.1583
15.7823
15.360199999999995
15.3745
14.339599999999995
14.1094
15.4691
14.9715
14.250500000000002
13.81
14.978700000000002
16.443299999999997
16.76
17.198900000000002
15.7768
16.064
15.2616
15.069599999999998
14.759299999999998
15.7166
15.9713
15.9964
16.172199999999997
15.267500000000002
15.8014
15.2986
15.707300000000002
15.776999999999996
14.843000000000002
16.104
15.2007
15.0483
14.8116
15.5194
14.982099999999996
15.9229
14.958899999999996
16.637999999999998
15.0789
15.565799999999998
17.3373
15.444600000000005
15.249800000000002
15.279100000000003
16.057399999999998
16.2077
15.7276
15.6594
15.8997
16.610799999999998
16.840799999999998
15.5033
16.0321
16.4899
16.7087
16.6714
16.8123
15.170399999999995
17.9475
16.722
16.686799999999998
15.866499999999998
16.8977
15.743400000000005
15.8653
16.055999999999997
14.8126
15.436300000000005
14.623399999999998
15.575
15.525600000000004
16.137
16.33
15.796399999999998
14.522900000000003
15.042499999999997
14.939999999999998
16.0618
15.292099999999998
16.631199999999996
16.4119
17.121299999999998
18.3267
17.8142
16.790100000000002
16.416300000000003
17.045399999999997
16.6996
17.910200000000003
17.4922
16.7007
17.3824
16.6154
16.8474
16.6099
16.5385
16.014400000000002
15.593
15.9221
14.0751
16.5751
16.1266
16.2188
15.369300000000004
16.0333
15.872300000000005
14.590500000000004
16.1167
16.196299999999997
15.8558
15.1187
13.436999999999998
14.355100000000002
16.1415
16.3033
14.9499
15.518300000000002
14.2936
15.358
14.777200000000002
14.956100000000005
16.8232
17.198700000000002
16.4179
15.4583
16.516299999999998
15.7794
16.8536
17.168999999999997
15.8324
16.3123
16.1295
17.7074
17.906799999999997
17.6319
18.4815
18.810600000000004
18.5871
18.0741
18.8907
16.995600000000003
16.640400000000003
17.8336
18.6716
16.0997
18.3095
17.929899999999996
19.3067
16.7726
17.0084
18.54
15.262
15.2748
15.561
16.8856
16.6597
17.6025
17.657700000000002
18.5916
18.712
18.6629
18.1069
17.924400000000002
18.2652
18.526
18.342
19.9809
20.0789
19.7207
19.3885
19.931600000000003
20.1624
19.709
19.2858
20.667
19.4395
19.421800000000005
20.5268
19.6384
19.8708
20.8858
20.480200000000004
20.722
21.19279999999999
20.5044
20.6109
19.6679
20.6395
19.9445
20.4282
20.6565
20.138600000000004
20.6397
21.094400000000004
21.124700000000004
19.4638
19.6725
20.735100000000003
20.5702
19.2466
18.0248
19.1998
20.285200000000003
19.687500000000004
19.5429
20.509
19.5074
19.8299
19.8146
19.3607
19.202900000000003
20.3636
20.3696
18.8598
19.826
20.1053
19.329
19.9331
17.806900000000002
19.6745
20.1685
20.3145
21.973700000000004
22.2053
20.6292
20.5639
20.2972
20.3144
19.8576
19.901200000000003
19.729
21.6838
19.8343
19.3907
20.7963
19.8505
20.0061
20.4489
20.6016
21.124400000000005
21.523100000000003
20.679700000000004
21.3801
20.97000000000001
22.5842
20.0772
21.319800000000004
20.2523
21.3437
20.7132
19.7976
21.8486
20.701
21.92299999999999
21.860100000000003
20.8275
19.6777
20.5308
20.1371
20.926199999999994
21.222800000000003
21.8077
22.0075
22.0322
22.5535
21.836100000000005
21.639
21.2716
21.0285
21.5941
22.392200000000003
20.477599999999995
20.4491
19.4888
19.6097
18.7684
19.3646
20.138
19.2055
19.7607
19.4364
19.6379
20.656099999999995
19.0851
21.7025
20.9658
20.120700000000003
18.8345
19.4535
21.048
19.917600000000004
21.251400000000004
21.695499999999992
21.420400000000004
21.039
21.661800000000003
22.8105
21.7219
21.241100000000007
22.3959
22.0715
21.380799999999997
21.7966
21.2799
21.6031
22.319600000000005
22.0291
20.628200000000007
21.9949
21.0198
22.0827
21.0726
20.6136
21.852999999999994
20.6967
21.7533
21.0528
21.2425
21.77
21.367600000000003
22.04370000000001
22.778
21.259400000000007
22.5163
20.982900000000004
22.089700000000004
21.6668
22.48980000000001
21.7504
21.915099999999992
21.1208
21.497900000000005
22.3803
19.81
21.3314
20.918700000000005
21.7216
21.123100000000004
20.3
19.547000000000004
20.5497
18.3293
19.7734
21.323600000000003
20.7244
20.8425
20.6007
19.7874
20.6551
21.0431
20.5275
19.3118
18.8227
19.9202
19.5312
19.8571
18.97
20.416000000000004
18.565500000000004
20.3294
20.166300000000003
19.9711
19.687600000000003
21.3674
19.673800000000004
18.9885
19.2712
18.3758
18.323600000000003
16.2871
16.9182
15.9522
15.865500000000004
14.3167
15.5197
15.883000000000004
16.737700000000004
15.451199999999998
16.532
16.9822
18.7004
18.122300000000003
21.0312
18.4553
20.9883
20.3168
20.7021
20.9152
22.9749
20.525699999999997
21.294400000000007
20.573100000000004
20.7313
20.563
20.8781
19.6607
19.2313
19.8025
20.7568
21.641800000000003
21.773000000000003
22.591899999999995
22.3389
22.0987
22.735
22.239
22.6195
23.1177
21.405900000000003
22.586600000000004
21.6625
22.3171
22.5134
23.6749
22.272099999999995
23.25830000000001
23.705
22.6424
22.5068
21.7381
22.569000000000003
23.1057
21.669799999999995
22.1892
23.1721
23.2901
22.674100000000003
23.3452
24.130599999999998
23.7036
23.921199999999995
22.2539
22.716000000000008
23.236899999999995
22.6331
23.3965
23.333400000000005
22.6073
21.7306
22.0164
22.307299999999994
22.0033
21.474799999999995
19.7588
22.430999999999997
22.54790000000001
22.016500000000004
21.112
21.5051
21.418
22.20629999999999
22.2291
23.054099999999995
22.491
21.760299999999997
22.5339
22.015500000000003
22.004900000000003
20.3045
21.2478
20.1372
19.617500000000003
20.0879
19.6607
20.0614
22.233100000000004
20.6277
20.8248
21.406
20.1825
20.4864
19.7351
20.1879
21.623600000000007
20.163
21.0273
20.6038
21.800300000000007
20.6295
21.949800000000003
22.205
21.7768
21.8002
22.905
20.0509
21.708500000000004
21.6586
22.103100000000005
20.726
21.6512
21.447599999999994
23.043800000000005
22.5883
22.2604
22.8749
