-3.0673000000000004
-3.5210000000000004
-2.171
-1.1920999999999995
-0.0705999999999999
0.3346
0.8649
2.0075
1.9912
2.6229
3.2758000000000003
3.3884000000000003
3.8216
4.3241000000000005
4.334499999999999
5.4225
5.5865
6.4564
6.067
6.951599999999998
7.610199999999999
8.2581
8.0863
9.0534
8.0688
7.5934
8.3613
9.387000000000002
9.137299999999998
9.0997
9.6261
10.174999999999995
11.4727
10.6584
10.1192
11.4343
10.5263
10.2444
10.483999999999998
11.164400000000002
10.306299999999998
11.0498
10.5516
11.724399999999996
10.370000000000005
11.127100000000002
10.371
10.2364
10.8168
10.317
10.9623
10.519
10.718099999999998
11.1742
11.0928
11.0545
11.912
10.8915
11.859000000000002
9.9761
11.1226
12.6033
11.476799999999995
11.6713
12.758
12.6807
11.4542
11.5175
10.8631
11.172400000000003
11.552200000000004
9.7794
12.038200000000002
11.352
12.4036
11.7316
11.849799999999998
12.417700000000002
12.406100000000002
11.6743
11.367299999999998
11.2326
11.3807
11.012
12.0203
10.642200000000004
10.3854
11.9034
10.439299999999998
10.4332
10.3651
9.611
10.9091
11.487000000000002
11.1313
12.4531
12.472699999999998
11.37
13.082199999999998
12.4867
11.3703
11.177700000000002
10.4645
10.7339
10.555500000000002
10.8138
11.196899999999998
11.0418
12.7564
10.8165
11.132599999999998
8.7673
8.7064
10.4901
11.2469
12.084699999999996
12.451100000000002
11.4424
11.695
10.951199999999998
10.5626
12.0607
10.537
10.6058
12.551700000000004
12.6182
11.998399999999998
11.8956
10.2286
11.58
9.6694
10.5616
10.14
10.3648
10.067100000000002
10.832000000000004
11.8404
11.3831
9.5575
10.0738
9.355200000000002
11.0532
8.832500000000001
8.822999999999999
8.3424
9.616
11.374899999999998
9.3493
8.741000000000001
10.7185
10.609500000000002
9.8744
11.6786
12.161699999999998
12.0734
12.6154
12.623500000000002
12.9065
12.8002
14.344799999999998
13.4524
14.2138
12.4773
12.3388
13.256200000000002
13.228199999999998
12.187099999999996
13.784799999999995
13.4022
12.238499999999998
14.6795
14.232699999999998
14.470300000000002
14.590300000000004
15.428200000000002
15.2687
15.187000000000005
15.6254
14.886700000000005
14.9792
14.1522
14.3933
14.8037
16.421
15.5424
15.7235
15.2959
15.163100000000002
15.1821
17.0712
14.794500000000005
14.492599999999998
15.1895
14.7447
14.909
13.912800000000004
15.2346
14.3751
15.3124
13.9614
14.9047
14.035599999999995
15.9402
14.4296
15.0875
15.707699999999996
14.9332
15.701299999999998
14.725599999999996
15.5528
14.8993
14.0086
13.6352
14.4663
14.3649
14.7349
16.5544
15.0012
13.665799999999996
15.855600000000004
15.0615
14.5032
15.554099999999998
14.700399999999997
15.7408
15.585199999999997
15.089900000000002
15.9972
16.3849
15.352600000000002
13.6551
15.7703
14.6102
15.180300000000004
14.1193
14.8672
15.3869
14.432199999999998
14.4368
14.855
13.2773
14.4831
15.3224
15.235999999999995
15.204300000000003
14.6475
14.0307
13.873
15.370199999999995
14.645
15.1524
13.874400000000003
14.525000000000002
15.9252
16.0314
15.377400000000002
13.121199999999998
14.786
13.470800000000002
17.3232
14.5415
16.5858
16.101399999999998
16.7613
16.0776
15.575799999999996
15.93
15.8688
14.608
15.3626
15.8179
15.3083
13.6443
16.2179
16.5315
15.153799999999997
16.572899999999997
16.848699999999997
16.6119
15.8039
16.5892
15.857500000000002
16.1079
16.2845
16.754500000000004
16.142000000000003
16.089900000000004
17.814499999999995
15.555100000000005
14.7172
15.7381
16.8462
17.2219
16.1652
16.3259
13.5498
15.4386
15.0094
16.51
15.2896
13.605899999999998
14.828299999999995
18.0978
17.3596
17.1384
16.741600000000002
15.4811
16.6147
16.0193
15.643400000000002
15.796600000000002
16.6642
15.2629
17.2003
16.5187
17.2018
15.884700000000002
16.248800000000003
16.4247
16.982899999999997
17.051099999999998
17.5592
16.0758
14.8773
13.992
14.621200000000002
17.6627
17.527400000000004
16.3487
15.664599999999998
16.8539
17.1989
18.2829
19.605400000000003
18.4373
19.6254
17.0195
17.4364
18.4585
17.9614
17.8107
20.111
19.6242
18.5881
19.0156
17.5563
19.8588
18.0356
18.2234
20.2784
18.9054
18.4287
19.5187
18.2353
17.464
17.083199999999998
18.1815
20.0974
18.9939
18.6056
18.078100000000003
19.0078
16.3579
15.2668
18.8192
19.5997
18.1202
18.2316
17.694400000000005
18.6879
17.7518
16.4941
18.2243
16.6801
14.388800000000002
17.315199999999997
17.4548
16.7735
16.2304
16.2798
16.6735
16.446299999999997
18.9747
20.1038
19.178
19.7982
21.023299999999995
20.7685
20.5354
20.9295
18.854100000000003
20.9053
19.869
19.8029
19.454
20.4931
19.887
21.2388
19.086
21.2744
20.5666
20.5834
20.9239
20.0685
19.6608
20.6474
19.6799
20.6126
21.4951
19.427000000000007
20.0188
21.017699999999994
19.3719
21.1645
21.709
20.7271
20.1735
19.8021
20.7616
22.429199999999994
23.4516
21.8314
21.6588
20.4099
21.9782
21.668600000000005
20.323300000000003
20.155
19.9077
22.9034
21.618899999999996
22.1797
20.1743
23.0077
22.1162
21.4527
21.4379
22.2914
21.6821
20.8239
20.4879
21.9368
19.8499
20.3489
20.818700000000003
20.1059
21.4832
19.9443
19.9499
20.3998
19.373400000000004
18.018
20.4562
20.9958
19.2343
20.0757
17.2397
18.4702
18.8038
19.306
17.8209
17.6704
19.9746
19.6115
19.5023
18.4285
18.9216
17.8644
19.1551
19.2969
16.7927
15.2236
16.8545
16.225700000000003
16.532999999999998
17.413600000000002
16.7834
18.7894
19.9746
16.5947
18.4539
18.5066
16.9108
16.631899999999998
20.0907
21.6533
20.9776
20.277
20.730500000000003
19.7828
21.7057
20.291
23.146400000000003
21.0375
20.6194
21.960300000000004
22.474599999999995
23.0907
21.108600000000003
23.3976
23.608300000000003
23.84960000000001
22.9467
22.3352
21.9456
22.5721
21.7591
23.2831
23.2415
21.8355
20.9273
22.672400000000003
22.6905
21.6725
23.336999999999996
22.9003
24.120200000000004
22.525199999999995
22.52799999999999
22.9941
22.9685
23.0776
23.3385
20.9691
21.6903
22.7264
23.140600000000003
22.7739
22.1932
22.2462
20.841800000000003
23.443500000000004
21.7575
21.6294
21.5716
22.4185
21.7725
22.0005
22.27940000000001
22.0189
22.2133
21.5699
21.2075
21.40310000000001
20.7491
21.9224
21.9342
20.5797
21.5279
21.294300000000003
20.4572
21.140300000000003
20.3642
20.151200000000003
18.698500000000003
18.9647
19.166600000000003
16.961000000000002
16.5139
17.8939
15.8393
14.5759
15.2732
17.470299999999998
17.991200000000003
15.824799999999998
16.4296
17.5644
14.5366
17.113299999999995
17.6838
19.6992
21.0165
19.0053
20.883600000000005
21.3641
21.4026
21.037900000000004
21.1031
21.4057
20.2724
22.8134
20.8051
20.5254
19.7616
20.5424
19.9781
21.341300000000004
20.0381
19.9263
17.9942
17.8956
20.4462
17.7833
17.691599999999998
18.4623
17.511699999999998
18.6618
19.7569
19.5294
