-2.2345
-1.9141
-1.1806
0.1038999999999999
0.3280999999999999
0.4363
1.0767000000000002
1.8613
1.6392999999999998
1.3217
1.5784999999999996
2.1673
2.7692
3.2331
3.4212
3.6617000000000006
3.6967
3.9438
4.076099999999999
4.3553
4.9965
5.1045
5.011099999999999
5.664199999999999
6.7262
7.4803
6.733
7.4303
7.847300000000001
8.4581
8.4983
8.7074
9.2791
8.939599999999999
9.7322
9.974099999999998
10.4938
10.2283
10.774599999999998
10.196
10.1705
10.6946
10.286799999999998
11.857800000000005
10.4078
10.191
10.334899999999998
12.1085
9.943800000000005
11.571399999999995
11.9653
11.7284
11.717999999999996
11.5474
12.5863
12.2673
10.8123
10.419
11.5936
12.090500000000002
11.813300000000002
11.4576
12.205299999999998
12.1682
12.0094
12.5986
12.452399999999995
12.1677
11.856000000000003
12.6299
11.2618
11.6945
11.781099999999997
11.6478
12.2239
10.844
10.5286
10.9265
10.7895
11.4732
11.7093
11.5023
13.1537
12.4433
11.692
11.6279
11.8762
11.443599999999996
12.28
10.2651
11.307099999999998
12.0606
12.2741
11.8117
10.937399999999998
11.729
12.894699999999998
11.8861
12.2277
11.336500000000004
12.570300000000003
12.461999999999998
12.1819
13.949199999999998
13.4966
12.015
13.920600000000002
12.948100000000002
13.1079
12.8962
12.6237
12.0947
12.7963
11.640999999999998
12.074599999999998
11.9012
12.445799999999998
12.876599999999998
12.9328
11.9835
12.065200000000004
11.330900000000003
11.2465
11.3217
11.3166
11.972099999999996
10.8364
11.107999999999995
12.433000000000002
13.0731
12.0256
13.6443
13.9593
14.5448
12.569900000000002
12.9002
12.8746
13.910800000000002
13.5014
14.3701
12.821899999999998
13.020200000000004
14.173700000000002
13.411799999999998
12.780599999999998
13.435100000000002
14.4286
13.827700000000002
14.8016
14.775199999999998
13.9168
9.994700000000002
10.673800000000002
12.9104
11.61
12.7554
11.233899999999997
12.7532
12.1076
11.762900000000002
12.1344
10.7885
12.058600000000002
12.959600000000002
13.4711
13.714300000000003
14.2931
11.5272
12.9982
12.7634
11.370500000000002
11.9072
13.4209
13.185199999999998
14.363200000000004
12.4657
12.206900000000005
12.4801
13.8589
12.3639
13.6498
13.050599999999998
14.019100000000002
14.8645
13.5485
14.620599999999998
13.0284
13.124700000000002
13.059300000000002
12.77
13.844499999999998
12.876499999999997
14.1041
15.1142
14.710200000000002
12.612
13.3304
14.318499999999998
13.9052
13.3914
14.022499999999996
15.2305
13.8928
13.357800000000005
14.398699999999998
14.7122
15.186700000000004
15.0306
15.9776
15.7453
15.018499999999996
16.261400000000002
14.970200000000002
16.3242
13.7742
12.886399999999998
13.0629
14.3241
13.543300000000002
15.5008
15.348299999999997
17.164500000000004
18.0219
16.443
17.115299999999998
17.9578
18.5528
17.851799999999997
17.825899999999997
19.8176
16.743000000000002
18.6856
19.729100000000003
18.5361
19.1256
19.491
18.5219
19.0172
17.5605
19.0596
19.4702
17.746499999999997
18.7547
18.894800000000004
18.871
19.4299
18.8841
18.931500000000003
19.2338
18.9776
18.2599
19.8876
18.5586
18.3202
18.4946
18.9708
17.7674
18.4495
18.6418
17.2776
18.8811
20.1175
19.3063
20.1976
19.5363
18.2294
19.1994
19.9138
18.846
19.6764
18.7335
19.5185
20.1366
18.993
18.358699999999995
19.0512
19.632900000000003
19.4164
19.3288
19.335600000000003
18.8129
18.8399
19.050700000000003
19.9399
20.2531
19.7495
18.038400000000003
20.4362
19.1854
19.2641
19.6411
20.753599999999995
19.6082
19.4412
18.8794
20.2703
20.5103
19.1851
19.097500000000004
19.437800000000003
19.4319
19.5848
19.4092
17.9158
17.9448
18.7309
20.8342
19.8426
19.9183
17.6124
17.3506
17.2119
17.2799
17.3851
17.0289
18.1481
14.991799999999998
16.8058
18.6369
17.5819
17.523999999999997
18.081100000000003
16.569100000000002
16.5535
17.9721
17.659699999999997
19.5518
19.815999999999995
19.441600000000005
18.7209
20.1166
20.819000000000003
20.971699999999995
20.626200000000004
20.3077
17.168200000000002
18.882
19.0302
18.736
19.2098
19.5946
19.285899999999994
19.9085
19.7728
19.5839
19.2479
19.9807
18.1822
19.7659
18.0289
17.6628
18.8627
18.9046
17.7003
17.589000000000002
19.4556
17.221400000000003
19.4278
18.035000000000004
17.6149
18.2166
18.7193
18.3283
17.6287
18.0323
19.3351
17.967600000000004
18.2376
18.6451
18.1535
19.6378
18.285200000000003
17.025999999999996
18.956599999999995
17.5132
17.6232
17.8035
19.0055
17.097299999999997
17.809200000000004
18.4004
18.116
18.7249
19.7349
19.2379
17.9785
18.3217
19.5954
20.072
18.8984
19.297300000000003
19.4663
18.6407
18.0893
18.338
19.4852
18.7389
19.2694
19.491299999999995
18.6303
18.6254
19.8874
18.5939
20.239500000000003
20.840100000000003
20.3282
19.8751
19.8916
19.3794
19.5913
18.4355
19.5739
18.0593
19.2581
19.4969
19.2819
18.4887
18.9936
19.6439
19.0372
18.7954
20.1968
17.973399999999998
17.376499999999997
16.8335
18.1798
18.925600000000003
16.293400000000005
18.7393
17.849
19.4989
17.8506
17.422900000000002
18.518
15.834899999999998
16.663999999999998
17.335099999999997
16.634600000000002
16.359499999999997
17.8928
19.5064
20.1427
19.6857
17.548800000000004
17.9277
17.274500000000003
17.078000000000003
17.7918
19.0973
17.8097
18.4364
20.3057
18.0666
19.8562
18.6439
18.549199999999995
20.242
20.7325
18.2801
19.5656
19.6284
21.0128
19.767599999999995
17.219000000000005
20.4776
20.2066
18.2761
19.2711
19.3718
19.2283
20.5626
20.514
18.7298
19.8618
20.4993
20.7426
20.5317
20.1626
20.7597
20.8934
18.5379
19.233
18.8564
16.7922
18.6466
19.7482
20.3636
19.3555
18.723900000000004
20.3889
19.4062
19.949900000000003
20.1339
21.542
20.5447
19.041
20.2389
21.6331
21.1279
22.0638
20.8433
20.1316
20.1218
21.362099999999995
22.59060000000001
20.905899999999995
20.4106
21.49000000000001
21.3087
20.562500000000004
19.9332
20.3578
21.922599999999992
21.9623
20.0754
21.7064
19.8698
22.0004
21.7359
21.2984
20.2949
21.2093
22.484900000000003
22.9394
21.177000000000003
19.6826
20.5267
20.898
22.2104
19.1655
20.5534
21.820599999999995
21.1532
20.2239
21.4543
20.2419
21.6926
21.946199999999997
21.0705
21.7357
20.917800000000003
22.2301
21.6357
20.2812
21.480100000000004
22.5778
20.7286
22.1017
21.038799999999995
21.562900000000003
21.4785
22.229599999999994
21.3156
23.460300000000004
22.1959
22.0174
22.318699999999996
22.7016
22.1417
22.5936
21.5635
22.436
22.8374
22.5587
22.0649
21.895
22.0226
22.086999999999996
22.8566
21.6117
23.0335
21.4846
21.8982
20.8549
21.282400000000003
21.942
21.222800000000003
20.9868
21.419
21.275
22.787099999999995
22.6712
22.8941
23.4641
22.7719
21.44580000000001
22.4898
21.9827
22.0846
22.870699999999992
22.180399999999995
22.9005
23.651
23.3796
21.304899999999996
21.292600000000004
20.1286
22.05400000000001
23.2383
22.3884
