-1.3409111775269216
-0.5384311876857854
0.5618501259052563
1.8917313838838783
3.406536951162053
5.467090936380012
8.707039628004505
11.708492166926412
14.14107414847265
16.24442710370598
17.32615018638445
18.242469441272053
19.86388922946963
20.97853410969457
22.20681497505698
23.220931877520403
23.85771787444074
24.56415056996665
25.536010244072767
26.29468373873078
25.975172425678032
26.105036962351875
26.93132099399372
27.537416009297527
27.24341839473522
26.867165765705263
27.390252565282168
27.866460567178876
27.45116521423738
26.736067100584503
26.49202019703601
26.65353422182787
26.216676988291358
26.31194388839104
26.842947450382184
26.742741687187955
27.2059547239733
27.422977931993263
26.741950889238275
26.01909876259082
25.74654602444884
26.323852168794847
26.78278776366873
27.126040818754536
26.222239866354176
25.119709800784385
25.053613688807545
24.837228570460248
25.7006835857706
25.16459627679004
25.46793908350496
26.77286302543632
25.463626078065563
24.794738690614015
26.036995010054916
26.27751755929178
25.844796281606428
26.138920529964263
26.252664233560605
26.221802413651528
25.96516613409762
26.739239732830477
27.44395104150049
27.209642942873675
26.617409711046363
25.746004698441
24.67182505456246
24.114513438537823
24.19416445094077
24.606395448014744
24.498500222175583
24.194952326003182
23.684099845258924
22.89459465937479
23.184140821095745
23.31266618018312
22.7348134327756
22.283551085140072
21.94391221314959
21.26941488035062
21.508858222847213
22.256779468824156
22.522559060881783
21.014614227627
19.609272453052416
19.03568639041429
18.126308085851687
18.291571930861483
19.46488158756292
21.09961493615289
20.7632282719057
19.44971361843636
19.9183728624068
19.615236981198358
18.52147319308666
19.365935821626287
20.928075566021377
19.914438942134385
20.161415866735982
20.310975170109533
19.841983663033837
21.075549941094668
21.330037532177684
20.33869888483956
17.629041444362205
16.246019379676127
16.42922658351324
17.748864024315527
19.3984297145663
18.70684757261814
16.7975918677445
16.402112050179188
16.692725471329236
17.528323595951797
19.320005376552047
19.09846522894801
17.643861713426947
17.852576486196632
19.27207405567852
19.898365778155675
18.069851160789057
16.348015673513938
15.762634399495994
14.83885060541368
13.815082808236683
12.89003748350596
12.74281755347456
10.91238946683947
9.60617203302664
10.43840695956393
10.520241824037962
11.824032220536033
11.745569295777736
8.639646921408973
8.778227833324221
10.685017687462617
10.36147514413128
9.405694377821971
10.00269677680572
10.185296865077117
8.205126032867215
7.931835517148837
8.710144905914188
9.262464017861138
8.691201998252422
7.828689613641945
9.619467553760291
9.353153104656856
8.95232317595977
10.67105670698786
10.522057537933906
10.33444864774038
9.814729893794532
9.178902494896766
9.897804350056626
9.481659643551364
9.724986340106849
10.29845308899724
10.72412991324747
11.646150883597246
11.1706949624656
10.270100126018397
10.456407151447657
12.05771241688531
12.19523058386511
12.554466621543863
12.50344954175851
12.160482993535284
13.577994509216351
13.112040807052686
13.02770740024003
13.55749842222585
12.772772628012062
12.412194581956012
12.24021082100382
12.828635635853908
13.351486003046562
13.671522003240122
13.445680599178576
12.934599890806526
13.200989835550477
13.220924630771636
12.77013706566969
12.26830554693109
12.821625711297765
12.88684045700291
12.082367416407871
11.926407354058474
12.39645379330288
13.139964087606764
13.637789940718385
13.308485530820144
12.468459193992912
12.369300199951711
13.114571738483336
13.72536442326965
13.82248578840479
13.336108336332387
13.144389798184813
13.42254296424754
13.184686457525885
12.936940471998136
12.813704630807257
12.86275629678962
12.996843267585682
13.237832172464874
13.092238957848158
12.6187448209388
12.694206882040824
12.987301305938054
12.793449917039776
13.225010262809375
12.693161576318426
11.500510743826585
11.774196103559117
11.333433712814164
11.930184035919329
13.771651687766472
14.149053003795505
13.438590726941529
12.843325484842506
12.761924035190932
12.987024696871158
13.027764760783288
12.683068579223486
12.441862010051471
12.787534614538297
12.705830982762963
12.140934835928316
11.750996817564635
12.303170291477176
12.888204114411591
13.749469535236608
14.203898592039968
13.34701151078166
12.69415246734236
13.210335116222392
14.280311038700855
15.37457391121266
15.309974520653007
14.150692538645572
14.659086104866764
16.509422801388045
16.20898193016321
14.725360968239585
13.911539204224889
14.126199718834576
13.72672992535543
12.816633515868867
13.455047245408672
13.82381211979698
14.275636412582305
14.210876012756348
14.00995901500393
14.226721523346136
13.981638944483066
13.952864960973637
14.547107068421496
14.578150670871668
15.152451543169846
14.43062529675761
13.69079220689175
15.29413514901758
15.07227840027118
14.145459438188851
14.071943240159822
14.35644075255152
14.419103036267758
15.35062743915568
15.613814954504186
14.49708152841078
15.746361732523992
16.686382184991807
15.397711096298435
15.750523285081266
16.01965287282262
15.739897868129963
15.676931983144478
15.02234847541133
15.252850027985582
16.06406513476448
17.344523195605525
17.924232797462654
17.519894859751005
17.804874630925653
18.00413336801916
17.11737322959634
17.231990698962065
17.232026706113807
17.240923321343068
17.52495505310077
17.767579684459612
17.6621822245217
17.20757749732893
17.102954114828588
16.654216946680773
18.102487368780363
18.391417385023264
17.926542286194543
18.22216502617594
17.964147581517548
17.86803208351716
17.425440118042058
17.776699871971182
17.567916666964674
16.8487807921139
17.64455502395397
18.14397276836823
18.39026395124092
18.90809925825519
18.325252532108685
17.941909617466937
19.159921577885587
20.37332245597786
19.659297466447995
19.966699826328764
20.195234748163656
19.255063954430963
19.824169453119424
20.00315176924354
19.383785671142927
18.474484464860403
18.77277766364634
18.965742134274937
18.0322849516712
18.14707742727669
18.78242607855675
18.636868997048865
18.05709476310825
19.011096545855157
19.41739160057872
17.900820541147663
17.860140341127433
17.476805939194723
15.96261720572767
15.256231693605004
15.663004977889532
16.782029134575584
17.920467927763074
18.901398331454192
18.27698127630413
17.406875609397567
18.205309110346747
18.92934334689264
19.35338625982945
19.046634025230457
18.086410161027324
18.153295074263827
18.233370433802985
17.737342683026903
18.08072091134806
18.59318100527487
19.071521278632503
19.47894529718015
19.613891168741336
19.77587032523122
19.72737375229184
19.94466137723552
19.41073103173457
19.849371346315127
19.46086103779104
19.271272541899304
19.331223191971134
17.635624040113264
18.160049885996678
18.75294597014964
17.554443908159318
19.06896943096813
20.422755980345745
18.479023256843387
18.897006368596596
20.139075721575445
20.473212272538323
20.29190531359569
19.07722676148248
18.736247064056528
19.287879967497965
18.894719733436304
18.898414395586943
18.93713103028781
17.262957677948542
17.695807756323063
18.10077646734316
17.983113601499937
19.044161467255343
19.17980809776065
19.12232108001513
17.43998882537798
17.312551943593093
18.651993182656117
18.483329217432747
18.90982178873886
19.46821396127309
18.988818109614677
17.962501423454015
18.10630316049596
18.116323008271035
18.042407447416032
18.3012020973556
17.61678546243503
17.35595004110168
18.262152128150856
19.674216954876787
19.757748938305834
18.55198392970153
19.060027238833392
20.117874471656037
20.66950688224082
21.50639517129402
21.207307428278405
20.084236838509504
20.85248101824376
21.525871918332538
21.21745461454555
21.664546915398063
21.63260737947332
21.1603688097395
21.1262202656739
21.210539188058128
20.5809980223817
20.30770050726846
21.26461691857196
21.591745219085013
21.361462858568185
21.2124123324394
20.92437029980878
20.673108112633496
21.11818732139276
21.966759699866035
21.158234731686093
19.90182914084244
19.9749287419576
21.372686809872604
21.4257749839078
19.959008374686142
21.18582845592459
21.965288894353517
21.24501509380414
20.913031561595503
20.643579716047515
22.03496994046928
22.95647056324472
22.39279779687731
22.054347299892765
21.43681135524343
21.940768846207146
21.865764184608288
20.455096506664358
21.20524836444441
22.05400142964644
21.424606850582663
21.343934789668637
21.05808738851122
20.96787557635465
21.77628092630819
21.859264060493864
21.885850506757635
21.2664372334365
21.10807186083473
21.884873670362573
21.947173189315787
21.75941295557917
20.979701525401605
20.921081469118484
21.582826517910544
22.125031504606508
22.27950501385838
21.895726319404183
21.984258579688927
22.74896367942032
23.31627163064645
22.57119394267845
21.3560651628412
21.325380217602955
21.27506956436193
21.33390530433489
22.246850089093872
22.73350831389381
22.3476646896364
22.46153059840021
22.83456725721463
22.40814358398128
22.67795683405003
23.600605365088487
23.539215615322465
23.661437162372863
22.902226549805683
21.66825830968129
21.7225250357512
21.542523786337927
21.23724657997249
21.40397092927284
22.079429940761397
22.286076333454048
22.52097414926551
22.66865938327713
22.176923492737195
22.21297816894168
21.11401078549597
21.243080575701107
22.45441821087697
21.21231060188996
20.9145377511626
21.461379016871785
22.2403199414708
23.0389762359404
23.290092932480903
22.77116626351223
22.586901828026008
22.701517597575627
21.88461170696162
21.679365099061297
21.495959932060423
21.543493589892037
21.581547464470408
21.730852611525066
21.98090578545389
21.14087922803673
21.187225019107505
22.645961934357366
22.97566432747723
21.72666517209429
21.128016175199427
20.932882471661102
20.85932987855421
20.871091389287905
21.715201589809134
22.768646950662763
22.64019839216417
21.51188807779694
20.83012313626059
21.526231310126917
21.301742393692024
21.41398647839233
22.36656736045976
22.14563189765504
21.98525970131677
22.56583986782453
22.414180458181832
21.514681575157965
21.444027590302188
22.46742269900231
23.011553369301147
22.633241637286872
23.113695757295645
23.735877806742884
22.28464897502957
22.1533815455954
23.010669099568485
22.22878457736121
21.789263939626363
21.670665860878334
22.547919856164626
23.58537394005844
22.42494136611441
22.11104057590588
22.016082692167743
21.726844987834344
23.31207745845172
22.946916809113844
21.603610909896982
21.940604490636225
22.19322911429029
22.922714724886976
23.2670403698404
22.30170751317158
21.94217511814331
22.338633602039422
21.9168805625264
22.51666187783921
23.20888070397449
22.674668302890268
22.96515075305488
22.594116715027177
22.742930820706587
22.302130582936552
21.55926578791677
22.24918221115113
22.39744691822508
22.337699373494733
22.39208194372351
22.50121141436893
22.828397852979027
23.45926564494015
23.54356686225362
23.3537336312711
23.288007810664972
23.480150287500784
23.37014128591092
22.974926876015957
22.73340225145701
22.600777623287968
23.17730453873704
23.56513952737895
22.73738422249839
22.68031425918642
24.02800834251882
23.93120799460368
22.439362346047385
22.366623700723476
