-0.5624816806411791
-0.4140032772084429
1.0960376401873737
3.299139954160306
4.78762042602665
6.494170246500556
8.510205718343284
9.456363489287645
11.082760703225668
14.532921283098297
17.707823672861874
20.25955304657096
22.49738801016511
24.205775850460626
25.52938028453245
26.65247862096173
27.651963538760207
27.827314510637063
27.557920904864822
28.36203909512608
29.00766803116311
28.83539726246732
28.91954274600057
29.886729792051064
30.7656901242698
31.128627587937498
30.952353475037608
30.699311872057887
30.905450228471757
31.176843885181448
31.564140937148924
31.435919150141885
31.256933884877025
30.7914217107461
31.137874268100788
31.98339826256967
31.63105936218944
31.68167649102289
31.79469242711821
31.913753246685324
32.16653816384085
32.3695419488872
32.20241259657772
31.57342986026393
31.15606650803189
31.125867387343717
30.81626680410003
30.86646129234753
30.818054347574765
30.089267762425173
29.61713619817776
28.33778338734523
27.959471640857625
29.74136192435129
30.37812166210681
30.612322966103616
31.257773987204445
31.55684081105867
31.866093029848923
31.270467131024024
31.19575381055756
31.82681038629966
32.15399180243967
31.05546538186469
30.693290910485757
31.366638588920605
31.18309600014588
31.879731121010863
31.875960156208425
30.557209167209468
30.40999899810944
29.67713942589793
28.3058920154132
28.464443351911395
28.36353849925168
27.54267815607536
27.67427714315897
27.62055951438049
26.543795702336293
25.951821415696987
27.0761862258788
27.74967484410245
28.529666124352733
28.653000776939244
28.37820577885918
28.623439489070364
27.07035017166964
27.164508760936187
28.08801964062622
26.828735970313076
25.91787642426828
26.049037516093907
25.463888794588648
26.509003224090257
25.93601419594328
24.53898492526009
26.028049902425344
26.89733375391245
26.04339392334009
24.971454515492717
25.366536492717685
24.611621121066868
22.856952792342323
23.210344885500632
24.610565462098823
24.874207711895743
23.174605461859365
21.903255108843144
22.016599554092878
21.334690357452946
20.172340592297388
17.510611433859694
16.142449553173755
16.341942567092783
17.235494200532177
17.669651530609123
17.32884048590811
16.66059987837658
15.236885810919398
16.59557918073269
18.047849419678368
16.30225482817894
14.828154174888278
15.780682274528251
15.582980733735976
11.943178365158929
12.950166529142605
15.473945759808403
13.511576541279316
13.07484553186579
13.916015656074988
13.42107902898449
11.978350178067812
13.45809679929132
15.059842753248184
15.125003362211444
15.146693203847253
13.48666722393106
12.469719590724663
14.25772789348396
14.311569041303072
15.303175359848504
15.17962780058985
12.772744930896495
16.047822155919565
17.04311884235905
15.413939701103944
16.078838740538608
16.693130918754218
16.729595277320076
17.560973430205085
17.838279900826112
16.582082390765528
15.944070705047704
17.14581293073756
18.401441879490104
17.287689380535674
16.742076730498084
18.600072986457484
18.338706370562065
15.815774044885572
17.113641486274037
17.712443530333243
18.19403030324295
19.305423833696853
17.05339151725992
15.423058142405289
16.182654558585554
16.08908046466295
15.824117149564636
18.37376689676723
19.71067513695188
18.39636287489973
18.085370069480028
19.08251406959872
18.512774332196624
17.005998999172228
15.60070378481858
15.56731461008395
16.109572427591708
15.9938362491784
15.73684686767492
16.16680743160417
16.11737348144183
15.279773815104544
16.294689334609096
16.834725821445076
16.05870585624572
17.63840785486051
18.23516366995361
16.735446972030466
16.602078829694584
16.560085740726183
16.132149650450987
17.097965572653866
18.211001772690786
16.778350399453878
15.708892399799124
15.792779411525014
14.925649713860675
14.54040789992358
14.68542737234604
13.73761100637006
14.660508319824803
14.118574221157308
13.537916722661812
15.10778821656582
14.3119718946048
14.18222081937073
14.861681782175244
15.376552753240214
15.839145675542714
15.427037088909962
14.822112347025802
16.18342055049464
16.065856920108008
13.678008603248209
13.976325536976727
15.966879592927835
16.761881358966225
16.32086094119449
15.125686561455542
13.002026980236288
12.60183591272114
13.989105216342685
14.637880630844338
15.359658202940311
16.452858186044963
16.357008449426118
16.437897215235974
16.142021846398634
17.762843915936806
18.661695485505053
17.641174883617488
17.454749571023704
17.29819293875097
17.86527256938201
18.444289281629644
18.50376362079337
15.50570800571406
15.18308144675736
18.134245628084795
18.165239424231157
18.60753496910588
18.71336010777045
18.234797774857874
17.47914572892389
17.951366577445807
20.71615576444091
21.785446722980023
19.77093437044496
19.513158718709725
20.577888276262104
20.105324867901743
18.99166161679528
18.114736763044775
19.402361042928984
20.65278714830335
20.21810392367332
19.530463896952707
18.948688321567765
18.942562270771
19.978232303734377
19.729661498637068
19.70244514497755
19.95608605596747
19.174257086416738
20.390683609220083
21.10438502265866
19.755935787803335
18.880764242544988
18.800283732627804
19.49375059415925
20.39270559429911
21.38490972075731
19.68847667624066
16.90177346288439
16.225490657991184
16.90866338878952
17.362304009778043
17.98116534933325
17.786638702199763
16.436549029038563
16.674997267489356
17.673568092183856
17.75885021435322
16.58709335522095
17.203262493663303
18.38787358611244
18.88304908028251
19.15452763161632
18.053291861383386
18.66713177614672
18.83879327113953
17.93503929641021
17.915750517069014
18.77909425166532
18.83342333507234
16.93571936087367
17.43467881517773
17.77241411950323
18.26903866468012
18.898711056581146
18.72628515813499
19.38808136183639
19.167335987142327
18.335511275024
17.799454156289183
17.06511018480104
16.74239466826659
17.429203580603925
17.78925526072309
19.408343107792685
20.53141560076041
19.87856293176814
20.235209354775662
19.66417635884794
17.540402682040025
16.9820981411797
17.59113706620174
17.350899773895275
17.587632162189205
18.37884583691453
17.89012520639126
19.838720630255093
19.664036560486224
17.163067762892315
19.54050722934584
19.614669393357108
18.664491751199
18.248510549606088
18.04516028424814
19.12782300903125
18.65507694432173
18.55472274337667
16.53565076138098
16.310998676224
18.54221679666904
19.208148482101706
18.11508320863158
17.42021603581607
18.649672837697526
19.14742781133591
18.287422645591263
17.39606965023181
17.706421202118822
20.62952577661476
21.05929357068621
19.73958337277686
19.7017430126089
19.15209715500425
18.57053873894516
17.94348932130817
19.500840471223736
18.31013567387905
17.519980686911918
19.97324125152684
19.61568526437292
18.204459075985213
17.680778849881577
17.674872735146312
17.289239544090446
17.040874226238042
17.61796843867222
18.831123613104676
19.326948559918463
17.230877085564618
15.687895419754016
16.936144346929883
18.895436015569587
20.097544713882534
19.595381303877627
19.655765022768005
20.992200458419628
20.562438153486116
20.652286745749837
20.50039646765703
18.204703439470656
18.40568620798157
19.36953254900425
18.50995679579871
17.31122224885847
16.17724629362316
17.256710119831737
18.916443150242017
16.59304639397921
16.41774784418998
19.03524906032825
19.6635627984964
18.65638364043548
17.837486542327245
18.426181421582072
18.44894281616098
18.85345819330125
18.356335251244523
17.107270004971856
18.552992653186852
19.945832749057452
18.89483911333433
18.201170406375997
18.452741115556808
19.372871786120044
19.472209816643097
18.774414130269665
19.251384720660127
19.71148731675405
18.78899319835618
17.351956221351717
18.45050269503517
19.481240783323937
18.96824141829769
18.576792029545025
20.1301718892628
21.185954775529844
17.956789203798586
16.253212140169936
18.247879042920044
20.74215955830444
20.130458791756155
18.79023413905375
18.62279168752423
18.222571643953305
19.37149104635664
20.39864502182696
18.547651826750847
17.953962471833538
18.448067618599293
18.35940136048805
18.693684195881172
18.964448805510457
20.576280264847828
21.484927684067475
19.830634093797183
18.852299168881235
20.170950561318524
19.600279252406995
17.95560809616809
18.35789419499854
19.37004121197621
18.9775714207946
18.7585370743599
18.92776099712029
17.344922811456915
17.816538569397817
20.03964118381866
20.90125157574398
19.420384044401477
17.494663233807188
19.032250098627912
19.977171206381172
18.64145331117517
17.633314291741428
18.64135312854688
20.90107275305489
22.154789140611086
20.533609867984698
18.6145918414052
19.526158845725902
20.187528737192554
19.99635507700267
20.42241872638871
20.370152199926032
20.066132095697437
19.460758351997697
20.10285014592069
19.569038949154766
17.753639705171125
18.72596266081541
19.322540971073582
19.33290986671834
19.07623195168013
19.36366692239043
20.671136409265618
19.003102146817035
19.259015086462608
19.50139702424773
18.70477982865349
19.686445155713933
19.572274189155355
20.0984396629394
21.08625694472997
20.79400609940853
18.50144098963784
18.202303850646967
18.21678897062768
18.794669612211205
20.387239196081502
20.304588008301383
20.120017091258585
19.880738818314416
19.789673158562483
20.60739805372807
20.958688015003226
20.08410972977858
19.97121264731904
19.281878598224303
18.960917081817072
19.353317275640265
20.166001261586565
19.716610696679066
18.753326776125444
19.01436332535412
19.00964725068306
18.713411135618987
18.18466470558129
19.054469751710062
18.737718671127148
19.087113407389836
20.22822642098808
19.90371213506637
19.1996180439932
20.865603071629675
21.015278899192342
18.01917694836761
19.164369188178352
21.445611358137104
21.55903130565184
21.016272523271525
19.798912873420992
19.16731409420791
19.34873339344412
20.588300332304424
20.54752487273002
19.6503024250838
20.38044415510876
21.31685075368392
20.819349503513727
20.159573845598988
22.124391023473176
20.81502344237889
19.38583813955333
20.181610848691445
20.02219979799397
19.762323304038112
19.46949627492644
19.86223999933765
20.69602553033436
20.80001095161008
19.202528190383305
19.536125388521207
20.65866097682716
19.710172387676437
19.05194435739483
19.96992466321229
21.029387236644062
21.319803133535924
20.925758733544384
20.82033832286977
19.788692888059096
21.100254126903224
22.50651256989517
21.370111210171963
20.704203550634755
20.11640586101039
19.98207457639437
19.72377868681409
20.162173703219565
20.294254769963462
20.7981219367533
21.453129011639994
22.427484865992884
22.73265337991722
22.10190437111408
22.22845144279412
20.37680809588217
19.888377864231103
21.18727413925137
20.337485789902665
19.272153053470134
20.48243068966663
22.40747994056708
21.480102590982924
21.027549065991607
21.817521147903086
21.842935181039252
21.68062248949085
21.96210055982885
21.31710815345157
20.089293480873224
20.401465227116383
20.722714779825782
20.07785488358748
20.185940794173952
21.89371155298373
22.322149572195386
21.727598214168065
21.23308673407032
22.453530569921373
21.995962773819397
20.901701613910912
21.245955787500364
20.76033467056782
21.42436326443408
22.82507478917393
22.23325794833966
22.53043509599561
22.14369437739617
19.33966870364772
20.41182351866712
21.598446531077126
