-0.0841424826524928
0.2242203850286847
0.9631459391105832
3.1900715621035567
5.760695730633672
7.188702408460361
9.033373385562438
10.31958359928562
11.888607663128102
14.402510792328757
16.350366772813203
17.570781698566872
17.632548740230387
18.26889060739444
19.53929674677193
20.262593104992348
20.577432983265588
20.60128131636049
21.016092855038053
21.730370457377884
22.317391009876392
22.774194099370877
23.65766011122137
24.683181579803605
25.054303153735983
25.230946705765547
25.227277965960734
24.918832561799736
25.495547558461467
25.91917376703157
25.450319332364938
25.96287432155158
25.8278195190564
25.23313511466441
24.8785623055186
24.93211392483257
25.71481523850762
25.658250203758996
25.66882902164661
25.0720260373486
25.104715051092608
24.74837706446747
24.61359971743292
25.762722240122017
25.70691306972916
26.067289084654487
26.38806738353972
26.382821337860243
26.39129915683871
26.473119143569225
26.674625345793636
26.689017675875565
27.084628259350858
26.81406630682747
24.750618024907407
22.6947344722656
22.77024427640743
23.23544614104101
23.56984131606868
23.67769110674998
22.869507924444616
23.622185765369604
25.104267300537614
25.353116422108897
25.11520586957407
25.451039045325743
23.910292618036475
21.737185220674167
22.28080412333114
21.652781578073533
20.877339081864
22.14497797612869
22.89692903177629
22.825190599865262
22.138502416894344
22.480430662778776
22.234023067717523
21.19014208768303
21.84902658631492
22.96253499910856
22.519276931820244
23.163981117949376
24.16893851545209
22.566674697397712
21.3042487094426
22.87782411685167
23.606900399789403
22.68188813092108
22.25605858230188
21.87931739325412
21.830755972811254
21.34146518102208
19.92599942303617
18.830918604604918
19.644356003939677
20.08825030920309
20.77128718625851
22.275263925814407
21.53794293693692
19.74258490098944
19.92751963848899
19.443838173508382
18.22820798663293
17.956052234268654
17.515829233925242
17.925455181865768
18.57996083499865
18.778011978462995
18.88390532977301
20.33455913080641
20.14077924753852
17.51618183631593
15.252061227201134
14.25411840563721
15.134834019422325
16.017667487301534
14.701491295133254
13.28901256986537
14.327473636636396
15.82477595755348
16.95034248772966
15.16162547477352
15.248179715988144
17.23905127217556
17.044500747364065
17.143594210558586
17.09064897017551
17.57107682006202
17.856744774820644
17.28486810351995
18.114984717936807
18.29652224056162
17.267029871407416
17.29941109378086
18.982550680151466
19.85884675488054
18.628290204262715
17.87241919490798
18.384610503927345
18.27432930178916
16.750931925457003
16.254333285865258
17.257961073607998
18.203507301343844
17.70166395146724
16.99813742905814
15.714222830615132
16.163102999669643
16.925776421084024
16.297785644548238
18.08266081991866
17.94216991145105
17.224391176959177
17.140805392297196
15.751764667587084
15.483942351441204
15.968945750971884
16.38152437880371
15.938386619326716
15.656569057746482
14.9531704424332
14.605556742373413
15.942250527764385
15.106560933476484
12.32715919002264
12.878941883186249
13.46610457381754
13.608485449628152
16.226870687392264
17.023965473949225
16.16060610004532
15.468793252424216
18.453082384688827
20.610867242564836
21.17285751592353
21.5521931093322
20.22686930986561
20.609039433841232
21.52621875411897
21.827408789318696
20.55731208427949
20.43110758734585
20.601023588484686
20.20846361765009
21.06777802764488
21.018602370655
20.24252853709521
20.630587297714246
21.769161963658565
21.93179908483369
21.432729512503464
20.9101096079033
19.77542426931062
20.73213080131008
20.63926432094144
18.64741765963752
20.07933338547653
21.214620455494828
20.214555066358585
20.48442890497914
21.634426819986043
22.278188361809438
21.535350140618963
20.99402731782344
21.87666551448197
21.944704209856805
21.967528905272516
22.057653279591896
21.55451713144924
21.77510388808625
20.90494172862581
19.85361224735705
20.91591651739101
21.431175776081865
20.850467711272128
20.044358541499623
19.986314444092816
19.153597256454496
18.30647664810811
19.2897710521891
19.42299898979224
17.82943211158305
17.881423528310464
19.5231103058312
19.076645926084005
18.79692983575545
18.49301455638249
18.43666857585272
18.06961776444926
17.070774554626833
18.82628532984172
19.16253129164165
18.71195762814385
19.133051579833744
18.74500531788071
18.64186687944483
18.65487910883562
17.820618526917077
16.232205180288286
15.607683176069292
17.48314408391175
19.81395067921008
18.65756089700708
16.58801843074152
16.71061442369504
18.11229755170746
18.32006200132228
18.53763052083758
17.608551423469
17.212278771906686
18.07500101019612
18.77090334638529
18.914505044021183
18.11847710807388
19.653278109522
19.6809207765812
18.401702671726788
18.223182510199877
18.74874263674609
20.094549394867244
20.288099650198134
20.324242075395222
21.0265874801025
20.66625178347678
19.772732055095936
19.13645291040041
20.48882760765204
21.04034391554142
19.681012867682327
19.378953028428896
18.28964974243982
18.40474748891469
18.590559144669243
17.904668711645634
17.919139287664663
18.083719740446835
18.740432892505105
18.44848291213116
18.583045919719403
18.733469074038304
19.0524324410806
17.82234114959679
18.09009627726256
19.66794279758012
19.471543398709805
18.10515866296953
16.969640945644176
16.68485943366751
16.33606140482356
17.825456224884203
17.295795510865027
16.635977079709324
18.70802689066518
19.30655696118017
18.33035875104293
18.272581628428203
19.543611455259747
19.636572635679936
18.72616159030466
18.827240646124604
19.549631142878813
19.611163717053422
18.93241345216944
18.89885727021016
18.939018916411975
19.37249265955255
18.856484617185423
18.045535460644174
19.05549937942789
19.37919483559365
19.28643251380717
19.43235484191756
18.521510887321607
19.088947151630897
20.624284453557756
20.251477084674047
18.718877510545664
19.061164545382784
20.412036406353003
21.09111590273342
21.142616624554897
19.801836962772004
19.904994451921752
20.710090673670496
20.565533757340912
20.550689916853816
19.49793697840772
19.504429516114293
19.75939965462352
18.75177656373784
18.550877533663865
19.33667901128303
19.680628157276438
19.537847208951657
19.153332641527168
19.448079893652288
19.20374779485115
18.10112137582931
18.81335434830511
19.77290348408845
20.03780267978026
20.03567721436626
18.703051108999567
18.26610171029459
18.75730488976062
17.54208166918894
17.44704696535522
18.418938570031127
18.925787152161316
19.471133531480387
19.45455074390442
19.204002273641773
18.20888648114296
17.730637079045668
19.546200623622237
19.283556209279773
18.07817666148088
19.342438968422957
19.49199913485629
18.62529774802092
18.54108104711961
18.32986235755598
17.80568303393859
18.4750962075058
18.820061737343345
18.29244996708917
18.14041542800592
18.04585194015106
17.87567815920102
18.589409164224147
18.26187454268928
17.05120893047072
17.216436730810727
18.40134528750442
18.9876475458536
18.53289856419722
18.797988358366
18.34173671150296
18.53098391117111
18.871025668730443
19.078855609832864
21.28661043590966
19.97005744102944
17.597631850048217
18.50249989675344
19.763521282151515
19.94736610101114
18.863358386417108
18.353938940303223
18.705234051529843
19.30934206542492
18.98115252497561
18.73510272550434
19.03090201534444
18.44374433419607
16.594968314870066
17.37977620662523
19.534479891459043
20.21083625302177
19.905302825640614
19.084453114221105
19.063028571837105
19.400115639358276
19.5511155775426
18.291147979672942
17.667465590137827
18.65406969030175
19.272040810276007
19.00302195964284
19.053140865981103
19.353747797026315
19.882682978785205
20.007827817246945
19.36882959170991
18.53272251405158
18.350284377639635
19.27746193525377
19.662529719639075
19.13735149071843
19.876952817660342
18.587467550092786
17.857172719806478
18.93602904314754
16.755256140492108
16.963313908287258
17.933155499367782
18.20578076968637
17.955662156322255
17.976800860668817
18.507049895995717
17.5723957754616
17.290668862430397
18.09790855451224
19.164404474923074
18.54218050376168
17.993771656467143
17.67027067002906
18.20928895970305
18.558502386671133
18.12284953628886
19.058365577434284
18.616266760613595
17.959450977918788
19.16389940097767
19.502861634375297
19.703462925446026
20.026925596145723
19.969765303447595
20.348039028758947
20.3710210489582
19.74818018151408
18.09304374579165
18.164189716641182
19.28803432035942
19.88207178718562
20.1483218603658
19.600675182132782
20.402793905360667
20.30577943840168
19.692145981502623
20.516844962147022
20.19495889916813
19.017376052439506
19.45841210749385
20.119756754890265
19.623644006882177
19.20626668736352
19.427700043839565
19.796936141181224
19.161262351222422
18.57691283724301
19.31569807160882
19.95698542781256
19.84141787373115
19.344550565695684
21.16846124297737
22.172312552492038
21.02681351384951
20.659895722432456
20.12755890890944
20.355738247099588
20.48098944477195
19.69676217639671
19.020199753205294
19.083194426641317
21.31554608372264
21.891205065685167
19.44359741830416
18.32588209694234
18.740407164287
19.74302824907975
18.635962879384778
19.405973024147062
20.455811391866416
19.4010543895109
20.194877994980104
19.807177796921597
19.001171685091904
19.928880013827705
20.582788212276963
20.53639330022178
20.90391425341577
20.593545560884177
21.25271880671905
22.06798355205557
21.00500124526813
20.59899373004926
20.597423951040472
20.93675532009602
20.533439644024664
19.567325749857623
19.449253019389182
19.967759726142337
20.64530173547523
20.39940086738885
21.060399112042884
19.837586530182264
19.773310488409408
21.67368315754912
21.58650508236457
21.541994399190266
21.233863167547277
21.044580062890137
20.269107445325144
19.043032890043
19.670759293474703
21.14852010568211
20.7885054593436
19.861687613676683
20.160419091971388
20.52745193238412
19.72812532181921
19.820286561523925
20.482881920348035
20.63953915605427
19.982480470350584
18.68163849575193
19.831232027513032
20.705014452216304
19.8347338383608
19.756553961643963
20.002341632392337
19.630537771878647
19.75459257042351
20.352275918369347
19.016574481270485
18.100506231636416
18.39084955913804
18.010025449440583
19.40890757114557
21.52257907255616
21.216617441266745
20.39650018032718
19.726816105675827
19.502375401611086
20.41427362867639
21.63303311967591
21.462816209658087
20.03754036307272
19.15515356994025
18.90235487054676
19.34471148670516
19.97141257703932
19.716409125348235
19.6604624088037
20.279144460100994
20.645827832586782
20.94585632651076
19.85975178760716
21.044979171161984
21.78308795398736
19.88211066666832
19.88294861595469
20.07126672013233
19.953310952257205
20.187025353924163
20.805421111740685
20.862732392570766
20.80162614952357
20.277779899808547
20.501851723337204
20.862879092841904
21.455914290860942
20.553838744499163
18.747116547573555
19.46930847315259
21.053392141186723
21.638226180602672
19.825590072972
18.694786473943527
20.037855979861675
21.2408655222704
20.956624911621248
21.078441678582536
21.1727231174488
20.15650063359867
20.00050794253088
21.736390287141067
21.74195655257755
20.42012742999301
