-2.514982255356942
-1.5476920835764758
0.2818351688705005
1.7988102013019769
3.83500439532193
7.293971997297994
11.049566528201805
12.986016590482498
13.867635911265976
15.642025263149373
17.084047224571304
18.318591418935345
18.73372753543823
18.475787144821872
20.13568477452345
21.69946075302607
21.65432317065917
22.77903370569925
23.91485576985832
23.191210310884152
23.568314668559704
24.074908728752607
24.04113274177147
25.09768723163386
25.568862514898345
25.146461287370176
24.765875261170866
24.530188453457857
23.977862624742507
23.812860691584294
24.71911427749254
24.747443265413956
23.761377581320858
23.69938902772857
23.939161363636074
24.339055683491388
24.407869272960355
24.03198563078773
24.420138817372973
23.98048584673482
23.825387102108284
24.385505754352803
23.95615130785991
24.168721316192368
24.101395062216152
24.136779739418916
24.17026250733417
23.05219567357528
23.667844966141185
24.422685997678983
22.916454703737404
22.70237211347284
23.21251592418549
23.005354254993357
22.273860499062025
20.591926409102435
20.046738117274447
19.97001851269363
20.5361827287798
19.912158284528264
18.557018362607263
19.09115944956094
19.608380321279576
19.77257035474732
19.9564184353708
20.67573856431643
21.04023447158353
19.951229816391734
18.750843123572
19.59876520604436
20.014092998934583
19.172638421094927
19.93528784934709
20.19664432233438
20.45862415413579
21.024703387238784
21.05634405523414
20.909549369005845
21.099696345416486
20.194859119567024
18.763025718860543
18.075135717126557
16.031024778031224
16.540956690551408
15.953485007594344
15.228400903599027
17.49009765971583
17.252381031981276
18.72923452013347
19.28752166479644
16.316047707746648
16.596345973138835
19.3269915279196
19.623030915790824
18.84339801741057
18.556267513167608
17.650757218613663
18.243845687884946
20.25895854598498
20.96968701328292
21.030873350281684
19.30048823788597
18.490567524412292
19.17468390996196
19.507855967550142
20.152033764363352
20.3322298602347
20.02291045392083
19.840427631622056
20.697959758807663
20.517690927387196
20.624041656789064
21.01572636404517
21.934487692513084
22.1240487471401
21.469137451591774
21.05124615272937
20.676533174033487
21.65813926126592
21.667454664647668
21.437661581212087
20.753015266189472
20.422948686547954
21.37624481907637
21.82628913713362
21.63346855452266
20.886625360649447
20.988321294189777
21.66583225795341
21.682640633712108
21.47522790021315
21.256066123182265
21.217575994026948
20.57049496382786
20.00651197779361
20.154572679616845
18.67509923661083
16.40491395760232
15.175203425249425
14.31614848869433
13.6305904758756
16.02799044738478
17.6026134766252
15.512537051257793
14.843283197834449
15.96747122236436
16.488083380857024
16.062913445877335
15.147414383270783
14.61862646976546
15.30867479537986
15.345866006076236
13.340307704406143
12.31027855709024
13.89945440217305
13.826007353357603
13.329566557273338
14.645425534753247
14.9957897828701
14.470795557139963
13.349909704059096
13.43676870599787
14.22376223417542
14.51713622939394
15.823843919392866
15.881880889556264
15.35217533747926
15.089684980021858
14.085607702798637
13.85161341945851
14.72220578021979
16.073507873959016
16.424317737982378
16.230779578141984
15.680680943220006
15.737568631653025
15.911978939432815
16.225343681369864
16.856642865596015
16.487619979008294
16.236491260794438
16.602113927667297
16.59736860849204
16.210561496824738
16.538426437286322
16.15724230848374
16.608295083994488
17.358947104180253
17.334714608663617
16.56580050511782
15.734198300465067
15.559428113561518
14.912232720782272
14.95018188119036
14.776235488984414
15.66349713632948
16.398536045612296
14.750609854152652
13.579731600814243
13.668382608624832
14.08315225119598
13.623911033482957
13.377090400807129
14.282436713375589
14.11588585775211
13.636540197390698
14.483803502232808
15.544572104514057
15.908864797763888
14.804201123099151
14.317666641974046
15.237601108483805
15.343103728706865
14.797633454667732
15.048376673143816
16.133481042545185
16.163155979357917
15.61231427379419
15.336322018547817
15.755652577559822
16.43616732154041
16.308611910886285
16.618091768982808
17.076384203249948
17.112649033754884
16.95190934795046
16.77648440590242
16.459588733563127
16.883198582205235
16.653936637638516
16.47662647578505
17.096541343723743
16.806014879054345
16.301392463974047
16.11371189198577
16.257709800427623
16.719963191973285
17.53026501779049
17.27546694836423
17.292984740092447
17.4736963708378
17.012178934619374
17.33744168695513
16.976423777999713
16.653213653125952
17.190381478143312
17.70020529919065
18.22581724012395
17.692185205120904
17.318590073633782
18.062448347562373
18.02518827681269
17.815232771223837
18.195704035934124
18.18350915250238
18.353874177790907
18.61172538171779
18.395841401627816
18.004346319884007
18.110924953845927
17.921160798232844
18.006803695898892
18.472064936589923
18.67951667103256
18.91400346700571
18.734314744887303
18.772889674100448
18.701595250716714
18.62908289631671
18.94321247078188
18.823906220332205
18.227344121991983
18.131367129548845
18.499567673611047
18.52055296521806
18.56085768151039
17.949660864752556
17.472948199171796
18.12244878181905
18.649601665276855
18.626672109633443
18.925433295793844
18.463265953097714
18.322363012102368
18.963262830594772
18.555620344317195
18.14542415724237
18.238660115010383
18.08949341070113
17.63051727287391
17.979856936230163
18.1384207742972
17.67772839257268
17.96896474818007
18.69303064402294
18.82896409996235
18.93564777678823
18.41801373927129
18.428006146813598
19.25851501718955
19.38223314822641
19.833996360541637
20.258274333754265
19.94661047530676
19.310776528236275
19.79592896589759
20.21798932752513
19.46744135259544
18.875437477223457
19.88815941238533
20.560541270779527
20.04147484448854
19.359868741951946
18.62598210004488
18.543079473507223
18.59926787456621
18.290146602531067
18.346766279135583
18.976786268151027
18.762706823490408
18.98456602956184
19.769241047172383
19.75921329189565
19.04013602526373
18.63074282070413
18.762390047569895
18.19995290852512
18.60169167507424
19.127885224739156
19.196344821211152
19.06124218892954
18.17776812034772
18.714218013372072
19.66698962271025
20.1004848285052
19.60529598743765
19.503297546752908
19.85260389752917
19.300074469612586
19.552367573815992
20.216521131260944
20.39273852017319
20.39591282503444
20.525221489828727
20.931167190285688
20.66575405383168
20.5482467199701
20.80225144592826
21.13066383766052
21.307089609176906
20.96679358622919
21.14314979267239
21.452969970599064
20.644441279155316
20.597586802246692
21.28719199812781
20.988802882374213
21.09406475170489
21.57762393373576
21.401899297222
21.006528158297805
21.264980358761804
21.50637204023367
21.44866490051093
21.43262726877274
21.86768223122306
21.680398204078703
20.8901732219898
20.31462567901017
20.78867843398397
21.921850004472503
21.77678167168704
21.087621458590117
20.95460990921369
21.17482233365196
21.04287357761984
21.740406384302037
22.17256475801054
21.35368504324857
20.899502719896187
20.79439551148464
20.93285936168944
21.197915899410965
21.13936236904005
21.047624645985444
21.036744924783623
20.954595857212556
20.85372216103037
20.39125862184388
20.89468507165681
21.430829757560403
21.45718857996233
21.840609218036253
21.67230354043537
20.78193789868607
20.853709570857877
22.11641469966412
22.009512894273392
21.67099153794565
21.79599605567462
21.2619847900302
21.326690481649475
21.68219683426077
21.6272555524176
21.684469037701
21.41336724100604
21.301284365764104
21.629092895493923
21.334613878801697
21.27148411041627
21.816207677507823
22.279595059078225
21.4688592145684
20.94778391154184
21.51012585418966
21.630522264896594
21.456023224338846
21.5436065370453
21.919096604964324
21.26585764778987
20.88096157894326
21.250928468387283
21.586916510444567
21.526282668432096
21.595280052854555
20.98162479602651
20.91294334059265
22.09112959447538
22.219420914142017
21.9583478759166
22.42861120460254
22.41374551425005
22.148013229701316
21.692958562165487
20.976399101010934
22.12744888709157
22.191271675952947
21.437163401854605
22.14755296611
21.358832618185136
21.497175421338035
21.982082444604192
20.91694260163557
21.25236127413948
21.96371647124967
21.83174790434725
22.258842861387848
22.72951063671012
21.15215149588144
21.40616583799064
22.143998406800964
22.133968086178022
23.057201318875435
22.16203591572916
21.39324594885833
22.106706800965195
22.61081234162555
22.3043326678941
22.18532375361755
21.57607406937116
21.783521631855155
22.12691763493309
21.91989035599549
22.05987177418824
21.93300127257288
22.43638233260077
22.185706412244667
21.429161681806608
21.167610313671897
22.05722409932532
22.5574136420291
22.469701114836703
23.17639546437225
22.49889511187445
21.19983053759392
21.495445200808827
22.752594809698778
22.547492605834627
21.60749157874662
22.393574965328
22.559848663738784
21.83047945122231
21.90625240934774
21.552986664368
21.819231874657312
21.99070656026136
21.766933127323924
22.17026895481099
21.77183504710146
21.07654916715078
21.687955052189785
22.49742690684061
22.31196392541127
22.46952523890992
22.862294376235333
22.913250641799063
22.69239496208807
22.130456254445736
20.73484099583777
21.4449449397764
21.929929474303357
21.17248259408904
21.219363106439967
20.83322404104275
21.878287792909724
21.222508133397334
19.74478800000701
21.202981127969025
22.350263444786734
22.14207757158813
22.06636381307645
22.12066595675102
22.866287519868603
22.390472225028255
20.864739194520453
20.512955247607625
20.658891801373372
21.002166228694733
21.990968008547387
21.870123318216294
20.46371482350273
21.165511952541536
21.60853532137613
20.648306008665216
21.54677710968581
22.1764057934708
21.21460101627033
21.051696866615394
21.895824556616382
22.385244475475535
21.19773758764735
20.52715803996929
21.33276459046905
21.955844469208916
21.572439882313027
20.18390067505016
19.510600622756574
20.42565692453164
21.466135124672796
21.96650687347338
21.98690904378624
22.34890922281672
21.23082529461085
20.68876956445857
21.67077976012064
20.561358990110406
20.68799710389799
21.56619321332621
19.425340368785783
18.645475587674092
20.66343702695076
20.92203551539253
19.925144796483053
20.78371323223261
20.878969473848603
20.794072041796543
20.910935830073257
19.417687533035448
19.823037294376945
20.72909089466836
20.175434928643064
20.44084998479766
20.671695796069105
19.132313962436157
18.83840539206449
20.037731682005614
19.989026039609424
19.85444199937436
19.960629610093022
19.50149257069501
19.94674051117121
20.19087924394413
20.114820522132767
20.361979181023766
20.75924321018897
20.74761934818572
18.91492397020313
18.244784191513887
19.0482452572625
20.032476425750747
20.28450212827777
19.033173329453977
19.09401587757462
20.21973016998224
20.238489455195072
19.4590267182631
19.69026376892801
19.502222657049188
18.981554321131465
20.604552624530548
20.905851312252917
19.47881686833124
18.596200124292174
19.417167179248377
19.69864818993991
19.683117499859225
20.426077466770867
21.21953054935972
20.02559143153803
18.39012370434343
