10.7
9.83
8.61
8.34
13.13
25.36
35.46
35.9
34.44
31.91
29.26
29.76
38.26
39.72
33.73
32.69
29.43
32.42
46.84
58.09
58.56
47.07
44.86
52.81
51.61
50.63
47.59
45.26
45.91
45.27
41.86
46.3
48.68
37.52
34.15
33.7
31.8
35.34
35.57
39.69
40.68
40.61
39.54
38.11
38.61
39.19
39.63
36.67
38.2
37.45
34.9
30.21
30.55
34.41
34.43
32.02
32.31
35.83
34.05
34.62
37.62
39.03
39.11
36.85
37.66
40.0
38.59
36.6
37.0
38.2
40.49
41.9
41.31
40.18
39.96
41.69
41.2
38.94
40.06
40.46
41.12
44.24
46.44
42.78
37.16
38.93
40.96
36.34
36.39
41.4
44.37
42.54
37.87
45.63
45.43
38.42
41.81
40.84
37.83
40.81
42.81
39.93
40.02
39.58
38.37
38.99
36.29
37.98
40.84
40.23
42.3
44.08
43.66
42.69
42.18
41.78
42.52
45.45
43.82
38.46
40.8
43.25
39.59
41.29
43.79
41.71
44.18
46.86
40.41
36.86
39.97
40.58
43.34
42.03
40.09
41.16
44.76
43.23
39.36
43.47
42.96
39.35
38.88
40.78
41.55
41.75
42.95
43.4
42.31
39.91
38.89
39.83
39.19
38.7
37.8
39.45
44.77
44.33
42.86
41.64
42.38
42.81
40.02
42.14
40.37
37.33
42.09
43.94
45.93
47.79
43.69
43.38
46.5
44.0
41.48
45.82
48.74
48.15
44.24
39.06
40.18
41.7
44.77
45.58
41.57
41.46
47.0
49.72
43.21
43.32
47.79
44.66
42.56
43.39
40.14
39.67
42.89
48.78
48.68
42.4
38.38
36.97
40.31
40.51
38.39
41.59
42.79
42.1
44.89
44.22
38.03
35.88
39.82
44.64
48.14
45.78
45.24
44.39
40.53
41.42
41.01
40.81
40.57
40.33
41.87
40.62
42.96
45.64
41.63
40.23
37.98
37.22
39.43
41.78
47.07
45.69
45.81
44.78
43.71
46.51
46.93
46.44
44.07
44.31
41.37
41.71
48.38
47.11
43.44
44.42
40.61
38.74
44.51
45.36
43.3
42.11
42.42
45.95
46.81
43.08
42.88
44.98
40.9
38.77
39.39
38.6
38.08
40.05
40.29
41.83
42.88
42.55
41.68
41.93
44.6
39.76
38.63
41.49
39.5
39.22
43.18
48.33
49.65
48.14
44.36
45.07
48.79
43.17
39.69
45.36
46.04
42.28
43.0
45.94
47.19
47.35
44.24
42.37
45.79
43.49
40.48
43.39
50.83
49.95
43.51
44.71
38.99
35.6
43.78
44.51
48.62
47.83
39.47
41.39
45.22
44.64
41.06
42.49
48.42
46.82
40.05
41.13
43.69
41.58
39.39
36.69
37.57
45.53
46.86
41.05
41.84
45.58
45.78
42.95
41.04
40.02
41.06
42.74
43.07
42.79
43.08
45.49
44.07
45.12
43.99
43.7
50.81
48.52
46.18
40.83
37.45
44.18
45.43
45.2
44.04
45.31
48.27
46.84
46.34
45.82
45.37
45.35
47.21
44.14
43.36
47.02
49.04
46.59
43.16
44.8
42.42
42.56
41.26
41.15
46.32
45.95
48.32
48.3
44.23
46.67
46.81
43.15
38.65
37.66
46.47
47.59
40.16
41.49
41.52
36.88
40.05
43.5
45.48
47.36
45.34
44.0
45.27
47.87
43.89
38.7
41.21
40.61
36.22
40.99
42.36
42.73
40.29
34.35
37.24
40.75
42.94
43.51
41.49
41.43
43.8
42.48
40.81
47.75
52.83
45.67
40.61
40.93
39.86
44.05
48.12
44.99
40.65
44.22
47.62
44.08
43.85
43.94
43.6
42.85
45.02
46.86
42.16
36.58
43.14
50.72
44.4
47.54
48.22
43.24
41.69
39.45
40.2
40.7
41.46
44.05
39.62
35.15
40.19
45.56
52.32
52.75
46.64
42.58
43.61
42.8
39.74
38.62
43.18
48.05
41.66
39.96
48.92
47.5
41.84
42.71
42.26
44.68
46.75
46.55
47.37
46.15
43.55
42.43
44.19
43.43
39.63
39.83
44.69
47.78
42.86
40.51
41.16
40.8
42.05
45.11
49.7
46.86
46.47
52.71
49.65
47.15
44.97
44.75
45.15
47.46
50.3
48.98
44.9
38.7
41.59
42.7
44.46
45.41
46.43
46.57
40.66
38.14
39.35
43.62
47.48
46.3
45.02
41.97
43.05
46.63
48.75
45.32
42.64
46.6
44.98
42.51
40.36
42.17
44.1
44.18
42.99
41.59
41.23
39.2
41.33
42.71
37.6
37.39
47.73
50.77
42.67
40.75
40.41
38.01
44.92
51.96
46.9
40.49
39.92
44.79
50.07
49.37
45.51
47.02
50.13
45.5
46.75
46.66
42.06
42.29
43.29
44.74
42.96
40.03
39.16
41.81
42.98
42.09
43.64
45.89
45.89
39.01
39.42
47.14
44.87
40.97
40.61
40.99
42.09
45.55
48.54
50.68
45.81
43.56
49.51
49.08
44.24
43.35
44.58
47.25
52.88
52.89
46.6
40.95
37.64
39.21
44.19
44.42
45.6
48.37
