55.06
57.15
62.04
61.0
50.56
45.37
44.48
36.31
29.9
27.77
27.87
30.65
29.97
32.9
35.09
32.01
29.79
30.2
30.47
31.59
39.66
43.03
41.62
38.78
37.06
44.18
48.17
49.77
45.88
36.54
41.34
43.59
38.0
42.78
42.93
41.86
43.36
36.14
38.08
44.63
41.88
39.66
40.39
38.56
40.17
46.59
45.22
42.94
43.1
42.32
42.83
42.98
47.34
46.47
43.29
42.46
43.88
44.09
42.75
37.92
37.19
43.56
44.83
48.28
44.28
41.55
42.06
43.22
46.02
40.28
39.05
40.76
40.99
39.23
40.07
48.34
41.42
33.33
41.62
48.85
45.22
41.09
40.86
40.72
44.64
46.26
47.65
49.15
45.74
43.4
39.85
38.96
45.91
46.24
39.26
36.75
40.27
44.67
43.53
38.27
38.38
38.57
36.94
38.39
42.16
43.24
43.02
44.26
42.78
40.23
38.41
38.03
39.62
38.0
37.53
39.55
33.57
35.21
44.51
42.62
36.2
36.73
44.64
44.29
38.89
41.83
43.13
47.64
53.16
45.17
40.92
43.77
42.35
38.41
41.85
47.6
43.01
40.5
41.81
41.49
39.35
40.76
43.82
42.78
39.09
43.29
45.95
39.93
37.39
38.93
38.83
40.18
48.59
45.3
40.66
43.61
47.55
50.86
51.01
49.93
48.61
46.44
44.04
40.14
36.26
40.72
42.04
41.01
42.01
41.87
43.49
43.58
47.15
44.41
40.23
44.51
41.81
38.32
36.49
40.78
45.74
43.94
41.68
37.65
40.76
43.75
43.47
40.82
37.15
41.44
43.18
41.51
44.48
46.07
39.71
38.55
44.98
45.01
42.77
41.6
44.51
45.32
44.97
46.78
45.02
44.63
44.43
47.92
47.18
43.69
45.81
40.9
38.64
45.76
48.84
45.16
41.25
39.82
43.89
44.34
39.66
44.83
48.3
42.41
39.79
39.31
43.24
47.86
48.56
46.08
42.8
45.87
46.93
44.67
43.3
42.98
42.75
42.01
43.1
43.49
40.04
41.81
43.55
41.13
37.47
37.31
42.97
42.6
42.55
42.53
44.13
43.33
40.3
40.34
38.24
38.46
37.55
35.7
40.7
42.89
38.58
41.62
46.65
47.4
48.92
48.16
42.44
45.42
45.51
42.31
44.59
47.37
47.07
41.38
37.61
36.31
41.35
43.17
43.89
46.59
44.69
46.46
48.78
46.7
42.44
42.64
46.75
43.75
39.92
38.07
38.81
39.23
37.3
38.21
47.08
50.32
42.11
41.34
47.03
48.4
40.82
38.08
39.27
42.97
47.57
42.72
44.73
50.09
44.49
43.08
43.91
45.49
47.52
45.38
43.31
39.84
42.42
43.64
43.4
43.11
39.75
41.69
40.39
43.32
44.79
41.58
45.34
45.74
48.48
50.8
44.49
40.36
41.54
45.4
45.9
42.35
41.68
45.21
43.32
37.35
39.28
44.15
43.84
42.4
41.99
41.15
44.49
48.54
45.51
44.23
44.91
45.11
47.48
44.87
46.48
45.5
45.66
46.96
43.06
42.36
42.37
43.18
42.33
42.9
40.58
38.48
42.12
43.62
41.52
40.56
44.17
50.92
49.79
45.4
45.74
42.58
42.75
42.86
39.87
44.0
48.51
49.62
45.64
42.25
41.98
41.2
40.95
40.35
38.68
38.75
42.96
45.82
43.4
42.4
41.89
41.25
45.28
44.16
40.0
43.22
43.72
41.1
47.47
51.62
47.95
47.69
46.69
43.03
40.8
43.75
47.0
40.99
39.96
45.84
49.31
46.31
44.0
43.61
38.47
40.51
38.78
36.96
44.91
46.24
45.57
47.3
48.27
47.44
43.04
41.22
43.91
40.88
36.34
42.04
41.57
36.28
38.2
43.13
44.23
42.35
40.4
38.8
40.18
46.09
45.46
41.73
44.9
43.37
46.2
49.34
48.12
48.89
50.24
43.62
42.42
45.89
42.95
47.91
48.63
41.2
39.06
42.75
41.75
46.49
50.01
43.98
40.56
40.84
41.19
44.61
49.33
45.23
40.16
40.86
48.59
48.24
44.79
44.26
43.51
47.03
42.32
40.66
45.08
44.04
41.85
45.86
50.33
44.88
47.86
50.54
42.73
45.21
44.32
37.41
40.77
41.16
38.43
39.29
42.88
42.71
38.66
45.93
45.54
42.98
41.5
39.32
43.24
44.43
44.8
43.45
47.52
49.12
46.83
46.03
41.73
40.98
45.01
45.06
40.76
41.37
40.68
39.88
47.2
47.44
41.92
39.7
46.02
51.07
50.02
48.73
47.46
43.91
47.72
47.59
42.38
40.52
36.96
40.72
43.74
48.05
49.1
47.1
48.73
46.58
43.58
44.18
43.25
45.22
49.62
47.76
45.62
44.9
47.11
48.0
45.19
46.53
46.75
41.11
40.88
43.5
41.02
41.1
43.87
45.28
44.2
46.41
46.72
45.02
48.86
49.29
48.41
47.66
41.9
40.8
45.22
48.92
46.22
43.14
46.6
43.81
39.77
40.22
47.05
52.08
46.83
44.72
38.51
41.3
51.75
50.74
46.68
46.24
43.74
42.8
44.82
45.76
46.46
45.69
41.24
40.19
