29.08
25.88
38.58
58.87
45.67
33.69
43.24
40.94
33.51
34.87
38.22
34.36
35.27
39.97
39.54
37.23
36.22
39.38
34.99
30.32
34.93
39.05
35.17
32.83
37.35
37.79
36.82
41.74
42.34
39.68
41.09
40.67
40.72
43.95
43.36
37.23
39.75
43.62
42.42
41.14
42.76
42.37
40.6
45.22
44.64
46.26
42.23
33.37
41.13
47.84
45.1
43.97
46.01
45.04
38.86
40.36
38.02
38.31
42.75
41.12
41.39
41.59
40.07
41.7
45.05
39.0
38.73
39.28
39.26
42.27
37.18
33.99
45.12
51.23
42.6
38.56
41.11
44.46
45.66
41.28
36.83
35.89
38.97
42.77
40.47
39.97
40.83
39.02
39.62
41.56
41.65
39.58
41.64
43.87
40.77
36.57
37.13
41.11
39.78
36.65
38.2
37.95
36.47
38.41
33.58
29.49
35.65
43.35
43.92
40.9
45.35
45.56
40.45
43.58
45.45
45.74
45.52
40.77
37.98
38.62
39.68
38.52
39.75
42.4
41.47
41.39
42.17
40.87
38.19
37.02
42.63
43.94
36.0
32.61
36.75
38.04
38.63
43.06
41.97
43.03
44.05
39.55
42.5
41.65
40.09
40.95
41.6
42.89
38.85
41.4
49.67
48.41
40.92
38.92
34.13
37.35
41.7
44.2
43.78
36.84
41.08
44.92
44.05
46.7
48.48
47.58
44.39
43.03
45.14
43.92
41.25
41.18
45.47
46.4
42.05
42.0
38.51
37.66
44.22
44.39
41.9
39.8
40.73
41.4
42.87
44.62
35.48
34.09
41.52
42.42
45.41
44.55
44.81
48.26
45.77
40.16
37.67
40.56
40.7
39.07
39.47
44.09
47.26
45.1
45.9
43.11
39.96
42.21
40.61
45.37
43.98
42.03
42.75
36.03
41.54
42.92
38.59
45.13
45.68
40.09
38.24
41.52
47.45
45.31
41.56
43.72
40.51
42.17
45.79
42.31
43.28
41.23
43.15
45.83
42.79
44.21
41.97
37.89
39.5
39.55
41.21
40.11
40.39
42.1
40.03
43.54
44.4
41.37
37.26
34.16
32.91
34.99
40.54
45.04
40.9
40.66
44.74
46.29
47.24
46.0
45.0
44.36
46.09
47.71
46.29
43.59
42.1
40.2
41.24
41.55
40.66
39.82
40.47
36.33
38.5
42.27
41.19
42.88
44.0
49.01
47.4
44.98
43.88
43.46
42.05
42.61
42.61
42.49
43.51
43.65
40.9
37.68
41.12
42.92
42.96
42.93
44.35
47.42
44.65
36.33
33.72
35.92
39.9
42.95
41.46
43.11
48.58
47.83
46.09
45.2
43.53
42.23
41.43
42.53
43.28
41.49
41.24
46.47
48.27
42.75
43.44
44.88
46.96
46.51
45.46
43.48
43.31
45.47
41.17
42.99
44.43
41.72
41.63
42.89
41.21
40.04
44.5
46.4
45.15
43.3
41.13
39.55
38.67
42.31
46.27
46.53
43.16
43.29
42.15
42.4
45.14
41.08
38.99
44.75
50.52
51.48
47.9
45.83
44.83
41.19
37.22
42.88
46.07
39.36
39.77
41.75
39.26
39.44
44.93
44.05
45.71
47.48
41.19
38.9
42.13
41.73
42.02
41.95
38.14
42.26
40.43
39.28
45.45
45.6
43.74
44.68
43.11
42.28
42.87
44.48
44.06
41.06
40.16
41.79
45.12
45.81
40.93
38.48
41.47
42.86
47.91
49.09
45.94
46.35
45.65
43.96
46.91
45.02
42.26
41.79
41.08
39.71
40.57
42.68
44.16
45.87
40.9
44.07
48.51
43.57
43.29
47.06
45.08
41.66
40.59
43.13
45.8
45.42
45.17
43.92
44.8
44.12
38.76
41.41
45.09
41.26
45.69
43.34
42.91
46.83
43.56
44.54
45.44
46.7
43.35
37.14
40.38
44.34
44.3
42.85
41.91
38.87
38.23
42.68
44.51
51.5
47.88
44.56
46.44
42.78
37.16
34.93
37.85
39.71
40.8
41.01
48.8
48.11
42.97
43.81
42.38
40.82
43.19
45.04
48.39
50.04
43.33
42.94
42.93
43.92
47.43
47.43
48.75
44.2
41.26
44.43
42.76
38.29
39.8
40.59
40.16
42.56
46.04
45.42
41.76
42.33
44.58
48.85
49.48
48.47
44.9
44.89
48.58
49.98
48.9
46.43
44.18
40.4
44.02
47.55
48.17
45.44
44.49
45.94
42.05
39.61
41.13
40.42
45.17
52.4
44.74
42.17
45.63
41.68
41.7
43.35
45.37
46.96
46.48
47.43
45.49
44.03
44.05
45.55
46.28
47.02
46.85
40.2
37.92
41.9
45.12
48.72
47.19
43.36
47.61
50.11
49.0
44.19
45.79
50.71
45.45
41.57
44.7
46.09
41.03
42.12
46.78
46.55
46.0
43.16
42.52
45.64
45.59
40.16
37.16
47.29
47.53
39.78
42.23
44.63
45.45
49.0
47.39
44.08
37.93
41.33
46.52
41.88
44.27
44.18
46.34
49.5
44.93
47.85
46.47
38.64
42.32
46.03
41.71
39.11
44.25
44.64
45.88
44.68
42.68
46.24
43.03
39.03
43.36
45.91
