0.0276715374494752
0.3932813272335723
0.7421896207277342
1.038387649172277
1.8295413758859191
2.23405045153793
3.321309017401287
3.9290917338063065
3.927899616100737
4.40313331325426
5.044204012321488
6.330710100322744
7.077541453418543
7.662082741759991
8.244462041346303
8.716733942461275
9.968853277092697
10.973066600380989
11.449770512100873
12.415595248027676
13.13840968748142
13.571738730899613
14.076164616321424
14.688306788658238
15.255416959802492
15.52769061879004
15.722415690784109
16.24908830022819
16.878425387541814
16.678603747389612
16.950296775568553
17.982073787897278
18.62737068956665
19.034178632772125
19.32442423097514
19.79493638054458
19.759018788259965
19.82269385065891
20.39531825768673
20.323762535640466
20.80516232382414
21.47937868794783
20.803665917157044
21.085385209512065
21.67539896051414
21.813640778802075
22.36066612551937
22.390658272314205
22.646522072500705
23.110573489021668
23.05722240108736
23.02213416832288
23.11158673159439
23.35086039567235
23.655598852117127
23.296936047128728
23.30659983918383
23.633741746116765
23.630100706773543
23.87219098602757
24.255172219081363
24.669264792798177
24.555464403171385
24.05889837092236
24.148664256871108
24.34739724008435
24.563379881059188
24.721075086225284
24.71848041873297
24.881019788158483
25.07659365293241
25.215181253121624
25.012961210595364
25.040097264115374
25.28142886411129
25.213039140922007
25.3073092004382
25.457216555643186
25.44350388200069
25.26712002360604
25.37936431743609
25.394867256811928
25.206193056580037
25.248649602069975
25.413055184354132
25.537264467518288
25.503719334815123
25.60315519473288
25.69373209852389
25.652537693940108
25.616886609254504
25.65051455798548
25.601532603037107
25.742344397115467
25.849616146420026
25.747591896889112
25.821768561254416
25.84035369702242
25.837225818774083
26.013045595702387
26.06198476992381
25.94347150269897
25.8586303445341
25.84517048301182
26.00799613020295
26.1252161264496
26.05538675483545
25.90364926562298
25.97289552026377
26.223118804283605
26.29145589267877
26.24314128582351
26.26612480782741
26.37321221166547
26.22407248199628
26.248251018616564
26.461251576495485
26.489725713970284
26.466086460649127
26.423687109068084
26.20984417457528
26.04466434339365
26.10798711137484
26.169151233616308
26.141402780639897
26.109724565127696
26.178376605315275
26.234072947133004
26.29796995363616
26.37787730712812
26.352193375483093
26.40930737491284
26.36466187417841
26.30022158862176
26.34497767182257
26.353752760282987
26.38497203380672
26.455797057063148
26.58619016287828
26.446591673525308
26.396763470703146
26.499315900351668
26.515332836329115
26.592029140503392
26.62116950530757
26.379021189942595
26.234599087136854
26.47408225881983
26.60476455162368
26.386725130280457
26.30610248468516
26.52994739239776
26.698517772258192
26.72401740977096
26.705326070846603
26.852343609187415
26.640943274856003
26.59229584112646
26.78887220714648
26.624611151816968
26.542610623036115
26.6884364861324
26.837379637329175
26.62623894449137
26.37453802367036
26.40309981120211
26.59892076705432
26.738895382281648
26.626262726428063
26.430186170284863
26.504468209398944
26.643895717500705
26.648195905859783
26.729693720140336
26.62014648139905
26.553353780942462
26.74820340477824
26.812784895306383
26.85900512257652
26.82066421786884
26.704594527802293
26.738706219234885
26.747428114844155
26.790959702526383
26.833005563025868
26.73658762497696
26.721309532035274
26.814782512190487
26.7089406607849
26.71360642703031
26.76169514959165
26.726566007902864
26.77259179853557
26.756818089725176
26.77767079132251
26.882629765120917
26.794817886725276
26.61658307157087
26.63212286270492
26.66760369293693
26.63297906094395
26.727568238560277
26.92328746761641
26.80037788526537
26.83907033289096
26.965495015258547
26.85935282583207
26.65611877078929
26.51826047735797
26.47123406155803
26.724626803171237
26.94200903015027
26.723671298838305
26.778478741157024
26.938325334039167
26.887750272089956
26.7006038356776
26.76807029104508
26.78196635960209
26.61989232042619
26.76371647161692
26.89532120180097
26.76824998272073
26.76691430051393
26.84721569318358
26.87978896480917
26.82265233292797
26.665644211889923
26.692970644834386
26.701940871987773
26.698095891935814
26.61971222160881
26.6638906567238
26.796090652542688
26.805123645797536
26.803735602741572
26.753262165990783
26.738360578369107
26.956482263461897
26.91093270755359
26.826073900451817
26.83363169428489
26.742363634353545
26.91738238800585
26.985121961951616
26.93120584112652
26.963431620624693
27.100791996604308
26.973652746033977
26.74587803374636
26.698812409422708
26.856939127512803
26.964862413295947
26.86576505319351
26.89661611486875
26.81505620430749
26.785392206997795
26.844215277461625
26.769728462252637
26.737242041095698
27.031220013263496
26.93042382140608
26.746290669685397
27.051043470682885
27.007404492859923
26.851118765908176
27.02311512972703
27.00348183162601
26.936453048810225
27.027581207635095
26.957233930609046
26.8614995162358
26.86400424018373
27.019933328815345
26.918213957281733
26.733246855170663
26.63073354967084
26.758959285601392
26.879841430400912
26.85235077684461
26.88377112289767
26.726216229560936
26.664751425998567
26.635399145979928
26.549184760834784
26.397887005597973
26.32134691923176
26.744841882569578
26.67552952308068
26.592206789565893
26.873715688968968
26.86846250013641
26.832299660419935
26.840817004041327
26.86855304711157
26.75337695680429
26.805375130879355
26.861820130899225
26.79112387900339
26.748407983814964
26.78590291550959
26.84791043345932
26.920196528300885
26.96183135752897
27.083762768641613
26.948758110090434
26.750950323686137
26.986461344779723
27.09066742295252
26.883221858612544
26.708534849864872
26.80596535597369
26.86853699064308
26.719072589348592
26.722886474347597
26.69858225145352
26.587798247845143
26.588712892629072
26.468897605935364
26.493083362586827
26.48561959083406
26.384836667053943
26.551372303389535
26.681769009187462
26.68125489692908
26.768112070963088
26.89388508163172
26.755291405680637
26.81256909063409
26.78211620631397
26.685556371735636
26.783844457633634
26.579687923881167
26.56019135757726
26.795134626956468
26.93778159243644
26.85650496148069
26.70555304513736
26.79117599543913
26.96503274162988
26.964536712841003
26.935146728512567
26.90224413611751
26.982201639646163
26.961070159648266
26.78561930394876
26.65696729825263
26.633486511973118
26.76111917031213
26.774974808676703
26.898207139816837
26.954768393339137
26.94207833996088
26.995665936151763
26.79073805471098
26.80743386582248
27.01881688488313
27.063807837676144
26.99941129945395
26.869483411962182
27.12831374818841
26.994629609648605
26.86766948020256
27.07165047081149
26.992694013850848
27.06200095556489
27.035786453461174
26.961310962119743
26.903892793017143
26.734360300642766
26.938023245873843
27.037171504162192
26.907122334823995
27.031173521026776
26.94419131471588
27.02027802913411
27.03841739678749
26.921263644547963
26.88367265501224
26.866261760218464
26.94076816602173
26.9973442641536
27.05307516509305
26.94551002264676
26.957257192541544
27.05355691477731
27.04957684632653
27.12349087560137
26.99341775545013
27.00071732060126
27.046286659096204
26.775498334147045
26.80966701900473
27.02028797111955
27.01185195334565
26.787955669086116
26.9707685318013
27.05909358287839
26.95484403811993
26.91104952979737
26.91281160027549
26.92600689693151
26.809760883673352
26.78207081884508
26.782096378261635
26.923698301833
26.902341215674536
26.76349142980664
26.74062338387573
26.80535899677692
26.690771877339422
26.8176720647914
26.913789448886483
26.822709839311777
27.02683060762615
27.04596445488097
26.911649456139248
27.00578194561005
27.111834813738323
27.075279172623368
27.1117480252223
27.204373928029387
27.141542813345733
27.07011070169652
26.98169787205505
26.97691832791132
27.01366462320165
26.99018849683276
27.13402685295121
27.24504058457947
27.083548849191303
27.04086653606186
27.01177441358353
26.84150263708911
27.00066836580448
27.082849544040208
26.948520311476543
26.997927427523813
27.00486664771266
27.016334432478192
27.063467641103152
27.059069549022347
27.050422127683404
26.950693189195547
26.81782680164533
26.82851136540265
27.05996098056601
27.001743863534088
26.891122036487268
27.01300612265165
27.000441496191712
27.02327161933056
27.002214598884684
26.96563505908277
26.992882189253105
26.968281028511928
26.993462038763536
26.856638622829006
26.63237570844158
26.601543950090264
26.82044626226856
26.80784673686368
26.73487102342821
26.718371819276303
26.705560059289816
26.901918876026443
26.965230589245238
26.96321212961261
26.85454515268546
26.66852591793989
26.81107980951954
26.965730193354347
26.84713841020009
26.72590827741842
26.75052493486339
26.84735371176835
26.83277961683869
27.02298624373738
26.985383021038967
26.98244859080556
27.16524370844416
27.11419422510606
27.097173238244142
27.08799462805199
27.106034949015307
27.01184469242276
26.90277523862918
26.93958048796312
26.917361137651813
27.03145621464077
27.02336811777011
26.87429615291458
27.08906206852974
27.051227362847104
26.97788005552484
27.091312256999885
27.23384383861292
27.15748501430592
27.0198691216977
27.019995265907145
27.0439167052353
27.09727735732663
26.946211081257367
26.71761201565269
26.848178102573826
26.93931711002074
26.808813830324556
27.032159858783302
27.22539813637887
27.25168712947681
27.272479787113227
27.04397451935501
26.889616269265336
26.95543794450462
26.970966592721965
26.92058619697734
27.027664668728463
26.98499190272345
26.90352311472072
27.090755645370063
26.945616742880052
26.947452052233277
26.987022946363417
26.73666572099938
26.791108050914268
26.76570496874345
26.78338485511576
26.93363950847385
26.738458182921317
26.654005402279587
26.712524413944585
26.861061279850087
26.79095675152805
26.72058255151465
26.989403837214446
27.18474897814438
27.02667073968478
26.86640775170204
26.94320515021281
27.03434930474908
26.99254733412552
26.92680382444664
26.910363492847623
26.87837940086261
26.710258198107425
26.61243066809128
26.860145541991187
27.082817506675365
27.163576588508445
27.00232695456718
26.81642727911043
26.890851190167403
26.8826347821162
26.70710100076484
26.79006583753744
26.95852946942487
26.95654013105673
27.178150727761203
27.249788475610643
27.067055001445297
26.939282229188084
26.879116501566315
26.80701088613484
26.72051377782832
26.88257123374432
26.96723827274356
26.959537031761005
26.958807203226357
27.0167032439452
27.106395237594608
27.135688115286744
26.95405380147374
27.00171543163034
27.077301213177
26.911347879065342
26.991900830916883
27.169888558048196
27.16947504665397
27.09145656907367
27.077201087331044
27.01968591242885
27.035548975745865
27.06854334308012
27.10840108125628
27.079771878967893
26.962441730075955
27.081523643834768
27.209552709935032
27.15059828931097
27.089022814814644
27.02045548706571
27.08666558828584
26.99251457123428
26.98317216202115
27.095686304760864
26.951033343393647
26.934118814333928
27.10905560210037
27.021144598156575
27.12055507642343
