-12.201858261395486
-9.920011783198468
-5.852215144825866
-2.716992811807645
-0.9607839802016296
-0.1801157927924633
0.8040293274684471
1.488920162934759
1.89492071439046
2.774818651196024
3.648600323168342
4.395822627231532
5.173716390422418
5.536752169444692
5.885091639898263
5.716552333885619
5.416798077302042
6.24051962091861
6.150588884944232
6.037299742006968
6.574904617522453
6.816544796794035
6.765323153453365
7.062189313873002
7.375338155157697
7.745300166335013
8.567542136503032
8.017607653017032
7.982797399873217
8.16088847942602
8.732186217952393
9.673232781210896
9.574191174478974
9.352946159867866
10.436328742478585
11.179362190192188
11.286514545822268
11.949254759414398
12.882136960448513
13.87719234755744
14.071970627628794
14.740055327881844
15.17880787150486
15.443852421161818
15.643708711055933
15.929528643523788
16.401943007550425
17.12513440596446
17.598612864894932
17.937127041268244
18.693100904444567
19.081883382751894
19.201282851879903
19.374756964762643
19.838917380838744
20.20167823921135
20.452055859777364
20.53859286371703
21.02854943731396
21.219705982429183
21.32360196967436
21.408249035141598
21.63695851761869
22.042848677103457
21.790435329957383
22.033799705310827
22.42283207641625
22.58338361030721
22.6945192814024
22.873422417664727
23.093199777194965
23.03586552751254
23.03200669456016
23.32674062642452
23.48127231221708
23.19525793703793
23.366582226442432
23.85022297011562
23.72054948601479
23.66179482918257
23.85859231901186
23.92845829180399
23.91192511364053
24.08880217521492
24.20221364794145
24.45304778172474
24.54107846992264
24.488164430566982
24.545443581940628
24.487363175273213
24.49280437993968
24.68071446474961
24.79725987549333
24.700650431982936
24.810805981513536
25.074935809555477
25.02863579726756
25.039412949083808
25.318954565790904
25.043466410564196
25.04983308322444
25.35468137971654
25.186044718435607
25.05810479610021
25.39854813790031
25.233812573652894
25.12054657499641
25.584689128859893
25.69565132146205
25.61204017135805
25.63727375888789
25.712335506454163
25.75582759115487
25.78157438659849
25.8048913850268
25.79924463271176
25.67895763948372
25.60652458024133
25.67258906412111
25.708379163902123
25.81592691914688
25.917704154279587
25.79008079674662
25.706764254681893
25.800969194967045
25.840187965265365
25.868919358516987
25.95557635817345
25.98340009619833
25.985567413890102
26.07883941415037
26.075276959978492
26.00402863588889
26.190876103537057
26.2573006079149
26.18845514772693
26.25955205135939
26.07369387437429
25.82566468498592
25.898945370775017
26.184521039869864
26.318109851726675
26.21768527076937
26.17767550044346
26.328769332266592
26.45434189373124
26.385436269971347
26.42973648093302
26.38436503785418
26.191652751533624
26.102466960782504
26.1265282136425
26.416475608847826
26.506193828395293
26.281306872399888
26.40005129619764
26.445058565035207
26.23370400046619
26.182481162012472
26.332579457484133
26.39611940660002
26.375039625146457
26.57022527517276
26.62444290375223
26.54417259729771
26.572563520876933
26.608766675488106
26.642357042791183
26.51232376269396
26.399043041798105
26.43159938513256
26.45380342298858
26.47942680129472
26.48365157200726
26.497332642256005
26.5683376468653
26.526957931317785
26.442220602706996
26.4722305804808
26.67323932846892
26.81163104797725
26.577678081630182
26.539428265672587
26.688395311272053
26.71004399907361
26.854991721532294
26.67686742530256
26.46878005588964
26.70993927250369
26.854799965304597
26.81227237501848
26.779169276847227
26.84157213406253
26.65324662724885
26.492970132798863
26.571800612164807
26.51561452452711
26.553786030285615
26.628966325701537
26.698348534049742
26.85351752298027
26.67179921200156
26.443255441598765
26.58467505426136
26.64260878174849
26.595580944238524
26.73206508812203
26.823831902665788
26.57996186015623
26.65215684260157
26.64817456855221
26.537813562443063
26.682780545235413
26.642486847936052
26.60624114149802
26.58503273133608
26.644469800494274
26.58808670721796
26.507367404093934
26.73826034997577
26.774302891045945
26.784268118676863
26.92196625778332
26.726018249253315
26.4765239794125
26.520140439794545
26.66674702400108
26.660104322322635
26.58561235438176
26.621018996717183
26.622140408611827
26.800979131996545
26.96597657198237
26.72191762682521
26.44884035785361
26.42558427157029
26.506706897768822
26.337039933882117
26.47857232433034
26.45748439613872
26.39174327628799
26.701610973343666
26.55732133614042
26.421907337489003
26.591624264243443
26.79279685958604
26.775715642531768
26.612774250337388
26.653006596274512
26.691616361426405
26.60584271036289
26.710385192054304
26.74312738922172
26.659104243029777
26.81377239842127
26.610904132764745
26.44600453821825
26.65866584138444
26.70670149054267
26.700141371796693
26.671509613874186
26.852538211806973
26.802736042100943
26.55312184161879
26.565211792428173
26.816996343337493
26.994470136594693
26.870531907740407
26.76368659759241
26.731184868855006
26.6224334625516
26.59282119841973
26.838585011713384
27.080132230432227
26.978794070396912
26.68582352802769
26.698507299962035
26.774561395374675
26.766344416959427
26.94015523633585
26.845717978537568
26.738586565980967
26.76459016322266
26.643912063172312
26.742583944771106
26.76072652222781
26.881888662406062
27.074460299501474
26.95865299458212
26.822404642336554
26.781730079445445
26.90206515911615
26.84438388701418
26.712627875542594
26.90165835635723
26.937241933028776
26.985552795359204
27.0567769733562
26.991391001638103
26.87455330717028
26.77862002939162
26.85619074406672
26.85006802811409
26.67693172196175
26.68454150157967
26.80289598606961
26.845744654164523
26.826264647497595
26.853846304041355
27.074640866771887
27.021480096224003
26.892129469215448
27.00131376217196
26.875335112178277
26.833542675955677
27.0214123073804
26.99405961764152
27.05770371369801
26.899079548997307
26.797285092387074
26.92125803275121
26.743914748574685
26.793824852479343
26.96965560713149
26.966316447485607
26.97993756667563
26.912921049851874
26.82673634701514
26.97618768053064
27.14920336333064
26.97436466286912
26.888919185878866
26.971408634604018
26.941248148421053
26.955433426285172
27.18861753016533
27.23901850147263
26.957802767850097
26.879175279147617
26.920889223062357
26.87305967859727
26.8503616180147
27.02075379624226
27.093741035032764
27.15899446839129
27.077766842204277
26.918607717388525
26.96948810001093
27.006543828966613
27.021066144297883
26.842976955410577
26.760840247149968
26.853105189365856
26.97310345450208
27.15198315025896
27.09995438658671
26.945405191547074
26.840984396663927
26.75962660878934
26.68735211590756
26.71093288638976
26.991168469864878
26.97065516978144
26.740567446676977
26.57861028428171
26.61430649665484
26.83387801295359
26.891739627850438
26.761304028845217
26.841269738081383
26.96168897909844
26.85576276857001
26.845759271702832
26.844125340108757
26.789403151942423
26.718379082452888
26.562610273117507
26.590624349141773
26.86231088731972
26.912531585204377
26.940781276945224
27.08599997291561
27.155407642340897
26.962584326699854
26.761166264776254
26.94800828079769
27.164663419536375
27.104151641652056
26.94444901413884
26.986493654371493
27.066904987929583
27.040047050468893
27.052581586512307
26.976352152794185
27.078584468060427
27.067410957331116
26.867936209185224
26.998933180109912
26.970662580902168
26.81394542220592
26.994210662093977
27.092175717396984
27.00188249455332
26.945693711685877
26.962498407628637
26.881204751957146
26.895617892074117
27.04301548502456
26.90647509810281
26.724671707516627
26.667459756932143
26.87238549949761
26.99629747675759
26.94576333654401
27.046988412092304
27.023787580327983
26.912062177546744
26.83842381431003
26.813653567348364
26.98532833071452
27.02276296917604
27.03931893815
26.853282116934142
26.693629207696905
26.77855657972404
26.841798633148127
26.77508902965555
26.74045413046986
26.8743722874339
26.88340739686674
26.98019701490133
27.068782211404617
26.860963459165056
26.945060537911623
27.059671687883878
26.85924665372419
27.009978606583708
27.077387909958883
26.85122323742469
26.98825233761222
26.946550680594584
26.82963283176901
27.001234350934155
26.852786288736684
26.90694173972537
27.076693141411152
27.01303148312938
26.86245134739191
26.80927377818364
26.890411298576108
26.862623931886603
26.87036861076162
26.9638609344859
26.883420363280933
26.944078335376386
26.979672368575685
26.91898604084681
26.94948879762692
26.904634659219717
26.996880841305384
27.188278890488466
27.00770642808027
26.72018281066684
26.675297203089585
26.8349961102298
26.87857048395042
26.782749741967454
26.87442606512704
26.882081906323123
26.85406081629406
26.958172280927425
26.95252566459797
26.909846013312595
26.957229704139607
26.876198946835427
27.036112287520123
27.046021064047924
27.03995367574245
27.111884834850727
26.89003907725909
26.795838619572763
26.838805014816234
26.660896433605213
26.508265535727656
26.76034825999838
26.76356289250189
26.666589636148046
26.668463062457235
26.78027481505471
26.706103080568692
26.53093445354581
26.699049760314388
26.74702260807041
26.585701496940786
26.50078096959188
26.570976046593064
26.70595183921091
26.75063066900738
26.824224331644388
26.804497430549205
26.657533046824017
26.589501733794865
26.55004818200137
26.577432215007335
26.649833328531457
26.65634262459157
26.552530079244548
26.39226920330815
26.38173105925877
26.63849088044716
26.60903231938497
26.54845023992035
26.676596623778305
26.600709163812997
26.495173274322024
26.520275202900077
26.40341780087267
26.37969971564444
26.664716371053245
26.721936525215305
26.565266442062608
26.6430204761768
26.88035408062087
26.875287626837427
26.84470143382878
26.853397815481145
26.79948809712844
26.5264278411056
26.375730860958456
26.539216042311715
26.716899176128376
26.811154226940783
26.79855512357705
26.842729010090803
26.83398089226533
26.759300026760062
26.67769872868495
26.6342471101755
26.834398865292187
26.99546875255716
26.987685724550342
26.83866951143232
26.77338481511103
26.901587599313515
26.88487105197084
26.67305527269269
26.686164906102537
26.663553991804623
26.6696850237905
26.83611031016987
26.853246553741755
26.93667946187376
26.94441930990345
26.851399292815184
26.82024999390445
26.96118383715636
27.01862473326402
27.10388594470388
27.03445551469112
26.94659855388709
27.07796717328631
27.114954776375995
27.062944520728976
27.03614548478211
26.88721889345521
26.94585561849853
26.97131291535266
26.813838970925143
26.87868972659872
26.98983168206748
26.875471967214693
26.79757249305266
26.88385170011548
26.899426690398275
26.855902557765084
26.910039154895045
27.159480290945044
27.17212209627489
26.912169694326344
26.82774282926539
26.882673187910385
26.8312964567833
26.90786163528717
26.93805830098888
26.80158356801733
26.75933251175252
26.855444781928977
26.931241001157645
27.06517186822706
27.049040852905467
27.028755332837367
27.062340221268425
26.838821874972023
26.914477552882666
27.072743643779468
26.99848281473323
26.9110769606325
26.89198768141923
26.896337157067705
26.83545371800663
