-3.89747780895802
-3.1039363081393274
-1.7031193399274296
-0.7990293612586528
-0.2368093070186231
0.62833100529817
1.5166389236762534
2.153278941386876
2.74403629474111
3.498001792270136
4.284013200610105
4.970951603292924
5.81118239471462
6.744729430505021
8.235201139958836
9.94556171705983
10.782247605215687
11.291213977788848
12.495669122702914
13.676986536733828
14.053637499841168
14.691011011656617
15.534590797693008
16.107542650101117
16.52318361969659
16.693808983843834
17.358999647265
17.799902401481237
18.009091344603778
18.38386105214472
18.60557178313859
18.9766422083042
19.362212541475834
19.31521590766448
19.740036164211418
20.26031149919564
20.42325871974522
20.90208327578633
20.91326007595771
21.18827839513131
21.36987863509786
21.591626360543906
21.88502006732654
22.02908959490388
22.446230489263257
22.830629173370983
23.134463391548984
22.84284004534541
22.73154709477462
22.960708404850926
23.08245192656129
23.006529478550423
23.06889597560322
23.389831844138698
23.64835367089962
23.5608531479016
23.82224182165004
24.126930146186297
23.90388863172659
23.980981147848592
24.323479354252783
24.55271315032597
24.61651239005674
24.57455866182379
24.48750425925548
24.6619101846336
24.630596776027588
24.739503155734425
25.005556763378312
25.07391269150094
24.971274581880056
25.081137997827742
25.108826119500613
24.76755866827308
24.959118580529847
25.20303127067674
25.30654288357706
25.380610784073752
25.602814470617144
25.648644628542456
25.435895079238527
25.4148131072664
25.277685054882376
25.36382113155497
25.73056226014145
25.85605991452792
25.856344456911494
25.870354477273025
25.848631368055603
25.728763996227407
25.79230505746241
25.855583027612894
25.69011744648625
25.72911384037136
25.768732605515947
25.95776857398492
26.27928418244524
26.14531589544905
26.003497773565535
26.03043129658043
25.97243282742601
26.008324897848723
26.1073325792118
26.219615794228798
26.17290119075304
26.18962560396329
26.257111876985405
26.130110834263856
26.109612081731097
26.045355130899075
26.18225323025743
26.344217798320837
26.20232852084778
26.31574543919865
26.351438793965308
26.1933378356575
26.343539249122887
26.609558264394742
26.47806084951312
26.325917704898806
26.30672907614005
26.134566559770224
26.307533339182168
26.449878268130902
26.3455648402922
26.45576490307947
26.557625687199355
26.58229245954729
26.557456144694548
26.445188223955533
26.461891119915038
26.501952309685837
26.59941928429376
26.60515836588368
26.57155539471231
26.585000120459867
26.584665165033535
26.710698707149756
26.74109373329471
26.847204529615656
26.715508778566942
26.70604460563564
26.91252835524647
26.79225734636207
26.682736661881105
26.65837925140599
26.497374180700763
26.56225849019393
26.71863196486892
26.6749788547662
26.60815333221433
26.64565271377641
26.70329330714993
26.73276480711996
26.993594214841725
26.92641250485748
26.777079031453376
26.83445873256677
26.601242675949443
26.67668871278821
26.757871051037093
26.81691652697568
27.05798699800654
26.979610386739783
26.7039715431234
26.534079826606543
26.620142751653667
26.787801122944973
26.770351948664683
26.833039544649004
26.958383939801895
26.875441565970604
27.07745093547301
27.06134455625987
26.76553249464307
26.67319480299528
26.63825851331293
26.641411085072324
26.691131705764448
26.82038937935696
26.85179251700248
26.756798346046303
26.86763729763853
27.03360564066622
26.85942071640044
26.72506409516911
26.92806575139499
27.11157638739046
27.050181928194025
26.872756465732355
26.677828162282577
26.688845660355028
26.85506596058446
26.838069134138465
26.7005588190184
26.80523979832375
26.91157592306855
26.803652682621465
26.792231146126102
26.938146693804555
26.90839924077451
26.742475372421136
26.91934752018525
26.987493255233748
26.9272004402801
26.914164648511814
26.769444469639225
26.705350009310745
26.69920375246959
26.75188564685667
26.880374753671973
26.87093213816775
27.00145552237888
27.03977588754485
26.96068444508499
26.86543210092158
26.731607203693585
26.68305853702841
26.62678685438302
26.7192976051541
26.65550820920084
26.705283776448184
26.83860703361193
26.78189292053863
27.00861877496316
27.120958095040827
26.921723463372324
26.74548643234916
26.65627960060748
26.82300867654288
26.90837297935879
26.70756290791892
26.58687113119863
26.628958038930588
26.57435775843304
26.49484944362082
26.38463225726697
26.464247555577128
26.644324683544905
26.581852039518136
26.689769126864853
26.760878902675536
26.552738049178224
26.59234685542574
26.589906382974487
26.543117256461933
26.558906298173287
26.56015993490751
26.414298892174077
26.365677978049604
26.44997185112848
26.35654862068036
26.48557042245134
26.45262821038702
26.42870488116768
26.524923664977575
26.48811288422495
26.3747338768266
26.39269142234473
26.5070434443506
26.59569116519805
26.6225890890057
26.61894648818795
26.645699377743096
26.61772139426473
26.740683772965248
26.8568759501832
26.703421696150432
26.60969659992737
26.817255752916378
26.99074001821092
26.931333872498055
27.09277402493305
27.127685935329318
26.94823664767416
26.986539204521108
26.891413207653557
27.022452304974987
27.21994331173461
27.08298748114174
27.0005903905094
26.871784945733648
26.84575164186576
27.08102527730707
27.23877716729825
27.068092071325346
27.06769350893443
27.09621619211197
26.79593284179308
26.760165845941447
26.95007340276842
27.12490453615109
26.950659531883822
26.80089578770319
26.94464716641695
27.025488333234907
27.050881886246287
26.92361301969806
26.897288506889453
27.02459037802681
27.05811104483244
27.04664897979835
26.80174178467364
26.683897214206937
26.93886603456451
27.00903381274508
26.930283064698784
26.948391834881203
26.854017864336846
26.90589797723344
27.10559943526081
26.93515904711189
26.843931360310865
26.927253716854285
26.897904718543376
26.97736958631919
27.177769928421952
27.23339181257225
27.0278569685323
26.90429295076113
26.96777912920441
27.02584544669269
27.100124018269668
27.07136813032435
26.979801416630348
27.05127129686871
27.23129334780271
27.113771383932693
26.992830467525287
27.08519222779885
26.98370428805733
26.949487583158277
27.081193828787704
27.06850660870352
26.99499450167269
27.086693678791384
27.16672307700055
27.08429666227973
27.055027448561567
27.11331099784288
27.21742224366193
27.3609414051134
27.172637691851545
26.943033635206454
27.08528446673566
27.061779207856357
26.951804481077456
27.04630028503569
27.163024116995548
27.19233042403938
27.228496381566504
27.41169334726381
27.32978408393898
27.172037374299048
27.12858268097619
27.07302862107873
27.11454231352048
27.323267397670264
27.327950946196825
27.0775536769052
27.018484815428664
27.027092122174032
27.201322911493243
27.310552852223186
27.1563684500303
27.104053985971127
27.227213065098397
27.06051482291079
27.04999320473296
27.183354769157177
27.16685426866617
27.329030801688926
27.251400518163223
27.06838570477633
27.133015661888955
27.230537830084486
27.050546598942987
26.895325744114544
27.083756109924767
27.301258025144733
27.21393101582792
27.20663983055251
27.24927357981321
27.230176030067707
27.19293463982301
27.06763003285049
27.064189472185667
27.159038325115866
27.27168168459567
27.03527226694025
27.06149472626
27.283248122222968
27.03617383676437
27.099966779925776
27.31363118432756
27.133059440242103
27.05778819185357
26.97422052745316
26.95772902913292
27.13634507879751
27.14244008424812
27.071102376976828
27.05354412960579
27.056027825732723
27.062440810888933
27.140866903248803
27.23747223757176
27.247727055073632
27.072884665412506
27.061116520817407
27.092304520472776
27.121552603072526
27.153555069905707
27.12878755080889
27.008774426465443
26.916114386708514
27.10766250934447
27.25885476365035
27.16741624025591
27.09572952919916
27.145808665118203
26.961928821344078
26.99237800256185
27.16016691984476
27.2517228290554
27.235551676980997
27.06063036229668
27.134397916235613
27.00156613674886
27.017789144960684
27.12827420066493
27.012986058393423
27.06597624003624
26.999587562514886
27.183721699667583
27.25249076064116
26.953352684921256
26.99777203809332
26.93127648306121
26.919593436590294
27.038103830308973
27.03786008549321
27.08718853464113
27.106780609365934
27.144069977667368
27.11067027549948
27.102151517197356
27.01780832563953
27.02862390658895
26.857548083491636
26.8166263118712
27.17335540809994
27.2842108154992
27.269664995266638
27.18708121874677
27.16554650699854
27.1508367289586
27.19288284816109
27.09894152064912
26.93911550727816
26.974849101953414
26.96789331393608
27.200003375133324
27.288699867011307
27.032751059613062
26.964167075982427
27.102419836942484
27.175545615642783
27.24831554613172
27.138760682353976
27.09837660661027
27.34472286920337
27.33213346825372
27.15882480469129
27.13245828302502
27.103384545520644
27.142790410958188
27.182139017865858
27.112061585603463
27.09373242948954
27.13215348384504
27.12213307927041
27.150213120860943
27.32750117251007
27.292501462009778
27.199103310890496
27.084889403179183
27.1476862315756
27.45242439391867
27.30615849397772
27.06278463702361
27.09408325296497
27.23502755043335
27.239812396875287
27.21482461022512
27.296734408940644
27.21009138136088
27.07801177152681
27.10417635855366
27.180778861627637
27.032756265552383
26.997702726343785
27.125988989940243
27.07263072964633
27.089406554006185
27.109964849344443
27.089626752293626
27.193884872012823
27.119285873602724
27.10743826834102
27.19323000091276
27.265916299512924
27.266185643634543
27.14943056119106
27.112909327434966
26.99181912348253
26.94412790815324
27.10623400967288
27.102269807800408
27.05353928528384
27.27352537151057
27.3270353927401
27.130124587326197
26.993506668465308
27.090695140288496
27.190532959222573
27.16398186670425
27.097919771273546
27.04050286066013
27.129298286438388
27.395023271859475
27.403495297544904
27.25785211787784
27.081712089029125
27.00039881060116
27.05922055807036
26.95866039966364
26.94948277020949
27.030479687067466
27.11741850770577
27.232295307536283
27.252549015609382
27.172013222650357
27.15691098135825
27.04707675831425
26.97779154843029
26.93888096963641
26.809699136614537
27.04930506686329
27.16247245329353
27.13426901740828
27.296563389097276
27.02651955733373
27.03431471498805
27.26100533638505
27.226246473298676
27.163859017097888
26.91144467594745
26.78707888859348
26.94028755771627
26.99669257768041
27.03677831411456
27.198314613352277
27.1805805398655
27.108712582208963
27.019193911589603
26.9803677306854
27.01439732137382
27.009979058304182
26.938017291122307
27.00508435730568
27.09443997664168
26.915748547660098
27.022138395198727
27.286961791905405
27.183936828113914
27.10091251933013
27.11482246552956
27.03955244756925
27.161421327263
27.25071007308635
27.180717164053352
27.161111610719345
27.066820805294373
27.01722554561778
27.03483539435061
27.099588372196663
27.16689093522187
27.198441330895825
27.22652949416544
27.138861066660617
27.013936476748285
27.13712601026373
27.263559209301565
27.18035058780569
27.233471690265137
27.04006388553464
26.970427257425168
26.97127318340264
27.05874802631016
