51.3
56.23
62.27
67.27
73.28
68.23
59.79
57.29
50.38
40.86
36.52
31.57
37.27
37.5
30.41
31.18
31.59
32.37
39.73
46.07
41.63
34.09
30.95
31.03
29.89
34.36
44.41
42.99
28.89
23.78
28.83
34.34
41.52
37.72
31.94
38.42
37.97
34.62
28.55
24.19
34.37
30.63
17.73
27.72
36.15
33.96
41.31
37.03
28.97
29.1
29.27
33.69
34.71
33.02
24.4
25.93
30.8
33.45
32.2
26.56
28.94
32.31
29.01
24.61
26.44
25.17
30.08
32.59
30.28
24.31
20.4
22.18
21.38
21.75
15.31
17.06
26.55
32.61
32.44
23.02
21.38
24.94
22.2
23.81
30.09
24.05
17.88
26.68
27.01
23.43
27.04
25.62
23.25
20.66
21.06
16.95
15.02
18.25
21.22
23.19
19.35
16.68
15.29
13.31
11.16
18.71
20.01
19.45
25.55
26.73
23.29
20.16
20.6
23.73
23.43
19.62
16.6
14.7
16.58
15.55
20.85
21.65
13.14
13.86
14.33
12.59
12.91
13.09
14.01
16.76
14.61
16.5
19.2
13.02
20.46
23.71
17.25
15.84
12.37
10.87
14.75
13.45
12.12
20.05
18.25
12.13
16.1
17.07
12.58
11.95
13.93
17.27
15.95
13.6
14.98
19.22
16.97
12.45
17.15
17.78
20.22
22.66
21.53
20.89
20.79
18.8
14.09
9.43
8.7
16.91
18.9
15.12
12.48
17.11
22.06
20.32
15.36
12.93
19.7
23.45
20.71
19.17
19.47
14.64
13.78
17.8
21.81
20.78
18.75
17.1
17.58
19.9
17.27
15.31
13.76
20.75
20.24
12.75
13.65
12.23
13.19
15.09
18.6
19.22
18.66
14.49
14.99
19.69
17.55
20.62
18.07
14.17
11.65
16.01
16.17
12.11
12.57
23.31
29.39
15.9
9.68
10.08
14.83
13.91
11.04
15.24
17.87
20.0
19.05
16.83
17.23
14.19
10.37
13.69
14.7
9.39
14.75
15.0
15.1
25.77
27.08
17.02
11.13
12.04
12.6
13.19
20.49
28.39
22.25
16.43
17.7
20.29
16.6
14.65
16.14
16.16
16.71
19.23
23.62
20.68
15.7
17.38
17.05
17.81
18.5
16.4
16.34
19.73
20.94
14.38
13.27
18.52
21.71
19.66
18.95
15.7
13.64
14.87
11.65
15.14
19.1
16.65
21.26
22.57
21.91
21.59
13.82
11.95
11.52
11.07
14.72
16.24
15.7
15.18
12.95
14.76
20.04
15.56
13.11
20.51
23.48
16.81
11.69
14.07
13.26
13.66
17.86
17.91
13.96
10.65
8.75
8.9
10.41
16.03
17.94
12.19
9.83
13.56
12.91
12.93
16.59
16.18
18.43
15.84
11.93
10.97
15.96
21.04
17.16
12.15
12.19
23.52
25.25
14.33
10.56
9.12
8.04
8.38
9.28
11.47
14.51
12.32
14.89
17.28
13.72
20.33
18.51
14.66
18.83
23.22
18.71
12.23
18.88
20.26
17.91
19.88
17.7
13.71
10.68
13.26
15.0
16.63
20.85
19.89
17.67
19.18
26.98
28.34
19.85
15.81
17.23
22.54
22.83
16.2
14.49
17.99
21.6
20.58
14.66
12.58
16.62
19.25
17.07
21.02
20.83
18.65
21.48
26.58
26.13
19.58
18.88
17.47
15.26
18.35
17.21
18.06
23.22
14.7
14.68
16.1
13.71
13.46
18.19
16.54
9.72
18.61
22.17
15.24
14.89
19.45
22.13
16.12
12.69
17.87
15.53
14.89
16.94
15.59
14.77
15.28
16.59
13.73
10.42
10.07
14.85
20.14
18.86
27.03
27.05
16.42
14.82
12.96
23.31
28.82
20.75
23.4
23.09
21.55
19.68
14.05
16.24
22.48
23.73
19.79
20.49
20.02
22.58
21.52
15.05
17.33
13.38
11.2
23.11
23.18
15.28
18.34
24.93
21.31
21.41
21.37
11.98
9.88
15.81
14.16
9.02
12.53
13.71
13.51
13.61
15.79
14.94
15.43
17.66
16.11
15.56
20.33
18.57
17.13
18.17
22.54
22.71
15.4
18.63
17.5
13.23
13.45
12.55
13.66
17.84
16.91
13.22
11.88
10.87
13.1
16.71
22.39
21.72
12.03
11.01
13.98
13.26
12.36
11.73
11.17
12.59
15.36
15.66
14.39
15.73
14.35
12.16
16.09
14.5
10.28
16.16
16.41
16.45
20.13
18.59
13.9
10.8
10.8
9.55
15.11
16.54
13.92
14.16
17.37
19.64
19.7
20.45
19.62
21.57
17.65
14.64
14.43
13.3
12.88
13.68
16.63
13.29
12.79
16.51
12.23
8.23
12.09
16.96
15.28
12.94
17.15
13.58
12.79
19.16
17.79
15.52
16.48
18.31
17.11
15.46
14.9
21.09
22.0
14.25
17.24
22.71
22.8
20.87
21.17
20.89
16.07
15.27
16.05
15.86
16.02
22.1
25.44
18.03
21.35
27.6
26.75
25.12
20.59
23.47
18.48
9.65
18.9
19.25
11.17
13.13
15.97
21.26
20.7
13.47
18.82
27.0
20.06
14.63
18.57
16.66
14.33
