26.32
26.66
20.46
15.93
19.76
29.8
37.63
33.58
30.49
31.2
35.94
41.75
43.02
43.16
38.7
37.58
41.79
47.06
36.62
29.24
53.89
65.85
54.59
47.64
41.73
48.18
64.37
55.02
47.7
46.59
31.25
46.04
60.93
51.18
47.8
41.6
34.32
34.4
30.92
25.23
32.56
53.13
46.88
29.3
32.64
41.48
44.26
48.46
46.5
34.22
32.8
32.99
46.01
48.55
40.92
37.28
27.21
46.47
53.83
41.78
40.49
33.25
33.0
32.39
28.25
28.69
38.03
39.55
28.43
18.21
20.9
32.54
28.44
23.37
28.47
26.88
20.1
19.87
17.18
12.14
14.99
19.47
15.82
9.89
12.72
15.41
17.99
16.69
14.92
17.82
19.88
17.04
15.4
19.5
16.61
15.83
20.64
23.57
27.57
27.95
22.4
15.0
10.01
15.94
25.6
30.34
29.53
26.17
21.89
20.43
25.93
34.9
29.42
21.0
26.02
30.74
28.44
24.38
26.68
28.08
21.51
26.71
30.55
20.41
15.79
18.54
21.02
23.2
24.78
24.22
24.26
21.29
21.6
18.37
13.71
14.36
10.49
11.28
30.78
36.39
28.39
27.27
22.49
20.13
18.75
16.29
20.78
25.61
19.36
14.2
26.77
27.19
18.95
19.25
34.51
37.2
21.72
15.42
10.55
30.48
34.22
14.11
9.51
12.96
19.7
21.63
26.82
28.93
19.36
17.45
19.64
17.34
16.26
17.54
14.88
12.58
19.6
26.23
18.78
9.95
13.9
16.68
11.67
11.14
17.57
18.45
12.47
13.32
16.87
13.49
21.72
21.66
18.13
20.5
13.27
14.87
16.98
14.63
11.57
10.42
12.15
13.51
16.29
16.05
14.7
19.69
16.29
8.39
13.23
14.38
10.19
7.9
7.79
10.56
9.33
7.33
12.22
16.68
14.24
10.64
9.22
11.25
10.27
10.44
16.52
21.58
17.38
11.28
13.23
22.76
26.77
22.91
22.97
24.0
19.04
16.29
18.75
16.16
23.35
20.85
10.46
8.95
9.57
17.0
19.6
18.95
19.26
23.37
29.87
27.33
29.0
25.81
15.53
16.34
24.74
29.69
37.97
31.72
24.68
33.26
31.5
23.67
18.7
24.83
24.06
19.49
18.42
17.19
21.88
27.42
25.29
17.56
14.67
14.76
11.18
13.11
14.11
10.37
8.42
9.55
13.36
12.79
11.55
13.89
11.78
9.46
11.51
13.19
13.67
11.24
7.42
7.17
10.71
18.01
17.16
15.6
15.77
12.32
10.09
6.76
7.68
5.77
6.87
9.99
7.39
15.95
27.26
17.22
8.5
15.72
16.18
11.97
18.96
17.93
13.05
13.57
12.5
12.92
11.93
12.8
14.12
11.72
11.75
13.09
9.91
8.15
12.63
12.68
8.36
11.59
11.66
8.56
9.47
14.73
19.62
16.69
12.78
9.59
10.61
12.93
12.27
13.07
13.73
17.01
16.51
9.85
7.01
8.82
14.5
16.73
16.71
13.47
12.95
16.07
18.32
16.41
13.21
15.08
14.95
16.66
21.1
16.66
13.8
14.34
16.3
15.92
14.54
21.51
17.72
11.45
14.34
14.54
13.12
11.75
9.41
17.63
18.6
12.39
11.66
9.62
10.46
16.52
23.39
23.27
18.67
22.78
27.54
18.61
13.41
18.47
21.89
14.27
13.97
17.76
13.71
18.82
23.23
28.9
31.92
20.4
17.13
24.12
21.56
22.18
19.65
17.17
24.49
27.19
23.51
20.3
22.01
23.5
28.94
23.83
17.71
20.9
19.07
19.33
21.64
23.0
21.51
20.82
19.44
14.26
13.63
16.86
22.64
18.75
12.35
18.9
18.72
14.22
12.65
15.12
21.38
19.15
16.26
15.01
18.38
19.3
14.4
12.77
14.73
19.26
19.37
23.1
21.73
14.25
21.44
26.16
21.43
20.15
18.44
16.39
22.82
22.35
19.67
19.32
12.94
14.81
17.03
24.4
29.37
23.94
17.61
15.23
15.56
13.9
20.58
27.78
21.06
18.86
22.51
24.32
19.5
8.61
7.79
9.15
9.38
12.78
19.07
18.34
11.81
11.74
17.64
22.75
17.64
20.71
29.23
22.37
14.28
19.68
22.81
20.99
18.63
12.39
19.48
20.18
13.57
15.07
12.44
14.75
18.4
11.24
5.02
11.31
19.4
16.57
16.17
25.13
24.24
13.8
16.14
15.53
8.39
10.91
10.29
15.45
20.65
14.89
10.37
11.19
12.09
16.37
20.89
18.52
11.96
9.56
10.19
11.56
14.87
16.7
17.51
16.74
17.62
14.54
10.19
14.14
14.91
15.59
14.05
11.36
22.59
29.7
23.66
15.61
18.22
17.76
11.74
15.72
16.92
16.99
16.09
15.89
18.09
21.99
19.57
14.32
16.95
21.5
24.43
18.76
15.08
17.67
20.96
19.13
18.02
18.46
15.77
17.18
22.59
30.21
27.49
21.41
18.72
17.99
16.71
14.93
17.07
16.58
19.61
15.39
16.57
19.5
14.65
15.82
20.45
19.84
14.14
18.58
28.14
29.67
20.29
15.16
19.79
23.8
24.37
21.44
14.0
12.83
