-2.4056
-2.3189
-1.8369
-0.9954999999999998
-0.3398
0.0960999999999999
0.4629999999999999
1.084
1.565
1.5494
1.7388
2.2261
2.6933
2.6497
2.3713
3.2049000000000003
4.5903
5.134499999999999
5.0505
4.6605
4.4002
4.9119
5.136699999999999
4.9327
4.5601
4.4886
5.0202
5.048500000000001
4.8073
4.4030000000000005
4.407399999999999
3.9147
2.9873000000000007
3.710600000000001
4.441500000000001
4.4366
4.336
4.1852
3.589600000000001
3.7283
4.9325
4.4492
3.9680999999999993
4.4183
4.284999999999999
5.0445
5.343399999999999
5.447899999999999
4.7308
3.0588
3.9282999999999992
4.0056
3.4176000000000006
4.2272
4.6274
4.526300000000001
4.868100000000001
5.022600000000001
4.963
4.8779
4.184500000000001
3.830000000000001
4.343
5.106999999999999
5.430200000000001
5.4232
5.058800000000001
5.264600000000001
5.2619
5.458600000000001
5.0173000000000005
4.848800000000001
5.804499999999999
5.8042
5.5861
5.4329
5.862900000000001
5.2659
4.9751
5.724500000000001
4.9829
4.141100000000001
4.4445
4.6384
4.3044
3.8383
3.7043999999999992
4.1134
4.103299999999999
3.622100000000001
3.1452000000000004
3.4973
4.014
3.9431
3.9282999999999992
4.445900000000001
4.5752
4.1606000000000005
3.9963000000000006
3.8615
4.516
4.4353
4.5687
5.171800000000001
4.7079
4.289200000000001
4.218500000000001
4.525
4.881800000000001
5.344399999999999
5.6338
5.189399999999999
4.0413
3.8846
4.540400000000001
5.1671000000000005
4.5676
3.6587
4.8205
5.280999999999999
4.3401
4.260699999999999
4.8836
4.6431
4.6528
4.7229
4.5087
4.0837
3.7706
4.02
4.0714
3.5716999999999994
3.952900000000001
4.1092
3.476000000000001
3.6445
4.4391
4.9003
4.1673
3.5281000000000007
3.631500000000001
4.237399999999999
4.4679
4.618
5.033999999999999
4.576900000000001
4.2326
4.0122
4.0311
4.5364
4.030200000000001
4.500800000000001
4.2321
4.0953
4.7465
4.0741000000000005
4.3295
4.3227
3.6024000000000007
3.9109
4.4338
4.136199999999999
3.4496999999999995
3.5888
3.3074
3.0333
3.686900000000001
3.2817000000000003
3.2133000000000003
3.3236000000000003
2.8704
3.0034
3.8714
4.8035000000000005
4.0404
3.2159000000000004
3.911399999999999
4.5131000000000006
4.0859
3.836
4.2468
4.6156
4.7572
4.3252
4.179200000000001
4.0312
3.509
3.641099999999999
4.0081
3.8361
3.8369
4.2097
4.0665
3.7964
3.623800000000001
3.4095
3.5677
3.7956
3.9044
3.9515
4.139900000000001
4.195
4.598400000000001
4.731599999999999
4.6312
4.524500000000001
4.3348
4.7838
4.689399999999999
4.595299999999999
4.9678
5.0476
4.734
5.0122
4.6732
4.1185
4.4430000000000005
4.5776
4.506200000000001
3.6047
3.1494999999999997
2.8280000000000007
2.9986
4.205699999999999
3.9564999999999992
3.0099
3.2939000000000003
3.6746
3.9920999999999993
4.4888
4.021800000000001
4.262600000000001
3.842
3.0110999999999994
3.4644
3.2923
3.6839
4.928800000000001
4.856400000000001
4.1618
4.6409
4.0491
3.5823
3.8309
3.2781
3.2749
3.5363
3.5529
4.0761
4.695499999999999
4.2058
4.1096
4.2532
3.902
4.3333
4.396999999999999
3.5519
3.8333
3.6581
3.1807000000000003
3.6975
3.3455
3.5962
3.9931
3.6241
4.0013
4.3399
4.224799999999999
4.6647
4.827299999999999
4.4551
4.0845
3.618899999999999
3.9899
4.728400000000001
4.479000000000001
4.3068
4.438199999999999
3.9331
3.4642
4.0103
4.4782
4.0054
3.851400000000001
4.149500000000001
3.8636
3.4737
3.5557000000000003
3.6434
3.9135
3.970800000000001
3.8844000000000007
3.8513000000000006
3.8186
3.7446
3.8689
3.7815
3.3878
3.4795
3.7002000000000006
3.6002
3.739199999999999
4.5715
4.279799999999999
3.4803
3.9195
4.0668
4.2065
3.8445
3.6818
4.579899999999999
4.3521
3.6377
3.8477
3.8123
3.4447999999999994
3.797099999999999
4.047699999999999
3.9551
3.9236
3.8823
4.0118
3.6758
4.0256
4.5896
4.369000000000001
4.2164
4.2817
4.264600000000001
3.5506
3.3266000000000004
3.7475
3.9554
3.6523
3.5893000000000006
3.4661
3.6114000000000006
3.5234
2.9647999999999994
2.5473000000000003
2.9669
3.1950000000000007
3.318600000000001
3.7224999999999993
3.4755000000000003
3.8328
4.2151
4.4933000000000005
4.224600000000001
3.452000000000001
3.692
4.559
4.665900000000001
4.4252
4.222899999999999
3.9395
4.1182
4.1878
4.0218
4.517500000000001
4.7012
4.406700000000001
4.460999999999999
4.711699999999999
4.7447
4.3741
4.1912
3.8742
3.8862
4.242000000000001
4.1634
3.8593
4.3888
5.175300000000001
4.7493
4.5241
4.7201
4.2932
4.684500000000001
4.933299999999999
4.1345
4.2923
4.4367
4.3351
4.861299999999999
4.293099999999999
3.5908
4.0846
4.7784
4.742600000000001
4.2856
4.0401
3.826200000000001
3.4863
3.6357
4.779
4.5161
2.8292000000000006
2.212
3.1977
3.2031000000000005
3.0566000000000004
3.3442000000000003
3.3681
3.971200000000001
3.7278000000000007
3.4907999999999992
3.980200000000001
4.317
3.5207999999999995
3.2631
4.097
4.2929
3.8105
3.134
3.8978
4.2337
4.3367
4.4701
4.1644
3.4563000000000006
3.3255
4.0438
4.146599999999999
3.4977000000000005
4.0582
4.7967
4.6375
5.1206000000000005
4.9452
4.5884
4.4984
4.2757
4.018
4.3066
4.361
4.6534
4.877599999999999
4.0719
4.2103
4.5853
4.0836
4.544900000000001
4.8605
3.9287
3.6094
4.8475
4.8580000000000005
4.5057
4.2431
3.551100000000001
4.052600000000001
4.4717
4.3396
4.1191
4.2954
4.439900000000001
4.4328
4.4712
4.2839
4.4323
4.3871
4.0775
3.9825
3.7194
3.766
4.4231
4.870900000000001
5.183599999999999
5.284199999999999
4.582800000000001
4.0568
3.851
3.9641
4.1724
4.222600000000001
4.1511000000000005
4.703
4.7936000000000005
3.9913
4.0883
4.561399999999999
4.4437000000000015
4.132099999999999
4.0192
3.832
3.7283
4.060200000000001
3.9501
3.7172
4.071400000000001
3.9681000000000006
3.8406
4.3371
4.634
4.178
4.0053
3.879300000000001
4.0834
4.5179
4.1832
4.1766
4.442500000000001
4.453800000000001
3.9521
3.7291000000000007
4.0669
4.0963
3.801
3.6698
3.8708
3.7946
3.5159
3.5267
3.7843
3.7403
3.434
3.3991
3.7072
3.1614
3.0105999999999997
3.4041
3.556
3.492
3.0762
3.6703
3.8506
3.825600000000001
3.9222
3.1801
3.0831999999999997
3.5175
3.0411
3.4889
4.0532
3.5568
3.4578
3.4765
3.4739000000000004
3.315300000000001
3.437
4.051799999999999
4.381799999999999
3.6311
2.9291
3.4727
3.7826
3.758999999999999
4.1044
4.1737
4.043100000000001
3.4361
3.808499999999999
4.400899999999999
3.819500000000001
3.8967
4.1234
4.660900000000001
4.547899999999999
4.1016
4.6812
4.7912
4.1754
4.0501
4.3725
4.0625
3.345
2.9605
3.1225
3.5551
3.6916
3.5836
4.0929
4.3822
4.0697
4.113700000000001
4.3225
4.512700000000001
4.1994
3.476800000000001
3.306599999999999
3.3817000000000004
2.7354000000000003
2.6129
2.4752
1.9604
2.6259
3.1260000000000003
2.6048
2.3963
2.0507
0.3388999999999998
-0.0377
0.4828999999999999
0.1559999999999999
0.3445999999999998
0.4241
0.1395
-0.0197
-0.2977999999999999
