-3.084
-2.7737
-2.2094000000000005
-1.33
-0.7517
-0.2442999999999999
0.8321000000000001
1.5731
1.5361999999999998
1.4875999999999998
1.7544000000000002
1.9735000000000005
2.2877
2.4197
2.4115999999999995
2.1726
2.1229
2.7904
3.0211
3.0415
2.9914999999999994
3.0925000000000007
3.3480000000000003
3.7419
4.0159
4.0397
4.3167
4.4237
4.755700000000001
4.7325
4.1141000000000005
3.5786
3.5433
4.0985000000000005
4.1721
3.8402
4.5257
5.1904
4.7203
4.4438
4.7606
4.2336
4.0708
4.4333
4.594600000000001
4.785
4.6077
3.9801
3.5657000000000005
3.3237999999999994
3.414799999999999
4.0738
4.429200000000001
4.640899999999999
4.4771
4.0633
3.5585
3.7238
4.265899999999999
4.3023
4.5327
5.234300000000001
5.2749
4.443499999999999
5.052499999999999
5.368100000000001
4.3132
3.7397
4.064699999999999
4.7785
4.5848
5.046799999999999
4.9039
4.009799999999999
4.635200000000001
4.5381
4.279999999999999
4.1496
4.109399999999999
4.8765
4.3959
3.8128
3.9917
4.2903
4.3094
4.330500000000001
3.966999999999999
3.6106
3.7616
3.8518
4.271599999999999
4.346700000000001
4.0506
4.084299999999999
4.4701
4.9791
4.6573
3.9796
3.736799999999999
3.4424
3.551100000000001
3.5432
3.3364
3.2035
3.3763000000000005
3.9825
3.8574
3.3885999999999994
3.5416
3.5271
3.6723
3.7157
2.8968000000000003
2.7654
2.9002000000000003
2.8977999999999997
3.5167999999999995
3.1101000000000005
2.6225
2.7905
3.3963
3.4712
2.9826999999999995
3.1202
2.8656999999999995
2.4411
2.8641
4.041
4.0306
3.6413
3.6005
3.5988000000000007
3.4536
3.1880999999999995
3.7241
4.1673
3.8378
3.4282
2.9841
2.9628
3.1483000000000003
3.443600000000001
3.4342000000000006
3.4353
3.6544
3.5044
3.367100000000001
3.1733
3.2823
3.4902999999999995
3.6135
3.8614000000000006
4.0426
3.7599999999999993
2.9357
2.9036
3.4675
2.8121000000000005
2.7037
3.0893
3.0020000000000007
2.7892
2.8370000000000006
3.0368
3.0564
3.0895
3.0559000000000007
2.892900000000001
2.8344
3.1201
3.1031999999999997
3.2318000000000007
3.3650000000000007
3.3048
3.1422000000000003
3.0230999999999995
3.2060000000000004
2.7714
2.7568
3.1526
3.2353
3.255099999999999
3.542
3.5974
3.8133
4.8157
4.6808
4.495900000000001
4.123100000000001
3.8841
4.081799999999999
3.5225
3.782000000000001
4.4484
3.679
2.9683000000000006
3.7561
4.3378000000000005
4.3988
4.3303
4.312499999999999
3.9998
3.3814
4.0785
4.7011
3.904200000000001
3.3870999999999998
3.5645
3.5232
3.7309
3.8027
4.282299999999999
4.334
3.9854000000000007
4.2742
4.162400000000001
4.0464
4.0506
3.9201
3.612400000000001
3.5861
3.403900000000001
3.4032
3.5602000000000005
3.5125
3.741
3.847
3.6013
3.5672
3.543799999999999
3.431399999999999
3.7314
3.8503
3.5024
3.8537
3.7411
3.2498
3.288
3.7412
3.987799999999999
3.706
3.776400000000001
4.027299999999999
3.9518
3.1847000000000003
3.471099999999999
3.4705999999999992
2.8904999999999994
3.9384
4.1789
3.6416
3.7169000000000008
3.6421
3.740200000000001
3.9072
3.1416000000000004
2.8967
3.4172
3.4188
4.1836
4.5051000000000005
3.636800000000001
3.2149
3.2004
3.6879
4.2391000000000005
3.854400000000001
3.629599999999999
3.6124
3.6813
3.576000000000001
3.3829
3.4975
3.2194
3.2512
3.7718
4.3171
4.3119
4.453600000000001
4.051599999999999
3.4913
3.8457
4.1591000000000005
3.7464
3.6772
3.8993
3.6119
4.0349
4.0844
4.0177000000000005
4.343499999999999
3.818
4.0307
4.8221
5.0182
4.5101
4.2174000000000005
5.2085
5.1676
4.0564
3.9765
3.928000000000001
3.4924
3.5782
3.6686
3.5822
3.1829
3.064
4.102399999999999
4.427600000000001
3.029200000000001
2.788299999999999
3.6904
4.0143
4.243799999999999
3.561200000000001
3.0204000000000004
3.775100000000001
4.0719
3.7049000000000007
3.5726
3.3847000000000005
3.6225
3.933300000000001
4.0062
3.936200000000001
3.5944000000000007
3.8412
3.4431
2.7845
3.3572
3.684
3.2448
3.0517000000000003
3.1675000000000004
3.6709
3.6812
3.4545
3.675300000000001
3.7954
3.3671999999999995
3.0297
3.2045000000000003
3.9257
3.8024
2.8654
2.5390999999999995
2.5381
3.2856
4.1138
4.0826
3.5448000000000004
3.1173999999999995
2.9715000000000003
3.3791
3.7937000000000007
3.5343999999999998
3.4041
4.0326
4.2203
4.3576
4.2357
2.891399999999999
2.8188
3.1874
3.4645000000000006
3.4263
2.5897
2.801600000000001
2.9422
3.187000000000001
3.2556
2.9927
2.6327
1.9828000000000003
1.6481
1.3469000000000002
2.1991
2.9561
2.4794
2.6616000000000004
2.8284
3.2395
2.8771
2.710899999999999
3.3185
2.593399999999999
2.0594
1.9719999999999995
1.7702
1.604
1.9554
1.8964
1.7768000000000004
2.0643
2.4707000000000003
2.9012999999999995
2.860499999999999
2.9026
2.4523
2.5554
3.2565000000000004
2.9929999999999994
3.2319
3.4138000000000006
2.9964
3.0691999999999995
2.7060000000000004
2.5996
2.6124
2.7629
2.5913
2.1874
1.7348
1.2564
1.3688000000000002
1.3014
1.8379
2.0956
2.9874
3.4315
2.7840000000000003
2.7203
2.4236
2.4504
2.6396999999999995
2.718899999999999
2.8505000000000007
2.6697
2.1913
2.1294
2.9066
3.613
3.4317999999999995
3.31
3.4232
3.5316999999999994
3.5085
3.4300000000000006
2.8596000000000004
2.6794
3.4062
3.1145
2.9422
3.1346
2.867400000000001
3.2392000000000003
4.3279
3.9902
3.6935
3.5012000000000008
3.3117
3.1178999999999992
2.7318
3.8399
4.2108
4.103199999999999
4.3696
4.5425
5.1176
4.925700000000001
4.3453
4.724500000000001
4.5106
4.3446
4.596399999999999
4.2536000000000005
4.2516
3.656400000000001
3.9284
4.3006
3.2596000000000003
3.5624000000000007
3.915499999999999
3.3476000000000004
3.6962
3.594799999999999
2.8681000000000005
3.5548999999999995
4.8208
4.8455
4.4283
4.3579
4.243900000000001
4.3657
4.466
4.283599999999999
4.3325
4.3331
4.4195
4.5964
4.4847
4.4636000000000005
4.766800000000001
5.254100000000001
5.270199999999999
4.870299999999999
4.686299999999999
5.618999999999999
5.5547
4.0825
4.524
5.297900000000001
4.5407
3.9717
3.7938
3.6149
3.87
3.8497
3.0113
3.568
3.704600000000001
2.639900000000001
2.6836
2.8958000000000004
2.5950000000000006
2.3753999999999995
3.0254000000000003
2.78
2.6121
3.116399999999999
2.2708
2.208
2.7455000000000003
2.8004
2.4290000000000003
2.6059
2.940900000000001
3.3947
4.118399999999999
3.972700000000001
4.540400000000001
5.2989
4.9923
4.1234
4.2417
5.2418000000000005
4.9657
3.9312
3.6475999999999993
3.5927999999999995
3.7455
3.1880000000000006
2.9845000000000006
3.1291
2.4115999999999995
2.0595
2.1747
2.2633
2.1285
2.117800000000001
2.401
3.1911
3.6553
3.7634
3.4672
3.238000000000001
3.4019999999999992
3.3758000000000004
3.872699999999999
3.7294
3.1152999999999995
2.965599999999999
3.057199999999999
2.865
2.3662
3.2791999999999994
4.1386
4.4113
4.5006
3.7331
2.9942
3.485300000000001
3.7524
3.214600000000001
3.5419
4.3256
4.640300000000001
4.3012
4.147799999999999
3.9712
4.2561
4.8093
4.2746
4.1457
4.3532
3.7608
4.0433
3.8837
3.7006
3.5018
3.5602000000000005
3.5269
2.9459
3.3196
3.2712
3.1429
3.5505999999999998
4.1184
3.5885000000000007
