-5.5764
-4.9119
-4.1575
-3.3243
-2.1677
-1.1201
-0.1113
0.0791999999999999
0.2986
0.8234999999999999
1.5484000000000002
2.1148
2.1668
2.2534000000000005
2.384
2.6907000000000005
3.4667000000000003
3.9467
3.6261
4.000500000000001
4.371000000000001
4.2133
4.2958
3.8621
3.3637999999999995
3.4812000000000007
3.6528
4.1542
4.185599999999999
3.7727
4.2388
4.8924
4.6736
4.8747
5.158
3.8815
3.7998
4.0596000000000005
3.5362
3.3565
3.5218000000000003
4.3584000000000005
3.7263000000000006
2.5527
2.7961
3.1278
2.658399999999999
2.0268
2.1047
2.9111
2.9467000000000008
3.0855
3.7101
3.1568
2.7080000000000006
3.1353000000000004
3.0495
3.797399999999999
5.323099999999999
5.214499999999999
4.2589
4.1529
4.0029
4.3578
4.5164
4.3946000000000005
4.4743
3.5234000000000005
2.6611
2.7865
3.2207
3.1217000000000006
3.4528
3.5108
3.0520000000000005
2.9904
3.286800000000001
2.519
1.3478
0.7226
0.9164
1.8147
2.3109
2.1224
2.4977
2.6912000000000003
1.7834000000000003
1.6265000000000005
1.913
1.6709
0.7993999999999999
0.6743000000000001
1.7105
2.3231
1.4497999999999995
1.198
1.3703999999999996
1.4984
2.2674
2.0611
2.1582
2.3768
1.3284
0.8698000000000001
1.5986999999999998
1.5681000000000005
0.6172000000000001
0.2259
0.4844999999999999
1.0399
0.8371999999999998
0.5562000000000001
0.6890000000000001
0.2563
0.1636999999999999
-0.0172999999999999
0.3175
1.2352999999999998
1.7586000000000002
1.8332
1.7783000000000002
2.285
2.7717
2.4053000000000004
2.2042
2.5719
2.1000999999999994
1.265
1.2826999999999995
1.2413999999999998
1.0413
1.1207000000000005
0.6246
0.3028
0.7034999999999998
1.3354
1.5367999999999995
1.3736
2.0227
2.4529
2.3587
2.5797000000000003
2.5069
2.9249
3.5169
3.009100000000001
2.5655
2.7721000000000005
2.4433
2.424
2.3437
2.0521
2.4730000000000003
2.3879
2.8119
3.4411
2.8805000000000005
2.4426
2.4828
2.8108
2.9378
2.4391000000000003
2.6311
2.8481
3.4068
3.9082
3.7685
3.6285
3.3299000000000003
3.4107000000000003
3.4294
2.5996
2.2418
2.4266
2.0154999999999994
2.3695
2.8184
2.4856
1.8319
0.9576
0.5515000000000001
1.182
1.5715999999999997
1.1014000000000002
0.9063
0.8676999999999998
0.6818000000000001
0.6300000000000001
1.0369000000000002
1.6682000000000006
1.8372
1.9349
2.1696
2.1334
1.9922
2.4266
2.618899999999999
2.0778
1.6624
1.5164999999999995
2.1211
2.5137
2.5868000000000007
2.6515000000000004
2.5406000000000004
3.0927
2.7271000000000005
2.087
2.2214
2.5552
2.6909
1.8696
1.7471000000000003
1.9894000000000005
1.5104000000000002
1.0920999999999998
1.4203
1.9660999999999995
2.4730000000000003
2.2138
1.7034
1.8766
1.7308000000000003
2.2162
2.6789
2.790399999999999
2.295
1.9974
2.4866999999999995
2.8814
2.9899
2.5466999999999995
2.852
2.6246
2.1707000000000005
2.4818
2.2882
2.2585
2.3161
2.3436000000000003
2.5328999999999997
2.3849
2.7321
3.0219000000000005
2.4679000000000006
1.8423
2.1833
2.8453000000000004
2.495
2.2489
3.0353000000000003
2.9842
2.4652000000000003
2.4365
2.4262000000000006
2.7829999999999995
2.8598000000000003
2.7247000000000003
2.5869
2.3157000000000005
2.1522
2.0085999999999995
2.0533
2.2326
2.209
1.9245
1.8260000000000003
2.124
2.0672999999999995
2.5563
2.7825
2.4911000000000003
2.8324
2.5943
2.2985
2.0416000000000003
1.8445
1.884
1.9505
2.0058
1.8809
1.9692
1.8315
1.9178
2.5021
2.3928000000000003
2.2284
2.3726000000000003
2.3058
2.3352
2.3478
2.5905
2.5697
2.3814
2.4338
2.3109
2.0435000000000003
2.1107
2.3081
2.3577
2.3002
2.0505
1.6791999999999998
2.0238
2.4269000000000003
2.2840000000000003
2.4604000000000004
2.6096000000000004
2.5078000000000005
2.0445
1.72
1.7564000000000002
1.6544
1.7635000000000003
2.033
2.3351
2.5885
2.8309999999999995
2.7638
2.1967
2.3374000000000006
2.5982000000000003
2.2791
2.2087
2.1223
1.9562000000000004
1.8874
1.9892
2.236800000000001
2.2749
2.1027
2.1696
2.2621999999999995
2.1272
2.2555
2.0512
1.8284
2.1884
2.742700000000001
2.6894000000000005
2.5916
2.7876
3.0099000000000005
3.1988000000000003
2.844
2.6530000000000005
2.5567
2.6765000000000008
3.0478
3.319500000000001
3.1625
2.5673000000000004
2.7834
3.2944
3.6365
3.472700000000001
2.8046999999999995
2.7902
2.6933
2.8397999999999994
2.9007999999999994
2.638
3.2470000000000003
3.3823000000000003
2.903400000000001
2.587
2.3796
2.5916999999999994
2.677
2.9466999999999994
3.0988
2.7021
2.7137
2.8623000000000007
2.1907
2.3314000000000004
2.5597
2.459
2.6007
2.5501
2.647699999999999
2.3955
2.6375
2.6472999999999995
2.5515
2.6245
2.7574
2.5929
2.5121999999999995
2.6776999999999997
2.8624
3.1354
3.3397999999999994
3.6319
3.3475000000000006
3.6388000000000007
4.0062
3.2741
3.5174000000000003
3.832
3.9558
4.3215
3.5467999999999997
3.468600000000001
3.3786
3.5903000000000005
3.9549
3.9469
4.0454
3.3456999999999995
3.2601
3.5633000000000004
3.8481
3.6218
3.6064
3.5380000000000003
3.3089
3.0824
2.4619
3.1126
3.772
3.4714
2.8450999999999995
2.8738
3.5185000000000004
3.3292999999999995
2.9513
2.896299999999999
2.975799999999999
3.4536
3.4548
3.1793
3.1762
3.2094
3.4098
3.3611999999999997
3.1749000000000014
3.0744
3.2153000000000005
3.2423999999999995
3.1370000000000005
2.9435
2.9601
2.8163
2.4066
2.8776
3.2879
2.9578999999999995
3.1518
3.660600000000001
3.5815
3.0165
2.5579
2.6540000000000004
2.838
2.7318
2.676
2.7073
2.6061000000000005
2.8903
3.5369
3.3473999999999995
3.2638
3.4624
2.9152
2.9513000000000007
3.2838
2.8440000000000003
2.8378
3.4375
3.1145
2.6512
2.9407
3.1225
2.6718
2.326
1.9481
1.5694
1.3931
1.4980000000000002
2.0403
2.3414
2.4658
2.4641
2.5584
2.9665999999999992
2.874000000000001
2.8463
3.075000000000001
2.9239000000000006
2.9474
2.3786
1.8227
2.4576
2.6726
2.6026
2.8397999999999994
3.0997
2.7428
2.9068
3.349099999999999
3.0794999999999995
2.9672
2.6246
2.6508000000000003
2.7224
3.008699999999999
3.0144
2.8943
3.4455
3.7284
3.0741
2.7433999999999994
2.7355
2.5116
2.7736
2.9518
3.0878
2.8973
2.431
2.3378
2.1735
1.8456000000000008
1.7123999999999997
1.9597
2.5846
2.6846
2.696
2.2503
2.3227
2.4622999999999995
2.2295000000000003
2.5189000000000004
2.2656
2.1467
1.7374999999999998
1.7191999999999998
2.3389000000000006
2.1448
1.9817000000000005
2.4676
2.5187
2.4902
2.5988000000000007
2.1502000000000003
2.0604
2.4569
2.67
2.4970000000000003
2.5265
2.714
2.6703
2.7749000000000006
2.2955
2.2
3.1522999999999994
3.1612
2.676
3.3788
3.4647
3.0034000000000005
3.4909000000000003
3.401
3.4217
3.3048000000000006
2.834800000000001
2.8498999999999994
2.7561
2.7373000000000003
2.779
2.5416
2.7284
2.7656
2.3747
2.7064999999999992
3.1368000000000005
3.0747000000000004
3.1543999999999994
3.5102999999999995
3.4945
3.5739000000000005
3.9922
3.6873
3.186500000000001
3.3576000000000006
3.7799
3.9202
3.4293
3.2886
3.7701
3.5821000000000005
3.2906
2.9580999999999995
2.8111000000000006
3.339
3.5752000000000006
3.3782
3.3795
3.2769
3.1719000000000004
