25.92
35.3
29.66
20.68
29.65
30.08
28.0
30.38
36.2
34.48
24.4
21.76
26.23
23.27
15.07
14.24
20.56
24.77
19.35
13.9
14.31
17.41
20.73
17.67
14.93
12.84
13.14
18.91
21.99
18.46
16.91
16.14
15.5
19.93
22.53
19.82
21.52
21.93
18.44
17.75
16.35
19.29
17.52
19.52
19.8
14.19
15.07
17.87
18.92
20.12
23.8
21.97
22.69
26.6
27.54
23.08
22.75
27.55
29.79
31.67
30.31
23.46
16.26
22.93
24.93
25.49
23.82
20.22
20.73
17.46
17.37
24.15
24.75
18.99
17.62
19.08
21.39
18.34
19.04
23.08
28.2
26.27
17.36
20.61
30.51
26.69
23.9
24.37
29.1
32.91
30.58
35.68
40.33
39.25
33.64
32.6
37.34
33.98
24.67
21.62
18.01
15.49
26.64
29.45
32.45
33.3
28.0
31.45
32.45
31.88
31.49
28.02
18.69
20.46
22.77
17.4
15.54
19.2
21.7
28.72
27.77
15.77
14.31
14.78
16.34
23.39
20.88
17.32
23.59
22.51
23.69
22.88
16.14
28.23
30.77
20.68
20.4
20.44
19.9
19.74
25.83
29.1
25.65
24.88
28.05
30.74
28.23
20.2
23.86
26.8
20.4
26.64
28.76
30.82
32.97
23.52
26.88
32.55
30.04
32.43
29.74
34.81
37.29
30.03
28.03
28.29
28.54
26.69
35.94
35.46
28.62
29.95
28.99
30.72
32.61
32.8
35.99
28.65
26.45
29.67
22.95
24.51
25.21
23.44
27.67
26.23
20.25
25.81
31.58
35.74
38.59
34.21
32.5
32.69
29.52
30.12
29.64
22.75
24.51
26.89
22.91
25.9
32.1
30.26
26.32
36.46
33.96
20.47
26.44
33.51
29.56
21.29
25.75
28.99
26.18
27.95
24.55
24.52
26.82
22.33
21.69
22.77
21.47
22.15
21.54
18.14
18.37
28.47
32.85
25.86
26.0
35.53
29.84
20.12
15.59
18.33
18.08
18.73
31.34
30.75
27.77
25.8
26.94
25.61
20.45
19.01
18.49
24.3
28.64
29.35
30.78
33.05
31.6
36.75
34.48
29.12
33.79
33.48
33.19
32.23
30.88
21.41
22.86
26.59
18.8
21.91
27.93
27.66
24.91
22.59
29.79
30.69
26.9
27.38
34.46
33.51
27.08
36.1
32.49
23.5
24.35
23.82
24.63
27.88
25.35
25.35
28.27
29.31
30.96
26.78
23.97
27.74
31.7
29.76
25.32
35.37
35.04
28.76
27.93
31.0
31.91
25.82
23.36
25.24
26.61
19.96
20.4
30.3
31.27
28.94
28.01
29.12
29.99
25.72
28.18
33.13
32.72
27.77
25.85
25.61
25.62
28.16
27.46
27.57
31.1
31.52
33.72
36.92
28.84
22.7
21.49
31.85
40.26
32.42
33.72
31.02
30.12
30.01
31.09
37.79
28.7
29.61
37.57
37.78
35.95
32.62
31.92
26.48
27.77
31.81
32.19
36.3
31.48
24.76
33.72
33.42
35.83
42.71
27.74
23.52
37.51
40.86
30.34
20.14
24.23
27.13
24.36
29.89
26.72
23.47
25.95
25.48
22.82
25.97
29.55
28.73
29.3
33.73
39.9
35.16
25.22
25.11
39.82
48.5
44.48
35.15
27.03
31.58
31.01
25.98
25.93
25.05
28.63
25.17
24.94
30.44
21.69
20.9
30.09
31.83
33.01
34.04
31.72
33.7
40.6
29.98
22.92
28.99
27.23
32.34
41.63
37.06
32.48
38.19
32.6
26.48
28.37
31.67
31.97
29.1
30.37
28.41
36.72
33.97
26.34
31.73
40.51
44.48
36.56
37.96
39.48
29.4
23.25
29.39
30.82
28.9
30.64
27.64
37.08
36.3
25.23
28.27
28.9
28.9
30.69
29.2
22.98
20.17
21.9
24.6
25.77
31.43
37.63
33.96
33.66
32.66
22.04
25.15
33.6
26.87
25.96
30.76
29.39
27.35
27.28
26.33
23.27
28.43
28.79
20.32
23.43
34.55
32.72
26.67
25.2
25.45
29.99
34.26
31.25
29.31
32.13
26.95
26.97
27.36
21.3
27.99
34.15
26.05
24.73
31.62
30.99
30.31
30.67
33.96
34.14
26.68
28.57
28.04
29.75
35.39
36.03
34.73
28.44
29.24
29.59
20.96
18.66
20.82
22.35
25.35
35.45
37.0
30.9
27.86
23.93
23.87
21.47
23.37
31.46
30.04
28.28
27.68
23.23
25.2
30.9
28.93
25.63
20.97
18.29
27.74
26.92
24.2
25.04
24.42
27.45
25.9
24.98
29.06
29.64
31.76
33.65
32.97
31.67
28.65
31.16
31.08
30.69
30.03
31.46
28.36
19.98
25.09
27.05
23.58
26.1
26.3
27.66
34.45
30.3
23.3
29.27
27.32
19.85
24.33
27.3
24.37
26.17
29.32
26.67
28.54
32.54
27.96
27.98
31.8
28.5
26.57
27.32
32.32
32.57
30.59
31.35
29.17
28.85
34.5
34.18
28.18
27.79
33.57
28.86
18.21
24.61
24.15
22.98
24.4
22.84
28.13
27.01
28.0
32.16
27.01
