18.4
17.33
17.73
28.19
34.26
22.84
19.5
18.65
24.42
27.58
25.06
19.25
10.12
11.36
13.11
17.65
16.6
16.84
20.1
25.76
33.28
27.6
15.14
10.64
16.44
21.96
32.01
38.32
28.11
26.54
29.7
40.14
33.33
20.78
20.78
12.38
17.37
24.59
20.74
20.18
17.47
11.71
14.45
18.66
19.1
30.15
28.29
20.63
19.38
14.94
16.98
14.06
14.57
21.28
25.46
20.97
18.66
22.71
19.37
14.67
20.39
21.51
15.82
11.89
19.86
29.03
27.09
25.28
18.84
17.57
33.38
49.38
41.53
27.53
29.4
33.65
26.11
16.05
21.22
30.76
36.65
32.72
23.95
20.78
24.43
31.04
37.02
28.43
22.04
24.0
24.32
31.72
26.73
24.48
25.64
28.35
31.45
23.99
22.11
27.37
30.86
27.75
21.51
17.84
21.58
22.8
21.66
27.63
31.39
25.26
19.76
20.91
23.25
32.21
31.85
26.66
31.23
31.31
29.6
25.97
30.9
39.56
29.54
23.33
18.01
12.79
27.52
40.71
34.54
23.52
18.29
22.11
29.0
29.41
32.56
31.51
25.3
25.41
23.44
26.4
26.11
19.7
16.64
21.93
21.73
19.41
31.5
29.27
26.14
35.55
24.79
20.15
24.89
25.16
38.84
31.43
19.75
37.55
34.17
21.09
27.58
41.07
41.7
27.9
23.87
27.61
25.82
21.76
31.91
26.26
28.91
32.32
23.14
23.23
19.74
30.26
24.33
20.65
33.09
29.53
27.8
29.02
30.37
30.53
24.64
25.06
32.5
27.46
22.54
33.39
37.39
26.1
16.42
20.86
31.27
25.8
22.55
23.84
27.87
29.39
25.29
25.29
29.61
22.16
20.88
32.43
26.29
24.24
24.96
41.32
47.3
26.26
26.77
28.02
24.04
33.37
27.99
26.64
36.1
33.66
25.23
23.13
22.23
20.63
32.55
30.68
26.32
22.79
20.22
27.96
31.85
31.64
26.38
35.79
43.39
26.3
25.27
28.59
20.35
20.35
26.3
33.96
30.45
33.76
30.28
22.63
33.0
35.65
26.95
19.84
23.25
35.69
31.83
32.75
39.35
30.11
22.73
22.13
32.29
40.2
31.25
19.25
19.56
30.8
32.13
25.25
27.7
25.21
25.01
25.49
30.91
33.14
33.01
35.25
32.83
46.29
43.43
39.2
41.54
36.8
48.41
46.8
32.43
29.43
31.63
35.06
25.54
20.71
21.38
24.86
28.59
27.11
25.77
25.14
31.81
34.41
29.96
19.83
23.03
35.13
44.72
49.85
42.34
28.41
25.95
23.45
24.41
39.72
42.55
38.32
30.52
26.03
32.76
27.39
26.8
33.77
38.6
33.54
27.46
23.12
17.16
26.1
22.91
20.9
40.3
34.22
17.89
27.21
28.64
24.78
19.46
23.8
39.86
39.49
34.39
29.68
37.56
33.88
18.98
28.66
40.44
40.52
42.5
44.27
38.74
33.47
27.1
34.25
41.62
47.23
40.03
30.8
30.18
25.44
37.77
44.13
33.43
25.17
39.37
43.3
29.78
31.71
37.49
33.62
27.2
24.64
45.81
48.87
31.59
27.23
24.15
25.9
29.25
37.98
35.97
39.87
45.64
38.34
30.23
20.37
24.84
30.86
36.1
38.2
42.62
40.14
37.79
38.66
29.28
34.77
39.71
40.67
39.87
39.94
37.35
31.53
28.78
30.16
43.6
45.48
32.06
30.55
29.55
27.87
27.29
34.49
41.79
38.58
39.44
36.97
29.46
29.55
31.77
25.82
19.78
20.82
34.93
40.42
41.09
43.38
37.6
29.73
21.67
20.54
24.48
29.97
25.59
25.69
32.36
37.02
36.04
39.03
39.0
33.58
29.9
28.46
29.34
26.73
31.5
34.29
37.12
43.83
36.04
39.36
38.63
31.65
40.18
42.75
42.54
45.04
35.27
24.83
34.3
34.66
29.11
32.13
39.02
31.58
33.3
38.94
31.96
45.01
57.57
41.85
25.88
32.07
30.7
28.37
27.04
26.41
39.42
44.33
34.04
25.41
31.75
32.04
27.87
34.17
37.24
32.19
24.53
24.34
25.19
26.78
34.21
35.38
33.16
36.93
45.21
41.98
31.52
44.2
47.69
37.44
53.87
55.51
32.74
24.45
27.26
27.71
26.54
29.19
30.73
22.48
25.72
36.48
27.94
27.32
35.42
38.07
46.1
41.19
40.12
38.56
29.13
30.01
33.79
33.56
35.08
36.28
32.66
34.76
39.35
42.21
30.67
35.94
38.19
22.35
25.83
30.22
25.6
29.58
32.67
30.62
34.92
30.21
29.29
31.36
26.58
26.9
33.47
36.33
30.83
23.54
29.25
31.98
29.88
34.17
38.26
40.12
30.79
22.78
24.98
32.84
33.41
32.86
31.6
32.51
35.98
30.44
24.9
25.29
29.78
33.0
31.54
29.59
30.39
28.56
25.8
27.9
30.94
25.66
26.72
35.41
42.93
34.59
28.07
28.62
38.06
55.74
42.66
33.88
35.57
21.08
22.7
30.17
24.96
40.99
41.54
39.27
42.14
34.39
41.81
51.76
41.08
21.43
21.15
31.23
33.92
43.32
