8.48
11.06
10.18
13.26
26.7
38.42
41.57
28.93
24.92
24.15
20.0
30.81
30.82
36.39
36.77
19.76
24.96
36.6
28.66
19.9
28.34
27.5
20.2
22.13
30.84
33.11
27.91
28.03
26.08
21.23
15.77
13.71
18.15
17.1
17.17
21.05
14.05
9.11
17.06
19.41
18.63
20.2
22.48
24.12
24.84
26.35
27.92
28.97
21.84
16.38
18.98
20.17
24.06
24.06
17.55
23.5
32.1
30.27
20.72
17.17
20.81
21.47
24.16
24.33
21.0
20.96
26.89
28.74
23.99
23.73
21.31
29.54
34.72
28.57
28.5
25.5
25.14
25.27
24.76
31.25
30.69
17.49
19.06
25.69
26.34
24.57
20.36
16.18
14.79
36.67
47.09
33.53
29.52
33.39
26.56
20.27
26.2
30.07
27.71
26.16
32.51
33.5
23.86
18.01
21.26
26.11
29.4
26.48
24.66
26.81
25.9
26.83
28.6
25.82
23.33
21.09
18.63
20.99
21.12
26.43
25.95
21.18
23.16
23.96
21.49
23.31
28.43
22.99
23.03
28.46
30.01
27.45
21.11
25.65
31.97
35.56
30.64
21.26
22.56
23.31
23.41
22.48
20.15
25.24
26.11
17.51
20.99
31.52
31.07
25.49
31.23
29.79
20.85
17.11
21.01
24.34
22.31
25.16
25.01
23.19
20.34
24.16
28.02
26.85
29.48
27.09
20.68
22.8
33.97
33.92
30.2
33.37
28.69
25.55
26.74
23.95
25.75
26.96
25.23
25.55
27.16
30.07
28.0
24.43
20.83
28.06
27.88
19.82
25.91
28.41
24.34
24.72
24.93
24.52
29.05
31.25
27.79
27.54
26.1
26.23
28.58
23.08
20.32
25.51
29.63
27.76
26.43
28.48
25.61
28.4
33.38
29.44
34.41
34.22
25.41
26.72
32.01
31.48
28.91
30.28
30.5
28.31
23.83
26.77
27.78
30.96
32.56
28.07
28.18
28.99
31.43
27.69
29.64
33.2
33.64
30.9
25.07
26.55
29.63
28.77
24.7
28.2
35.48
35.0
35.13
33.92
33.56
33.02
25.26
23.9
25.27
22.0
26.41
33.24
32.44
27.29
25.43
26.2
26.9
34.78
28.58
22.15
24.87
23.91
29.61
33.44
30.2
32.56
34.77
29.1
27.23
33.62
35.72
32.63
34.81
32.28
33.16
35.36
26.82
23.97
30.1
35.37
37.59
31.67
25.21
29.79
35.33
33.17
28.2
31.11
29.0
35.55
42.22
35.37
35.61
32.49
31.51
33.26
30.67
24.73
29.66
34.33
32.99
32.04
29.07
28.31
27.06
30.82
31.55
32.35
35.2
33.73
29.71
27.16
32.28
34.55
30.83
28.67
27.15
31.85
37.25
35.88
30.51
23.16
25.82
31.47
37.37
37.4
30.42
24.91
23.28
30.01
34.79
32.85
36.16
39.57
31.82
29.3
29.35
30.62
38.3
38.18
30.28
33.11
36.22
34.82
35.06
27.73
31.88
35.3
30.18
32.94
35.75
36.81
31.12
27.09
29.18
35.46
39.37
36.38
31.75
27.75
31.94
36.74
36.52
35.5
38.03
36.3
29.36
29.51
30.45
36.54
40.73
29.94
27.69
34.37
32.59
32.92
32.09
28.67
35.68
43.74
35.04
24.98
25.21
27.4
30.35
34.14
36.57
33.85
34.18
35.3
30.2
27.89
26.36
25.57
28.8
27.29
29.65
37.04
34.81
31.25
36.0
35.34
36.67
42.96
39.99
34.44
26.97
28.88
34.2
31.49
36.63
33.23
30.1
40.77
37.09
31.37
30.52
29.15
30.02
30.33
33.74
32.6
33.12
30.89
27.39
25.5
29.47
34.62
33.77
30.23
26.97
33.54
35.27
37.76
38.59
30.7
31.18
33.78
37.44
36.6
32.3
37.18
35.44
31.31
33.19
35.74
35.83
33.71
31.88
33.11
33.83
36.06
37.77
39.23
37.0
31.18
37.1
36.07
31.99
35.65
36.55
33.77
32.3
31.77
34.05
37.1
34.26
30.51
33.53
33.12
28.02
26.77
28.06
30.93
33.52
36.99
32.09
29.06
30.82
30.42
29.84
27.64
28.91
27.24
27.16
29.92
29.94
30.37
29.45
30.43
34.05
36.59
34.97
30.14
24.1
26.04
30.8
25.77
27.23
29.37
27.73
35.07
34.34
33.74
36.2
33.91
34.76
30.18
29.18
32.72
31.71
32.07
30.07
33.62
35.35
32.04
32.42
32.98
35.14
33.4
31.77
35.69
33.13
31.12
33.54
29.74
26.45
28.43
35.05
36.87
33.78
38.23
36.38
29.22
31.05
31.24
29.75
32.98
32.62
32.25
40.66
42.01
39.1
35.6
32.09
36.15
34.81
27.98
27.64
27.5
26.89
32.46
36.77
29.01
26.82
31.93
29.21
26.65
30.77
39.96
33.93
25.34
29.06
29.88
32.57
37.23
36.55
36.45
35.12
31.62
28.89
31.89
33.5
29.68
31.48
36.19
33.61
30.01
31.04
34.41
31.25
28.35
36.11
34.19
26.93
28.18
31.66
28.49
26.71
29.44
30.61
26.89
28.81
33.94
32.62
27.8
24.97
31.79
