-0.6139783344679148
-0.5962996461075305
-0.381416546018951
-0.120865127218881
0.0625511469183058
0.3680141984318297
0.6361638505201869
0.6248768017294359
0.49162105030351
0.2978163029288092
0.2585510100815404
0.5030571727672821
0.6239921546263579
0.47008341090633
0.5436346741036863
0.6834028183247005
0.7870445527095346
0.752825400362161
0.5359942438131737
0.5080200619501285
0.5558928851499179
0.5529960671022348
0.6714403500813634
0.6775042187203646
0.3639592964110942
0.3215108641726955
0.5098360461425131
0.5854811934872223
0.5606567249213478
0.4794418100239776
0.5904260573099066
0.6833775185462634
0.450757115191941
0.5071186002406454
0.8183598660302777
0.8353948163213524
0.7817408868511739
0.8623141563148021
0.9385615298652984
0.8307053855079883
0.6560760391102731
0.818096543309663
1.0115326443320982
1.0038185061075764
0.8576350333579009
0.6935916152538963
0.7228640055138782
0.9386583228420676
1.173586840559171
1.0825665588905635
0.9940296335927388
1.2496761069871472
1.0882099255446382
0.9880616989883388
1.2800248043708409
1.4959315782623688
1.639660762940707
1.3394776911032948
1.1060245147351373
1.061234067465069
1.084360676704722
1.2616967814323514
1.3759080879882413
1.565493020490659
1.512926120531466
1.4459359712348163
1.3948637401167363
1.18163327703704
0.9955154241407288
0.8840635379757432
1.110252394265821
1.1531364399303772
1.0940062140744902
1.142568845334926
1.1044566374955485
1.0922145258411635
0.9904141788735064
1.0695375662762252
1.1251527279752724
1.1540390660179705
1.5210309405690656
2.075312996626783
2.093805929057486
1.620454638537461
1.8255583991670827
2.03231784628176
1.9070717279364675
2.0652150932612505
2.107964889923804
2.115582667151138
2.293151438702049
2.3893831422072167
2.1865279818418117
1.960779538493184
2.177497863657758
2.192326770635743
1.9521901070808056
2.220074096559761
2.445958072902759
2.4576791112177623
2.4439053537890767
2.1216901176894
1.8910074385019544
2.288017935876116
2.51466646476538
2.3384806598467525
2.281513369983987
2.154497001246082
1.7901695404675988
1.6874121055267
1.9123593814826876
2.153785224437877
2.1199837798046373
1.9143744372988745
1.985352419489634
1.862239567383204
1.919751909354452
1.966948717956807
2.1655446990075085
2.221518165270538
1.9721427357067831
2.057351389468456
1.8044791143383776
1.608811776549462
1.9647588151195128
1.970713113339234
2.0152295587953484
2.55223592735299
2.432877716447489
2.333885168150634
2.4017028681943
2.1720466343669007
1.8540496301657063
1.5706678800764975
1.6896193169705678
1.9487567191699824
2.057305590257899
2.179708982418103
2.109287563785972
2.1423687371895133
2.451657305749889
2.503923234011332
2.261395704329238
2.3857912319316945
2.667477843229089
2.609054510211611
2.439002320601532
2.331179586766124
2.4687555400452945
2.733846222711321
2.621792035523157
2.505782032949207
2.5549375350319146
2.552109928134212
2.566299993505307
2.59818288167426
2.68785502552139
2.8227446484673395
3.010529681617296
2.835088774664689
2.718976619959314
2.8936057316537656
2.864697025127425
3.0761928526803963
3.4139343384612357
3.106822083547009
2.8854801636524248
3.1169269017929384
2.831479716824368
2.690367277742302
2.807763878116652
2.7951521715514485
3.037874031671268
2.961575453067577
2.93605253784224
3.030824072316744
3.189661547855485
2.8754979530502363
2.962658070490625
3.366816988290376
3.2453293553712017
3.322661560892548
3.128723245292022
2.919993775884406
3.0297995788888024
3.080150530667097
3.0309114983281638
3.145030099444408
3.1873501411890803
3.110483375444572
3.1653539250701845
3.2413356841843184
3.14539691546983
3.0806058664061853
3.135483457972898
3.242533295954773
3.503911668222996
3.268306662339301
2.966606327650342
3.169644583816199
3.028714665479924
2.8572524886565493
3.2507438278165472
3.481438857628
3.4319838412302635
3.3640151208536846
3.390533819662733
3.3238349337730644
3.2196578800849283
3.366568260105366
3.411241854771293
3.2129915525886683
2.971274315651966
3.2924293513677183
3.4823106159794897
3.304009678247955
3.406194114013348
3.458951911096694
3.295297940163962
3.320154043084407
3.5075657455114557
3.5509517994918487
3.340421029432014
2.968923103320521
3.1432776312863
3.1589034674880114
3.0898077862357307
3.3661868791090743
3.094508067316617
2.919279864896974
2.771079886258629
2.5436532199333795
2.8442611560290083
3.1276879032094134
3.0048088912280777
2.79892892086089
2.6684797185824523
2.1859823008505685
1.9888807824316883
2.337489424292246
2.515243226872974
2.7558995583326875
2.9198528671922257
3.029443924505924
3.293939266786644
3.560320057965466
3.7804852744872166
4.070981530565942
3.950116222852376
3.647531616134749
3.8038990616845
3.8691354079282703
3.644143822908382
3.6612604680763288
3.9324568455635696
3.992716042884286
3.843530903270882
3.9375644249749366
3.936478676276972
3.783924458830136
3.9241762679313257
4.012271858865986
4.047133073877321
3.566042209139269
3.790000089978471
4.210258457815921
4.0961673525951525
4.118697139700841
3.7422916720698014
3.892560863171994
3.974283836601152
3.843076844386565
4.020632146066365
3.9810124613438513
3.583850585931448
3.921526050033196
4.299199644221576
4.109008901607737
4.0463878984731165
3.7323681400639135
3.5285750803178804
3.844833408437824
4.166073741520627
4.03959127193166
4.182759419557143
4.315555621213623
4.072864841909522
3.917651167979456
4.0376370151516605
3.9344338854290735
3.839639239529695
4.007675495741074
4.1397829717557215
4.0818798803542204
3.495842465491138
3.190580220645314
3.259166855175476
3.306354561798022
3.392864623966693
3.3220894388866595
3.81118296454786
4.178404350703803
3.747152292439858
3.556860820609381
3.80278393021807
3.862773423663368
4.040488799457148
4.391792780458974
4.201314166932563
4.216930124528391
4.254337301943826
3.88625612793605
3.841638509794904
3.789416633078963
3.823699678651085
3.975974423441693
3.9983088431999834
3.835696982096846
3.850375596625215
4.079180919070268
4.177731078439807
4.284549545372883
4.06991803752627
3.981678495121434
4.386523631928497
4.292629297782483
3.9088012406862016
3.7300485284498177
3.757564233048397
3.868579685378093
3.6598944357397785
3.7697658214186247
3.64370385385975
3.493695819769936
3.434629969865384
3.8083231229744734
4.016404278864157
3.703747763784233
3.4428602196412026
3.3965589233974613
3.4829571913083712
3.480101344213557
3.551001536728802
3.877132863050581
4.172285616418249
3.63520387765558
3.1104716499090315
2.711617465649584
2.359539321539229
2.848310852248618
2.848392498467149
2.4146395109205674
2.577314449773101
2.6934574668779936
2.7469128645002026
2.64293509829282
2.7283450734078047
3.138529430949932
3.1081577239033638
3.0005074206024878
3.3038438232682883
3.071555576511736
3.035435153001153
3.1142461302348967
2.9904652451663662
3.1779261855552194
3.1671653552293595
3.489220785577533
3.571091198142916
3.32705950597402
3.3778185904579465
3.4579816458074832
3.5338515935486448
3.449110570707865
3.2454897155358866
3.0158482397943818
2.7094591622042774
2.721003872956802
3.388726770910093
3.0357302041266223
2.8830496537168817
3.2053674295699977
3.0443661410075737
3.1236175821757706
3.1393383753572506
3.159338895156909
3.2791824750148675
3.6003568388214613
3.699987755570358
3.5940423367115613
3.4859549944018937
3.444196756079892
4.034910325976336
4.6783892077643445
4.886766222844694
4.957934626744228
4.477092617646198
4.012167436646754
4.38164562149245
4.444649791616405
3.945511317115368
3.62946132950055
3.339407386004816
3.2347540261680607
2.982445274600282
2.9711473065808707
3.110875314495112
3.0986162045476613
3.4584679080894274
3.723134741467849
3.4500234638864224
3.8000736763656606
4.155625338884693
3.960200411531204
4.120195946872422
3.914933904711238
3.848248593163372
3.890169569285195
3.783463358188962
3.996866351509642
4.280988916386264
4.186721237578696
3.967663205151155
3.960113424874214
3.489984345503263
3.1987862906319355
3.1807625963649504
2.5628760558777675
2.7147518417525167
3.51237736153989
3.701728496149903
3.719052877099281
3.805618439299005
3.7867765930097943
3.972221442574525
4.114328657361271
3.4480692740390024
3.478243348969335
4.03359837718406
3.798102811905016
3.919375659453913
4.225890548326683
4.391110281836628
4.363804464162728
4.280561958198023
4.319177260439061
4.0883570801920825
4.187405974860751
4.651427467006173
4.79326952894929
4.781455560021252
4.413144507889155
4.268487971450207
4.335023511410268
4.19174615993066
4.362416509794659
4.220653050778204
3.998063887728233
4.03036096658615
4.100647576518614
4.667748439947476
4.873206304660616
4.539698051188642
4.665053711899935
4.809215755797994
4.693371394453053
4.6529417250910665
4.395293756066398
4.288723200181601
4.239812876410831
4.123225192759055
4.467010901161215
4.698419253127955
4.579946510705849
4.749952280044635
4.518562099287085
4.108794108328159
4.818042611910795
5.0213296525403335
4.87892249001845
5.125065963599644
5.208675825907749
5.126955157582211
5.229756101718756
5.257307118945444
4.976997136497397
5.028439028376258
5.4029681197978245
5.351735522964276
5.080262421187449
5.20542340267271
5.363659581144078
5.4985489193500845
5.375870694773557
5.425713503844944
5.589549909090001
5.604823651835317
5.249633835567522
5.334166469822155
5.450114367045524
5.017623744856325
5.0338765131726255
4.989229740428592
5.147186333483687
5.097026215427802
5.073345990605101
5.17616140250821
5.185644894991508
5.219266497692803
5.187158014062661
5.178151183530994
4.874294752682733
4.942262852627929
5.369526296911464
5.700489103465861
5.659623889744081
5.398826358766999
5.252474478793436
5.1398140254634015
5.221075701673636
5.31122925838469
5.557550747983498
5.536432793218983
5.152629800695341
5.435280410247923
5.511528179713216
5.361150929387434
5.523858228702548
5.506650137648913
5.483927558996038
5.490190001138922
5.713062846751779
5.856540447868273
5.8019934638822335
5.687903729505729
5.366828525811593
5.2774045662905005
5.256257537438537
5.360414685317536
5.714169221858874
5.659605291950154
5.8165250355602645
5.902533301697511
5.665415696640671
5.822711737518241
5.855272609366969
5.630561534025361
5.779527051710054
5.722233905573791
5.634192322527414
5.825033551277406
5.643486565383233
5.632799335182926
5.706890156150267
5.848224546929963
5.822881299187632
5.844349004341293
5.9391901918968815
5.532393421368681
5.508398692465075
6.000466006823205
6.124290913387954
5.99430839454951
5.506828785465297
5.006033639445362
4.823309158304941
4.682819471788251
5.22558434652429
5.537687939681328
5.010787006689282
4.7754031835726485
4.948045226882475
5.593297443016655
5.425066002820926
5.070457714797104
5.754691767364184
6.033222482372165
6.035519916412826
5.995201990133193
5.697903284461114
5.874995350481352
5.882845082666843
4.877676111563857
4.877627170613319
5.718873656786382
5.92006124279244
5.922783070522027
6.015407130778305
6.191894607669298
6.2317638881154656
6.246687038180861
6.163369089026589
6.019465945749465
5.922511809505576
5.952661465947215
6.283987327577247
6.612807056674391
6.211536665802799
5.835863747609858
5.729583160636131
