29.39
15.83
14.12
21.08
6.1
15.67
13.1
16.64
16.07
22.49
20.11
28.4
31.42
27.3
21.86
28.49
23.38
13.27
16.64
14.73
16.08
9.9
12.49
12.16
14.17
13.46
14.09
18.38
15.45
25.83
25.53
24.64
24.83
22.56
8.98
2.61
0.64
0.45
0.18
0.0
0.18
0.0
0.22
0.0
0.0
0.0
0.0
0.0
0.13
0.0
0.0
0.06
0.11
0.0
0.0
0.0
0.0
0.0
0.0
0.59
0.0
0.14
0.8
2.68
2.9
4.5
4.87
5.23
4.28
3.36
4.28
7.25
3.86
5.56
6.64
10.64
8.62
9.95
13.89
11.07
17.04
20.55
19.78
16.62
19.04
26.03
21.04
20.63
21.71
3.41
7.98
9.93
11.14
10.33
8.33
6.9
8.75
10.77
8.13
5.36
5.57
6.34
5.69
6.43
3.08
5.3
5.87
3.91
1.44
2.06
3.17
2.99
4.25
8.94
7.47
11.69
13.59
23.26
18.13
20.26
23.26
22.72
21.65
16.81
26.37
25.96
29.69
30.68
26.39
27.41
26.68
34.94
35.76
31.84
34.44
32.18
27.36
25.56
25.79
43.77
47.22
47.72
39.57
42.26
41.03
45.69
31.55
39.56
46.92
36.99
39.37
43.72
37.77
44.26
39.03
46.92
44.15
30.45
43.08
41.46
39.65
35.72
34.48
37.69
55.01
61.06
49.67
54.84
58.48
53.06
40.0
31.17
43.6
42.55
38.07
28.77
31.95
28.95
22.76
29.73
22.25
19.12
21.28
14.48
17.67
14.95
7.72
12.7
8.41
4.36
4.03
6.88
9.11
4.9
4.45
5.41
3.54
1.57
2.19
1.87
2.11
1.05
1.36
1.19
1.7
1.52
0.98
1.41
1.59
1.61
1.38
0.86
1.07
0.84
1.26
0.2
0.38
0.78
0.69
0.72
0.4
3.04
21.13
15.31
0.54
2.22
2.59
20.0
9.5
0.48
0.38
0.22
0.56
0.77
0.4
0.56
0.0
0.0
0.52
0.0
0.91
0.67
0.12
1.32
0.46
0.72
1.78
2.43
1.32
5.58
8.41
5.38
5.34
8.43
6.66
3.1
2.03
2.67
3.52
22.81
47.77
56.36
61.51
63.24
71.43
72.77
80.75
79.29
67.07
61.07
33.22
6.8
8.47
9.81
17.0
18.21
25.23
30.49
29.53
33.5
35.7
35.79
13.12
14.35
16.93
2.3
5.35
3.9
4.26
2.58
2.28
3.47
4.77
8.72
1.84
3.11
3.75
2.06
2.56
3.52
3.22
0.84
2.83
1.23
1.3
1.57
1.7
13.19
0.35
1.88
4.39
1.97
5.84
7.86
2.95
1.03
1.64
0.71
2.0
5.05
2.76
4.68
2.86
0.68
1.99
0.97
2.6
4.25
5.71
18.61
30.44
30.09
21.13
7.21
3.66
1.52
1.85
1.51
1.1
2.83
0.93
2.8
1.77
3.14
9.61
26.45
17.91
3.41
3.07
0.72
2.7
0.83
1.94
1.37
2.68
2.42
4.37
16.01
22.14
34.2
43.0
45.68
46.14
55.08
35.33
38.88
48.16
30.55
34.86
37.59
37.94
47.88
45.82
22.5
8.36
6.64
2.04
2.82
1.71
2.4
20.32
26.04
5.54
6.18
0.5
0.97
8.06
3.06
2.59
2.29
12.94
9.24
3.02
3.01
26.19
23.59
2.55
1.12
1.69
0.46
2.76
1.05
3.93
13.86
8.78
2.95
4.7
2.32
0.72
2.29
0.7
1.46
1.21
1.56
2.19
7.26
6.06
9.02
2.47
4.58
5.63
9.35
8.81
8.18
2.54
2.1
11.17
13.39
10.66
3.55
3.69
1.65
1.06
1.95
2.16
1.69
1.68
1.42
2.24
3.14
2.6
5.01
1.17
3.83
15.62
10.43
7.78
8.5
16.2
8.64
13.99
15.07
11.8
9.3
10.17
6.06
5.6
5.03
5.13
9.17
3.95
5.08
3.35
2.91
8.63
3.09
5.86
3.79
3.72
4.6
3.89
12.96
28.11
45.49
51.11
28.06
21.66
13.91
11.25
7.1
6.24
5.13
8.12
7.79
47.52
55.13
66.16
69.21
55.93
40.57
20.34
23.47
14.01
15.44
8.49
6.88
6.0
10.57
17.37
59.89
40.04
32.77
14.52
10.3
25.21
29.73
15.97
9.28
6.53
13.46
14.39
2.9
3.52
1.33
6.87
5.44
5.92
3.65
7.54
13.64
36.06
43.72
27.73
7.38
4.63
3.64
3.33
2.89
4.31
8.07
14.91
32.61
15.94
10.37
5.22
11.67
8.1
6.66
6.99
5.12
10.25
26.72
24.06
11.15
17.73
29.01
20.46
3.29
4.04
4.49
5.22
3.3
3.53
11.42
12.63
18.67
15.89
7.59
19.53
26.82
26.95
17.82
5.04
4.64
3.29
10.72
6.62
9.34
9.62
5.77
2.55
6.75
9.42
12.01
36.2
35.7
9.47
7.18
8.95
11.65
7.24
6.27
36.61
36.16
42.97
61.7
54.56
23.65
5.54
9.01
17.43
10.93
17.84
19.27
26.97
14.81
7.73
10.87
10.69
6.64
