95.51
79.84
73.6
91.55
49.33
50.01
57.89
51.98
50.98
18.89
11.97
16.54
6.46
6.33
4.55
4.18
3.33
0.35
2.54
3.44
1.06
2.86
2.09
1.49
1.07
1.19
0.92
1.09
0.55
0.0
0.16
0.56
0.48
1.08
0.91
1.07
1.07
1.77
2.61
1.11
2.87
1.78
2.51
3.12
2.67
1.98
3.23
3.1
2.37
2.99
3.28
2.07
2.95
2.97
2.64
2.57
1.81
2.65
1.83
1.71
1.48
3.29
3.13
4.78
7.27
5.53
8.48
7.4
6.13
6.7
6.71
8.68
10.49
4.75
4.68
7.84
6.49
6.57
11.21
14.58
11.8
7.86
4.38
6.15
14.93
23.71
31.67
22.41
18.52
15.58
10.48
11.56
7.49
5.75
4.69
3.41
1.13
3.75
4.35
10.08
12.05
11.61
12.05
12.2
12.91
18.26
7.44
11.05
8.78
7.47
8.13
7.8
3.58
3.44
2.96
3.01
2.95
6.71
5.11
5.94
10.77
8.4
11.31
19.29
16.34
11.42
7.83
23.11
24.94
21.45
11.5
17.07
25.81
25.63
14.2
22.34
20.35
32.57
30.59
14.05
9.36
13.25
15.7
14.92
20.36
11.35
17.97
21.08
12.0
12.09
3.3
3.89
3.72
3.99
1.74
3.63
3.16
3.31
0.31
2.36
6.29
13.68
8.62
10.11
4.99
7.77
11.84
5.16
3.77
3.97
2.56
3.27
4.41
0.85
4.97
3.22
3.95
7.45
10.72
11.05
22.22
24.96
34.95
28.26
19.22
16.14
20.64
26.35
16.61
11.45
14.21
52.42
33.78
5.29
16.07
16.72
20.37
29.18
34.48
44.31
56.14
67.92
38.02
23.52
11.27
5.48
3.82
15.06
8.33
2.34
2.61
1.91
3.59
2.66
1.42
2.03
2.08
1.13
2.26
3.3
13.68
10.3
12.85
4.58
4.56
2.1
2.05
1.78
0.84
1.52
1.63
4.05
3.09
7.89
4.79
11.49
11.81
20.1
16.75
19.17
15.85
7.28
6.37
3.19
3.83
19.55
32.99
18.58
11.22
13.9
29.21
19.6
9.63
6.04
4.22
9.52
6.15
7.31
14.58
23.83
12.33
9.28
5.33
8.29
6.47
4.58
36.32
22.58
12.67
2.15
5.12
27.89
25.24
23.19
16.62
8.7
14.53
20.36
11.97
8.98
16.25
3.9
0.82
4.44
3.11
1.9
3.27
0.97
10.36
7.85
2.5
10.25
18.07
24.37
12.75
18.53
2.78
2.44
1.9
1.36
19.89
12.64
45.59
28.12
16.84
17.91
15.63
9.39
12.93
10.73
13.59
14.16
17.69
6.8
5.32
9.34
14.91
2.34
2.15
2.39
1.98
0.76
0.32
1.79
0.64
2.69
2.76
3.4
12.54
18.96
11.46
11.06
10.64
14.08
21.07
26.35
16.88
19.01
12.05
8.59
28.95
9.03
4.16
5.31
5.29
7.75
18.33
8.07
11.9
18.87
9.54
7.69
2.59
1.11
0.7
0.11
1.55
0.23
0.4
0.0
0.72
3.2
1.72
0.91
0.34
0.39
0.0
1.28
2.3
0.24
0.79
0.0
0.99
0.91
0.0
1.87
0.36
0.73
2.23
1.0
0.54
0.79
1.61
0.28
0.17
0.32
1.28
0.98
0.0
0.99
2.02
2.54
1.22
1.96
1.68
0.98
1.2
0.95
0.14
0.45
0.9
2.2
0.76
1.63
3.77
3.68
3.08
6.76
9.91
10.3
34.84
38.0
37.44
54.19
38.17
47.11
52.59
36.53
32.84
36.03
29.7
34.56
67.89
69.46
64.9
49.21
60.61
59.52
77.69
49.59
34.31
8.26
11.05
17.19
26.93
27.16
20.87
18.52
13.18
12.05
23.11
19.29
14.68
19.24
26.93
7.49
3.62
10.94
15.5
26.9
26.28
13.38
22.23
31.57
39.74
40.67
49.71
54.57
62.61
45.24
46.48
51.44
63.08
69.96
75.25
77.89
87.72
67.12
60.22
34.74
40.04
44.92
50.06
55.75
54.9
59.08
57.68
66.23
70.96
62.21
65.35
48.83
24.12
11.74
11.36
13.44
19.16
24.5
10.81
15.84
18.72
7.56
7.74
10.87
4.52
2.51
0.5
1.53
2.43
2.48
1.06
0.47
5.64
6.27
4.38
0.82
4.13
11.17
15.76
19.98
10.0
7.43
10.08
8.73
4.03
4.55
6.87
4.11
2.6
4.03
3.63
1.06
3.38
0.81
0.24
1.33
1.2
2.7
0.78
0.78
0.9
0.87
3.04
10.85
4.9
3.97
1.89
1.01
3.51
3.75
4.4
2.59
3.69
6.59
20.54
16.3
1.24
2.08
1.26
1.59
2.3
0.9
2.0
2.68
2.7
6.79
9.76
8.75
5.53
1.88
3.82
2.23
8.75
3.44
3.24
7.17
11.65
20.48
4.92
6.6
5.79
5.13
2.6
2.22
0.56
1.09
3.82
6.67
5.53
6.21
21.12
17.88
10.67
11.53
6.59
11.9
11.76
23.91
20.55
9.03
5.18
0.61
1.88
13.53
16.42
9.27
11.6
33.79
45.76
25.68
