12.35
3.63
11.08
5.4
11.9
5.25
9.45
9.42
9.94
8.98
3.86
1.28
2.11
1.8
1.78
4.5
2.54
5.17
2.68
5.29
3.13
4.01
3.33
5.05
5.14
5.08
6.91
6.52
5.78
6.88
3.41
3.9
6.4
6.41
5.89
8.15
5.18
4.45
6.17
7.41
7.14
8.91
6.6
11.57
9.68
8.58
11.91
15.43
15.96
13.42
11.19
19.13
20.48
23.22
15.83
8.75
14.77
13.13
16.01
22.06
13.76
11.91
14.46
16.36
12.21
15.42
15.84
13.49
11.84
12.55
16.15
16.04
12.11
13.87
19.6
1.43
8.75
11.27
10.33
8.25
12.62
10.69
8.7
9.59
10.96
15.08
1.48
0.83
2.33
3.43
8.48
5.25
9.21
13.55
8.18
10.12
10.83
19.78
25.83
27.77
23.92
28.08
28.27
30.17
30.42
53.46
54.73
56.35
67.01
63.45
70.84
69.05
66.54
76.57
78.76
86.4
95.42
95.7
91.9
91.03
91.77
96.83
90.88
97.29
95.61
95.27
92.37
90.98
83.04
87.55
82.98
86.15
83.67
78.61
78.32
82.14
75.06
77.6
70.45
71.56
73.91
68.35
47.81
42.63
30.82
19.36
18.37
4.56
3.71
6.48
5.3
3.71
3.58
5.58
1.89
2.98
1.83
0.97
1.28
0.35
1.27
0.4
2.0
0.0
0.91
0.95
0.53
1.72
0.0
1.28
0.79
1.67
0.84
1.65
0.43
0.92
0.86
1.43
0.32
1.13
0.55
0.56
0.91
0.28
0.69
0.79
1.02
0.32
0.35
0.0
1.34
0.0
1.75
2.31
0.74
1.09
0.26
1.18
1.38
1.4
0.81
0.0
1.32
1.09
2.02
1.14
0.25
0.45
0.67
0.94
0.74
2.1
2.08
1.06
1.68
1.64
0.74
0.36
1.06
0.39
0.23
0.84
0.41
2.01
2.1
5.42
1.19
2.23
0.81
2.1
1.82
3.34
3.23
4.51
4.63
0.98
2.18
7.28
2.77
1.42
6.22
5.73
3.75
3.85
2.44
1.7
1.26
0.2
0.72
2.73
1.66
1.56
2.09
1.44
2.29
1.94
1.23
0.88
1.5
8.02
6.3
7.54
3.59
2.92
4.16
8.81
8.42
2.61
8.45
11.24
18.2
19.61
24.34
5.54
7.76
10.37
9.34
16.71
11.69
7.53
8.55
16.84
13.8
7.61
11.18
12.45
15.64
10.03
14.7
5.26
14.18
17.66
19.75
13.89
13.64
20.68
27.97
24.78
23.68
24.07
25.55
14.31
8.69
19.88
14.1
18.38
14.46
16.27
9.99
2.44
2.99
4.2
2.0
3.25
2.85
1.96
1.54
0.89
2.84
4.68
5.21
2.34
1.19
1.67
1.49
0.37
1.81
1.78
4.48
5.21
2.5
1.65
3.47
3.69
9.97
4.88
6.7
9.8
4.77
4.2
5.22
4.42
1.33
2.87
1.4
12.63
6.46
0.79
2.34
4.66
4.05
11.74
10.61
6.33
4.55
4.28
3.21
7.19
3.99
10.84
15.14
21.24
4.38
8.5
14.75
15.43
20.81
16.8
16.49
10.51
5.99
25.25
30.28
38.42
44.57
30.58
9.39
24.15
10.83
1.17
2.44
4.08
3.1
2.86
7.62
2.54
2.88
12.69
8.14
4.83
12.53
12.95
10.24
16.08
6.96
12.14
19.79
24.37
35.69
39.74
47.35
48.02
51.5
57.18
57.26
63.09
63.97
70.15
71.21
78.27
81.9
82.71
87.79
76.2
26.67
4.37
8.85
12.09
7.03
2.9
2.52
5.51
5.73
4.5
24.79
28.75
24.8
5.9
12.19
5.85
13.4
21.92
23.31
10.05
7.97
11.19
11.13
12.68
18.53
25.09
27.7
30.79
11.66
17.36
6.91
6.0
3.91
1.48
1.43
12.66
6.4
8.12
7.29
3.64
3.83
0.79
0.4
0.43
1.96
0.07
0.72
0.89
1.41
0.52
1.93
0.6
1.2
1.09
3.02
4.19
4.67
7.57
18.43
4.62
4.33
4.17
14.73
23.69
32.02
13.86
9.51
2.25
2.46
19.11
9.42
1.73
1.23
2.73
17.53
15.51
3.05
1.86
4.18
1.96
4.8
10.94
5.46
12.25
21.06
28.3
29.68
33.03
16.15
19.22
17.41
1.44
2.83
1.89
16.55
16.48
17.86
27.3
32.8
44.4
46.72
28.56
27.64
35.13
40.57
46.09
25.9
9.06
13.51
11.05
2.59
2.32
2.91
6.69
9.11
21.81
32.37
38.02
17.34
22.59
8.53
13.13
15.91
11.87
7.11
10.53
9.72
4.63
0.7
1.89
2.31
3.18
0.76
0.24
3.24
1.66
0.55
1.08
4.67
5.22
2.6
6.61
12.0
4.1
11.9
3.92
10.3
8.86
11.84
23.88
27.84
9.85
18.12
23.86
11.02
8.69
14.24
23.25
8.26
6.32
2.97
1.96
2.83
4.9
1.45
2.4
3.5
7.8
2.61
9.87
10.24
19.36
21.79
7.93
20.63
5.71
1.7
10.49
7.6
4.6
2.99
2.59
4.54
15.59
5.66
13.4
