8.46
1.45
7.14
4.07
8.59
11.46
13.76
24.73
25.33
28.55
47.0
39.38
31.85
36.53
47.57
36.84
33.62
31.18
30.42
15.5
17.83
12.34
11.99
8.25
7.77
16.16
8.91
7.53
7.24
4.22
3.49
5.26
8.11
3.97
4.11
6.59
3.92
6.77
4.44
6.92
7.65
12.52
13.52
18.81
19.5
13.05
6.65
3.32
1.47
1.12
1.57
0.66
0.0
0.0
0.0
0.0
1.52
0.0
0.0
0.75
2.04
1.57
2.76
5.89
7.46
6.38
5.79
6.89
8.62
11.48
22.59
5.64
3.71
5.14
6.43
7.22
5.87
6.17
16.15
15.23
35.32
32.4
27.15
18.38
15.68
18.51
16.27
19.28
17.98
11.59
16.36
7.24
7.99
10.64
9.19
19.66
21.56
27.65
16.08
8.53
20.55
19.5
14.16
11.18
9.87
16.99
22.49
29.66
43.36
30.57
39.28
35.34
28.64
21.27
44.31
33.65
28.9
22.02
26.15
24.01
22.43
36.36
23.34
17.43
14.73
3.41
13.99
14.69
37.75
12.42
7.16
1.8
9.31
8.8
5.86
4.7
5.09
50.17
39.15
33.21
9.06
16.74
8.28
2.89
2.01
1.8
2.62
2.37
5.94
16.33
10.77
3.38
8.07
4.92
2.37
0.72
0.6
0.0
0.21
2.11
10.59
10.31
10.11
39.72
16.95
12.85
16.51
25.86
32.16
11.13
1.96
1.3
4.66
3.35
0.4
0.49
1.18
2.63
2.89
3.83
1.31
10.88
7.75
18.21
27.01
16.16
17.54
27.25
27.95
17.44
13.08
16.68
9.33
15.37
12.72
4.63
3.85
6.15
7.75
11.46
4.72
16.35
19.82
35.65
51.87
50.68
28.91
33.51
29.75
24.77
32.8
31.81
65.15
12.02
7.87
11.5
23.34
6.56
14.1
8.23
7.28
5.97
8.54
5.8
4.13
2.78
3.58
32.98
31.5
19.62
1.28
1.55
0.95
0.91
0.92
1.85
2.51
11.37
11.14
13.43
9.73
7.4
3.6
2.32
3.18
1.66
2.37
2.35
0.83
3.27
7.69
13.96
19.95
12.24
13.36
16.24
12.76
4.0
5.95
8.93
15.33
21.19
56.78
58.02
11.39
9.56
32.67
21.33
21.93
35.59
31.38
14.58
13.17
12.2
15.18
8.91
13.93
16.24
19.64
25.31
20.41
8.74
2.67
3.49
2.75
3.57
13.81
13.35
25.47
5.67
6.4
11.02
7.26
8.04
7.73
37.18
14.11
18.13
20.54
12.04
15.5
13.86
18.64
28.19
26.04
3.08
7.47
7.47
2.53
2.92
1.92
3.84
26.82
26.97
12.4
7.72
4.49
33.36
18.0
20.54
33.78
33.33
19.62
25.35
26.87
39.91
43.51
50.28
43.03
23.98
7.87
1.41
0.65
0.79
2.68
0.95
0.9
2.53
2.3
6.64
12.88
65.29
46.47
29.08
23.89
8.98
5.71
8.86
8.7
3.31
5.18
4.47
4.67
4.09
3.23
2.89
8.66
3.33
2.06
3.24
4.23
3.08
3.44
1.47
3.75
7.23
13.32
12.01
3.88
3.14
2.66
1.08
0.81
1.11
0.44
0.73
0.76
1.61
0.65
1.7
2.19
1.85
3.64
17.28
19.44
23.51
21.37
17.52
16.29
11.33
12.84
15.79
21.17
19.44
3.35
8.2
43.5
42.15
48.46
51.93
41.9
10.06
18.36
16.15
20.86
22.2
60.38
67.63
32.44
46.28
43.29
35.23
41.8
44.3
42.99
17.32
6.22
8.07
26.41
22.6
13.28
2.44
3.17
16.36
7.64
2.62
1.36
2.1
1.71
25.67
39.13
49.14
53.83
63.44
62.62
71.97
80.21
67.33
77.96
76.91
83.67
49.88
49.36
41.82
21.7
2.41
4.33
5.79
9.89
6.51
3.48
2.16
0.91
2.6
3.98
3.68
2.11
1.18
0.51
1.88
0.26
1.68
5.44
5.04
1.96
0.85
2.23
8.19
8.18
8.29
9.86
2.27
3.51
3.95
4.6
6.75
14.53
37.02
42.52
37.71
15.59
1.16
5.33
12.56
3.48
4.26
4.08
6.17
8.17
13.03
8.33
2.0
9.31
13.88
19.92
28.75
9.23
14.14
20.67
22.71
26.51
34.28
14.05
5.63
7.02
16.39
19.85
24.01
9.26
4.37
4.37
0.84
2.06
1.87
4.98
0.58
1.54
23.52
8.52
21.77
35.2
10.35
17.31
13.48
2.46
2.16
1.58
1.87
1.19
1.69
1.25
0.63
1.01
0.94
1.46
1.31
6.25
4.92
9.75
5.38
2.81
5.82
2.0
3.57
1.17
2.51
0.31
1.84
0.92
1.2
12.81
10.83
10.21
18.71
23.15
25.29
34.96
13.93
41.19
23.68
23.78
20.66
10.8
4.47
9.05
27.52
30.04
35.77
51.92
62.09
58.35
57.92
60.29
75.04
37.98
15.88
20.15
23.11
34.98
40.06
9.38
2.98
5.61
4.47
3.67
2.74
5.53
3.96
4.25
6.23
6.27
9.63
5.16
4.96
6.47
15.25
9.52
3.84
3.14
1.38
