0.8747
1.3163999999999998
1.951
4.312
4.494299999999999
6.471299999999999
8.5481
9.3054
10.5448
11.6685
12.8992
15.2948
15.146400000000002
18.5127
20.4701
21.9786
24.016600000000004
25.04289999999999
27.0986
28.2084
29.796599999999994
31.7514
32.5581
32.9341
33.6449
34.395900000000005
34.8398
35.17029999999999
35.708499999999994
35.8878
36.3389
36.82020000000001
37.166700000000006
37.7217
37.8285
37.9601
38.2466
38.1907
38.4115
38.6873
38.934
38.67
38.946000000000005
39.4469
39.4028
39.1587
39.13320000000001
39.369
39.438
39.6315
39.6671
39.47670000000001
39.6718
39.351400000000005
39.5466
39.713
39.5878
39.697500000000005
39.48780000000001
39.579800000000006
39.5656
39.543
40.0082
40.3709
40.2537
40.2226
40.8837
40.7672
40.538
40.8675
40.8229
40.9192
41.1944
40.6095
40.8793
41.1018
40.66969999999999
40.8192
41.2107
41.5019
41.52670000000001
41.087700000000005
40.9537
40.9011
41.6266
42.258100000000006
42.41309999999999
41.99269999999999
42.2225
42.0154
41.584
41.6914
41.427600000000005
41.3008
41.3804
41.0237
40.558
41.0205
41.11870000000001
41.7195
42.1033
41.7222
42.10980000000001
42.1432
42.2496
42.442400000000006
41.7537
42.4437
41.8226
42.15299999999999
42.156000000000006
41.9406
41.5833
41.5791
41.10679999999999
41.3316
41.41289999999999
42.17
41.70490000000001
42.1311
42.2487
42.34059999999999
42.1276
42.9752
42.6698
42.6116
42.3859
43.3582
43.2383
43.072300000000006
42.6414
43.0393
43.6334
43.63749999999999
42.6676
43.5916
43.421400000000006
43.99009999999999
44.0509
43.053700000000006
42.92709999999999
43.22710000000001
43.45540000000001
43.2522
43.41330000000001
42.9881
43.58839999999999
43.776
43.4665
43.415200000000006
42.9457
42.45219999999999
42.76059999999998
42.57730000000001
42.1155
42.5333
42.294
42.67490000000001
41.8327
42.6034
43.09049999999999
43.7808
43.361900000000006
43.26789999999999
43.13819999999999
43.537000000000006
43.740100000000005
43.078
42.67139999999999
43.0729
42.82190000000001
42.769400000000005
42.642
42.1095
42.3483
42.5012
43.0234
43.2533
43.7046
43.68290000000001
44.5404
44.7287
45.754900000000006
45.11950000000001
44.57459999999999
44.5547
44.8078
44.91840000000001
44.57290000000001
44.122599999999984
44.407
46.2504
45.602
43.4499
44.69780000000001
44.8149
45.09969999999999
45.3458
45.7651
46.1548
46.76689999999999
47.3196
46.28979999999999
45.4592
44.6245
44.05060000000001
43.45540000000001
45.0893
44.5987
43.5088
43.1201
42.6998
43.3577
43.6139
43.409399999999984
43.1941
43.1486
42.5927
43.15820000000001
43.886500000000005
45.095600000000005
44.7416
44.8502
44.5973
43.9491
43.7477
43.4286
43.1465
43.084300000000006
42.76499999999999
42.62389999999999
43.4145
43.33550000000001
44.3156
44.1694
44.4742
44.9344
45.46329999999999
45.41420000000001
45.566
45.3877
45.01900000000001
44.606100000000005
44.16840000000001
43.8179
45.690500000000014
46.23759999999999
45.6531
45.235600000000005
45.6893
46.2965
45.7153
45.4127
44.6832
44.6178
45.08990000000001
44.7818
45.0051
45.48919999999999
46.16129999999999
45.5075
45.15330000000001
44.8367
45.4982
44.83879999999999
44.8208
46.876000000000005
45.9485
45.3853
43.85719999999999
44.9464
46.212500000000006
46.4784
46.046400000000006
45.88340000000001
45.1559
45.8712
46.2435
45.80060000000001
45.52970000000001
45.84220000000001
44.5207
44.517700000000005
44.776900000000005
44.67450000000001
44.1822
44.0089
43.60280000000001
45.2839
45.36
44.2961
45.8734
46.31270000000001
46.4709
46.0773
46.4461
44.445
44.4209
44.81130000000001
44.732000000000006
46.1689
45.9102
47.334700000000005
46.6886
46.0228
46.3412
46.096900000000005
45.95269999999999
46.33330000000001
45.943100000000015
46.0773
46.3685
46.4547
46.0597
45.3974
45.96679999999999
46.13149999999999
45.010300000000015
44.9549
44.56399999999999
44.3808
44.2733
44.0532
44.0079
43.5784
44.86659999999999
44.578
44.814800000000005
45.89309999999998
46.116200000000006
45.9572
46.04110000000001
45.7481
46.1586
46.5174
46.58429999999999
46.1492
46.4089
46.069
45.5224
46.74829999999999
45.85399999999999
45.4328
45.5334
45.70589999999999
45.9538
46.1043
45.745
46.1152
46.44219999999999
45.8856
46.241600000000005
45.0058
44.665600000000005
44.471
44.2289
43.8794
43.4703
43.1329
43.107
42.99059999999999
43.3438
42.8903
43.6483
43.1871
43.0947
42.4877
42.3766
42.5396
42.1997
41.8615
42.9905
42.8794
42.35459999999999
43.255500000000005
42.974900000000005
42.84
42.4765
42.54860000000001
42.448
42.2981
41.8283
42.6127
42.558
43.0926
42.669500000000006
42.7549
42.746500000000005
42.3425
42.439800000000005
42.40559999999999
42.6615
42.8069
43.1767
43.99600000000001
43.48259999999999
43.2847
43.327
42.96210000000001
43.2066
43.1762
43.3076
42.93119999999999
42.7436
43.6067
43.82900000000001
43.65459999999999
44.17620000000001
44.5405
44.8695
46.061800000000005
46.4103
46.294
46.87339999999999
46.4282
46.83529999999999
46.9982
46.4618
46.45879999999999
46.223200000000006
46.10800000000001
46.41680000000001
47.54290000000001
47.8071
47.2203
47.3136
47.43629999999999
47.36259999999999
47.8436
46.9624
46.71419999999999
45.4548
45.7754
46.28620000000001
46.36200000000001
46.6298
46.34019999999999
46.2327
45.916500000000006
46.083200000000005
46.4937
46.5418
46.1529
46.68789999999999
46.64489999999999
45.7285
45.21499999999999
46.06960000000001
46.3616
46.81710000000001
46.8829
46.06979999999999
46.91789999999999
47.05490000000002
47.3663
47.5724
47.6775
47.623900000000006
48.04329999999999
47.2899
47.63709999999999
47.71860000000001
48.09580000000001
48.0866
48.21850000000001
48.1919
48.5344
48.01989999999999
47.9705
47.22329999999999
47.4145
47.76389999999999
47.7454
47.94590000000001
47.7332
47.731300000000005
47.9005
47.8894
48.04110000000001
48.05650000000001
47.9834
47.6975
47.18429999999999
46.49459999999999
46.66000000000001
46.71109999999999
46.896800000000006
47.116800000000005
46.4012
46.71309999999998
46.8302
46.3548
46.508500000000005
46.5645
46.1311
45.97200000000001
45.30669999999999
45.34539999999999
45.7746
45.41909999999999
44.91160000000001
44.76049999999999
45.3784
46.1194
45.7042
44.96950000000001
45.6677
46.48950000000001
46.4273
46.75149999999999
46.3081
46.223200000000006
46.5247
46.14699999999999
45.8002
46.125400000000006
46.304
46.0291
45.8965
45.9321
45.1815
44.8931
44.7914
44.49230000000001
44.40789999999999
45.109300000000005
45.0111
44.7698
44.61280000000001
44.37160000000001
44.0795
44.44839999999999
46.178
46.74099999999999
46.53710000000001
46.3537
45.896
46.0474
46.5963
46.5553
46.51030000000001
46.1859
46.647200000000005
47.2321
47.5634
47.6037
46.029
45.87000000000001
45.90549999999998
45.771
45.40710000000001
44.9696
45.7336
46.39290000000001
46.44960000000001
46.6376
46.96360000000001
46.9612
46.556900000000006
46.1285
46.7834
46.4935
47.0337
46.7513
46.3864
46.8768
47.27759999999999
47.6101
46.79649999999999
46.8273
46.8569
47.152800000000006
46.2234
46.1296
45.7481
46.0158
46.716800000000006
47.0124
46.7486
47.182
47.65659999999999
47.666900000000005
47.24099999999999
47.1673
46.971500000000006
47.301
47.291
47.78769999999999
47.7662
47.2649
46.73219999999999
46.03
46.44750000000001
47.3833
47.71990000000001
47.37159999999999
47.55700000000001
48.2442
48.12479999999999
48.081800000000015
