9.0854
9.9505
9.7239
11.5858
11.3236
13.193400000000002
13.240200000000002
12.2215
12.5956
11.688199999999997
9.0812
8.947700000000001
8.3347
6.534800000000001
7.0076
7.1324000000000005
9.3105
10.342799999999997
13.422000000000002
16.137299999999996
17.7206
19.4006
19.5286
21.4282
21.9916
23.0079
23.4114
24.8746
24.4668
25.5271
26.0944
26.0528
26.269400000000005
26.948400000000003
28.5337
28.193500000000004
28.1087
28.5924
29.0644
29.939
30.4061
30.5963
31.3525
31.785299999999992
32.4457
32.64930000000001
33.6667
34.668
35.383900000000004
36.2518
36.466800000000006
36.7389
37.6799
38.0887
38.5222
38.04710000000001
38.4473
38.438
38.9328
38.4697
38.3939
38.5173
39.0854
39.0732
39.6353
39.819700000000005
39.6825
39.5056
39.0492
39.2247
39.094100000000005
39.9894
40.1489
42.7542
40.8463
40.4913
40.515
40.5939
40.7003
41.029900000000005
40.4761
40.584
40.8386
39.60739999999999
40.052
40.2845
40.2451
40.0806
39.9357
39.944500000000005
40.2339
40.296400000000006
40.1909
40.9466
40.8995
40.8922
40.7219
40.3263
41.0529
41.606100000000005
40.5548
41.2428
41.2544
41.662000000000006
41.8635
41.6381
42.36370000000001
41.81309999999999
41.57339999999999
41.39669999999999
41.9942
41.88159999999999
42.1937
41.4959
41.3464
41.6642
41.9088
41.66759999999999
41.8098
42.78619999999999
41.8771
42.4057
42.037600000000005
41.9876
41.6157
40.75140000000001
41.5026
42.1914
42.2252
42.78849999999999
42.35009999999999
41.80570000000001
41.95249999999999
42.596900000000005
42.02
43.2751
43.3258
43.1443
43.24980000000001
42.271
41.71490000000001
41.514
41.661100000000005
42.1258
41.9323
41.4649
42.36340000000001
42.5576
42.5554
41.92239999999999
42.7542
43.4012
42.6741
42.6945
42.8853
42.345200000000006
42.5669
43.1505
42.62649999999999
41.9109
41.77719999999999
41.6501
42.654300000000006
42.1189
42.2505
42.0075
41.6737
41.6505
42.5369
42.3702
42.139700000000005
41.39539999999999
41.61240000000001
41.3603
41.9048
42.826600000000006
44.291
45.179300000000005
44.5737
43.9509
43.3233
43.9523
43.39770000000001
44.4365
44.3314
43.7135
43.7631
42.9428
44.0277
44.446000000000005
44.04340000000001
44.12159999999999
44.7659
44.10000000000001
43.28520000000001
45.07539999999999
45.4468
45.590900000000005
45.743
45.88230000000001
45.952
44.8723
42.444300000000005
43.001000000000005
43.3065
42.5066
43.59540000000001
43.33690000000001
43.6158
42.91839999999999
43.6245
43.337300000000006
42.9082
42.6366
42.5201
44.5102
45.040400000000005
43.94389999999999
44.7447
45.21450000000001
45.32150000000001
43.3887
42.9763
42.0388
42.4577
42.8414
44.6191
45.5233
46.0348
45.938
46.0537
46.215900000000005
46.185500000000005
46.65380000000001
46.7585
46.8096
46.182299999999984
45.240300000000005
44.75880000000001
44.48530000000001
45.02879999999999
44.74950000000002
44.6504
44.37709999999999
45.1982
44.30409999999999
44.9
44.1166
44.8023
45.31319999999998
44.096500000000006
44.2337
46.0461
45.5667
45.0276
44.56679999999999
44.691500000000005
44.5058
45.1086
43.23650000000001
43.2569
43.94650000000001
43.702
43.7736
44.1143
46.39940000000001
47.13660000000001
45.48400000000001
45.515999999999984
45.80469999999998
45.60810000000001
46.616400000000006
45.8697
45.671800000000005
44.9224
44.7552
45.19550000000001
45.0479
44.4735
44.34800000000001
43.9906
44.84579999999999
46.48480000000001
46.3816
46.30909999999999
46.5458
46.24289999999999
46.26690000000001
46.528200000000005
47.2197
47.041500000000006
47.7939
46.9401
44.7284
46.77309999999999
46.54689999999999
46.896
46.3532
46.589
45.95420000000001
46.670300000000005
46.3513
46.492
46.2277
45.9171
45.3932
45.008500000000005
46.11039999999999
45.6298
46.2764
45.9715
45.13179999999999
45.099300000000014
47.6384
47.5888
47.52069999999999
47.91800000000001
47.85490000000001
48.03979999999999
48.09080000000001
47.4173
46.14189999999999
45.6284
45.85270000000001
45.3571
45.625
45.7829
46.7594
46.7873
47.1636
47.4644
46.840900000000005
46.97119999999999
46.7173
47.30109999999999
46.56669999999999
46.27360000000001
46.1319
45.533100000000005
46.477
46.7346
47.0833
47.3213
46.40040000000001
46.1681
46.1285
45.9911
45.6962
46.0312
45.7934
45.6231
46.2847
47.57759999999998
47.916
47.60949999999999
47.45699999999999
47.0871
47.09690000000001
47.12900000000001
46.94340000000001
46.3993
47.03839999999998
46.5216
46.2569
47.1007
46.5527
46.8256
47.3155
46.72209999999999
47.0474
46.9335
47.2372
47.69750000000001
47.9767
47.784399999999984
46.9896
46.8404
48.2456
47.539
47.7622
47.4862
47.8546
47.583400000000005
47.8538
46.99620000000001
47.3472
46.86200000000001
45.51029999999998
45.9578
46.2257
47.3297
46.9255
46.675
46.43119999999999
46.4006
46.083
47.02270000000001
47.37529999999999
46.85240000000001
47.6117
47.1667
47.4991
47.043200000000006
47.310899999999975
47.35669999999999
47.48330000000001
47.464
47.3844
47.44730000000001
47.6122
47.496400000000015
47.211400000000005
47.48529999999999
47.5387
47.2428
47.4828
47.2766
47.2694
47.30460000000001
47.0686
47.1684
47.21770000000001
46.86709999999999
46.7421
46.8086
46.6699
46.882200000000005
46.606
46.74999999999998
45.95269999999999
46.03099999999999
45.723
45.43829999999999
45.4123
45.848200000000006
46.11810000000001
46.2871
46.1121
46.5462
46.63039999999999
46.95510000000001
46.84440000000001
46.70210000000001
46.53809999999999
46.52619999999999
46.6193
46.61589999999999
46.0221
46.32649999999999
46.875
47.0569
47.0439
46.7597
46.4618
46.749
46.55780000000001
45.8185
45.4788
45.505500000000005
46.11429999999999
46.3992
46.538500000000006
46.3028
46.70829999999999
46.29959999999999
46.14290000000001
46.6087
46.73430000000001
46.903400000000005
46.7535
47.27660000000001
47.25339999999999
47.23400000000001
47.3237
47.29379999999999
47.1132
47.2468
47.4549
46.963
46.683
46.35530000000001
46.57639999999999
46.61579999999999
46.8498
46.77359999999999
47.0029
46.798
46.512800000000006
46.67240000000001
46.9094
47.117
47.076
46.6046
46.4015
46.7415
47.2996
46.6127
46.939400000000006
46.95179999999999
47.098200000000006
47.07869999999999
47.1343
47.0917
46.970000000000006
46.83319999999999
46.849800000000016
46.6794
46.79169999999999
46.801000000000016
47.1408
47.42710000000001
47.2529
46.63159999999999
46.5011
46.1733
46.13249999999999
46.73550000000001
46.91570000000001
46.9029
47.4909
47.56250000000001
47.29079999999999
47.334900000000005
47.5239
47.561000000000014
47.22860000000001
47.0879
47.0378
46.912600000000005
46.663900000000005
46.58319999999999
46.3882
46.34499999999999
46.6992
46.64329999999999
46.2753
46.4729
46.17679999999999
45.9049
46.29109999999999
47.3307
47.85839999999998
47.815
47.931700000000006
47.50899999999999
46.9878
46.86409999999999
47.0014
47.3548
47.4462
47.5737
47.7272
47.40380000000001
47.5873
47.49489999999999
47.375800000000005
46.70140000000001
46.3903
46.1875
46.08119999999999
46.712700000000005
46.3834
46.7688
47.7067
47.5176
47.1286
47.3468
47.84669999999999
47.897
47.800899999999984
47.0701
47.11239999999999
47.57150000000001
47.4594
47.1501
47.6429
47.9836
47.7391
47.15070000000001
47.76960000000001
47.6443
48.0545
47.6482
47.8253
47.998500000000014
47.4972
47.5155
47.5264
47.86729999999999
47.6774
47.642
47.5386
47.5967
48.0442
47.84490000000001
47.0125
47.40469999999999
47.14769999999999
47.39549999999999
47.59089999999999
