63.15
78.7
72.51666666666667
70.4125
69.47
65.65
51.2
45.93
44.57
33.05
29.69
27.36
24.36
20.9
23.99
23.27
24.13
28.33
23.53
21.75
18.14
18.29
16.95
20.7
25.09
31.37
43.66
38.91
34.08
28.16
22.46
11.94
16.65
24.78
25.17
23.82
28.42
23.72
13.53
12.34
11.99
3.51
2.14
2.14
9.5
10.64
9.78
9.77
12.8
6.53
10.99
17.15
22.79
28.78
33.41
37.65
31.91
25.81
17.02
21.63
18.11
20.92
29.1
37.73
33.52
27.47
27.96
21.21
15.03
10.59
20.92
17.71
22.4
25.96
31.85
27.36
32.72
27.03
23.31
15.59
9.6
16.17
16.07
18.47
18.45
29.05
17.89
22.46
21.05
23.63
22.4
30.12
37.86
40.06
44.16
36.42
33.77
26.6
31.28
27.66
36.72
36.56
37.38
32.09
32.22
26.4
28.47
24.39
22.13
22.07
27.46
29.25
28.08
27.49
25.57
17.18
10.5
12.19
18.87
25.25
28.48
30.81
30.62
23.24
16.24
13.13
8.17
12.1
17.69
23.74
26.24
29.61
26.23
24.98
19.74
25.04
26.64
31.19
29.75
33.91
28.18
36.77
38.51
39.02
46.51
45.98
37.97
35.7
34.19
27.68
27.12
38.8
37.87
37.51
36.19
43.42
45.39
41.33
39.68
43.73
40.71
32.87
32.92
38.59
42.08
38.41
32.15
39.04
38.75
45.78
46.1
53.93
49.74
43.99
25.6
24.97
21.43
21.4
24.67
25.85
25.25
17.03
13.88
10.12
9.31
9.69
9.88
12.68
13.8
13.64
13.63
15.66
11.55
11.72
11.5
16.46
13.54
14.24
15.06
19.66
18.98
18.89
19.24
17.93
16.02
13.62
19.0
22.91
26.25
25.96
22.73
17.68
14.7
12.5
9.71
10.75
10.88
10.83
12.41
26.32
31.32
32.87
36.98
37.36
23.24
19.59
19.95
29.15
36.34
40.25
39.57
41.81
35.16
26.8
27.68
28.88
26.7
26.21
24.93
24.26
22.9
27.32
27.12
27.93
30.75
27.88
21.77
15.66
21.98
19.93
24.78
25.85
31.53
24.11
26.53
25.34
30.0
30.24
36.85
33.52
35.96
31.77
28.54
27.43
27.02
22.68
24.14
26.04
29.01
28.4
34.64
34.44
33.16
33.71
34.33
30.23
31.92
34.9
25.93
22.87
19.7
18.51
15.35
24.84
23.56
28.27
28.15
33.93
29.08
31.25
26.45
25.21
15.08
10.91
18.23
21.64
25.89
26.21
35.91
27.21
27.74
21.57
20.5
12.79
13.01
9.04
8.37
10.98
8.24
15.49
17.08
17.46
14.9
15.22
7.14
5.29
5.98
6.62
7.17
13.02
14.57
17.45
27.44
29.57
28.77
27.76
24.68
24.7
29.22
29.91
39.07
47.32
38.09
36.98
51.4
41.32
34.54
45.2
42.3
32.76
41.28
49.63
40.3
47.06
36.8
36.53
33.52
37.83
34.88
45.97
44.73
37.09
35.88
34.12
30.48
40.64
49.64
46.78
41.11
42.22
32.14
29.46
27.21
27.85
23.39
17.4
14.81
19.49
18.46
15.34
14.24
9.59
4.72
5.0
3.19
4.39
4.35
6.38
5.45
10.18
9.9
13.43
16.07
16.27
14.81
17.21
15.42
11.15
12.17
21.24
25.35
33.81
43.11
44.67
38.82
40.55
38.73
29.66
34.49
31.82
29.2
22.56
25.98
20.54
22.69
16.86
16.46
14.49
19.19
19.53
20.61
20.44
31.11
34.67
32.49
37.4
36.16
23.5
14.05
10.22
7.71
7.56
13.44
12.2
13.28
10.93
11.23
15.44
20.59
20.41
18.62
28.7
20.5
20.88
26.48
30.53
21.7
20.08
16.12
12.85
8.56
15.88
15.85
15.35
17.73
21.51
16.32
17.6
28.56
24.67
23.48
29.4
27.57
20.29
18.2
15.71
8.09
10.45
10.71
21.16
33.57
35.68
41.1
37.2
35.66
28.74
26.28
21.25
31.39
32.54
29.07
30.87
33.4
23.76
18.32
24.25
23.36
20.3
21.27
18.92
12.14
12.32
24.76
25.68
31.32
35.43
35.24
24.69
27.92
32.93
37.03
44.5
45.22
40.47
31.36
29.04
19.23
20.51
26.48
26.0
22.19
23.15
25.94
24.04
25.33
41.41
52.82
45.93
51.68
53.58
41.36
32.8
32.09
26.7
21.18
23.92
28.34
34.23
31.17
30.2
26.75
19.18
13.12
10.12
11.51
6.73
7.22
11.52
18.65
18.04
19.19
18.22
12.24
5.32
7.58
5.05
5.09
8.68
8.4
5.72
5.78
5.88
2.6
8.93
8.44
8.31
8.76
9.95
6.0
6.59
8.6
11.32
13.61
14.37
14.78
15.83
13.52
10.47
8.17
8.72
6.0
6.98
7.86
12.76
15.92
27.07
43.41
45.2
46.78
44.08
36.2
20.58
18.46
12.25
12.37
16.54
18.71
18.83
18.61
20.72
16.02
13.95
27.12
32.65
35.01
32.93
30.57
16.06
9.39
4.17
2.84
2.45
3.32
3.92
2.67
2.85
4.27
3.9
3.55
3.6
