61.9
52.7
70.86666666666666
62.775
61.6
54.11
57.11
38.0
33.59
30.44
28.73
19.25
27.88
28.85
26.6
35.99
40.79
33.36
33.69
28.99
17.46
11.14
10.58
7.7
7.33
7.24
10.77
12.59
13.1
13.42
16.88
14.8
12.04
10.83
11.88
10.91
12.75
11.48
16.22
13.94
10.72
12.6
12.27
7.06
9.96
9.74
3.87
7.72
7.42
5.65
5.65
11.93
7.65
9.72
12.07
13.77
14.78
17.25
19.8
18.54
16.84
11.3
13.52
10.89
9.7
16.98
19.6
16.49
14.37
13.51
6.43
2.9
4.12
7.15
8.92
19.13
22.96
23.06
24.67
34.74
31.18
32.63
31.41
28.21
21.68
21.22
15.45
26.23
27.51
22.64
19.48
19.94
10.62
9.83
21.93
30.33
33.97
32.34
30.78
18.67
8.06
8.09
6.69
8.42
8.9
17.87
15.43
16.36
18.28
28.55
21.6
25.65
31.52
37.75
30.17
28.67
23.4
17.9
8.59
6.41
9.46
10.0
11.07
11.81
13.0
10.45
15.68
21.26
27.08
31.59
33.69
32.76
27.16
22.89
22.07
25.04
24.14
25.83
27.62
25.54
22.86
21.75
22.72
25.6
29.89
29.01
27.36
26.83
27.15
24.17
23.77
26.94
24.95
30.06
26.91
28.66
29.67
33.65
22.04
23.68
24.73
23.86
24.56
27.61
28.51
24.97
22.87
15.85
28.68
47.71
89.9
88.5
106.85
97.92
76.35
37.76
39.52
24.91
24.11
27.29
26.45
29.7
29.15
23.35
19.06
17.59
14.17
23.94
24.19
24.26
22.61
22.56
11.98
16.49
20.88
20.07
18.59
21.28
15.68
11.66
12.91
14.68
14.37
15.34
15.54
14.92
14.17
10.68
16.0
21.4
30.47
28.27
28.37
27.13
23.53
15.66
20.32
20.69
17.34
18.95
21.0
18.85
31.75
38.23
38.63
41.07
40.79
32.72
35.32
30.47
24.29
33.16
29.28
27.81
29.58
32.58
21.66
21.67
13.29
18.16
17.18
19.42
25.04
27.17
24.61
24.27
23.9
17.48
17.83
33.64
33.35
39.19
42.67
38.85
19.4
22.75
16.31
14.48
28.01
33.43
30.48
33.56
31.36
24.35
17.77
17.07
19.03
18.87
18.14
20.91
23.22
19.04
19.8
19.81
25.75
33.16
39.87
46.03
41.73
34.75
31.29
24.66
18.75
25.73
38.21
31.15
29.95
29.81
31.48
25.79
34.54
43.3
46.58
36.04
35.27
32.56
22.87
27.89
31.46
24.84
19.31
21.82
15.57
15.35
22.88
26.67
25.88
23.96
28.84
25.61
27.02
27.86
27.84
21.42
21.97
18.65
22.3
26.08
26.47
30.3
28.93
30.25
24.86
33.66
29.07
27.51
20.44
22.66
12.1
8.4
8.49
9.98
10.7
13.16
20.48
24.54
22.05
20.32
29.36
20.94
17.87
23.41
30.8
21.75
28.72
29.96
29.68
23.63
21.77
24.93
22.09
18.93
19.68
22.45
13.21
17.33
19.08
23.9
21.12
20.4
21.04
17.34
9.57
21.44
25.6
20.89
34.81
35.35
24.62
22.14
26.99
18.88
18.91
20.71
21.14
17.64
12.85
12.98
11.2
11.99
13.25
13.0
16.58
17.29
16.29
13.71
20.02
15.77
14.76
17.26
21.57
17.29
19.22
19.92
15.82
18.88
28.77
38.5
43.49
44.36
43.84
32.08
29.71
24.33
22.97
19.56
19.4
14.47
13.82
18.17
16.94
27.84
31.73
39.88
40.83
49.86
37.94
37.85
32.8
40.96
31.19
33.57
34.57
35.56
26.49
28.05
25.8
15.44
9.86
6.35
3.29
3.29
6.79
7.59
6.97
7.97
8.19
5.56
5.84
6.08
8.91
17.18
17.54
22.19
33.52
34.44
28.47
28.5
23.49
11.91
9.91
8.27
12.76
19.85
22.86
22.42
21.86
19.6
15.67
19.17
20.11
32.36
35.74
38.11
34.48
32.81
22.71
27.6
28.58
27.57
27.64
31.53
21.49
27.11
25.78
32.42
29.43
30.9
21.01
30.85
31.77
39.7
43.11
43.29
34.19
28.82
20.12
13.67
15.25
15.33
15.44
18.67
22.52
19.08
19.64
23.07
16.94
19.17
18.75
16.79
13.13
21.91
16.1
16.56
16.87
20.1
12.33
14.63
15.42
16.02
8.77
14.58
14.48
12.12
13.25
14.2
8.84
24.21
26.56
35.88
38.59
58.58
55.57
62.91
66.55
64.75
43.63
29.2
19.8
4.8
3.11
10.0
19.1
24.67
30.95
43.7
42.42
42.38
40.3
43.34
43.91
57.93
51.64
51.88
42.74
34.46
15.05
14.02
15.92
15.74
12.35
13.52
11.71
6.03
5.81
4.25
2.54
2.09
2.68
2.19
1.93
2.3
3.23
2.86
3.86
7.04
6.82
7.92
7.38
7.08
4.62
4.43
3.6
3.96
9.29
8.9
9.77
9.72
9.95
5.29
8.62
24.55
35.62
36.84
39.33
35.97
19.39
7.66
5.59
8.1
10.78
12.21
19.95
25.66
27.16
31.16
31.82
28.18
24.92
19.52
