112.7
101.825
78.1
76.475
72.16
51.13
38.69
39.45
29.82
20.11
21.81
17.12
13.84
23.04
31.49
30.75
32.25
30.48
25.84
17.07
22.21
25.75
25.87
18.03
18.99
11.81
6.5
10.73
16.18
14.99
14.56
17.42
11.6
8.63
8.75
9.57
6.65
6.28
2.39
2.66
2.07
3.27
4.37
5.62
5.44
7.52
6.18
5.21
3.96
3.75
1.44
0.85
7.69
8.08
7.8
8.24
8.59
4.96
5.36
4.92
4.63
4.46
2.45
2.22
11.25
14.23
14.38
14.06
14.31
13.03
12.18
13.15
14.1
19.63
21.35
22.14
21.45
19.65
18.22
12.33
15.74
15.69
25.38
36.84
39.81
41.81
49.21
46.39
34.67
32.3
27.76
22.85
19.71
20.08
20.81
23.28
26.18
25.91
26.55
26.29
36.37
36.1
34.15
31.73
31.64
21.0
22.25
22.43
29.82
32.78
30.21
27.7
28.17
20.23
17.46
16.75
16.37
18.1
22.27
20.67
21.56
20.68
20.87
16.85
16.74
16.81
18.74
18.92
21.88
30.33
28.56
28.3
27.37
23.65
25.0
28.2
30.62
32.78
44.24
36.44
37.21
36.83
35.6
27.73
27.49
27.73
25.62
26.01
27.47
30.27
28.71
32.69
36.72
39.06
48.08
64.12
67.65
67.36
80.58
77.56
92.9
92.32
87.57
73.86
86.43
58.95
66.28
68.77
71.17
53.89
57.7
44.13
47.45
42.93
47.94
38.7
40.2
32.25
26.43
12.7
12.94
10.85
17.5
28.3
31.52
31.08
37.72
37.64
35.02
36.39
36.15
24.65
17.21
8.55
8.82
7.38
8.38
12.7
18.88
18.0
23.16
26.5
27.21
24.02
28.72
29.68
28.49
26.61
24.66
19.0
12.56
11.91
10.15
11.1
8.62
14.09
15.15
15.23
21.92
24.71
30.48
34.25
32.85
27.01
27.42
19.05
19.32
27.68
27.73
37.44
39.83
41.39
38.04
37.88
30.89
30.85
30.11
28.76
31.48
31.84
28.94
21.69
21.72
21.59
27.07
28.29
29.74
27.38
25.43
22.72
21.02
23.41
23.23
21.96
16.47
20.84
17.09
22.5
25.61
34.46
31.95
46.53
45.88
52.54
49.32
46.76
40.87
44.64
33.79
28.3
29.28
26.68
18.48
19.61
22.75
21.32
15.47
13.57
18.03
11.55
12.62
20.83
22.63
16.19
16.97
17.39
7.68
13.25
18.83
24.27
32.3
35.45
40.52
36.5
39.34
41.93
46.61
37.89
35.75
30.35
19.27
14.65
15.05
17.67
16.16
24.21
25.08
22.89
20.87
26.97
21.74
21.42
22.59
25.32
24.84
22.39
20.7
18.69
18.57
11.73
28.34
44.26
50.27
52.92
61.91
49.89
34.78
45.48
47.57
40.87
34.83
35.15
28.74
28.67
38.51
38.37
39.69
29.25
28.14
19.92
30.66
29.22
30.27
28.45
29.26
19.49
18.49
17.12
22.03
17.68
17.41
27.6
26.65
17.51
18.07
18.51
13.66
15.38
17.95
16.72
19.57
20.06
24.28
34.11
38.11
38.53
35.89
36.82
26.0
27.74
27.38
25.01
19.67
25.94
22.93
20.71
18.88
17.74
12.57
9.63
8.67
12.22
13.61
17.33
28.57
29.53
25.65
25.17
20.88
10.99
17.39
28.14
33.42
35.74
39.2
41.4
34.85
35.46
33.78
31.21
25.43
23.3
16.41
13.6
11.65
9.36
9.45
10.28
14.39
13.69
12.45
10.97
12.65
11.67
14.93
15.24
18.44
21.07
25.14
25.06
24.15
19.82
16.07
16.21
20.71
24.43
29.26
29.2
26.92
27.28
36.15
34.36
37.23
36.7
29.98
16.06
22.31
18.18
16.57
16.94
22.77
14.09
18.35
18.5
21.48
22.62
24.12
23.85
26.49
26.74
22.54
23.95
23.51
24.53
28.04
27.86
29.41
33.33
28.25
28.01
30.38
28.56
30.03
45.52
38.15
37.44
41.09
43.65
33.57
35.3
42.69
44.99
51.13
53.32
55.23
45.4
37.95
24.11
18.33
18.67
23.45
26.91
25.34
27.29
23.6
18.37
14.03
13.97
8.12
6.24
10.55
11.02
15.61
31.32
33.83
38.43
38.56
37.07
29.6
41.46
31.83
45.57
43.16
36.89
23.37
22.36
11.23
8.72
7.63
8.6
8.91
5.45
8.56
12.38
13.41
13.4
19.71
25.72
23.78
23.88
24.32
25.18
21.48
20.71
17.58
18.5
25.9
24.55
24.02
31.47
30.9
25.51
42.9
42.48
39.45
45.68
40.2
20.89
20.83
19.92
12.78
12.2
15.71
30.88
42.58
42.85
39.42
33.32
22.33
11.63
17.67
20.82
28.42
35.16
36.88
41.34
40.83
34.69
23.16
17.16
6.58
8.99
24.19
34.96
46.36
53.81
50.01
41.04
33.99
24.14
17.2
22.96
20.87
18.22
17.55
22.73
20.71
18.13
18.89
22.49
17.16
14.06
21.25
22.08
18.2
24.3
26.02
23.12
23.07
28.03
24.1
30.11
31.63
42.64
49.02
48.26
43.42
35.58
23.74
15.14
