147.85
115.55
114.98333333333332
101.8625
93.63
75.2
61.35
39.75
39.37
29.05
29.06
27.05
29.06
21.62
27.47
20.33
22.8
26.82
23.11
18.13
16.39
16.48
9.4
9.25
9.93
10.28
8.31
10.72
11.44
8.32
21.45
23.32
21.1
24.99
25.11
12.52
18.78
19.4
15.74
19.71
22.55
24.51
23.93
25.15
25.48
22.46
11.2
11.24
8.25
6.56
4.57
13.28
19.79
19.89
34.32
34.62
32.76
25.86
30.96
13.55
16.56
24.22
24.38
29.75
30.94
34.28
21.45
29.33
23.43
26.7
28.13
26.44
23.35
20.43
22.92
15.38
19.82
16.97
15.89
20.9
24.83
20.19
30.98
32.13
21.77
17.64
21.09
13.78
15.24
23.03
24.57
22.58
17.27
17.86
10.58
9.51
16.58
24.15
24.42
34.53
38.21
33.33
29.45
32.36
23.28
25.05
22.62
19.68
13.43
25.56
27.71
47.89
47.02
46.22
31.26
22.32
12.76
24.06
30.0
31.27
37.85
26.25
22.46
32.66
31.08
24.51
25.66
18.77
9.65
14.77
14.3
14.2
17.54
13.32
8.51
9.13
13.64
12.58
18.21
25.36
25.91
21.38
29.2
21.32
25.0
27.14
25.87
16.03
21.67
20.06
19.07
28.13
32.52
30.83
31.52
29.57
27.87
29.18
27.36
38.55
40.31
36.34
30.22
27.91
7.0
11.12
13.53
29.17
29.18
31.62
28.24
28.92
13.16
19.37
17.9
15.22
14.99
21.63
21.0
20.29
24.91
19.18
16.65
13.57
21.05
21.9
23.68
20.24
25.16
17.27
14.43
15.33
23.23
23.22
23.26
25.75
31.02
21.96
19.66
21.86
25.26
27.4
31.02
29.18
28.9
24.1
24.75
27.42
25.12
24.53
26.32
16.02
21.69
20.56
19.98
25.61
35.65
28.53
36.08
46.57
35.66
34.22
31.27
36.49
37.89
43.36
37.47
36.23
28.37
20.57
29.11
39.96
39.31
43.01
39.36
25.93
17.03
38.35
41.45
56.96
57.6
72.85
63.35
54.8
41.06
42.19
29.61
25.5
23.76
21.82
25.82
19.62
21.47
21.7
22.7
17.65
22.17
13.64
14.13
14.86
13.64
12.61
19.41
22.2
28.58
37.69
36.77
30.56
26.32
18.1
17.98
19.33
40.93
41.98
43.21
35.84
31.04
8.46
13.68
12.74
12.69
16.85
20.99
16.58
20.62
23.75
23.52
19.45
20.77
17.37
17.28
14.09
22.04
20.69
23.2
22.52
26.1
24.23
30.28
30.62
30.41
29.44
35.06
30.08
29.2
40.7
40.1
33.16
36.17
36.1
28.08
33.62
37.81
39.11
40.36
39.73
36.77
31.21
25.52
21.98
17.01
19.23
21.14
22.04
25.0
30.83
28.88
30.26
29.59
25.8
23.3
21.09
15.56
15.2
20.84
19.68
15.37
14.85
13.78
7.65
20.19
19.9
18.94
23.25
23.31
9.45
15.59
22.93
24.87
31.94
32.67
27.64
21.04
16.99
12.59
13.68
20.49
21.46
24.1
23.46
20.3
18.99
20.17
15.88
14.87
18.76
18.68
16.22
16.73
17.47
14.6
14.3
24.76
25.09
25.48
26.7
23.36
14.16
12.89
21.87
24.03
23.9
28.46
36.37
25.07
20.93
18.49
18.4
12.8
14.77
15.51
20.79
28.12
32.16
36.21
37.56
35.24
27.64
27.88
31.95
36.31
39.55
34.08
30.16
33.72
28.3
22.5
24.44
28.93
26.46
29.86
39.64
50.13
57.1
56.31
61.29
53.7
47.5
43.99
34.14
23.87
24.32
31.84
24.55
27.47
34.6
35.49
26.33
34.47
32.42
25.64
26.91
23.83
11.48
15.62
19.76
17.22
23.32
30.17
38.65
39.14
39.97
41.19
36.37
24.49
22.95
24.02
23.98
31.49
35.53
39.5
37.08
36.6
28.93
39.05
36.49
38.32
38.19
47.92
42.32
39.56
43.9
40.42
39.47
34.66
42.54
45.44
42.79
38.72
35.52
30.32
22.3
27.47
31.98
32.31
28.28
27.62
27.45
22.24
21.8
23.0
26.64
26.36
23.82
26.49
30.85
28.48
24.27
25.83
21.43
15.23
17.72
24.23
37.86
46.66
49.75
44.06
54.84
40.04
33.36
31.22
38.81
25.95
30.85
45.69
51.32
48.16
51.29
46.57
38.2
34.22
32.66
24.41
23.34
24.2
26.29
30.38
32.12
35.98
26.3
24.21
20.04
20.83
24.5
27.02
33.66
38.89
43.04
34.51
34.48
35.99
33.72
28.5
30.24
36.92
40.94
40.1
41.84
52.21
48.95
48.07
46.43
65.16
54.92
71.46
63.82
63.38
43.51
52.62
34.57
28.0
29.06
26.61
22.06
17.94
19.63
17.83
26.63
25.73
31.88
37.85
46.19
43.1
39.61
37.66
32.89
30.35
29.36
28.83
36.65
37.47
31.83
30.3
29.29
19.81
19.65
20.57
18.83
18.87
20.63
20.16
18.93
19.4
23.49
24.52
25.7
30.6
33.21
31.4
34.44
37.07
36.29
36.05
42.9
39.38
38.9
37.68
42.12
42.27
50.36
