1.0877354968670705
4.650406300868843
5.531992270520299
5.547805478049719
5.739227289770891
6.123144206479148
4.961375769657291
3.772076922018101
2.968466498299668
1.8978253478058875
1.8016884680316083
1.682996978898853
1.8476080492463207
1.685408468754678
1.981714478512989
2.011018579737421
2.205253523968634
2.2597678883905354
2.5712758083203164
2.7951749735543268
2.996533394308234
2.872349454729481
2.897335179332427
2.5502681241807084
1.892410646551552
1.333668281641418
1.137860668102172
0.6860843450976456
0.8502147438308703
0.9243573449280504
0.9013246788386792
0.8972360405734726
1.1529805350804552
1.0356351739340584
1.1102119407188429
1.1647711803515544
1.2337092132729195
1.226355003063005
1.2190224235628238
1.1649700073757765
1.0893482368664944
0.8188750259100317
0.5999213039138118
0.4319449651071568
0.2765493149316341
0.1909392512516935
0.1734349721226105
0.1096534579109505
0.1345283652747262
0.1825610385609259
0.1841497382028805
0.1592249233478813
0.1978542116062446
0.2748214133948036
0.2489153888162396
0.3039475304440005
0.4263744860449365
0.3562982038374521
0.3090054737861876
0.3402074217642649
0.2974550619706803
0.3145020570274054
0.4078968087976758
0.3167987747985414
0.2739512453439553
0.2937650480401373
0.2920317004020598
0.3367620371748796
0.5306376571230887
0.6205991146813937
0.735527735556283
0.6853136923632054
0.675551473978085
0.7402798258036211
0.8268043057532608
0.75634899453275
0.9743820842791164
1.0128633896201118
0.9858146914586498
1.0281371456192894
1.279774450398383
1.281175920660331
1.6149892601872833
1.7129757702671524
1.9052400771634583
1.820642937150491
1.894423649354961
1.7614282944998485
1.5658455376301674
1.3295318303131527
1.291590346048801
1.0049215641216036
0.9075899501082269
0.9289169752694576
0.8088209945489285
0.7523918202308596
0.8039366193838074
0.8110414593801988
0.8815475593574216
1.2758682201200753
1.2218985709392145
1.5081905951735013
1.752660198944367
1.8180717633950516
1.5706698130607095
1.7462081496780597
1.8082201977814771
1.5943199488055375
1.5690142556307871
1.551654966731302
1.4340251075320425
1.122144422977715
1.0437774660781027
1.030410900353395
0.982884849169486
1.0361967340148193
0.9910392202041898
0.9666787082174808
0.9999130349103944
0.997521031332214
1.0755214874740335
1.127222040787412
1.246923069231345
1.1134170880971492
1.0921323503019682
0.9627027654140944
0.8150373995507861
0.5773329341817157
0.7021180107473836
0.794975931292793
0.6991846003039878
0.8355619509517085
0.9367703578440896
0.9123687877983506
0.803269390953744
0.9442141079126648
1.032611115336771
1.022116061672098
0.9465804101300856
0.913295712885826
0.9707027748634378
0.9514864077382034
0.8733087719479151
0.9908642893226152
1.0114593328848265
0.8984303891429164
0.7132823688428502
0.8372326955207646
0.7282511900166542
0.6742614862932288
0.6008262687803552
0.6791390011479672
0.5640715740231712
0.6134620732688353
0.7477192679977442
0.6604008334964465
0.7378882518712557
0.8628119104630569
0.8141660174557411
0.5912187313822848
0.6263433201682083
0.499971772555779
0.2184421572433735
0.1584468346378078
0.2421072467678028
0.3276888353777001
0.3336166299073397
0.4646048833884282
0.4540403717851872
0.4656515574358876
0.2529386222604367
0.1429191378940769
0.2324305773975414
0.2680358052411298
0.2772566601283314
0.4708207471619026
0.5505519805136856
0.4358093974819909
0.4644192622624197
0.4576991938881987
0.398089351755501
0.3417598536473274
0.3792127806219376
0.3338049365468646
0.1779398109971147
0.2780884553434135
0.3317450027845616
0.3669272902324577
0.3320674968573326
0.6020771076799452
0.5278778795474048
0.518673719521042
0.5030136397792224
0.5912116467509527
0.5182019547880408
0.4638409621002254
0.4839126223693074
0.3858145617515039
0.3023786333261975
0.2376138686795479
0.2722144932301942
0.144764648075835
0.2177524862252716
0.3247803305009493
0.3002000606904951
0.3190709544558074
0.4392704916457269
0.5340516064622922
0.7266470549077763
0.8081330913697872
0.8760427387279076
0.9671242082820318
0.9447083012974516
0.7146898773392816
0.8589451734691189
0.8714862081179033
0.9507404780679972
1.1662345575913449
1.1128516568808091
0.965253217938199
0.9606408327297092
0.8921656081304871
0.7018769692451557
0.8591927136063259
0.8618936766623904
0.926137455119004
0.8872244081807728
0.7804090169681877
0.7402220953850853
0.6995141032745239
0.6450657772888944
0.5763016828613153
0.6495388685823567
0.5986655092137062
0.6692332619693637
0.7473718539092655
0.9787390973456302
1.0110199714216928
0.9431762433001178
1.217319849649248
1.089662192326644
1.1780923010397466
1.696128693060987
1.8721622504983384
1.674299511548882
1.844048989863425
1.7235938426451758
1.295805142612451
1.2176502604800776
1.16726084178756
1.0743929521000188
1.1575429397377792
1.0172177992875853
1.1474007585611468
1.6127587549694418
1.7366780566040092
1.723783372345692
2.0078732729452664
1.8426936298445036
1.7173166798425237
1.6204880141438385
1.527665968516667
1.783205802780006
2.1769377163505785
2.1851111483097685
2.3756070797625357
2.749630560553708
2.852938361308278
3.008415305714648
3.168392928190175
3.180037439888935
2.933353945360036
2.607187608170728
2.5654210752714617
2.8334423583641306
2.955903555104584
3.1077359283661825
2.853527439840456
2.86531591767333
2.64708197567788
2.63918453603758
3.2540264641520555
3.861868763205168
3.819561852275167
3.700721451253607
4.98030361978756
4.79654623070051
4.706627115854956
5.391862528840419
5.571935005161997
4.928990077165124
5.272850753530365
6.65410367163701
6.90764204712266
7.411236835904026
7.9177112076522205
8.158615869410136
7.981499092223157
9.429326641838369
9.757917479623396
9.89271627089865
10.219052631931936
9.553285145418853
8.215241511727092
7.886804912318021
7.737254782068471
7.621274083112256
8.250971147442806
8.923251750417366
9.595811470850023
9.31315881044986
9.071664445382511
8.453660358189996
7.671684983117059
7.213658856482457
6.832911693105757
6.58190232911873
6.5145060776072485
5.970550269903891
5.206337607489725
4.975590824921531
4.451343417590234
3.977719450466749
3.2937693036470432
3.6418191181296127
3.600505473598304
3.4254547170817
3.181479145538664
3.431317151086116
2.9702877059863755
2.532632641447533
2.6079331291627126
2.435553615028199
2.2918318001713573
2.4120029884734797
2.6902884115842944
2.6456068267692388
2.648600343074317
2.4662175216554227
1.9237046368032864
1.306092480574408
0.7223404641862078
0.3102271599300791
-0.0657098127779412
-0.5459924297597999
-0.592636883849467
-0.5942352153535109
-0.4101602166655494
-0.399497299254145
-0.2433297078786127
-0.3092038436694988
-0.104072776604068
0.1067505569628608
0.6805909186628802
1.0862489125918944
1.5320436136706277
1.6394978577192223
1.5172320684525098
1.1468724271812702
1.1416310568175023
1.104036889042572
1.3930758156871474
1.8348968478827263
2.071100531580868
2.2597053211629943
2.33151511591977
1.9840332453009688
2.1744384881009613
2.885463956346856
3.421756988093144
4.310277956816477
6.469521051256528
7.08813030981839
6.796608451699245
7.178766779902293
6.497788799287057
4.558462087935833
3.5791702283039983
3.31564993840098
2.298866317717013
2.277507522587295
2.319722537270013
2.178973084448534
1.8465220747881617
1.7798137512073506
1.5182278011620145
1.232299231114089
1.2529304499288303
1.626214366106856
1.94907909805875
2.2140546664870904
2.694756704562694
2.9971986849105887
3.296156345115323
3.5595720985465005
3.666753869422698
3.526944030784946
2.9335780506014864
2.612113985100846
1.7419221588307028
1.0042471109409392
0.3301908683276112
0.1485342530706746
-0.6612809028205536
-1.0471793823336843
-1.911197966355429
-2.759156740861645
-3.151271176155863
-3.210130890425676
-3.0507636065278247
-1.8979378236956133
-0.9913421949040492
-0.5031754440524385
-0.1470504118550034
0.2611931204934732
-0.0599490063774357
0.2158366530398682
0.5151481940019145
0.3756720791801926
-0.7547274855564237
-1.1363970477175478
-0.9574614045403312
-0.923956136880938
-0.7595798104072969
0.3269959267980354
0.80761144211621
0.4581810758326251
0.244974348020754
0.3304755366422565
0.3383327891768408
0.7948404510725023
0.8996137943966667
0.958799069602812
1.0631340347556135
0.8015591001969916
0.195137911628498
0.0298284082775981
0.113919296427588
0.0238665443909073
0.1353868120187168
0.5720154141889685
0.6564649406779698
0.6133467782068647
0.413476396942852
0.668269580758959
0.8209505018453482
1.355040428949374
1.5085708722607003
1.8847536034526768
1.884177578875472
2.1790856408349897
1.83216375409581
1.991185059238205
2.229217161612928
2.067972307641877
1.4177020642351883
1.4163038271867014
0.8781689466714065
0.6646078068471644
0.8468470332459493
1.3026170181415635
1.7264819775296485
2.199595056101856
2.065502381012408
1.8584477654728155
1.803207936927328
1.9441344518722397
1.736079014609682
1.889121905252364
2.0076510950930118
1.8039738449845584
1.640181146171097
1.838312684541596
2.2873753826625265
2.1744670389922103
1.9562050455874664
1.568871471273073
1.5740084205173768
0.941847985566686
1.1391267451255764
1.4617152010466583
2.171565002890333
2.2977207353276
2.3538470862130105
2.4990943391413265
2.34366637177272
1.5744101773565962
1.2119369860085691
1.422134421288688
1.4077169045774276
1.414442712184636
1.5061304076983228
1.490329853692883
1.2064308361362506
0.7698221860345213
0.6723229946482543
0.3305454045012107
0.2191035667989453
0.2311730546296337
0.5683182172016142
0.6411269215590267
1.1951453073043197
1.7867646569269136
2.59954712538464
2.603349448630943
3.027707241982169
2.719109948952767
2.987147627313488
2.232671116741176
2.177375848204167
2.2655258198299006
2.0282343909904275
1.047059251924235
0.9980390034819104
1.3602171600045916
0.7778711963395838
1.536141262844238
2.2498525516436603
2.723828996794057
2.463330892893984
3.0331817405451926
2.7517270177267865
2.773389214627408
2.756833324078656
2.870966026674783
2.590532091773397
2.519156747615037
2.2460361871605663
2.143478341406857
2.4315695193829536
2.3751188278054074
2.5789492103693026
2.628139122557787
2.787578333172932
3.400748862413299
3.584917129671408
4.073551827835177
4.832004801145328
4.9795082601249865
4.333878972807313
4.293802172690776
3.6451616331376457
2.859788633225397
2.8182387674917333
2.5508086776079733
2.7203533547947205
2.662554024495112
2.625003195240082
2.1641173099266515
2.024722613289617
1.4010095995069072
1.3179011243189585
1.3880148076689705
1.3996576605766216
1.239959114180521
1.607831472194934
1.6576927893548783
2.05241862958858
2.3845606687961776
3.164311771950413
3.8123388385696897
4.670694113500665
4.745520430868302
5.176423275701506
4.90440371916173
4.653375734592059
4.230059603242879
3.669156458419621
3.334192305865965
3.596102454829372
4.071923382119952
4.753633900580645
5.263680491885693
5.565937430289291
5.668256799275122
5.946707743477573
5.792817621934494
6.401196666658707
6.613899804172338
7.402582729403913
7.477108022991171
7.713192717991068
8.312715923139463
9.14880153165236
9.13933644321784
9.072121315208603
8.7623449664598
7.328574879980817
6.31829600073006
6.327001865789206
6.57761588411213
7.185797265443053
8.603759136448453
9.482998575727365
9.776579174623498
9.697366529907184
9.283204873274869
8.339485556261433
7.775697230642297
7.117810018166897
