2.157376805218216
2.719169653347932
2.989693063263425
3.035326336176844
3.26367903875809
3.1187179607398843
2.561081309650664
2.0536969071691376
1.3590392285502837
0.5311699726051877
0.2766407337480517
0.407600569631641
0.537912445455059
0.8626909020344755
1.1052799406297753
1.054954654346287
1.0987593315145383
1.191505807818511
1.1740662305181078
1.1466143318630275
1.456569186555692
1.3806183390762556
1.166308885582582
1.0260099716640625
0.9415212509894508
0.8211324474514352
0.8212933119442593
0.6799335941402002
0.6964574365229688
0.7159465107547525
0.5871442802404555
0.5111411291603877
0.5139373161177392
0.5376664825353894
0.3929209545657569
0.3268643674557843
0.1806863530983771
0.0560824432962493
-0.1087578178768228
-0.1624205432539529
-0.2392328535747737
-0.2883186000874831
-0.2199149565705488
-0.1626030594391937
-0.0123400081372417
0.2985737604647047
0.4437095629526816
0.5087928725564701
0.26977090429149
0.015939705431123
-0.1899907279922796
-0.3609277852124886
-0.460657466585887
-0.4027059897352968
-0.4761931091777269
-0.5591039884814395
-0.4462863493503395
-0.3145752405028538
-0.1042804320962092
0.2081152129159674
0.3231684978591744
0.4690245947786557
0.4553262647694129
0.5380573740907868
0.7791995805611924
0.9465433449616932
1.060324713264733
1.2106680457139254
1.5512446573155343
1.8373968379094832
2.190581684175334
2.3865064567794887
2.3037220140395345
2.1870041844842176
1.612151418563417
0.9563303956223472
0.5468792677558999
0.3091108587462317
0.069194405955085
0.2622533608512274
1.0058052324877176
2.026103606958062
3.651468681362279
5.168987125114252
6.735779369674192
8.617665084846386
9.584456970465782
10.653992763105723
11.22931559446449
11.316643340870876
10.389277545646594
11.310671003481737
11.225718580659212
11.67648039799597
12.624293128082828
13.351130321615855
13.662637146496568
13.818923420071156
12.721873230034094
11.89393798179564
11.556802682787689
10.440124378971866
9.962491473778618
11.061286113723476
11.176832499626542
11.486744650636911
11.39901399445224
10.720739209386863
9.367103803726646
8.425230173259202
7.788706808172698
7.599441849200485
8.087506764457185
8.450089854048237
9.743360227458464
9.711253516093532
10.113263364252871
10.252117666416169
11.039177856283109
10.68256985586383
11.210081602224667
11.200362021545768
11.713818645693308
11.535999577404173
12.344351689366786
12.55663933509712
12.569997247262334
12.15393292254603
11.51590825375627
10.56738376156753
9.318946604668204
8.332597702050274
8.17021601659407
7.888769201071776
7.987154286341362
9.462572248396912
10.076504719258724
10.39857371261929
11.514114894800434
11.843858029274
12.363003194777455
12.5743801355165
12.7304291011098
13.18606335065556
12.739159723796291
12.439946849006464
13.297711368904912
14.131796723663337
13.702097451456153
14.021275500422552
13.2196537537441
10.376357653942998
6.269606046692919
3.5939723123884253
1.3863790526818938
-0.6456530643941172
-1.3291925585709905
-0.562918747993411
-0.2812584530904241
-0.4312310985057996
-0.4564579369074517
0.0491643203138463
-0.1228005221035812
-0.1380949103732259
0.0451228633388107
0.021935525302264
-0.0736100692228302
-0.1182708517991666
-0.3089924263681682
-0.4758661819590067
-0.4722410619293765
-0.6275737521232989
-0.584905865088659
-0.5326873099106245
-0.5384795144266422
-0.6134411090427218
-0.3413454286927744
-0.247468585926259
-0.1753764755200525
-0.1075109643665931
0.2107928648791046
0.4283439461111731
0.7007615571730591
1.086263952470531
1.3719564542523408
1.729627668066243
2.11590673467885
2.143592892052016
2.027833564661976
1.8173528641888257
1.2713959707555351
0.7700083845074882
0.5798447227987273
-0.0453977863884795
-0.5557147510106423
-0.3331201186445118
-0.3125829265805517
-0.026385290434144
1.307996967457819
2.218096146219188
2.35348624165068
2.636782231953001
2.903243214445845
1.885297961449003
1.5258637254466674
1.707568957568514
1.3865163311333024
1.056846780605888
1.2406833363787948
1.195276537262768
0.7517056204122834
0.4595193371906493
0.3698237421996502
0.8815801344024539
1.12510398456961
1.39243669239914
1.9243566590144927
2.1835792301334416
2.310659677900618
2.462182225312901
2.6715721056904256
2.952854958356561
2.9145355397372525
3.002200663139486
3.0790538752078827
3.6501539377863854
3.728766095983457
4.195126488287178
4.289681224085735
5.394061264233676
4.923025908499261
5.283840987525593
5.262642215067705
5.089494887879332
5.121815659330308
6.108385187635759
7.043691613971884
7.870654646211805
8.1825939951226
7.427709265600164
6.381871786307803
5.086045892722206
3.7300124243819175
3.3474837803775888
3.2242545292908997
3.594385537670308
3.4572956910443406
3.3042329162334108
3.651924786865085
3.783435352746587
2.963714276518284
2.9683710420739926
3.1928815726704927
2.8275780072255783
2.605221759828757
3.118337956099869
3.102128190926497
3.238849689059093
2.9019511229084944
2.342365441032725
1.8647863143183487
1.899395021037443
2.09273961255634
2.0250713923183974
1.9265747553739123
2.0223577244339648
1.7058895806941206
0.9597542294415432
0.8103279048138115
1.4564522832151534
1.0483916791982777
1.3311799820365084
1.4274708296901109
1.3638674488609634
0.4719609065782553
0.844156635289832
0.3538919208819002
0.5618299039481112
0.9659341261713132
1.2380037061389957
1.2376809198000205
1.6344884740656784
1.697345682068329
1.1666492540585545
1.2825082514645405
1.0956211904037476
0.9958249261926074
1.4765635593552304
1.8006794355452769
1.82605637520909
1.9626880426651427
2.207870911015489
1.8321299197190688
1.6395708280618149
1.4079142740026755
1.088297735343146
0.6918905877732547
0.5521324904483323
0.5780022330228155
0.2779266948300949
0.464634006016688
-0.0452175223056107
-0.3574981623794382
-0.6999653938408744
0.0903437144155119
0.5858848178449122
1.5682130091985649
1.747329576529374
2.0050638412331
2.4376925812161563
2.7023865430244984
2.6603287907262683
3.167656415067993
3.888517234910148
3.607232709222162
3.388865542081141
3.298331631092398
2.9995025098378134
2.7526775000079406
2.3887260446694007
2.488038075922053
2.8408062134920247
3.3987694098575987
3.8217796095678014
3.833641889971609
3.978394844424873
3.3765620765813087
2.6904280678174963
2.0628491893916023
1.758387648163291
0.7993253609479543
0.5552574837184712
0.0754886279836943
-0.4095688956700573
-0.5938215204369847
-0.8797533300688088
-1.2672688576972222
-1.4590121774569045
-1.5509246111325192
-1.643235747921172
-2.1316880788931134
-3.019641926588544
-3.3327007433329987
-3.364131946631699
-3.4633687390444288
-2.9529740408749547
-1.796077982996222
-0.7881349580574564
-0.6200281689141852
-0.8698260015091708
-0.75134987705657
-0.9598783238644724
-1.8382224971066945
-2.045345929159876
-1.6645587558307802
-1.699652222376723
-1.609342261659921
-1.1718905254014975
-1.0491302559453684
-0.9052253906070972
-0.5381762364436595
-0.4333007902657144
-0.3858169590255116
-0.4146230200715423
-0.3765024946777505
-0.7166373556878374
-0.565891822594535
-0.5012016487667615
-0.8738484748330535
-1.7097621828836305
-1.9492886007213317
-2.070348027156608
-3.095446602984672
-3.442455481507624
-2.820448252160777
-2.611490778039415
-2.941812267074316
-2.029956247345862
-0.9389440044935812
-0.3874095107315446
-0.21159206780168
0.1744207798176207
0.3823869362074751
0.4719566484569957
0.2421232776062132
0.7338500744849903
1.2632430923032458
1.4695553200963385
1.55084885460969
2.1516863749777246
2.1610479111695984
2.8234536678985767
3.166198929834207
4.421351041063761
5.721607491344656
6.8783556172731934
7.194426213895339
7.983893941359096
8.418129838868305
7.429340247118049
7.299043836769997
6.541740598233639
5.287302180170903
3.675402156833936
3.323369674821758
2.64263870478355
2.668602540959889
3.2974293264467405
3.544649131626468
3.4614188868179308
3.115278316834497
3.232022438636304
3.1938244049768203
3.756584580853944
4.465731159515969
4.819383521285402
4.601756733483012
4.343034807488484
3.337682430148885
2.435215330979411
1.8974574028505533
1.364776046332362
0.8958733320652554
0.730977225377196
0.6723865433566164
0.6811669065084698
0.6951190863416161
0.8775299362372067
0.5704902608885828
0.4243307751665719
0.1627337841529819
0.0705136465961031
-0.0635178810256934
0.4421448496262017
0.3472926873566133
0.6358074496729402
0.972050275631742
0.7710868889111343
1.1410596860459474
1.069525691900174
1.0098320316744702
0.7858266545136948
1.072522188906713
0.6042961105448673
0.7812604038085424
0.5662924986223133
0.4536780179551571
0.6516173766961245
1.0908464450217552
1.4965982763479504
2.057569354339351
3.0176589088933388
3.88261111510113
4.616242229641639
4.993784866326723
5.0799417221372885
4.756924826825188
4.158814143697647
3.3010307310347407
2.924821531718807
2.672609677073516
2.472665654101047
2.7015025561087342
2.2494051065670515
1.5987660823143983
1.180556632546765
0.2131299954870849
-0.9872702956469284
-1.148699550323062
-0.9416066774295656
-0.8225868192183212
-0.2136733381992732
0.2972588068939067
0.3109530407281641
-0.9091822930299364
-1.7637736283679806
-3.350402830461181
-4.616569379794227
-4.582941901707535
-3.086158331207535
-1.8317107270277204
-0.4244606090908913
0.8708225298161976
0.2438717921388128
-0.9850588127890374
-1.7516695776723066
-2.601053880512698
-3.6599941407870142
-4.102833376055125
-4.023041270681781
-4.208888568935803
-3.711547725231274
-3.1967579856526718
-2.9541897149165925
-2.8281463738041044
-3.2346505488057864
-3.4772841367586493
-3.4810754533827475
-2.6611710301297755
-2.0386910284786244
-1.2703269490684717
-0.7691042622329427
-1.119828920175805
-1.860220374400468
-2.7360492837659915
-3.512144921815736
-3.72920371753863
-3.840690179940501
-3.615119618691237
-3.426061769959645
-3.4432167767998747
-3.891603465036507
-3.946937616328122
-3.855955592221229
-3.656361827373244
-3.4339824516098627
-2.8192610235176847
-2.0729009040130366
-1.440962215934527
-1.2100953107562762
-0.9352658840045642
-0.8642519403026112
-0.7853950725801198
-1.3318757406360968
-1.088952018976955
-0.785996138925077
-0.6891722466894775
-0.7531555197572838
-0.3197320721916857
-0.33523542283317
-0.5532631146723976
-0.5083091917163542
-0.5354638658181553
-0.4168793121539222
0.103899284132362
0.6950945248683504
1.0576436584971296
1.1086141100500948
0.7745041710901596
-0.1269436414515674
-0.8101806943620871
-1.2879158929053236
-0.9916445217604968
-0.0553314649139351
1.2664453227082342
1.3902410084929075
0.8659476345150758
-0.1382546996954713
-1.541495953101059
-2.637350706952022
-2.4749440431071856
-1.818590807052621
-0.7589543581059931
0.0429910932085039
0.5282346599560755
0.6037640873805682
0.6302651662584698
-0.0584171205822597
-0.6017528069381318
-1.3561463036230574
-1.4927774000801557
-1.327034101767532
-0.0335287306850495
1.0708930297790968
1.7266201233184828
2.300958126712348
2.1566319437107624
1.0251843031423982
0.220289456355854
-0.3320251524451134
-0.7626566545222034
-0.623092654013726
-0.3083610165964046
-0.4816921919674635
-0.6844879638951837
-0.6870969030676112
-0.6205753715654878
-0.9329427735935596
-0.9359339069575888
-0.8673345795771144
-1.109380302231371
-1.7573796052599857
-1.619919941208401
-1.5302868918184669
-1.1335031904699684
-0.859172691680822
-0.4144873594967905
-0.0305565494974373
0.6203762947174397
0.8230670820367543
1.2162519751814604
2.0021595918323043
2.8593713961867206
3.1770683674995954
3.821798070893085
3.3126997522134785
2.4664847061037203
0.890959933151308
-0.135090993159064
-0.9016064373678412
