1.493684460089463
3.900406119812569
4.331233952050158
4.417698385263051
4.970456759120439
5.689671299511854
5.409911993367335
5.360087107541115
4.969047592042113
4.104555458696521
3.6330307736097263
3.134387579783237
2.736680843144344
2.633401454257996
2.3705453513063044
2.1822934520580968
2.4469638751603786
2.47071367539525
2.975935826759585
3.5130769601930694
3.9463159881459062
3.5804147785330995
3.419832756522631
2.993908660865901
2.704879942784653
2.2528225287495105
2.506111163868548
2.4081889655195847
2.4215841413922146
2.0949233379688765
2.3503611204300934
2.175633851432768
2.355959525538634
2.06820503571015
2.1219800997510108
1.6709710182501698
1.4797917536492493
1.218652684649646
1.1804908223348876
1.0125913783202447
0.92818660204183
0.715595336990952
0.5623362304427677
0.344474116375625
0.22984022425226
0.1909767356471587
0.0924129163020313
0.0375887240496288
0.1667641151828619
0.3330139459830223
0.3738837973535389
0.5090547248850598
0.6504444196523997
0.6627368470543776
0.6485123031894104
0.6852137671139268
0.6608754720172303
0.509407761040344
0.449489767525442
0.5102860730784384
0.5775951475683826
0.7424889594463632
0.7245508803927011
0.7954075226551716
0.678749824271585
0.6925300969622736
0.579013867123748
0.7391398681804722
0.8488431686545593
0.9522802600430154
1.1801803529297372
1.161168276114626
1.428504873728811
1.41726364332361
1.4561434809645937
1.2422427506044529
1.3807007897755568
1.0941864683510811
1.2534797433606917
1.1783949264341382
1.1562373583695758
1.2706851000647836
1.3668735342642533
1.256468745612251
1.4445454923406016
1.4128402075405964
1.727573347205784
2.152024885119039
2.482158105500342
2.633496181953418
3.475738626326732
4.189859481940642
4.722205655850706
4.913276056974013
5.149790685170781
5.09692415907335
4.593756140958345
4.077444353085955
3.6868927395615008
3.738696288496867
3.6808176019351904
3.559887642267664
4.669447858494548
5.800339611489964
6.051580381558647
6.415903862616851
6.600515192860692
5.413335025810856
4.477021652729684
4.3017395692341776
3.657298804188079
3.731207331081989
4.194845274342693
4.500333357621645
4.4742922468790685
5.2078419032883865
5.037925275613735
4.730467316963587
4.729817096565522
4.593581718910844
4.005747562451411
4.209269390809468
4.287250703255607
4.001570550871604
3.826785461738945
3.691399870168557
3.436532449280206
3.577243016373888
4.23664807188358
5.005662125879577
5.43918883189502
5.109116101261811
4.472132582639123
3.868657286604099
3.6980437530432506
3.620879916614882
3.640751891787977
3.806517009013872
3.9830168212863537
3.476119009693655
3.958530189088616
4.093098831421295
4.721844160308165
4.467778350946398
4.624065197118184
4.033919501919858
4.816657551217033
4.755931140402405
5.149650947449056
5.515270685530645
5.380106093484393
4.705161521512932
4.9406766247097735
4.708138094198762
4.654304183873092
4.759730530165898
4.607161068092041
3.981086617492672
3.6922827989129647
3.279798476480753
3.1061636560133348
3.1248320713067925
3.0635535481425347
3.215862485695632
3.599563589558013
3.61035775540171
3.630974021633408
3.616098483882068
3.5548521110081293
3.000438751648892
2.6567592158804354
2.3665882585915576
2.112646907146428
1.756653160063805
1.6485002589292492
1.7787798022418648
2.0070450586003448
2.5709090123784994
2.858872159610128
3.1471793276457367
3.13885334481774
3.2876801240423896
2.535544530253407
2.6165087541779286
2.648461617969726
3.037371374574289
2.9102280046306936
3.4403863491134814
3.348070296543175
3.1478065155905184
2.9931728227395653
2.933158749704918
2.8389184576708213
2.970910755635614
2.8637042597954485
2.867224249445359
2.6401285851852703
2.6511169693088474
2.6537233673811618
2.8724135982115424
2.6175169864728813
3.0389911622820467
2.992418106420808
2.7599371093332734
3.074393153812283
3.9203611768171873
4.25773950912293
4.315462839113572
4.695952435590532
4.377706318282785
3.4351414646949583
2.8786906873727416
3.1062330927801955
3.031278495614131
3.392759203341239
3.881828842383285
4.029288663830194
3.902674553798198
3.779859095716054
3.666047766966961
4.044922528175489
4.158429154552003
4.213537848360919
4.154808441797498
4.048695976965501
3.941267794659407
3.869161152507886
4.267787671284876
4.497726756033778
4.486254926494166
4.179247685349838
4.423796497509379
4.246464947748027
4.074412004456713
4.0329136308708815
4.059651217596318
4.184259118690517
3.983407968326856
3.9372122003106176
4.123538104943692
4.136846703318007
3.75689380119829
3.686982475324602
4.069294188400687
3.731446364504114
3.377213492071584
3.1718498068174488
3.077475392560089
2.571497510945491
2.644294425375479
2.7661686758944053
2.795665019260149
2.8319602952266094
3.185979901330474
3.552691080411297
3.683261747516608
3.552741437144894
3.338771107898588
2.9216606111440355
1.9574515325788877
1.4262871673081954
1.3951031930534123
1.599727061881412
1.8478581691142395
2.288576785050881
2.7130955234137613
3.011418224663444
3.331464610015189
3.5651034923539213
4.125472819454762
4.264455130356947
4.178055215289756
3.606556066123492
4.071413763071394
3.648594162489704
3.730213928794023
4.499683757582229
4.946658907615526
4.536208927114076
4.409100722469622
4.160546676545943
3.3635219031452137
3.3467109115451814
3.0658009999165547
3.1189617745193265
3.298014539386141
3.4493172094679894
2.919321806475172
2.711659444144216
2.262763305870889
1.6214826827148918
1.0117573130486728
0.7805565558538519
0.489117046417459
0.8677318079842159
0.9115970709831354
0.7904931867577926
0.5498425165464125
0.0761271633853068
-1.0367296548609028
-1.1670478654397125
-1.0677884790546426
-1.669392803722617
-1.9278360335767184
-1.528332051056227
-1.6172423134993354
-1.51340704539841
-0.5635238736144587
0.2790655069081151
0.8482903769922574
1.15336388400965
1.188605594537899
1.0520851348883469
1.248381646962776
0.9147155355042106
0.7192223094756112
0.6657077333325537
0.7421675208945172
0.6520502313086396
0.8277059046374247
1.0109636564219997
1.2053288468938006
1.468652167589143
1.472535852487728
1.549775725824381
1.4938965284463388
1.3901981806455208
1.5878347339847727
1.5075033378797784
1.6091015854963586
1.801416624294299
1.7617983635623662
1.5061818595196836
1.7222445606045873
1.7909141493169531
1.628693535074076
1.5940648747218171
1.2630070622609069
0.790163396866387
0.4348336646196746
0.1566387553710801
0.0897588771412833
0.2917972229535825
0.4376763028969318
0.518408657771412
0.5219373909244391
0.3196855627232195
0.0712776971835231
-0.2968832089600161
-0.6185559666900479
-0.7025664882443435
-0.9548499504129
-1.2247548148200664
-1.0011997604625311
-1.022729797067904
-0.9514767033204048
-0.5050240276744423
-0.3113142128247547
-0.4595678646977377
-0.4168964313618186
-0.4506132800287383
-0.572222758443851
-0.8620669626872283
-0.8916382825752105
-1.1214400038695695
-1.250928286477175
-1.462479751970949
-1.2830027743924397
-1.565545929871764
-1.6878310114743609
-1.7128078919072445
-1.9821008171825547
-2.1923218365901302
-2.1427337693905923
-1.8923050422864225
-1.90117526981353
-1.5234528618247976
-1.3008113599834423
-1.171945810606439
-1.085765785824676
-0.9592017329090952
-1.023211936328691
-1.0042228476808404
-1.1073202149469146
-1.1372152062135032
-1.1201880202911854
-1.0948835988085996
-1.2195645810557307
-1.2117774083730566
-0.9137372310806474
-0.792413329761301
-0.6397230430495415
-0.4866168711029839
-0.2017157526936903
-0.2968898595395114
-0.2898460545756823
-0.1924635085143585
-0.235512734902806
-0.1098902707145524
-0.1305493672908459
-0.1573955319057283
-0.3400741585104858
-0.2333648598588989
-0.2502333594667351
-0.2589369155400886
-0.3167926707545359
-0.2589817812766157
-0.1621476082903279
-0.1287837687908943
-0.0377550066628603
0.0680197396851152
0.1547216908503333
0.1654872084358548
0.1047531482681994
0.010443775652637
0.0160030836465678
0.0072745518869375
-0.0133878657747856
0.0976687009807249
0.1229631617288936
0.153131836301347
0.1655073736855496
0.1247796189464797
-0.0745533000729678
-0.0358264226908054
-0.1269315291750362
-0.2055870532553215
-0.2247745263459537
-0.1524415015568013
-0.229302826026817
-0.2279409193477547
-0.0875012048133462
-0.0180318847660341
-0.0155223584980732
-0.0157011042131113
0.0153788738304622
0.0342444333674752
-0.2370997820688867
-0.3262754281234226
-0.392508187840052
-0.3971527724927062
-0.4476095267823122
-0.1786690780093224
-0.1952495938430076
-0.180984136394977
-0.3144888767948696
-0.5892124872845403
-0.7004847266477843
-0.5629875629839254
-0.296789131420774
-0.2183996525618018
-0.0575193257425233
-0.0957349360265278
-0.5452655357259034
-1.1630564689829064
-1.4989062502135064
-1.8092151928259697
-2.4587812171343546
-2.2477861976847406
-1.9469883889707709
-1.6625108491541487
-1.330476090113565
-0.5850516811946449
-0.3663473429161633
-0.1002199554479187
0.3372262524465981
0.7026095222144609
0.8170696075597792
1.0109987114372152
1.0212809506183156
0.7909576457342752
0.7230164758754795
0.7427471386749919
0.4762629840016322
0.0933325785921728
0.0810433049512953
-0.2662673028228773
-0.5313133991222668
-0.4707796769667705
-0.4679490262596729
-0.664193527499819
-0.2546526485708842
0.1032618624391109
0.098379333162466
0.4285824276988023
0.5877530996251168
0.4435336534714004
0.3849638860331278
0.5709274387202588
0.7265117875043667
0.9989713616988126
1.0218087836102
0.9531415369560928
0.9571266404548402
0.7923126278273278
0.5848476863135407
0.4860372891636844
0.463850139759306
0.416664044485022
0.254156793880561
-0.1879425213171893
-0.4043595891300725
-0.6560250771750181
-0.764209271891117
-0.6032578881811923
-0.2655450422825993
-0.3340624716240234
0.1026827427957565
0.1122463044179136
-0.1411675720064657
-0.1915720218894933
-0.1639643692251196
-0.614077218325689
-0.8869791878289095
-0.5918476328008477
-0.2901867842711373
0.3139328774213961
0.5812407418846045
0.3573678239519758
-0.1383503996128934
-0.876244683053879
-2.1366387481014395
-2.7494307349715785
-2.5774501554362232
-2.908945732909365
-2.733994975362997
-2.22775325171786
-2.201871817879642
-2.322990554338263
-2.145555463126108
-2.303555228892396
-2.6549225737011626
-2.6631321901506992
-3.324983711150737
-3.5660632705561937
-4.202063009958922
-4.560591963283532
-4.7178836628039775
-4.054876978787812
-4.036784882167892
-3.628036023782739
-3.156927516684821
-2.888700726335399
-2.8209142227051416
-3.09180410534008
-2.636713798125815
-2.5257223451928126
-2.490782797093549
-2.4791165174805188
-1.935300715245384
-2.043463218177622
-1.9204833772030736
-1.5979065008048707
-2.011465734105579
-2.108881470389071
-1.8792174314602468
-1.6387925535100611
-2.255209982127515
-1.987729290143748
-2.035493103872315
-2.239636911880013
-2.457600339102962
-1.9557276721006709
-1.5194558349898122
-0.9228766880175874
-0.5971455897617141
-0.3589787467125731
-0.254257668593693
-0.3188335646491
-0.6765318404090145
-1.314364695225844
-1.6576846997905768
-1.8514482492864064
-2.1885491278169624
-2.0093502554860474
-1.536181885795714
-1.3999393170231362
-1.4667167090783475
-1.148382660416017
-1.139714441829236
-1.193429892313825
-1.684251054263332
-1.595184607161799
-2.050095306153296
-2.164607213001076
-2.212038641230176
-1.8908922758548952
-1.9631756284815975
-1.6800109779496155
-1.716597211138252
-1.7714367995525735
-1.734617230278311
-1.841395047825677
-2.10262964071949
-2.2767687382393307
-2.3710162627182285
-2.671209060070083
-2.7296224731864864
-2.7156019866519885
-3.151437760609105
