-1.4090790876209212
1.3660837039717568
2.184043328841546
2.892376800744055
3.220074606816452
3.986229494281927
3.737943408279806
3.181370044314189
2.41390059884795
1.6787131122667447
1.5376085979625946
1.0234059524838774
1.0930272102078793
1.2260141234729645
1.2686421008733282
1.3048098558237486
1.299308463916243
1.173097451031298
0.7836986537101738
0.6961220095451531
0.5801475724273678
0.5355561020610147
0.2272139398945083
0.4263385833982813
0.1226166598326169
0.0216518646249901
0.1022113406390363
0.4602965683357566
0.5781987441796257
0.7935857217434752
0.5420245573254079
0.5179188398809498
0.3460866637334419
-0.0041225523814565
-0.1212040618603673
-0.1206231674179669
-0.1543680960705658
-0.1888559406417036
-0.1492617866080502
0.1120785552246102
0.2725037635407025
0.2128767173981395
0.2371770116980237
0.1994158086868121
0.1668699730409211
0.0662129046781064
0.0375400653625308
-0.0063832235937334
0.0191776517763155
-0.0893965894713023
-0.0650467986449785
0.0535671741219721
0.1258991155710268
0.2580686652420507
0.3190128256933785
0.3569000699866732
0.3314990921883718
0.4353675407856923
0.4003575723950335
0.6174688204013142
0.6648037880859518
0.8833653435218837
0.8509428227436574
0.863479720225787
0.6794278159672064
0.935154298551576
0.8804912136023896
0.8683843359119306
0.9012101191167072
1.0455987916085805
1.104671848156624
1.2614376664809597
1.6440379735230064
2.086160916407344
2.0707562089147014
1.983753974192438
1.9659270342098265
1.74874735990982
1.5488839524295284
1.453693647173299
1.3591823043395836
1.2376757155377054
1.3799325116869594
1.1347954359510637
1.1391987770178154
1.081138912023871
0.9937186945026448
0.872888970695156
1.142409619401629
1.1926388466022837
1.211333881172015
1.4075740337246958
1.811834330753736
2.367376250557873
2.917723774872124
3.2782361276266885
3.474521467833034
3.248738249029701
2.590221335284425
2.3759055829888296
2.008104516021858
1.7376069766269506
1.592501075755747
2.2132292538105585
2.4413407833744274
3.2850232711746576
3.8509335762990906
4.090448872158936
3.73000343685148
3.604695943271445
3.212924419338114
3.493010280362982
4.316286967322833
5.096357516684499
5.156628675524705
5.4026556020571705
5.2351125885630925
4.9473578509894685
4.704656353947746
5.15588710327177
6.133625822161917
6.53943835636916
7.153151459314635
7.407162317128699
7.580955730359344
6.828710724396467
7.682396664776246
8.184047077409264
9.24810131085737
9.86343147707704
9.99627660498919
9.620101967111829
8.806353975468522
8.911533353782012
9.121796486216656
10.096957208459148
10.328721342110487
10.88519175027062
10.291173109914684
10.471037312609456
10.763139750130406
10.671956923139344
10.461795252522604
10.24147032110324
9.647418256883672
9.516641717649458
9.637593300763733
10.9042077827705
11.532898991590706
11.860211406351604
11.023518270395767
11.083738066751875
9.39565222146106
8.958146011694398
7.971249222207889
8.934023642453678
8.727023303941802
9.354719574109248
8.878255208270696
9.46448041744721
8.480112264619033
8.01344148776205
7.789189453263705
7.949823182163839
7.770987474153045
6.897059361447645
5.71831424394236
4.287221797392601
2.641550715344472
1.211844942919396
0.2987463797152184
-0.0697447669209834
-0.0520032030995422
0.2524792107247789
0.1653206102971147
1.9066873965317288
3.682648593535721
5.26619101432222
7.141171777758597
9.658999483655329
10.072817654475395
10.06930504040993
9.692477684810363
9.049497542606884
8.009250540195737
7.494880701232602
6.704957720751136
6.359560972130722
5.615240404422149
4.634709733057003
4.263115620590048
4.474407819325632
3.9131440452117054
4.515461982502507
5.496921269345648
5.608066648999768
5.852680438251338
5.729135563468997
5.248672926682974
4.1945221562699215
3.417534057538293
2.8037886466924444
3.3224393881136
2.8968882191205454
3.244515724478225
3.799287043102384
3.509118681527556
2.825725650316495
2.781109851479881
2.5845742348799576
2.183797700361453
2.0305448837245232
1.9180899824368287
2.002935959820719
2.1577944262582194
2.310934901761585
2.70793915534094
3.282316773008315
3.665090324783339
3.691916947765863
3.967489642579876
4.009547559840925
4.385522233061957
4.539022705112981
4.6663187329220825
4.882807468619708
4.788214936867891
4.338015467347782
4.105387090104606
3.95490493797355
3.424128028338373
3.5142507635454314
3.2427498929680825
3.232379560235899
3.104003583278197
3.2734481089169423
2.943147632650888
3.0602246739809664
3.01343471791299
2.956919321191392
2.8413902328864635
2.8537452725375614
2.3943640224567315
2.1821916465816544
2.066932076878235
1.8758740598384176
1.9424035859362556
2.5319798853012734
2.548202012729813
2.2928728890924743
2.055607468639645
2.0261321758907984
1.7208240119894769
1.6877781190858845
2.09245220493023
2.3205407992751867
2.2256495404297323
2.266698490843349
2.3032333702837517
2.068815995234179
2.1568644024938277
2.2120276670919874
2.588656946506215
2.7798943858046368
2.679344012525508
2.6224742566077675
2.624356731449006
2.0445280985531813
1.936182854041975
2.0380684804620226
1.7149262700322172
1.5556155181336049
1.2873043539770106
0.9544075009488102
1.0069975541703704
1.274287335578181
1.3970551560569973
1.7235338462882863
1.336023513114744
0.6934030895060913
0.3497250607617207
-0.1636093989562518
-0.3652462930574878
0.0922257536667919
0.0847224338766313
-0.2047882065478276
-0.3788599209932954
-0.4232398238029969
-0.9590637745447882
-0.8770999853268464
-0.6133350932792543
-0.4288839606223986
-0.4329934889222787
-0.2218086572097338
0.071060056551393
0.2626633917791428
0.380400888523332
0.0872708032040195
-0.3493568706261982
-0.6120888775521697
-0.9266442730230672
-0.8060673729673066
-0.6786264194382399
-0.3862874169882933
-0.244566821213953
-0.3709843121380485
-0.4139312330137887
-0.3917271336873274
-0.2782052842346555
-0.1901434569613188
0.042676225827146
-0.0974507958369092
0.0605899086167404
0.1270123280071298
7.26742669017e-05
-0.0205616467761957
-0.1437865867120072
-0.4120480694123652
-0.6019129535662426
-0.7317970264322853
-0.9301439884523932
-0.8811626831628026
-0.9126379209736202
-0.9734875215684996
-1.0990394000522423
-1.316387066625572
-1.4964802383449198
-1.3400018044988735
-1.5361390110574578
-1.3385321029813555
-1.0234756364668776
-1.0197026165226517
-1.048446144953307
-0.584190103535985
-0.4859145672933963
-0.561641902129221
-0.3614625925939828
-0.3618894531489368
-0.3800971872369758
-0.51826348972889
-0.4458830634567834
-0.2394781663135657
-0.0775100057033156
-0.2161269652001892
-0.1375609717239538
-0.0388861124204523
-0.2170794464853646
-0.1184920538348719
0.0275823826337039
0.0371763803344074
0.0541925936209989
0.28800158158978
0.2904521311681028
0.2521155159607183
0.2258428615881699
0.3165693976038062
0.2080287460928126
0.0210867144209713
0.0440276097253507
0.1141472021739234
-0.0065268888815146
-0.0098702217446428
0.0702259875310658
0.0499561677365351
0.1537819955244367
0.3140656275452279
0.3893728999585903
0.3591513906377752
0.4424632708113299
0.346381022512973
0.2267597309704057
0.1862644139118388
0.2069830887978674
0.2084289668325065
0.3477754816655228
0.3501614987102375
0.2725863424500173
0.2233770277715868
0.2333051249904316
0.2499711799830448
0.2618483574959305
0.2681566090883746
0.4706601905648371
0.3908107503138047
0.1521605029017377
-0.0920687216047785
-0.0881219622543167
-0.2427635419214663
-0.2063951661897149
-0.1456188936464727
-0.0354278795960946
0.1420036775312711
0.1352242272360174
0.1940213855651648
0.2721336789710491
0.445313781143845
0.4586350810409454
0.4649560064860468
0.4554141508134879
0.5382925086157134
0.4897987099304311
0.2765792735712957
0.2847158422779747
0.1172135407883801
-0.1547173849195
-0.4048197924168799
-0.4867476076572058
-0.6263406692098535
-0.6477367473583056
-0.6114548895139651
-0.5714437847675086
-0.3992502172103772
-0.2741921255049985
-0.3845780446041777
-0.418996518188481
-0.4715792632552451
-0.687633278537524
-0.9549162702782032
-0.9409656442050178
-0.8713221442626287
-0.9128349881383484
-0.9454947988931486
-0.6150217166805383
-0.4462769744116169
-0.6452305402811911
-0.4143042168627224
-0.344203925829893
-0.6372851380562969
-0.6839584980883234
-0.5397859436326251
-0.7859121951304605
-0.8219624317859396
-0.9126138645006726
-1.0677966990314185
-1.3954188603082454
-1.386142578314148
-1.359619328265342
-1.2050629367387695
-1.1017651245890776
-0.8623612221381367
-0.7060615055667715
-0.6526183662749816
-0.7928734319741502
-1.0488682906104536
-0.9819052299349732
-1.3571950558605974
-1.5550578820178464
-1.2309624410365054
-0.9662246530049488
-0.9692719274122154
-0.658681454642823
-0.4282104379165533
-0.6135734276304391
-0.4636785071259585
-0.4808002106845768
-0.265747602078385
-0.468682474576974
-0.350993704533195
-0.4798030657087305
0.0869986549313587
0.0727554553349572
0.3443018797015897
0.5884038715172517
0.7213818847470377
0.4423183600343301
0.3494904740358611
0.1498026746382624
0.0089012000838595
-0.1887476007500911
-0.5315364425777674
-0.474875153320439
-0.2632195022657552
-0.356032087664213
-0.2417135920315009
0.0414446364169983
0.1375182717838511
0.209688917110824
0.3652038162585586
0.4074781766814553
0.6204059355879005
0.6539252385423641
0.6658861447980884
0.5780866342264056
0.5231729503332996
0.1719914672361127
0.1760040437729461
0.1658127582307199
0.1791284079661156
0.2765423373004018
0.2661653175860507
0.1632621352927162
0.0380863971991811
-0.1969759488595025
-0.0986121415805438
-0.2451985775697369
-0.2365142637115355
-0.3804850222594914
-0.2262921497613622
-0.634314115176992
-0.5824319924708946
-0.8961190584060647
-1.0670758281553836
-1.3346194124295865
-1.6145396957470397
-1.9665096369420567
-1.9809385789542944
-2.052538738896221
-2.034380962400709
-1.6292210232093327
-1.35086892382951
-1.0179781694888876
-0.8161681938635234
-0.6364594240759464
-0.3762070215948494
-0.0925599817237091
-0.0189576594306551
0.2550305244666963
0.7040815546119145
0.6695989976375348
0.8214727671414765
0.8138943664291386
0.9110370416005076
0.8856047611192704
1.1549668197117
0.9893455814420598
0.5033693851174438
-1.59680245928731
-3.676376018481968
-4.541753899357232
-5.44118805192096
-6.591471157676405
-4.848124259475209
-3.30405821049461
-3.2768001439718124
-3.484461607630889
-2.564829817721647
-2.461386275880237
-2.648099550552392
-2.766345492276108
-2.203433706102317
-2.041802509163869
-2.096599569984709
-1.895208187676175
-1.4074130563460547
-1.6580032491088084
-1.2972010198406043
-1.5167890963531816
-1.670850842499335
-1.8569169788189115
-1.3487713795394538
-1.733382847958887
-2.09445178047372
-2.0622695315468413
-2.0483648739109963
-1.921253097367395
-1.9297345611868757
-1.456442848971663
-1.489994194084684
-1.5447021135097512
-1.5946148669146305
-1.4074202969779812
-1.4413754476224698
-1.4618933497068085
-1.6907518768341192
-1.998280283450027
-2.0133837398930856
-2.347206616690046
-2.8774154372914644
-3.4961758051175864
-3.873827107081607
-3.6809552674848014
-3.722796848502695
-3.3934188057387247
-4.019923651408922
-4.188464807083294
-5.400302527592356
-6.047208618290293
-7.019032270703997
-6.353866415083133
-7.318065341372073
-6.650682894456634
-5.405352188975673
-4.363574444252927
-4.367961575405552
-3.406103364730908
-4.132535156423175
-5.798494939201395
-6.598165973215481
-6.011090318122078
-6.298350261193061
-6.389503114277478
-6.285620126760437
-5.895684774656131
-6.225886925246307
-4.8069921079239615
-3.520471565929609
-2.8469103645920235
-2.2885074366059537
-1.462776919577149
-1.4777958600539671
