65.33
68.05
65.28
60.52
55.39
50.37
38.39
32.29
21.72
16.46
15.47
11.63
11.82
8.92
10.56
12.27
19.41
14.02
15.94
16.5
21.14
9.54
16.29
14.4
23.19
20.05
17.05
16.91
14.86
14.38
9.74
9.95
13.47
17.68
18.04
13.82
14.39
16.39
17.35
12.22
12.29
13.25
16.49
11.54
12.23
10.32
9.35
14.2
12.67
13.91
13.39
17.74
15.76
16.9
13.95
12.49
16.01
16.74
16.26
14.63
14.29
17.2
14.02
13.63
16.39
15.66
13.28
17.33
15.11
11.8
11.97
12.92
11.04
12.18
14.18
14.11
11.48
10.94
11.67
10.78
15.11
13.82
11.37
10.39
10.63
10.71
10.13
11.21
11.06
11.52
13.71
11.46
10.14
12.04
11.45
11.8
9.19
11.16
12.62
11.78
11.82
9.35
10.89
8.27
11.64
12.3
14.75
13.81
12.07
12.44
11.12
11.57
10.27
13.74
13.32
10.73
11.55
14.21
12.84
10.79
11.64
9.32
14.73
10.12
11.32
9.56
12.55
10.76
8.83
11.23
13.4
13.68
11.36
9.47
11.61
11.62
11.86
9.87
10.81
10.35
13.84
8.21
10.99
11.17
9.53
11.14
9.4
10.17
9.45
11.03
15.21
14.75
10.88
13.12
10.16
12.65
9.39
11.28
11.7
10.6
11.61
11.3
12.14
13.33
10.65
11.29
11.92
10.92
10.46
7.76
10.87
13.57
12.25
9.85
13.11
9.24
9.92
10.07
11.01
15.19
9.12
9.68
9.99
13.02
10.87
10.72
12.1
8.11
12.3
11.03
8.69
10.7
11.56
9.26
10.22
9.79
11.16
12.44
11.84
10.28
11.64
11.53
11.56
10.16
10.66
13.94
13.34
13.74
11.01
13.37
9.56
11.12
11.38
14.92
14.32
9.72
9.75
11.07
9.51
11.55
9.99
14.04
13.6
10.86
11.86
11.5
12.02
10.84
10.96
10.09
9.87
10.85
12.57
8.53
12.37
11.16
11.52
11.3
10.16
9.27
11.36
10.5
11.7
9.75
13.48
10.39
11.75
14.06
12.43
13.39
9.8
10.32
10.17
10.07
13.04
9.36
14.46
12.45
14.61
12.03
10.29
11.81
11.43
10.57
8.6
11.05
10.07
10.9
13.75
11.08
10.5
11.07
10.29
10.16
13.75
11.4
8.43
9.42
9.54
9.41
9.64
9.62
10.59
10.48
10.27
10.36
11.61
11.21
9.07
10.91
7.94
10.85
12.99
15.08
10.28
11.9
9.07
9.15
7.88
9.83
12.45
11.58
9.94
9.23
10.13
9.34
11.18
11.14
8.96
12.83
10.38
9.43
8.76
11.14
9.95
8.24
8.12
11.73
9.44
11.94
10.81
10.83
5.96
9.47
8.52
9.79
12.26
14.06
8.23
9.76
10.56
9.2
9.71
10.37
10.81
8.85
11.84
9.66
11.83
10.92
11.89
12.96
8.73
9.64
10.9
9.14
8.18
11.95
10.53
11.61
7.91
11.43
11.3
10.86
12.47
11.31
11.5
13.29
9.67
12.89
11.08
10.27
10.32
9.56
11.11
11.16
11.17
11.35
11.18
9.42
10.22
11.59
10.74
12.61
12.0
13.26
11.02
13.26
12.1
10.91
10.27
11.2
11.28
7.68
10.7
11.41
14.23
9.65
9.96
9.04
8.23
9.13
10.09
9.01
9.86
12.42
11.65
11.71
9.56
9.78
10.23
9.82
9.12
12.02
9.4
10.18
11.55
11.54
9.16
11.32
11.79
9.98
10.9
9.05
11.45
9.9
14.96
11.47
10.25
8.83
7.32
9.81
9.43
12.25
10.52
12.05
11.22
8.71
8.74
11.0
9.53
13.66
11.24
8.64
8.49
10.46
11.46
13.27
9.91
9.17
8.52
9.45
7.77
8.77
10.36
7.75
9.84
8.35
9.51
9.37
8.83
9.89
8.92
9.39
10.0
7.65
9.83
9.67
10.71
13.06
11.81
11.12
10.94
14.59
10.74
12.93
9.72
10.99
12.21
12.06
11.63
11.86
10.09
7.93
12.27
10.16
11.7
11.83
9.26
10.66
7.81
10.68
12.03
12.23
10.75
13.29
13.16
10.28
9.78
11.04
11.64
11.6
11.29
9.62
10.72
12.12
10.79
9.5
12.2
12.42
10.71
12.43
11.92
10.68
9.92
13.17
13.56
12.45
14.73
12.22
8.69
10.85
12.83
11.72
12.48
14.53
13.54
14.53
10.61
13.35
12.44
14.88
12.32
14.95
11.9
11.59
13.15
11.36
10.08
10.56
11.79
11.66
12.46
11.22
12.17
10.64
11.68
9.92
12.54
12.9
11.21
10.06
11.16
9.49
14.11
11.44
10.08
11.06
9.71
12.25
10.66
9.19
11.43
11.54
8.62
11.93
9.09
9.28
13.2
10.09
9.05
10.1
10.06
9.93
12.17
8.49
14.48
9.42
7.73
12.25
10.7
12.24
8.66
14.89
9.98
9.78
10.22
8.8
10.05
12.26
7.0
10.36
8.72
10.44
8.35
9.99
9.53
11.25
9.23
9.5
10.08
9.13
9.21
12.28
12.01
14.17
11.06
9.66
11.45
11.32
