9.56
11.26
9.09
12.95
27.08
32.35
44.92
43.62
40.23
34.76
25.13
21.44
8.98
9.94
13.73
19.43
18.07
19.28
29.38
18.83
21.46
19.34
17.51
20.0
22.12
22.1
22.97
20.04
27.09
18.81
21.51
18.22
19.15
15.74
17.19
14.81
19.61
15.6
15.58
18.44
17.04
19.49
17.55
20.32
18.9
18.56
17.4
19.12
12.98
20.06
19.35
16.58
13.1
18.89
19.62
13.7
18.26
18.28
17.53
18.77
15.66
14.41
14.4
14.9
16.27
16.8
15.22
15.18
14.49
16.08
15.57
22.09
16.44
16.34
17.47
13.93
15.87
17.56
12.39
16.85
15.22
14.4
15.78
15.46
13.33
14.61
14.01
14.92
15.39
13.47
20.27
15.27
14.65
15.21
15.13
16.08
16.61
15.2
16.14
13.5
15.52
11.27
17.68
15.69
13.98
14.03
12.06
14.44
16.2
12.61
10.82
16.66
16.09
15.26
14.19
12.15
15.91
11.31
10.52
12.25
10.48
12.83
8.39
11.65
13.25
11.98
13.5
12.61
14.34
11.78
9.59
10.43
9.69
9.85
9.03
10.96
11.13
11.9
9.67
10.68
10.88
8.68
9.45
11.6
12.16
7.81
15.92
8.86
11.23
8.31
7.19
8.27
9.55
9.83
7.77
6.35
6.45
7.07
10.1
7.52
9.01
8.32
9.86
7.61
7.8
7.66
7.27
8.02
8.45
7.35
10.09
10.49
13.2
10.81
8.62
12.97
9.36
9.58
10.38
8.81
5.7
10.37
8.34
8.48
7.33
7.02
7.25
5.44
9.93
8.62
7.13
8.2
8.33
8.67
8.36
6.54
6.29
9.65
7.12
7.24
7.12
9.64
9.12
9.26
9.62
9.29
10.58
10.33
8.75
6.6
9.2
9.74
9.02
8.43
7.5
10.04
7.95
9.21
10.69
7.41
8.03
11.62
7.76
6.16
7.92
6.28
8.44
8.31
10.14
5.18
7.64
9.57
8.45
7.8
9.27
10.22
7.67
9.42
10.91
8.82
9.8
10.76
8.68
6.38
9.28
8.65
8.63
7.26
8.2
6.1
10.08
7.4
6.66
8.18
11.68
9.44
7.44
7.22
9.03
6.22
8.29
7.1
7.95
10.07
9.12
9.24
8.38
8.2
7.77
6.99
10.54
9.94
7.79
7.82
10.38
6.71
9.67
7.5
11.17
9.48
9.01
9.77
10.01
9.44
10.76
10.82
9.12
10.93
7.82
9.52
10.47
9.66
12.85
9.79
10.77
11.98
11.31
10.4
8.78
8.88
11.13
8.96
9.78
9.94
10.12
12.96
10.99
10.2
8.14
9.03
9.23
12.46
10.03
11.29
12.29
10.81
13.3
10.78
11.21
10.15
13.18
13.14
13.0
10.05
9.22
12.3
10.95
9.83
12.39
12.08
12.27
11.36
10.41
12.54
11.33
10.12
12.28
10.18
9.73
14.87
11.58
13.25
11.93
12.03
12.35
13.6
14.45
10.71
11.51
14.1
16.57
16.33
14.82
13.1
13.86
13.8
16.9
10.52
10.84
13.9
12.62
12.71
12.63
15.8
13.2
13.18
16.17
11.42
10.28
11.44
11.31
10.43
11.08
9.88
11.1
13.06
10.04
15.21
14.14
11.67
11.12
12.58
11.13
13.06
11.0
9.42
11.88
10.56
12.03
14.03
14.43
12.36
9.11
13.75
11.77
12.39
10.88
10.47
9.3
10.33
11.94
10.11
9.35
11.14
9.31
12.22
14.58
13.72
11.4
11.34
10.62
11.55
8.68
11.55
12.1
12.5
9.35
9.95
11.53
12.24
10.19
10.44
11.74
11.53
11.64
10.74
11.88
10.6
10.37
10.23
10.49
7.4
6.61
7.83
9.31
8.33
7.31
7.62
9.79
11.46
8.69
10.67
8.73
6.46
10.7
8.77
11.49
8.06
9.64
10.05
7.44
8.81
8.27
13.89
10.39
9.74
9.84
11.61
10.04
8.24
9.89
11.15
6.81
10.71
10.72
10.44
11.7
10.25
12.28
7.48
9.54
7.18
8.84
9.56
12.06
11.05
9.06
10.68
9.45
9.54
9.79
9.42
10.42
9.06
10.52
7.02
9.06
9.07
11.3
8.39
11.51
11.09
7.88
7.14
8.32
8.41
8.23
6.78
12.01
11.75
12.01
12.24
7.73
9.17
9.54
10.4
11.26
11.51
10.18
9.75
10.9
8.63
7.91
8.66
10.65
7.32
8.76
13.14
10.31
12.37
8.1
10.17
9.63
9.31
13.48
11.1
10.81
8.19
11.24
8.24
10.8
5.08
12.8
9.46
11.68
12.29
11.01
9.55
10.01
10.96
9.86
10.87
13.03
11.04
14.17
9.79
11.57
13.47
12.08
8.99
12.96
11.33
13.21
14.31
13.55
14.62
12.22
11.72
12.33
11.95
11.35
10.52
12.09
11.43
12.78
10.83
11.43
11.17
11.0
11.24
10.76
10.69
9.63
13.49
10.35
10.24
10.12
9.94
13.21
12.83
10.53
12.89
13.75
10.99
13.21
13.14
12.37
14.94
13.05
12.44
13.95
14.58
16.69
16.87
13.72
15.75
13.1
15.44
12.95
11.52
