-4.0414
-2.9626999999999994
-1.0439
0.0833
0.7524999999999998
1.7296
2.3328
3.1737999999999995
3.8317
4.6343
5.7767
6.0987
7.1957
7.476200000000001
8.747900000000001
9.1354
9.5051
9.6889
10.706599999999998
11.8317
11.905500000000002
12.2929
13.643200000000002
13.091
14.2674
13.595300000000002
14.8551
14.2936
15.480300000000002
14.427099999999998
13.9968
15.719799999999998
15.3565
16.721799999999998
16.0928
16.8791
16.0259
16.7349
17.749
16.551000000000002
17.434400000000004
16.886400000000002
17.3535
17.264300000000002
17.137
17.3133
16.256500000000003
16.9323
17.3823
18.3764
17.092499999999998
18.5927
19.1115
18.5214
19.4691
18.5269
18.659099999999995
17.8806
16.957099999999997
17.8704
18.9942
19.7139
19.0015
18.7091
19.656700000000004
19.4636
19.7822
19.3405
19.5725
20.449
19.921
20.648700000000005
20.6888
20.9457
20.6668
20.6177
20.8624
20.4915
21.1067
20.9848
20.6894
20.9849
20.6778
21.2924
20.2314
20.5051
20.2477
20.0704
19.7721
20.7991
20.5171
20.8793
22.2124
20.4044
19.9586
19.468
20.882300000000004
19.501
20.7834
21.260900000000003
20.9225
19.6431
20.0749
19.7861
20.8679
20.3595
19.805300000000003
19.6042
20.184600000000003
19.6479
19.689200000000003
19.8994
20.0785
19.4847
20.567200000000003
19.462700000000005
20.7273
19.9608
20.1368
19.6677
19.7118
21.181200000000004
20.503400000000003
20.754
20.9529
20.861000000000004
19.7968
19.6951
19.3984
19.299000000000003
19.021
19.5097
19.3209
18.2293
18.1475
18.8651
19.1979
19.417
17.540300000000002
17.537499999999998
19.170900000000003
18.308
18.1602
17.913600000000002
17.379100000000005
18.949
18.7967
17.344700000000003
19.8967
18.7815
19.1459
20.3622
19.034800000000004
20.5515
20.829
20.1089
20.719300000000004
20.115600000000004
18.9126
20.5559
19.839
20.908700000000003
21.593499999999995
21.6204
20.8995
19.9965
21.44
21.3105
21.6378
21.753300000000003
21.385400000000004
20.732000000000003
21.0524
21.9157
21.418600000000005
21.5735
22.121
20.791400000000003
21.3279
21.3438
21.1211
21.107299999999995
21.1
20.9881
21.793099999999995
22.5019
21.0105
21.621999999999996
22.079100000000004
21.7736
21.7934
21.089199999999995
22.0212
22.7331
22.0211
21.948400000000003
21.958500000000004
21.9701
22.147399999999998
22.43660000000001
21.942
21.9688
22.1121
22.0597
22.1046
22.392699999999994
22.002199999999995
21.61339999999999
21.893
21.2894
21.7101
21.781600000000005
22.1421
22.3726
22.214199999999995
21.61990000000001
22.1545
22.143600000000003
21.6546
22.3839
22.596200000000003
21.817000000000004
22.787900000000004
21.3146
21.9364
21.972900000000003
21.8464
21.4079
22.312300000000004
21.436000000000003
21.9489
21.5986
22.1149
21.99150000000001
21.363600000000005
21.8057
22.097400000000004
21.5548
21.8429
22.717500000000005
21.9726
22.4405
21.9559
21.9724
21.7845
21.758
21.7959
22.5495
22.041900000000005
22.1586
22.9587
23.006500000000003
22.4163
21.1836
22.3911
22.0677
22.4086
22.0714
22.4197
22.82579999999999
22.5451
22.1441
22.687
22.594
23.0487
22.6349
22.5119
22.7083
22.95020000000001
22.3609
23.0528
22.746400000000005
22.59420000000001
23.2796
22.3805
22.655700000000003
21.929199999999994
22.156
22.1685
23.0227
22.1056
22.654
22.379300000000004
23.2102
22.7721
21.879400000000004
22.5924
22.5282
22.8535
22.7262
22.382
23.0987
22.9084
22.7726
22.563900000000004
23.040500000000005
22.3967
22.7709
22.818500000000004
22.772999999999996
23.1826
22.772400000000008
22.1362
22.1518
22.898600000000005
22.4829
23.1887
22.751400000000004
22.905999999999995
22.6353
23.2372
22.84
22.024500000000003
20.7593
21.8385
21.2622
22.02390000000001
22.3779
22.2957
21.3488
21.5218
22.1663
22.1868
21.905899999999995
22.1686
22.374
22.165799999999997
22.100000000000005
22.2742
22.3405
21.663599999999995
22.419799999999995
23.0218
21.854
22.022100000000005
23.283400000000007
23.4184
22.669799999999995
22.37
21.7645
22.6947
22.1944
22.4448
23.1201
22.7735
22.772299999999998
21.6311
22.637899999999995
21.9245
22.3292
22.2767
21.946
21.2646
21.673800000000007
21.941
22.3973
21.6034
22.673900000000003
22.6212
22.861000000000004
22.8893
23.0149
23.092499999999998
23.674100000000003
23.226
22.7929
22.7961
23.3367
23.201199999999996
23.3154
23.1712
23.6655
24.111699999999992
23.6505
23.8886
23.4673
24.0372
23.727000000000004
23.7247
23.7903
23.75
23.451300000000007
23.4228
23.578000000000003
23.1185
23.4652
22.741
23.3603
23.3742
23.681000000000004
23.3045
23.014100000000003
22.9372
23.7696
23.2841
23.684900000000003
23.242600000000003
23.3836
23.314300000000006
23.67900000000001
23.591099999999997
23.2297
23.114700000000006
23.1292
23.6405
23.553099999999997
23.2077
23.656600000000005
23.6743
23.9904
23.851599999999998
24.0772
23.8857
23.1366
23.804
23.7381
23.6876
23.8327
24.2086
24.149600000000007
24.060400000000005
23.8191
23.6521
24.0165
23.9625
23.741700000000005
23.9993
24.406800000000004
23.8319
23.7967
23.3389
24.1939
24.1601
23.809
23.5707
23.997799999999994
24.144500000000004
24.383000000000003
24.32999999999999
23.7566
24.178
23.861600000000003
23.4441
23.9949
23.4075
23.4295
23.9677
23.844700000000003
23.334399999999995
23.091800000000003
24.235600000000005
24.1997
23.7226
23.5052
23.96090000000001
23.9461
23.9003
23.882600000000004
23.786
23.828199999999995
23.4959
23.801600000000004
24.266400000000004
23.736400000000003
23.159399999999994
23.8118
23.4362
23.207200000000007
22.8959
23.148699999999995
23.489
23.732000000000006
23.6617
22.68509999999999
24.253200000000003
23.352400000000003
23.1097
23.3788
23.561900000000005
23.355
23.8202
23.7314
22.2305
23.315099999999997
23.6303
23.7663
23.602200000000007
23.5686
23.9333
23.865900000000007
24.113100000000003
23.8105
24.0271
23.3633
23.1445
23.7942
23.889899999999997
23.8728
23.9172
23.604100000000003
23.896400000000003
23.1531
23.4617
23.249199999999995
23.279100000000003
23.524400000000004
22.9916
23.7848
23.4329
23.894099999999995
24.3146
23.9691
23.6309
24.0066
23.3924
23.8871
23.284
23.367500000000003
23.325
23.9881
23.2163
23.4427
23.5202
23.3413
23.132
23.7143
23.4916
23.535500000000003
23.6169
23.082300000000004
23.4476
24.187600000000007
23.937
23.76579999999999
23.778900000000004
23.745099999999997
23.6252
23.9927
23.650799999999997
24.1897
23.3875
23.3328
23.7617
23.3131
22.7421
23.1303
22.926
23.301800000000004
23.187500000000004
23.298300000000005
22.6286
23.3556
23.0592
23.0765
22.5778
23.64240000000001
22.7317
23.129699999999996
23.1362
23.002
23.1333
23.8203
22.787700000000005
23.4173
23.2405
23.1497
22.4687
23.057099999999995
23.3173
23.261099999999995
23.6977
23.1832
22.6589
22.7804
23.519400000000005
23.116
23.8747
23.5877
23.117300000000004
23.4851
23.2073
23.188500000000005
23.3008
23.549900000000008
23.4678
23.411000000000005
22.9372
23.2769
23.691900000000004
22.9743
23.3359
23.0238
23.6292
23.2694
23.2046
23.8011
23.26440000000001
23.2303
23.8457
23.270099999999992
