0.6355999999999999
0.8187000000000001
1.4055999999999995
1.5955000000000004
2.439
3.8215
3.8673
4.7924
4.6852
5.3826
5.239400000000001
5.3881
5.1526
5.987099999999999
6.769000000000001
6.799799999999999
6.4895000000000005
6.791399999999999
7.3109
6.7014
6.4294
7.324400000000001
7.599000000000001
7.6655
8.7739
8.0185
9.2003
9.7361
9.1632
9.8332
10.0014
10.2421
10.2689
11.515200000000002
11.1263
11.720000000000002
11.7842
11.2124
11.544
12.236399999999998
12.180300000000004
12.5307
13.0017
12.2633
13.3191
13.224800000000002
12.8236
13.206699999999996
12.2142
12.071999999999996
13.1625
12.713199999999995
13.694799999999995
13.9899
13.4333
13.519500000000004
14.9662
14.302
14.7968
14.937099999999996
14.0033
15.0809
15.338200000000002
14.9447
15.1237
15.3943
15.456999999999995
15.1578
15.4155
14.771300000000004
15.103700000000002
14.4989
15.0537
15.7038
15.670999999999998
15.108200000000002
15.681
15.3105
15.307299999999998
15.6062
15.229399999999998
15.968
14.978699999999998
15.975099999999998
15.6799
15.752
15.7746
15.496200000000002
15.461099999999998
14.9546
15.493
15.5912
16.160600000000002
16.0167
14.9775
15.6656
15.7266
15.089000000000004
15.883
16.3813
16.7535
16.873
16.410400000000003
15.914799999999998
16.4234
17.092100000000002
16.477899999999998
17.1168
16.946199999999997
16.6565
17.010399999999994
17.254399999999997
17.0151
17.031200000000002
16.922400000000003
17.102
17.4362
17.3097
17.2542
16.6255
17.392699999999998
17.734300000000005
17.278399999999998
17.536
17.9688
17.573500000000003
17.734699999999997
17.775799999999997
17.2396
18.539
18.390100000000004
17.4611
18.0921
18.7169
18.2009
18.1677
18.288300000000003
18.2617
17.976699999999997
18.1352
18.6962
18.6219
18.644
18.555300000000003
18.1024
18.9049
18.5958
19.1735
18.8587
19.5815
19.2084
18.6914
18.867
18.913200000000003
18.561
19.6312
19.2281
19.1324
19.3426
19.0588
18.940800000000003
19.0516
19.0699
19.2792
19.116100000000003
18.9689
18.9789
19.2666
19.0241
19.4253
19.1183
18.7775
19.1184
19.3347
19.5394
19.3023
20.0488
18.695100000000004
19.3488
19.3641
19.144
19.3575
18.8805
19.6688
19.4352
19.7223
19.713800000000003
19.9753
19.3201
19.7799
19.444000000000003
19.820900000000005
19.5218
19.8883
19.8367
19.611700000000003
19.9143
19.999
19.477100000000004
20.4618
19.391700000000004
20.0374
19.8043
20.0804
19.908900000000003
19.9809
19.9317
19.7746
20.0929
20.3045
19.9895
20.2177
20.224300000000003
20.1228
20.2824
20.6688
19.3755
19.5958
19.710300000000004
20.2695
19.7
20.0127
20.356100000000005
20.374900000000004
19.6602
20.244
19.8372
19.9961
19.5728
20.3292
19.6593
19.6227
20.2184
19.8031
20.3353
20.1819
19.793600000000005
19.9036
20.1106
19.3466
19.9576
19.0694
19.4887
19.4894
19.5557
20.0639
19.8517
19.7668
19.3806
19.3187
19.963
20.0405
19.8669
19.1141
19.9967
19.422700000000003
19.4772
18.7148
19.2873
19.2325
19.9351
19.6665
20.297
20.505
20.6598
20.3459
20.2451
19.9888
19.323
19.9993
20.479100000000003
20.2133
20.2387
19.9665
19.7353
20.0812
20.307
20.3833
20.1663
19.8656
20.0042
20.1077
19.6454
19.780800000000003
19.8785
19.586300000000005
19.9661
20.0084
19.044
19.307800000000004
20.1708
20.093
19.5018
19.7304
18.9228
18.7068
19.325
18.689
19.3691
19.0069
19.39990000000001
20.6775
19.4401
20.552
20.3107
20.7779
20.5231
20.362
20.2495
20.6283
21.0366
20.0058
20.968200000000003
20.5412
20.4797
21.0455
20.5681
20.548
20.168
20.9841
20.593399999999995
20.0321
20.0197
20.277200000000004
21.1049
20.9212
20.3037
20.5056
20.6984
20.7386
20.589199999999995
19.7833
20.3886
20.4002
21.1409
20.6369
20.9854
20.5332
20.7409
21.180100000000003
20.8603
20.2346
20.4734
20.5991
20.527200000000004
20.9208
20.5885
20.664800000000003
20.5661
20.5649
20.1399
20.1917
20.0588
20.5202
20.5958
20.09
20.8106
20.4808
20.7689
20.6122
19.6054
20.4493
21.0423
20.4158
20.7847
19.9348
20.2293
20.5362
20.7005
20.3249
20.275
20.769
20.507800000000003
20.494399999999995
20.9047
19.9429
20.414300000000004
20.1806
21.052499999999995
21.1303
20.694000000000003
20.862
20.0438
20.0636
20.7713
20.4308
20.0963
20.713
20.8806
20.7995
20.853500000000004
20.9978
20.9531
20.767000000000003
20.7005
21.1181
20.5681
20.2106
20.9069
20.6844
20.253400000000003
20.2531
20.5521
20.106700000000004
20.5971
20.640500000000003
20.8488
20.5427
20.373
20.9531
21.1317
20.7886
20.5171
20.9719
20.7957
20.6553
20.6321
20.6865
20.5757
20.9548
21.114
21.5338
20.8453
21.0389
21.091600000000003
21.071800000000003
20.6742
21.4786
20.9034
21.0999
21.1686
20.4925
20.7615
21.0299
20.477
21.1435
21.1969
21.3679
21.260900000000003
21.273399999999995
20.8092
21.4589
21.2232
20.3793
21.0849
20.700100000000003
20.961600000000004
20.626000000000005
20.7803
20.7132
21.2212
20.870500000000003
21.4205
21.1708
20.9962
21.5646
21.1824
20.8468
20.9507
20.923
20.8578
20.737
20.578
20.559
21.2754
21.3503
20.9897
21.362900000000003
21.4296
21.4818
21.5253
21.359200000000005
20.7953
21.2728
20.563500000000005
20.8952
21.230100000000004
21.706
20.7023
21.0919
21.0882
20.9461
21.120500000000003
21.1728
21.611300000000007
21.1142
21.0497
21.9429
21.6414
21.3117
21.327800000000003
21.3152
21.513700000000004
21.5149
21.037
21.18810000000001
20.915999999999997
21.4117
21.4954
21.2061
21.2225
21.4036
21.1061
21.1595
21.232899999999997
21.0225
21.224
21.3405
21.4891
21.2879
21.1805
21.5856
21.3622
21.680399999999995
21.219100000000005
21.6411
20.841
21.2757
21.1784
21.2494
20.8451
20.7671
20.9412
20.960500000000003
21.2787
21.180599999999995
21.2462
21.126000000000005
21.0724
21.7795
20.881200000000003
21.1901
21.7205
21.5762
21.6072
21.655200000000004
21.6512
21.3398
21.0988
21.992100000000004
21.3935
21.8084
22.334
21.504500000000004
21.082100000000004
21.8351
21.8865
21.64569999999999
21.739400000000003
21.998
21.698400000000003
21.949300000000004
21.430100000000003
21.462000000000007
22.0114
21.159399999999994
21.8307
21.819199999999995
21.73119999999999
21.719400000000004
21.4769
21.379200000000004
21.5039
21.689100000000003
21.475
21.7759
21.787599999999998
22.0608
22.1434
21.587899999999998
22.156300000000005
21.7768
22.0057
21.40310000000001
21.6675
21.7619
21.758400000000005
21.6994
21.8952
22.1263
22.027600000000007
21.3542
21.885
22.2276
21.04
21.825600000000005
21.6796
21.656600000000005
22.075399999999995
21.673600000000008
21.7463
21.8266
21.724200000000007
21.7338
21.6704
21.553500000000003
21.935200000000005
21.8152
22.201400000000003
21.6067
