44.6
41.32
40.65
34.01
30.38
38.45
28.43
26.29
29.3
20.2
29.26
39.02
31.26
20.74
21.06
34.8
42.55
32.7
37.92
47.79
57.98
60.42
49.93
38.97
26.49
32.95
36.86
37.77
32.82
24.45
24.94
33.46
35.88
33.96
32.35
21.12
19.2
21.74
20.47
25.65
32.38
25.66
20.48
22.99
25.3
25.85
26.11
28.68
25.51
21.2
18.21
20.62
27.19
22.37
17.59
16.04
13.46
15.51
23.19
22.93
15.09
18.23
25.92
26.03
22.46
18.78
17.55
18.58
21.26
21.14
15.38
19.35
21.87
17.86
20.46
18.36
15.08
16.18
13.89
14.78
14.79
14.47
19.0
21.13
22.06
21.24
19.53
21.71
19.56
16.69
17.64
24.21
26.36
19.52
18.49
17.03
13.9
9.74
6.95
12.6
17.23
14.98
13.04
13.53
17.8
21.27
16.67
16.21
16.65
17.46
18.35
14.72
10.15
6.43
8.21
10.53
9.97
11.67
10.98
12.78
15.24
14.4
14.59
11.48
13.38
18.96
17.4
11.28
13.59
14.48
10.54
12.06
12.54
9.0
10.19
11.46
13.36
16.66
11.4
7.59
11.49
11.32
9.35
10.52
10.48
8.56
6.9
9.16
10.11
8.1
7.28
7.94
8.06
8.24
9.58
14.25
13.94
10.27
11.37
12.49
11.53
10.4
12.2
11.35
9.76
10.02
9.37
11.42
11.89
9.33
9.99
10.33
10.18
8.28
8.53
13.08
13.39
8.47
10.76
14.94
12.9
11.09
11.09
8.83
8.86
12.48
9.87
8.34
8.84
8.71
10.31
10.94
9.29
10.36
10.65
10.03
9.45
8.37
10.63
10.86
10.55
12.86
12.76
12.8
9.52
7.18
8.8
9.96
15.59
16.95
10.38
5.98
9.56
11.93
11.26
11.77
12.42
9.81
9.45
11.01
10.59
11.22
10.16
10.66
9.7
10.16
10.63
9.74
11.86
9.58
8.91
9.51
7.75
8.23
9.26
9.37
10.48
9.66
7.49
8.29
10.58
13.07
12.82
10.54
11.19
15.81
10.94
6.71
7.52
8.17
10.06
9.57
8.85
9.07
10.13
10.88
10.03
8.48
9.7
10.98
9.81
13.14
13.41
10.18
14.56
13.76
10.42
9.88
9.94
9.31
9.38
12.46
12.21
10.72
9.55
7.92
14.16
18.85
13.52
7.99
7.2
9.85
10.11
8.26
6.94
10.97
13.78
12.2
12.62
15.03
12.61
9.8
12.09
11.85
11.7
13.62
18.04
16.51
12.6
12.42
11.0
12.63
12.95
14.55
14.55
12.77
16.17
17.18
13.61
12.73
13.2
12.95
11.23
7.0
9.42
13.12
15.07
13.37
12.13
14.54
15.62
17.09
16.13
13.44
11.54
16.92
16.36
8.18
6.54
10.88
13.6
14.29
18.62
17.0
15.55
12.76
11.33
13.57
15.58
16.33
11.23
7.93
11.89
11.25
10.36
14.38
13.45
10.97
6.34
6.94
11.07
12.47
12.81
11.56
12.53
11.3
8.74
10.84
11.41
14.07
15.28
13.36
13.32
10.76
12.13
11.13
8.94
12.46
10.64
6.97
11.29
14.36
8.91
6.44
10.44
12.52
9.84
7.05
8.77
8.62
6.77
8.69
10.52
13.39
10.56
7.84
10.47
10.8
11.09
11.97
11.21
7.64
8.83
11.96
9.88
9.08
9.88
9.13
9.33
11.31
12.26
11.46
8.47
5.65
8.35
11.19
8.81
6.0
6.22
8.68
7.35
5.12
6.11
7.65
9.31
9.81
10.42
9.27
6.12
7.05
10.12
9.44
7.58
10.42
11.43
11.81
12.06
7.89
7.3
8.23
6.05
6.84
7.51
6.58
8.39
6.56
9.08
12.52
8.3
4.38
3.85
4.65
6.29
6.09
4.96
5.76
6.93
7.43
5.62
4.85
7.13
9.49
9.35
7.43
7.77
9.2
11.5
11.66
9.43
8.12
8.33
11.58
15.07
18.27
15.56
15.99
13.94
8.96
8.69
9.39
11.56
9.58
6.55
10.46
14.23
9.36
8.16
8.38
7.88
9.4
10.39
12.21
10.62
8.75
9.75
11.25
9.67
12.36
13.06
11.37
17.09
14.24
8.4
10.25
15.22
19.53
18.98
13.8
12.56
11.52
9.69
11.47
10.76
9.63
14.56
16.52
14.23
12.34
10.24
12.36
13.93
12.06
9.82
10.47
8.92
6.76
7.21
7.77
8.19
9.63
10.91
7.35
9.71
14.64
20.01
18.12
11.0
11.52
10.56
8.68
9.3
10.65
12.27
12.18
10.29
12.87
14.65
15.99
15.62
9.14
12.01
16.52
15.64
15.44
14.52
15.17
15.73
14.95
17.28
16.21
9.74
10.14
15.37
14.81
10.84
12.47
15.59
15.52
12.21
13.19
15.31
14.1
15.06
15.17
12.41
14.29
17.58
14.73
14.56
18.04
15.43
13.32
15.19
18.67
19.63
15.39
13.8
14.81
14.49
10.62
11.07
14.2
20.84
20.87
15.15
14.37
13.23
16.8
14.01
11.7
11.85
13.36
15.7
12.89
11.97
10.92
11.59
9.93
9.62
12.26
