43.41
35.38
42.81
43.48
48.86
48.32
38.64
40.32
44.23
25.62
24.63
33.82
30.67
28.63
27.21
30.78
29.6
38.55
38.92
45.84
41.39
38.97
35.56
32.96
30.62
39.03
35.68
22.87
35.13
31.66
32.65
29.54
31.47
29.29
25.54
23.44
31.71
29.72
25.89
27.86
33.17
25.75
27.03
25.58
24.35
23.98
24.62
27.46
22.14
21.27
27.82
23.33
28.11
17.81
20.37
28.42
19.98
23.71
27.18
25.43
16.56
15.5
16.42
21.88
20.33
21.89
17.54
23.16
19.35
21.0
24.67
21.57
23.93
20.09
17.65
19.44
19.67
18.84
22.48
24.54
26.4
19.17
20.96
21.99
20.93
24.91
22.8
20.9
20.34
16.4
13.66
22.61
22.21
22.9
21.48
17.09
17.23
15.6
10.84
14.71
17.26
15.32
16.41
14.95
13.33
13.79
13.61
20.18
15.6
13.14
19.53
15.06
20.06
13.55
15.77
16.7
11.37
16.3
12.77
17.11
10.17
11.05
12.94
14.74
12.1
10.51
10.79
16.14
13.32
14.13
8.37
11.51
10.23
14.5
12.21
9.63
15.25
9.91
14.83
8.19
11.74
11.16
9.14
9.34
9.05
10.41
15.31
11.13
10.0
7.71
11.26
10.59
7.96
7.16
4.18
10.78
8.94
6.82
12.0
7.27
7.83
12.89
12.1
12.49
12.94
7.92
8.45
3.43
12.73
12.46
9.15
9.22
9.44
9.7
6.39
12.7
10.15
11.19
6.26
9.43
12.75
8.82
8.67
7.89
7.98
11.19
8.78
10.73
12.01
12.18
15.84
7.43
14.46
11.57
14.46
8.97
8.39
12.37
12.45
7.49
10.8
15.07
14.15
11.27
9.99
8.66
13.6
11.02
16.25
13.81
6.85
9.17
9.94
7.44
10.79
12.01
17.49
12.53
8.01
9.5
12.59
10.41
10.06
6.71
16.9
7.91
12.59
9.81
7.7
7.31
14.15
13.4
11.42
11.13
8.61
8.62
10.98
9.46
8.58
6.27
6.74
7.85
8.99
11.48
9.33
17.07
9.85
6.63
10.71
12.98
10.53
10.48
5.09
11.45
11.42
10.96
15.26
4.68
7.32
7.86
8.38
10.74
4.28
10.47
13.14
12.43
10.47
11.84
6.54
6.24
12.02
16.61
15.09
7.38
10.86
14.18
14.47
13.72
10.0
12.48
11.79
13.8
13.85
8.07
12.71
10.87
11.42
7.57
12.41
11.57
11.97
12.03
16.78
14.82
11.02
10.78
5.55
10.06
13.99
7.72
13.08
10.65
9.93
12.7
11.91
8.27
6.84
11.38
9.19
7.51
10.29
9.44
13.33
14.91
14.45
16.25
10.61
10.32
13.15
10.11
11.68
13.72
13.7
9.74
5.98
8.59
14.37
11.99
10.5
8.78
8.99
10.16
16.82
13.1
14.28
13.01
8.78
13.91
7.07
15.21
11.73
12.81
8.82
9.55
10.7
11.39
12.41
9.07
6.38
9.2
14.52
12.47
11.11
16.98
10.66
10.08
7.86
11.12
9.97
9.64
13.28
13.81
11.65
11.91
10.01
7.79
5.44
9.06
11.52
13.62
12.09
11.48
8.93
12.66
7.49
10.65
16.72
13.93
11.91
12.2
16.27
7.34
11.35
10.46
13.11
11.65
12.23
11.83
6.18
10.24
15.24
13.63
4.12
10.15
11.42
12.21
13.73
5.19
9.7
11.89
13.06
12.53
12.51
12.57
8.51
8.68
9.64
10.84
11.45
14.38
10.28
11.75
5.72
6.3
14.74
7.87
8.99
10.17
9.66
11.11
13.0
12.57
12.36
17.23
7.65
10.61
11.61
11.85
5.87
9.85
10.92
17.83
9.36
5.43
14.57
12.78
13.52
10.65
6.19
7.26
6.6
4.48
7.4
7.13
10.09
6.59
6.78
9.73
8.71
6.73
12.92
9.5
10.32
10.8
12.3
10.3
13.14
6.54
11.18
13.6
6.19
9.95
11.2
10.79
12.76
6.78
17.7
10.78
8.89
8.02
7.12
12.49
7.76
13.85
5.66
8.56
13.77
10.68
10.62
10.46
8.44
5.19
9.89
13.33
13.06
13.18
7.75
8.1
12.94
11.79
15.05
11.66
10.18
11.07
15.94
14.9
16.16
14.67
7.23
10.75
12.61
12.01
11.16
9.15
11.87
14.43
11.6
6.39
9.66
13.52
7.71
10.19
16.38
8.66
13.3
10.33
6.19
8.46
8.41
6.09
11.99
3.15
8.73
9.32
13.1
9.97
6.28
13.14
8.67
10.72
10.06
8.7
9.31
10.24
9.35
8.0
10.44
13.36
12.3
13.6
14.05
14.4
17.51
16.73
14.99
16.89
11.97
11.74
18.07
16.13
11.75
11.18
12.89
9.1
11.81
11.85
12.75
8.94
18.76
11.37
13.25
12.31
19.59
16.9
15.27
9.93
16.12
9.49
11.81
17.36
13.01
15.76
14.09
12.14
10.92
8.11
7.28
14.25
11.94
9.15
9.27
13.2
17.46
14.99
13.33
13.6
11.05
12.95
16.14
13.08
13.12
6.68
10.92
12.63
12.88
8.96
11.45
11.69
11.69
8.07
