81.7
70.62
62.58
65.64
66.08
53.5
42.38
37.96
25.67
22.29
25.45
29.78
29.24
26.28
26.87
20.23
22.86
26.36
21.81
19.51
16.55
18.17
23.78
25.39
23.51
24.35
25.56
23.58
24.72
24.37
23.88
32.12
34.8
33.08
29.95
27.99
28.85
27.86
27.54
27.74
27.83
28.49
31.73
27.41
17.7
20.63
25.8
23.53
24.44
24.36
22.33
21.66
20.34
20.7
19.51
21.37
27.35
28.86
28.67
27.96
22.98
21.42
20.78
22.9
26.5
27.74
30.26
28.18
24.1
24.97
23.85
19.88
22.59
20.78
17.88
21.51
26.35
23.13
22.03
24.52
23.46
22.79
22.48
22.3
20.96
22.3
19.16
19.8
21.1
19.34
22.21
24.01
22.85
23.16
26.8
27.01
21.8
22.48
23.88
21.88
26.38
23.98
17.6
20.97
19.87
13.97
11.73
14.5
18.5
20.05
15.72
13.24
13.72
9.96
14.08
23.0
25.02
23.42
18.86
13.63
10.46
12.56
19.25
16.67
16.82
15.69
10.93
14.42
21.11
18.66
14.91
18.79
15.69
13.55
15.79
15.37
16.62
13.75
10.39
13.53
15.78
14.6
13.53
12.08
9.66
11.46
11.3
8.87
9.72
9.18
8.83
7.78
8.14
8.52
6.65
11.01
13.27
8.8
6.68
7.08
6.1
4.65
5.51
8.33
7.77
8.78
7.96
6.23
8.91
8.13
8.48
10.37
9.27
7.55
9.05
9.44
9.2
8.4
9.38
14.59
14.2
10.48
7.2
5.45
9.51
12.26
10.82
8.58
9.38
11.14
8.62
7.79
12.2
9.83
3.94
8.68
9.44
6.71
8.02
7.19
6.61
11.64
10.82
6.77
9.42
12.3
11.23
7.09
7.36
9.0
8.36
11.08
12.87
9.91
12.19
11.02
6.97
8.22
9.07
9.69
7.79
8.15
8.74
6.5
9.63
11.3
7.77
7.29
7.04
6.03
7.29
7.08
5.51
6.82
7.72
7.81
6.86
7.36
7.31
4.89
6.63
9.76
10.63
9.59
6.78
7.09
8.77
9.43
9.96
11.84
9.68
9.71
14.72
10.7
6.75
6.81
7.12
7.43
8.25
6.59
5.8
6.16
7.73
11.59
10.5
11.67
12.29
10.45
10.2
10.06
9.69
11.2
11.17
10.46
9.25
13.01
14.39
8.58
10.35
11.39
10.1
7.46
9.16
11.49
9.03
10.87
11.55
10.42
8.31
6.75
8.74
9.21
9.79
11.6
10.84
10.2
11.24
11.22
10.11
7.98
8.62
11.98
16.0
14.63
10.76
9.78
8.45
9.18
11.04
10.47
10.2
8.29
8.34
9.71
8.61
8.58
9.92
8.71
6.98
9.29
10.54
8.79
7.94
10.23
10.44
9.46
10.35
9.63
9.25
10.22
9.48
9.8
12.13
12.12
10.47
8.82
7.02
7.03
8.52
9.73
9.93
8.74
7.88
8.8
9.97
12.37
13.72
11.34
7.41
6.48
8.42
9.93
10.67
10.52
9.48
9.35
8.07
6.84
7.89
9.5
10.85
9.97
10.62
10.58
10.31
9.77
8.74
8.99
10.71
11.92
11.87
14.11
12.15
10.31
9.64
7.79
7.67
8.7
11.02
11.98
9.88
7.44
6.38
8.99
12.57
13.83
11.39
7.81
7.62
8.78
10.11
11.35
12.85
10.97
8.24
9.15
10.68
10.84
8.09
6.9
10.78
9.57
7.6
11.26
10.21
6.8
10.32
12.0
11.07
12.23
10.35
9.72
10.32
9.44
8.61
6.68
5.13
8.43
11.03
9.41
8.63
11.32
11.91
10.04
10.26
10.13
10.52
10.12
8.66
8.61
9.23
12.06
11.51
10.47
13.23
12.1
9.48
10.91
9.43
6.9
8.53
8.18
6.42
9.26
12.19
8.94
9.19
11.57
11.58
10.04
6.76
6.3
8.91
8.93
8.13
8.73
8.16
7.71
9.98
11.21
9.98
10.2
12.02
11.33
8.45
8.05
10.11
11.3
8.66
7.27
9.77
10.71
9.35
8.98
9.04
12.63
13.44
9.62
7.89
10.48
11.14
10.05
9.58
9.02
8.99
8.51
9.25
7.52
8.07
11.43
11.02
11.36
11.74
9.36
8.74
8.13
7.87
8.69
8.82
9.79
10.42
9.44
9.74
7.67
7.95
9.37
11.08
10.96
10.22
10.93
6.65
6.37
8.06
7.89
6.69
6.85
7.89
7.27
8.47
9.08
8.11
9.02
9.01
6.66
8.12
9.57
7.52
8.81
8.97
11.41
12.54
8.65
9.13
10.49
11.03
10.67
10.31
12.98
12.09
9.14
9.23
8.63
10.64
10.79
9.66
9.82
9.51
11.78
12.29
12.0
16.36
16.18
10.82
9.76
12.27
12.81
13.06
13.36
12.5
12.19
11.13
9.15
12.85
13.43
11.39
10.81
7.98
7.15
7.85
8.15
8.49
11.04
8.59
9.92
11.46
10.59
10.3
11.53
13.42
17.35
16.51
10.99
9.65
12.22
13.32
9.59
9.92
12.93
12.04
9.82
9.44
8.06
9.24
13.3
12.63
8.37
7.23
9.29
12.38
10.48
