42.81
39.02
41.89
45.99
47.75
47.28
40.47
43.59
38.29
29.46
25.32
32.62
32.59
26.19
28.71
31.17
33.74
35.67
41.28
44.81
40.28
39.67
36.12
36.18
28.1
31.73
31.78
27.38
35.57
34.34
31.63
31.13
33.27
26.88
27.85
23.96
29.8
31.31
28.12
28.49
34.88
26.97
25.16
26.05
27.48
26.54
27.92
23.19
23.01
23.81
24.75
21.15
23.13
20.37
21.52
22.24
19.3
23.35
27.09
29.27
21.42
18.43
21.79
20.75
19.25
19.87
18.62
16.55
18.42
19.64
17.98
21.58
23.2
18.33
20.43
15.27
22.31
18.81
20.73
20.56
21.02
21.43
20.27
18.38
22.24
21.16
23.85
16.31
16.98
16.83
15.96
22.12
24.07
21.76
20.19
17.16
18.55
12.36
10.53
13.17
16.28
17.93
17.88
13.21
14.69
19.51
16.62
13.57
13.13
14.34
19.32
13.87
19.36
10.2
14.27
14.82
16.02
15.16
16.07
12.75
12.66
12.71
12.68
13.89
13.42
14.67
9.89
10.77
11.37
15.59
9.36
11.06
9.19
15.08
13.31
10.35
14.05
6.58
15.86
7.14
12.28
7.68
8.21
7.71
11.23
6.28
11.74
7.54
13.59
10.41
9.7
7.77
12.75
3.39
8.14
11.27
9.03
10.56
9.24
11.16
11.11
8.46
9.32
11.88
10.23
10.69
6.6
9.89
11.47
13.06
7.88
7.37
9.75
7.99
8.81
13.87
14.38
9.94
5.83
11.82
14.79
10.11
8.58
9.71
8.37
10.79
10.33
7.46
14.42
9.22
12.28
9.31
8.78
9.09
8.24
10.78
7.62
12.38
13.62
15.62
11.39
13.06
6.89
13.07
13.02
12.25
10.89
13.05
19.76
12.32
13.87
11.02
11.12
9.88
13.36
13.66
12.96
12.34
9.09
8.5
13.41
12.3
11.1
10.28
9.13
9.65
6.58
7.67
5.66
9.46
8.51
13.44
8.71
8.68
8.08
11.9
8.68
8.41
6.38
2.23
9.73
15.86
10.08
10.13
9.74
10.84
10.72
5.73
9.37
12.81
12.15
14.12
7.07
10.66
10.68
9.56
14.9
6.94
8.22
8.68
9.2
8.84
8.63
12.38
14.54
11.95
8.11
8.66
12.47
15.02
11.78
13.99
12.45
9.82
9.38
11.55
14.2
8.45
15.45
14.31
11.24
10.15
16.53
9.25
3.95
13.27
12.91
9.41
7.22
10.66
10.17
13.48
17.82
16.15
10.8
18.39
13.64
11.49
9.64
8.79
7.43
11.29
13.46
14.91
12.49
12.48
7.99
13.29
7.9
7.48
12.39
9.12
12.73
9.28
11.34
12.48
8.82
12.39
13.83
6.52
9.43
13.54
13.34
10.72
12.39
12.73
9.91
11.25
11.54
15.08
12.75
10.9
10.35
14.41
14.81
12.85
11.98
10.74
11.18
11.96
10.51
10.49
8.6
13.05
12.33
13.71
15.33
8.8
7.92
11.4
13.5
14.22
12.05
13.22
14.28
9.74
9.05
6.27
12.37
11.24
14.69
11.42
13.24
12.84
4.94
11.99
7.71
12.84
10.9
7.78
10.0
8.82
9.82
9.66
7.57
10.75
15.76
10.42
15.47
13.3
8.56
13.33
10.51
8.03
9.11
9.11
10.73
7.6
12.37
13.83
13.59
9.19
9.25
11.36
12.38
12.63
13.19
10.04
12.22
12.29
13.8
6.06
11.97
11.63
13.83
12.23
14.59
9.15
9.23
10.03
14.08
12.22
7.87
9.85
12.1
8.05
8.95
13.05
15.67
7.54
8.66
14.06
16.4
13.17
9.53
5.47
11.06
10.0
5.05
13.5
13.02
13.62
10.1
8.86
9.85
8.37
13.49
15.17
10.88
7.69
8.28
7.01
10.49
10.19
10.18
10.18
8.89
8.04
8.41
10.15
6.35
8.44
12.14
10.62
8.47
12.11
9.18
12.39
14.31
14.97
8.84
12.51
11.47
12.03
10.67
11.83
15.54
11.76
10.16
9.76
12.07
9.47
8.28
9.25
7.72
8.8
8.04
9.28
12.58
12.99
9.88
12.57
8.91
14.29
9.66
13.92
7.59
11.18
13.36
8.28
10.6
12.96
5.16
11.31
8.77
15.62
13.82
10.14
8.1
10.04
7.75
13.89
11.23
12.26
12.24
12.01
12.69
1.62
7.62
11.56
11.19
12.22
10.64
9.97
11.07
11.35
12.91
8.14
7.73
11.9
11.1
8.36
6.98
13.88
10.78
8.81
14.88
11.23
11.85
9.15
8.33
9.23
5.2
11.61
10.72
12.44
12.58
13.6
6.62
10.54
11.06
13.57
10.26
11.61
15.91
16.89
6.2
11.21
13.45
16.67
13.75
9.35
11.41
11.62
13.59
8.87
16.6
8.43
10.46
12.7
13.92
12.14
17.24
16.1
13.03
10.82
14.16
8.47
13.64
12.54
14.73
10.92
13.96
8.71
15.58
14.09
13.01
9.34
12.72
8.91
10.92
12.47
17.68
14.07
12.87
13.71
14.74
13.13
13.6
8.86
13.94
4.71
7.88
10.8
8.29
8.2
9.06
14.02
7.83
10.54
