-2.794215268381929
-2.7680783046532094
-2.3695276721210825
-1.764179985712692
-1.0292445230587357
-0.1184752797620392
0.3107629243372963
0.7577652163043593
1.191342779943579
1.2371382989462347
1.6215646888113002
1.9595896451689785
2.239875884093622
2.921291674680637
3.5117024974594258
4.362653703813384
4.911283044062913
5.212398593038919
5.5336788282790215
6.2244636635597
6.568252502576122
6.006612491535657
6.407621999835417
6.973347395305507
7.180596496483847
7.496961965852157
7.717293707683267
7.658654432263841
7.873308764804312
7.889157896862452
8.101752718379544
8.66009934427183
8.591398985687906
8.422612799032777
8.47026409516891
7.509977090658374
7.136825562951825
7.923796520829578
8.02483317027628
8.01073126863372
8.159026337197355
8.565552718513182
8.952153157808105
8.396092055040793
8.76521000786962
9.472779637760052
9.062640156582528
9.665146837860483
10.40850861125603
10.002448017633863
10.005061386484376
9.89653997566283
9.717060604727449
9.691198768531445
9.329892918931954
9.260225721503293
9.505226782176056
10.048141522963832
10.248691384371432
10.388364790124166
9.964341260059737
9.802571604657455
10.049374621485429
10.628039697794067
10.934916141665363
10.201805322866068
9.822031999887203
10.07553118595786
10.390165661978967
10.808300301309307
10.296668287772924
9.329073262494598
10.49367460886954
11.134151435133765
10.306405339795072
10.084271731367991
10.576299658497682
11.33543364276357
11.016781755472332
10.703873626304022
10.279216600417977
10.092525465240955
10.22776189843618
10.316798392966689
10.95210662347708
11.637633130883124
11.160598358740351
9.641436691982
10.41049986104656
11.462437011197594
10.684510028498568
10.38407865890222
10.070829929309564
9.182419973185706
9.39528993179205
10.78496226787812
10.509062276479334
9.734445421268786
9.839270819220598
9.719302975970908
9.850063493401498
10.242592804857123
10.007823571452318
10.021050221758628
11.057055186716028
10.963904934482304
10.76496399123742
10.527755393263206
9.982631344869992
10.98582784189476
11.34143117717012
10.407070627966569
10.320918999071724
10.254279929743902
10.7543534914158
11.518398355493472
10.674282189277896
9.592733069027403
9.161058935830102
9.20376644422291
10.861462939526024
11.084231946554942
10.332926541625026
10.52870257253424
11.261622216659193
10.812590209631336
9.65605965381985
10.4462605478832
11.49839891728431
11.258614048503798
10.048242276203345
10.30806942862719
10.793917348940202
10.65231343168484
10.744379253735325
11.985631971791864
11.617583647852936
10.248174341603857
9.607316028373171
8.450682413265046
8.889511943849882
10.61951010885171
11.507908810418332
11.825266903001948
10.854421851273232
11.07274154476966
12.271777820410252
11.33704456874863
11.450498742243337
11.327216432947646
10.82631358749539
10.481383259568132
10.292184005002884
10.859914841120222
11.16755049509152
11.651905536026243
12.103092074972714
11.364210318812615
11.001876864121462
11.188753560603518
11.060266116511295
10.9830796594164
10.767336026365037
11.17213835415956
10.246578607180508
9.667091298010728
10.41239290904382
10.004831493439548
10.60557002166678
10.636082890974066
10.192786050210618
11.25580929823652
11.097560117470543
10.452609148379208
11.280588713704152
11.936228352276098
11.343982831327317
11.968637901828336
11.870906499396735
10.08039094836604
10.444735832372826
12.446128473046354
12.246189851506651
11.885853727321289
12.601809117728315
12.210276076951768
11.76798360397198
10.779479181143277
10.252904302342602
11.584044953300063
12.513202209496994
12.253148277022945
12.770066252238465
13.306393863689154
13.09045688577802
12.74970050215349
12.488235852756985
13.07057652767619
13.476611651053751
12.003738214330218
11.810469962298962
12.701759815772764
12.027873295819823
11.100681540884144
11.650586414258951
12.328199190415296
10.871514486840615
10.191674459442924
10.436151140648183
11.723071110381731
11.938423732872542
10.495223149406035
10.565801984291722
10.59915115604099
11.06595814387856
11.177998533070934
11.160733159842804
12.253068704600194
12.9014271493171
12.471372705764994
11.674214848969372
10.976300049589474
10.876911102062175
12.418634751756672
13.610828245799592
12.865204781043362
12.597715534843068
12.357443492348043
10.707312512466835
11.000060857097528
12.17273449994682
11.167794073994772
10.563160914919225
11.965978774198607
12.12346436346928
10.56149628456483
9.869953360816798
9.733909354177024
11.396274140521168
13.895026502471838
13.817637780584324
12.143500620943431
11.598384225474415
11.89788042664115
11.583486361476233
12.075158465103858
12.095997362248475
11.25418195746522
11.601797261468963
12.60914152126909
13.382801779581673
13.11784543045994
13.341471090821203
12.55551975534795
12.57439115865348
14.037339022870793
13.535929467899887
13.3924000446786
12.211592684350268
10.928466765221083
12.406706920471525
13.021282490097878
13.250605850198871
13.077976162576311
12.93480237534373
14.345289955042478
14.357428474969108
12.983629972592473
12.016806156605655
11.974665671855966
12.924895665959122
13.552443599670294
13.950074528536485
14.09664599326113
13.98011447318041
14.63936629662397
14.08871783696645
12.941884858872898
13.13830928251878
12.936523986716296
13.570817796871918
13.24597560647556
11.919426158826498
13.500726786024805
14.198002301029833
13.2603854639009
14.91750302957464
16.18520972921157
14.592380655637
14.11862601077867
14.780368184181643
15.539446587710952
15.339793398554871
14.549231707601676
15.286124855613927
16.33747258986304
16.172900959153967
15.410811860966838
15.451572830639538
15.267095076677403
15.432938224886769
16.145002202747015
14.65294024777987
13.544508807362204
14.236879372353922
15.28945222398024
15.359791879401934
15.730210891589804
15.733238530585536
14.850382987569452
13.834936631097086
13.522039493546492
13.451672555691797
13.1805903052617
14.122089054173758
14.831270720999134
14.83206281371597
14.17380168948102
13.674812770820065
14.747960766471028
16.010804632032077
15.938816283742362
15.083772318154134
14.950495741928192
15.740918518661738
16.3364358732539
16.325625807182686
16.050245341587033
15.467321076081475
15.08357588933032
15.224892234239263
15.698338732323814
16.083659432291324
15.945456677380538
15.65744202089984
15.972103871108963
15.539355884223951
14.405105008968349
14.753709644616126
14.71223398022462
14.83836922667168
15.814195271791522
17.040023564198023
17.58985707088273
15.674039635229931
14.273755400908614
15.07120066815339
15.200425816600928
14.517700515762458
14.186101784623125
13.70981366980808
13.772942963125702
14.296880633225753
13.59641110450931
12.228245584737431
12.209923502514329
12.489718612258253
13.082731096839147
13.421315948726267
12.906993666670452
13.66563368255569
13.409815905643809
12.693448251646643
13.85656190568202
13.842377170865488
12.14045969607217
12.042873238339512
12.74743962143851
13.337542956418734
14.744550236017073
14.64412832738137
12.870072187535737
12.01121290498813
12.89047342036703
12.42100889837896
11.946954882124356
12.273866752594676
12.00850746374565
12.211469458677152
11.874740051974843
11.961883054887403
11.68797186642557
10.93647529215828
11.922301253916212
13.104600727943469
13.393684477965373
12.869281813745705
12.959483594257351
12.923347793091889
11.760055450600095
12.259031987294083
11.62163533774668
11.74038053432544
13.926345412869264
14.187308381974812
13.112571022016272
11.836731497057231
12.938762458086092
13.4226032577573
14.41724786959451
16.204354200163912
15.72401193843199
15.222110144573367
15.212825124149072
15.621895191083984
14.71737219111036
13.91207395097966
14.37250726601394
13.664678610109084
12.754377550651238
13.151814020097929
12.405638726704556
11.958902696768094
12.70185600060508
13.41404083718444
13.679443558895487
12.177941593620009
11.607810880043926
12.50959535238795
12.91439280408427
13.218781134439451
12.417574883192168
12.674121796246846
13.133647010439311
12.52766538648622
12.652860488898767
12.520652580356725
12.092369992992316
11.145043098221782
10.686065959589396
11.239695510547412
11.13532925390868
9.860901175228175
9.060928384943653
9.09998789734815
9.925062407118384
12.705971033450648
12.74033562053529
12.273285263256264
12.16176587718468
12.21793861754548
13.339918138196262
14.189646764395128
14.399781637798576
12.07231655046732
11.58928737507968
13.194571290784571
13.970885266129368
12.552252610843103
11.994247909825283
13.484936473515608
14.093582818931752
12.774998812860185
12.242805364615384
12.005042851816054
11.262858764929572
11.00260466984972
12.284241662595978
13.152926347449243
12.070760234185467
11.371977449916049
11.566118067311312
11.152055121731271
9.986488241138604
10.435248648975351
10.268491408884657
10.92458146272708
10.789039938773362
10.269032321971467
12.434708225884686
13.469034226638
13.699075846135718
14.110669496697613
13.592416651701663
13.93711133178362
13.787950749229838
12.892755763242343
13.898888325895127
14.713028392442306
14.162049327916844
14.591668025608906
15.0549214894328
14.329419045716277
14.429314560054388
14.375898960045165
14.40877511347634
16.0873481614636
16.345023292728705
15.051831317275385
15.46651724062622
15.59494411003082
14.447866073556243
14.163798127023307
14.88084056550125
14.95024156250247
15.198167716128651
14.938323302606396
16.08660370338727
17.550882510120967
17.741145063809697
15.896644819171163
13.420061994339084
13.781871218826913
13.736265830710948
13.652658983940452
13.796964312581244
14.382969725301074
14.736911369652184
14.87828648624474
15.3408001874917
14.629850214131244
12.737152446582336
13.204168342481715
13.372079364316845
13.845823492776251
14.057807712946484
13.489717115299138
13.929615757399898
14.01141243417009
14.30877932143863
12.628546751014424
12.581733362521335
14.625968392306952
15.595861543475795
15.42749339285233
14.205051020362284
14.945356605343484
17.141775771660893
17.822134094555917
17.606549892103303
16.652811114262846
16.334374809045126
17.324831105153727
17.95633974013857
17.738431142059778
18.096290187961014
18.626686967797635
19.820865162242857
20.15516892603492
18.78052997672004
17.636312562641574
18.310592388189125
20.43382252186453
19.507626712515098
18.44510812912336
19.25815331056703
18.809500654897544
17.409828066814004
16.950787565884447
17.722301589642303
17.42120542268512
17.647427395403387
18.393796579847937
17.856863367584115
18.423598790038465
19.084415909128094
19.009092763768304
19.600587334636582
19.822711480882884
19.623398326135813
19.27921699579117
18.89050752948169
18.976446246676065
19.155489069502263
18.934210876748956
18.18350250424937
17.574416186028557
18.6929751052122
18.636275981127724
17.243017259159164
16.633776479789784
17.32256790806092
19.76078732117914
20.18755184954387
20.391446357009137
19.07539495726393
17.23749640181218
17.62166017857738
16.90248607497054
17.24799928732998
18.402533531183973
17.924729456099044
16.204145261438377
15.595947221897356
16.5965038813276
16.94532228377531
18.07843849264388
19.44851748716801
18.72237734152413
19.06984105645532
19.357965493008923
18.24873514137677
18.371180560694
18.50779309478431
18.65304097102573
18.975931928640872
18.30654771048123
17.236519870876258
17.215355155155574
16.81567117047967
