-2.302674985028312
-2.106622823452125
-1.449955646440381
-0.5399248362748295
-0.2356184449991974
-0.0404736944951633
0.44207953832586
0.6380223077712515
0.8917730597150846
0.8717280237652101
0.7927217936149387
1.278384366562753
1.6594337212727146
2.3675443428934373
3.033322136084585
3.556337467248179
4.270711816091822
4.753298149259727
5.115809013627803
4.704119595883623
4.989263487878699
5.347557887195213
5.0485867950338905
5.371422282646835
6.0413876229074175
6.88770522920712
7.120156767319839
7.304660664547904
8.051256691617617
8.417778274326908
8.219312374514988
7.875452935746268
7.343970403810072
7.482917091945991
7.983016816177818
7.933638382572217
7.650032167202754
8.134325956454592
8.167818106365718
7.211945709092152
7.311194664623401
8.305585894614854
8.675472197904737
8.184108080244323
8.09954082345461
8.645038044100142
9.091211862245776
8.750484580958124
8.633349251630658
9.359395515097953
9.842142031931116
9.133345871724998
9.089832837368164
9.192645934057454
8.935415865378513
9.979231284705888
9.920284457874338
9.870857461033184
10.343948623339749
9.998564530265917
10.006800356949691
10.769318412365177
10.82394947007836
11.3969758463142
12.314273754387797
11.252287049104453
10.365171829385904
10.56332893210533
10.296596797360037
10.54253498783934
11.299295062258668
11.680050281772212
12.477397116650996
12.591239027880206
10.840196021941551
9.743631738965693
10.52484019131331
10.77036258118322
9.867756730300773
10.001136245961884
10.95921346249392
10.967800468246754
10.56906960538416
10.372760900407876
10.659364348772986
10.485586618740376
10.700018021397698
10.726835293889216
9.965595698891144
10.039962222192496
10.70450994760265
11.822454677873088
11.50810810333912
10.017077953232915
10.158889921316394
10.005927205723776
9.889078466916692
10.460537541286888
10.288504410591583
9.794018971061888
10.627731538396397
11.435648438814267
11.676897524644852
11.534063954170074
11.46061755534429
12.505439755542334
11.567876891214643
10.794346872410795
11.47714034473477
11.96717223103944
12.427226102189117
11.2794769597323
10.075307583066786
10.786760264149477
11.652974709820615
10.990701790420896
11.516351853041494
12.477235935180891
10.904373260614632
10.473241549353396
11.652746985789602
11.987768655979442
11.734906694914512
11.022627649818991
10.820309023867294
12.338960911232393
12.723579903528114
11.59244151848848
11.87593132227932
11.465589334999146
11.58550604186566
12.84441633631166
10.49488970071356
9.029718326885114
10.083885256022338
9.72412412769221
9.99259499584732
9.395686431505608
8.924688887070511
10.040008238319848
10.624032519944404
11.003499744003106
10.685362591544528
10.882786657045052
11.46236656384133
11.092838220268211
11.40148410082383
10.3164451560118
9.935455602014567
10.99477556327922
10.7617013787551
10.327136058469852
11.271623738276814
11.812208251314418
11.899921272658394
11.685131875169088
10.878427719115622
10.294607872308122
10.80758766635145
12.674095361901571
13.580356969651804
13.51425692623399
12.541593356018554
12.173307984298717
12.12636657773236
13.535814701032482
12.504705680464374
11.151106291934113
12.281117563762727
12.740593455277477
13.52792069143788
14.057965658772977
13.427036252567383
13.37373060654912
13.298625435317946
12.297305402031943
11.98008536398069
12.458132991540884
12.89410750179088
12.763922916919412
12.299707885393914
12.911311307150518
13.9443384004856
13.80620937191419
14.256006087490215
14.940804117055125
13.823482499372655
13.58256961681278
13.164382358736011
12.73820655378156
13.967395537822805
13.708748779038556
13.95965011339728
14.302738868129428
14.490258620617142
15.323188262114837
14.97172451378701
14.604829542839664
14.50093489003921
14.182707498742037
14.780591071434824
14.329829027027152
13.832893535589742
15.15547638954776
14.905300140407377
13.884499091948117
14.063561923126544
14.614059004280488
15.3283850137015
15.81738628327493
15.11939660143732
15.126658508839473
15.93835375904038
15.811711297615958
15.2224541452614
14.373899406557216
14.171066497225445
13.963882887294142
14.290452734323283
14.102926378944716
13.539885318105478
14.677668734307424
15.119752669968069
14.949837093768798
14.566146299390766
13.864284605746144
14.239045036920013
14.756623632299524
15.027932075072693
15.233050292273022
14.588886334868318
14.569373658548807
14.102888407340716
13.298994268633448
13.177694108780011
14.302709681716392
14.930995949293417
12.900192476061957
12.877758232799046
13.706523064614082
14.353182639490672
14.159276282463736
13.5340276102603
13.571125269079442
14.300166132939337
13.948622180497123
12.367147665502856
12.836904442948656
14.140537099445288
14.697236602152916
15.25469470451468
14.771151131999828
13.634288362221776
14.358015753016184
15.632231447741503
15.722821733006924
14.64509029937674
14.454997842224792
14.108773820351107
13.657113671091896
13.609061335410296
14.263150095391758
13.875261007452892
13.256836262894645
14.595607985504016
14.834847614659688
14.788771633605249
14.567535235723064
14.423091008714374
14.430869208060772
14.30030247776413
14.37692216673239
14.123732276831984
13.788486581107165
15.133597353932274
14.877694680947313
12.740411341053198
13.986127325898352
15.160727357991677
14.19652394298399
13.22963468528547
14.122831808792444
14.625154492631966
13.79357889453098
15.154645799864392
15.00519188743755
13.010382730117662
12.954356427190064
12.42188203787156
10.96784025527391
11.470354070893263
13.423906136416475
13.88611022303759
13.685869873058309
12.67619154223186
12.837546267109552
14.050397670097896
13.231180308181449
12.998791568600454
13.109066147060949
12.87785599129193
12.135369652500216
12.291078330681769
12.79044517056775
13.042751156614322
12.942500718546077
10.844792273605275
11.02923437501606
11.71428800482125
11.10286840787231
11.107217428933998
12.118789711953609
13.326874755161482
12.995186460102586
12.961507807381563
13.109129870900038
14.553512454529567
16.194607711365308
14.985310672804248
15.13180601120258
16.16582708510324
15.981740127684724
16.881232626426062
16.49133854922893
15.743495824932804
16.87988172384835
16.284642733291705
14.614354247663254
15.852165069925826
16.513010616480305
15.454778550264429
14.80366903563148
14.484345170878155
14.215419264539296
14.997356559717634
15.121342912353718
14.289523275871348
14.624781598166544
14.520418312589378
15.45039056264485
15.902456683050906
14.624678185563488
14.742922191375788
15.141444900955712
13.676486981040933
11.863089401817597
12.324895719888373
14.120165326083235
13.446832354691242
12.54503792600079
13.6090489930586
13.82722235181812
13.158757509347502
14.248255907828664
14.91090999234776
15.727895927286996
16.685762735900024
16.041267039675823
15.036789630426815
15.45596091272477
15.51640167448747
15.042880687583054
15.368418852189274
15.057257851268917
15.338781976949749
15.984442295770984
16.754671713097345
16.966952085206067
16.66443135471249
16.70853789757936
16.284168016862495
16.032211892360763
17.433993741125793
16.94127547147095
15.508866540741714
15.76392911480651
16.390913972435488
16.677580338961064
16.102255191913024
16.00507787552219
17.47130127486143
17.64396084302981
16.89662798464051
17.788469759504768
17.884392842879482
17.554715927223675
18.000621240589535
18.05347527854291
18.006822216942464
17.300951383730332
17.76019139277598
18.05739527414818
16.034865375142044
14.563511887187175
14.701121254750586
16.2099595469206
16.379851400157193
16.384317022861087
17.254098775767922
16.66418983725282
15.961144743340853
16.801373022301615
18.1788489755422
18.21299146293167
18.18384155629314
17.61811360216979
16.350138348226544
16.632931183888967
17.537538539151566
18.485572410997182
18.876161511346325
18.313573867788072
16.866743823204978
16.217113354584637
17.622346122590795
17.41588916493021
17.165464271443547
17.26717264033818
15.774112260995194
16.412852799157566
16.4786893284171
15.2727934047612
16.14489608273015
16.042408217212245
15.703993716676637
17.245708315881817
17.620230775745217
17.775889030605654
16.810473484250767
16.677256971465866
17.595838562202413
17.05132325994849
16.798187046067827
16.27147159668128
15.486304949253054
15.078470774870503
16.42066763748085
16.43413666094523
14.1874569088327
12.877173437151605
12.78461692741093
13.366001851312992
12.987237387790044
12.283471533866392
12.4184945361298
13.111317453019833
14.564563974286145
14.859686567141408
14.575497761717315
14.604355720777034
14.439681719663763
14.772659156411104
14.92606839612471
14.211079100426828
14.06428251995285
14.40834038347753
16.293046810716536
17.75285173077767
16.481063444458336
16.497875167632305
16.276834015997
14.090851773752304
14.568992945368294
14.0203993756361
12.25954866736507
13.262834940756438
15.94195011496764
15.392163617711269
15.120225843484503
16.33580997402613
14.074993335255042
14.171305483007789
16.827602551972937
16.65325261874779
16.043913835868143
17.40581033304203
17.519335286578922
17.151668259782156
17.831542057960366
17.759748404284107
17.530270754051593
18.361724599735844
18.838269957482307
17.59766055279221
16.59072667615616
17.666261608601154
18.300198567463596
18.52465607217321
18.3814809570774
18.8311111308655
18.92181156660055
18.186692925290757
18.79207967857931
19.615044245709157
19.929710885138977
18.303344998433875
17.01549609029851
16.99092317136947
18.116161120459616
19.37343540302852
18.320963298801207
18.075759654879253
18.73031436324456
18.55975231888631
19.54908542912745
19.80829250860746
19.150529689382576
19.380298156116325
19.08747195043985
18.714905369200636
19.46416806263217
19.832258206869767
17.366560026193508
17.86554324379226
19.46181520848915
18.28088009680715
18.26796856521914
19.180013828915545
19.642930027388743
19.380566081547087
18.238288944179
18.4443736343166
18.532474649353084
17.798390754697486
17.513006819269275
17.90795024067825
19.012311856329244
18.539627668358644
17.742066388099655
18.38170645577452
18.139601459763515
18.771877510073764
19.923470015480245
20.179578705311982
19.96714022277579
19.22491273901975
19.64705081748718
19.210060735494903
19.751491381355564
20.22215456007276
18.555821464219385
18.40385614793771
19.962033781004497
19.702598433374177
19.994344457106703
19.25440191236592
18.577655710304604
19.086010784019663
19.6498841115344
20.41198325220809
19.29624124460993
18.463550484384736
18.20469871652571
18.32797807767937
19.19337511556605
20.15964080206173
20.14761903405084
20.290140573658597
20.046355455864248
20.35445837101233
20.78547022807391
20.306470820082914
19.671364573939677
19.476288445741968
19.29559556782912
19.647515128548523
19.78385834771934
19.91163164042452
20.47882675288753
20.41769824718649
20.5968299114648
20.111218341804108
19.194137085575715
18.632945874232416
18.63641182119457
19.673067936417645
19.866333908080787
19.276078975983943
19.248304405935425
20.405048050513145
20.501207787046305
19.48089958989789
19.21794759120249
19.408108629076963
20.60510992090241
20.6521705254484
18.89432927723157
18.482671007711115
19.26449556627333
19.97555696269417
20.38175046574036
19.1743138335334
18.56584949567149
19.25160344240704
19.244019439723505
18.767832145183924
18.56964602264888
17.93768134508015
17.87677454487327
18.196601029854637
