-5.991345903801512
-5.694407948026599
-4.7555896060299
-3.6435771586530743
-2.664859756366819
-1.5110650160289072
-0.3170491100349853
0.6700088197459939
1.1797989228756425
0.9839035031348052
1.0062601578945725
1.6101729201243098
2.160730231967491
2.3955291757199397
2.871563661543547
3.305206207509473
3.418789878388419
3.7038091762080985
4.068656573702032
4.529733462757683
4.569502562272877
4.994590895539218
5.760429532708439
6.37045171968156
6.858452183112242
6.872470462952045
7.038957250186238
7.138073525952999
7.63087058330011
7.998025790410237
7.528392336343143
7.659037047324416
7.9320857372146545
7.874724251675505
8.444388695738944
9.02601207917135
9.215611336852335
9.326734514349535
9.9589901338159
9.815817970975658
8.86378701771606
9.421745394486123
10.321145286899188
10.504016651702392
10.561975847472874
9.745982153642297
9.308849839310168
10.177326157567224
10.39678893906522
9.837967144154698
10.189491547886371
10.738773555665784
10.370523069218368
10.27297864359636
10.17206864182848
10.64742307736303
10.953111558250654
10.534785766222123
9.93036578428211
9.520154768429917
9.310867213364933
9.64429767085813
9.88514588209902
9.092829551107132
9.590454652001798
9.804570046098856
7.895397414334745
8.71332116732509
10.40528351159684
10.811016883649936
10.955247556616216
11.101235686978573
12.146979565355576
12.030704531170562
11.285704213183754
10.787513675565346
10.914878168346126
11.723827424704243
12.924196294803576
13.182030830243264
12.31092538839806
11.293840172750052
10.006630065743195
10.163330543672798
11.408598170431093
11.138808716514005
9.91858079523233
9.545094860138674
9.09850404976803
9.259600935740632
10.620161664545174
10.584680665676332
10.11898779237839
9.738019890662974
9.398316427683431
10.038351418572825
9.80151091907288
9.458615297793669
9.09680112548436
8.858215031421645
10.214098788311777
10.416969581343556
9.502062163529033
8.721472406832001
8.691240218666774
9.210615070533583
9.240736090856098
9.597037850757692
9.588386352189326
10.07531136200423
10.705122140617323
9.789083846974446
9.394644747840337
9.377679523430237
9.156525143066125
8.639799171111546
8.727443559041504
9.387295760905628
9.898447529225102
8.916305404032872
8.247157587360551
8.77952407360245
8.957785304708148
9.064607989334004
8.825110663271126
9.551264358515969
10.42004368615824
11.191483344854458
10.952710730788038
9.543586933691056
9.330165495634256
9.04591762902303
8.850917372776383
10.207922098075878
10.656853296680069
10.528559573339392
10.794045302779516
10.095759702916029
9.053019687458542
10.201255660795551
10.821535349014818
10.197987717365256
11.014233420606724
10.819552643129985
10.387492024926589
10.807960863724764
10.993873495349636
11.232845891325788
11.188810119343444
11.485572703760736
10.18661982708057
8.946913722931203
9.335789952888089
10.155868449277058
11.192435254862108
9.74734114705658
8.067971482764232
7.380443824712591
7.067015941266387
8.235612717880826
7.938113910408823
8.05136882209567
9.72869684115205
9.50927450152892
9.002583192749334
8.88163790518769
8.974040724032903
9.947267536623094
10.96733417245382
11.3325929094267
10.99550253733942
11.379167053970187
11.458901027908151
10.920811262250943
11.675745686237184
12.10245898619018
11.503451850575209
11.49788990155222
11.605389919204748
10.740855043186054
10.690763131916032
11.711185397478818
11.485292945609991
11.79931755932683
11.902573919622291
11.6541073269732
11.774046474763646
10.487684952463088
11.113125280018558
11.646355732323178
11.3406424909549
12.07704064483182
11.60359549787761
11.079733725447916
10.903229649322476
11.768609340608284
12.207281958745432
11.694754623935442
12.516364364223618
11.564172218728684
10.6650480143714
12.079998812295589
12.1257727557645
11.175952413818443
11.599592600849313
11.275892536452016
9.309033208656484
9.44011925593958
11.244830173410392
11.802469745465636
11.44261773394802
11.091966720413993
11.534950451658933
11.774356891121965
11.63951052049665
12.160283430931411
11.931418595122084
10.850365618107356
11.34871218273322
10.92988961461588
10.44526125543006
10.94076496542754
11.121999423320633
10.429584544089543
10.840518441824033
11.307055250544602
11.252126336248192
11.5082096329305
9.75150055588658
9.89321730926457
11.80369354382337
11.861810349858938
10.680278062374413
11.798389298488994
12.2003676128942
11.871124543377553
12.813988445926158
12.24159979974547
11.616753925375942
11.321396217683294
11.031711836363522
10.406039159861445
11.357550077523223
12.486955707263736
12.72215385541531
13.348228144007726
12.4455899191087
11.738537810819544
12.10448970644864
13.869410388673703
14.773037490528417
13.612337275754417
13.28491299855833
13.20027693251469
13.032519231911438
13.26870046868924
13.111544734886282
12.671015814379372
13.576589655049595
13.354614783141738
11.41546315264911
11.533067322359337
11.768148375650783
12.884238062807164
13.887967512917628
12.878194760212288
12.680528022435409
13.426759251727796
13.36320886545801
12.161896907560951
12.183639243131765
13.16577193201975
13.168467988707478
12.068149865842068
11.398465276809809
10.90910615093578
10.956831325831876
10.496588568766754
9.598512714973518
11.490752557802436
12.160948249224242
10.778646730187592
10.68488801083693
10.981729257616696
10.80801385752818
10.64625077717172
11.378952825134988
12.842244134473018
13.276074053551651
13.543155301808122
13.861597337664977
13.572905294481195
14.631249897315469
14.575629891909102
13.86902820010608
14.36317494212586
14.672029127566868
13.514677748745562
13.112352768486389
14.255209826524766
14.32727759748543
13.607854423002829
13.144637618994569
12.955984611578204
12.765566007751325
12.723417250782296
12.515856759004045
12.808001645076688
12.34552998610766
11.923618744607682
12.362546784107472
12.062525523254813
10.496143367767624
10.25207065881343
11.165098086710763
11.997769523222376
11.734769808586552
10.975128420520589
11.561077121888164
12.380053275727484
12.732822797176988
10.909002795265978
10.624907037327691
11.307908330472571
10.7657214643812
11.345641527112994
12.661208842703411
12.97541828767563
12.403403644414263
12.675311321053714
13.122129508260755
13.704189772684128
14.324446482210089
13.76854518486366
13.637293222369118
13.81856215346777
14.0966224579398
15.371406676704504
15.485356022992068
14.250673291481014
14.850846751103823
15.549211930052843
14.779773278826116
14.74985610474392
15.146006984748004
14.990918468580476
14.058726113803507
13.853903105176933
14.830268825612787
15.397443378018872
14.732192354304372
14.633786559555084
14.171961468127474
14.3268081709987
14.559042992622462
14.47146022984484
14.239487912443751
13.41998904939025
14.326200074615404
13.32217676221102
11.517264690571592
12.019538979073378
12.527110698474178
12.75381647477202
13.29595264087826
13.73638575969607
12.77488560566257
12.305223753584327
13.94822249449856
15.409077003685722
16.188289655568692
15.316854007832156
15.37057924736015
15.944701598409193
15.955177542095136
16.36885238106785
16.02083788842364
16.901462028550444
17.206966494326597
17.128127003056246
17.461926100063852
16.111666890394226
16.05151083918251
16.747004247875026
15.48949714619862
14.919541932324504
15.34590401393516
16.854328244236882
15.984480168197026
15.410000575881543
16.199611127475873
14.585877405640051
14.40038922707383
13.957403684449792
14.127132971229123
15.779934973463526
15.746814920930678
14.138203608328643
13.36139327529175
12.508916448158413
12.374596938264247
13.051186497018207
13.349642643219015
12.675857677370088
12.187753015036192
12.469878406549666
11.517743652037836
11.189300975059002
11.554808341771492
11.37385674938868
11.950721557283744
12.97341897576131
12.540067153439283
12.234189565674104
12.444079787874298
13.147188750209644
14.068588157513023
13.627307599551568
13.403536295687784
12.874794935971424
11.992398799650006
13.076065759150772
12.99961704624308
12.15371682737557
12.524546196839538
12.270125330719434
11.005395079407831
10.298565530726467
11.177149685441789
12.022363756263715
12.028653132569088
11.381305888622585
10.92807843028652
11.089226044071216
10.335799754565748
10.460171921241615
12.308121749283927
12.065232241847353
10.751307295268818
11.586365290267183
12.0821732454293
11.954629944724704
12.587519680966857
12.146593432375644
11.29700787944344
11.965099917653887
11.952087136620746
11.285333734883752
10.646369678717315
9.69808446371065
9.403597818762032
9.788458787749173
10.538977823594657
11.00385795728392
11.450394126880388
11.658423326873107
11.859042617965953
12.941875708344444
12.519817008109452
11.692190132124455
13.078215995181488
13.242725856439376
11.859692374899891
12.409056248094709
13.995407279700586
14.256162922124131
13.051815976649886
13.135233477324448
14.249568283957643
13.841713370111
12.683899071447962
12.228892473161912
12.677527501709084
13.087976910540116
12.418724575222802
13.031293678056494
14.751219224882774
13.99289711649885
13.46331655464206
14.191292324859644
13.030806926839649
13.905717707740274
14.507873339435028
12.11236219909389
11.878156331540028
11.73844233058364
11.245391255673956
11.89656907572283
11.807772797163318
10.56016237115869
10.533804847056428
10.936150778273827
11.454198753839629
11.288891224505758
10.642023904637362
10.267579721149836
11.031576570332936
10.747571791886248
10.06126809868693
11.24069162875248
10.854539543386544
10.752392295996303
10.71236223338467
10.504010702146466
10.0550185110094
10.053722378811642
11.296758822557877
11.91970855830504
10.87695433710749
8.96777086041446
7.898256497895407
9.600633776389088
11.05328998655108
9.241837480772848
7.98399657607936
7.6024403723650416
7.374741250647548
8.386713734119237
9.3334659997743
7.854636654056424
7.6779454442341875
8.130797566566772
7.568258927169549
7.095906435541306
7.754745880060509
8.32126920102172
6.994663184453532
7.199215825204869
7.827104810231907
7.887369407035181
7.295419696591373
7.054977503379997
7.426579345665391
6.821776944634713
7.367055656665206
7.958956288253443
7.872062438852748
7.6446617378411155
7.624531291143016
7.498679835552435
7.958909598594945
8.455977065648536
7.573539352130432
7.118703216274238
7.2399826859515
7.747034614505793
7.855487912231082
7.707368327292088
8.087430638925559
7.9464936973068925
7.351127610521718
7.594859293785796
8.02001942302587
8.222565674926773
8.482540188514054
8.845732462147422
8.791892194751474
7.732492508168791
6.924748352167127
8.012301388442209
7.749031832362542
7.326910522265009
7.567825145056508
7.262406175868157
7.377756088343221
7.729310572799611
8.01033284110481
7.98453580801715
8.031736546276141
8.2269862185696
7.767342308382029
7.400791802286501
7.375340316105825
7.85383907845951
8.56116167911328
8.663619016450438
9.652562451129208
9.87868335975662
9.250634132494415
8.442061929353066
7.887943364675651
9.06696292712492
8.803428535412797
7.718232301681052
7.588899175190498
7.855784028458549
8.42616560212941
8.377365468837239
8.685955699658322
9.70605691371342
9.577426186209545
8.930802263157458
8.421545854854681
8.570140711276089
10.33529444324949
10.230291136556549
9.004404514282554
9.271264853595568
10.242352959015406
11.192771921310468
