-0.3358468094543434
-0.2276882283347228
0.1931272566700478
0.7272582279517503
0.9230744385793545
1.1376136913138446
1.6886081572486409
1.946257412622848
2.1070948061946417
2.4824506307341823
2.9929326050221032
3.827105761513843
4.197311103981313
4.172239415221696
4.949364834625615
5.4332239214639175
5.447984436668033
5.917533520921361
6.700606741901676
7.639591955033624
7.757619538859367
7.6845930613667806
8.19217905131979
9.073532700514717
10.218718084560482
10.122381952834148
9.663051920152808
10.388834995969344
11.080339028240603
11.410162517703949
11.313597676589747
11.426711845614156
11.717586663716922
11.884543534894204
12.10122922106634
12.002543033262208
12.055453812011972
12.080415642004294
12.107758066377691
11.925469400947517
12.096911013907254
12.465244228185629
12.199373482876716
11.848825288504964
11.498987996349262
11.733957021263556
12.210094862452568
12.230777241069518
12.19941475473138
12.40045678425064
12.614815215634282
12.484454229187344
12.106407085778327
12.200758933332834
12.836199872512251
13.064986641444875
12.77123157033294
12.061086561066832
11.75139904886016
12.052546284380789
12.037038091380268
11.63789020585444
12.185889713332417
12.159066308119948
11.661326672669867
12.140563713998368
12.533898124854549
11.481568978069546
10.88836486558225
11.84739481457402
11.662047323629835
11.77259240560226
12.38319745310087
12.232353416110447
12.443044997014487
12.431826307080422
12.57036430599175
12.924711611953652
12.74854648132653
13.023884507568898
12.78501505126829
12.141094103280771
11.913664872870989
11.814173569686872
11.571566249323109
12.712583343062166
13.566489167830266
12.051013083214904
12.052585607221708
13.004961249526763
12.233616656270645
11.293963537034278
10.860151176044312
10.714968238995946
11.389297718813422
11.649355564678467
11.741452396211503
11.707771320722411
11.060238264962008
10.830238408774926
11.250756634142531
11.782146961652307
11.716798988093297
11.979868242161178
12.130494174485756
12.393948241560828
12.071209599344956
11.181061700564983
11.485336679915058
12.155878550493888
12.602232371648766
11.338801990821478
11.260434475892485
12.599084301262478
12.399166673054047
12.513629313226788
12.375901872206589
11.830193105496608
12.64271882862808
12.797684504694583
11.677710004813214
12.160536932159864
12.718022536025194
12.09015356557318
12.095638677470932
12.13867264892621
11.802387110827722
11.40664028451777
11.209307675707723
11.54177347847654
12.261876735908375
12.490604582749397
12.37651071496079
12.042631913374626
11.864672750701454
12.235376547987109
11.884957281117956
11.544043252635038
11.512991860967572
11.880594302679611
11.834910444231758
11.42082310121142
11.312795048672111
11.184161631983764
10.942628550724184
10.937606786033614
11.272327901072622
11.085493922658008
11.234816014351818
11.107535413585364
10.4636539096523
10.406969848195155
10.589770779989555
10.331283078852657
10.870194799969957
11.588831285289285
10.137705212496252
9.685232880478589
11.274434707670617
11.94890750155673
11.354243415230943
10.827399593511451
11.064033277010562
10.976117960619662
10.44649677513674
9.857239935676567
9.87513723730624
10.975679555061284
11.584476502284708
11.203866928117122
10.704318989782466
10.690957338920215
11.23534957428403
10.79313326918668
10.421987718473495
11.016604220344576
11.36534714591259
11.501062404276013
11.896506899107242
11.754369214576942
11.51296358668076
12.000511045909803
10.94820815253366
10.731131305429813
11.935335684139424
11.727911067010956
10.751978227381851
11.191199321211148
11.17126992491271
10.400536825124076
11.574887289966076
11.30665868070125
10.758175553644117
11.081523089904271
10.813183323473863
12.20445662221974
12.548700868562848
11.638059617251548
11.684338490703484
10.614663835414197
10.255412734520952
11.749030239862291
12.202363729336746
11.748204719037291
11.77886676949798
11.097186006465938
11.68860357173826
11.79844765420897
10.834856613425336
10.712640855663382
11.158428386179605
11.451529186280904
9.866682640426149
10.405972087638302
11.868347703350512
11.832664622907355
11.006411722145492
10.74406484225155
10.805037108386534
9.913200860857993
10.492311518731922
10.475893551245267
9.47780984187946
9.118107745712614
9.770030162504847
11.009250927046857
11.080380836575191
10.193385045387014
9.30505618945162
8.567533816481731
9.488014180069056
10.46126189518166
10.267899774863633
10.006702787772172
10.087660601561334
10.938438188255963
10.6872696377802
10.528966086094766
10.25906453402805
10.342455291787758
10.398070624469405
9.67518091733898
10.020523549412736
11.154549336911169
11.745788888810118
11.904447352995517
10.971685582074397
9.356735700134225
9.60548965006887
9.81628760852761
8.399679615689504
8.150797764465137
8.968093991628226
9.07330614566256
9.827496486732745
10.524963433583398
10.958874386819318
10.010692788542046
8.50441155491307
9.07837061957398
9.444352754403932
9.546140012327957
10.58056655907563
11.495967176344289
11.622587697709369
11.743875389807426
12.13075837019474
12.99758679909545
12.806846599778096
12.033137182602156
13.492174632985195
13.891833791629953
13.146540472954603
14.198672193560816
14.369408326173405
13.79367118331767
13.499644721276972
13.437476061744343
12.675507584199408
12.058097876033669
12.986995039597195
13.145021503496926
13.360679187613862
13.909283511359297
14.230544557842691
14.439944112549105
13.165658555770854
12.868866840252352
12.781067502298397
12.522618637838969
13.369853436575251
13.73448488107389
14.03972382847111
13.434571760196045
13.436199871626783
13.058615145294874
12.784842743354334
13.72208196301714
13.492599925128516
13.838425720845631
14.24328784717888
14.47085729125424
13.789003793047252
12.924952774278228
13.141386233375728
12.824778617929333
13.458965365715825
14.207656255301208
14.566100132040845
14.0135931329497
13.734068616791903
13.661188256061711
13.387062751908362
13.966742345479808
14.103942964553058
14.221520511894068
13.96671561067389
13.46728884568562
13.1969000719052
13.020958481072348
11.82559836457495
11.361482480840875
12.595021022245868
13.176913883461667
13.786329570992798
13.93625990841851
13.191869520976292
12.562695712723484
12.76287360194369
13.450482952934676
13.567855525816643
13.967661393117508
13.608565444440424
13.212551423191664
13.709941416759454
13.947966716069176
13.964349661825832
13.453487350672026
13.558794152960017
14.258090362385564
14.006444454458032
13.316081085502818
14.06422941207137
14.746211554890216
13.75846991707344
14.58121028474416
15.54164280526652
14.614234074827232
14.232127704961057
14.05540476433521
13.703033297115915
13.909439872750712
14.04034677741982
14.621994763322418
14.643325482436705
13.490639869173668
14.059636529246898
14.744708230809898
13.706877248735545
13.50389915648216
14.812056806069556
15.363889368829678
15.16541170527018
16.22082152092425
15.615240002399258
12.957497271514018
13.25235181545396
14.28232214335758
13.58298276490041
13.83593294565023
13.9548487193709
14.111582783456806
14.443871521607832
14.890895830771877
15.518574282747698
15.01745758383387
14.247156041802407
14.105158757973642
14.452473502320125
14.70146967510872
15.22463083264705
15.702435978015409
15.344396145865849
15.28581243186965
15.046297130097129
14.794208295197691
15.56767078949809
14.92815205440787
13.49352376309908
14.263588637859764
15.184270884724516
15.383739066684502
14.943564962972822
14.144432097824884
14.313686029036855
14.575483761029464
14.543927809586632
13.92111363924106
14.047766250467827
14.09633730018804
13.860930404746489
14.597671831081382
14.809109499353584
14.945541535400285
15.438288442490297
14.676627427631647
14.33708747249704
14.62005183795361
15.276797188283904
15.711528265167424
15.416703016074967
14.93778330809402
14.75229072521543
15.24835797529338
14.979058836849426
14.483298716462151
14.27064598599098
14.107456802875303
14.834371101332572
15.121473576980671
14.31426607024946
14.548105861361194
15.0995927637573
15.767307786145263
16.763232938198268
16.131878759722007
15.062322307619386
14.771092522673646
14.738616463614449
14.652578302609744
14.9714947201397
15.697965921490567
15.813930026641586
15.940026512815498
15.601541000957884
15.92364988974535
16.359761149413927
15.871150423658897
15.768467172443604
15.254629502075684
14.792432685972743
15.707053580290031
16.159225071479614
15.629071374940713
15.977124557183004
15.704750647401095
14.796961446144463
14.760564686361056
15.9287540672998
15.371767016551864
14.662367016132682
15.89951336971177
16.256365859804614
16.419003835359504
15.966672179263131
14.423098376698224
14.714656863041249
15.94755603792317
16.05748244279708
15.48423953923882
15.61710822058647
15.918864733140577
15.473059595565983
15.368363002002972
14.309821385425684
14.149216035341578
14.878121118370483
14.601738226436488
14.73483545646344
14.858738570084483
14.156666410150097
14.560670271497234
14.96858302406731
15.719071006922077
15.953274640784564
15.236381049087118
15.591068715680487
15.568110262362076
15.775400150255274
15.524922181951924
15.134048555149986
15.885878795159725
15.99701128346872
14.730376759703608
14.662597803195872
15.61228388577193
14.957657476367492
14.618290670285418
15.8304458612617
16.0733679405721
15.658904021163147
16.22416183752089
16.9940906389488
16.2577674765303
15.405798200003035
16.32885943356642
17.114576265648466
15.958434161162932
15.45526473098044
16.518377913625308
15.915409452631197
15.5134521649127
15.519691321149514
15.6814854144904
16.08530737297278
15.59275610064054
15.52052339370738
15.35515609229502
15.490427548612894
15.559554188101757
14.932315699213106
14.743237704904988
14.831369205116152
14.586666013440224
13.893064326809116
14.27856332110124
14.194730472616936
14.14719017659645
14.056004504002292
12.5279681653229
12.624093547328414
13.867441539556724
12.87703079347168
12.489214657262268
13.781029802770927
13.03317606866366
12.374704295291522
12.995239919221012
14.146709456088113
14.651556623262088
13.97268941963094
13.696264550046532
13.982367230340271
14.159581444026704
14.696479379450082
15.33568323320914
15.428679640409865
15.206503844876824
14.94513225372003
14.31878188727484
14.407243510207454
15.549374234494069
16.194256228397155
15.415690930077256
14.364302736559171
15.226458154697236
15.614505567805852
15.924052037815246
17.043596035420236
16.37723891793226
15.64039862648763
15.885007217180789
15.755552387477856
15.421532338031549
15.33524815800354
15.24612808446932
15.924315421836225
15.585985596235378
15.136012162428957
16.757691185516208
16.663270157856502
15.991678469403308
16.4076366505274
15.575709545741615
15.26569358892407
15.271118586619698
14.11600578028562
14.046587629582172
14.123812924703572
13.3411100998911
14.091180913786658
14.282260081971344
13.025023205406177
12.26156368292336
13.176897356649071
13.92120264587522
13.075161349731143
12.24621584928019
11.821174871248932
11.764892680313563
12.51889893904713
13.741970791477192
14.024819011524077
13.739601153380686
13.455346112966629
13.064767137096588
13.13167963103752
13.690401694567
13.903433845683296
14.441433752901505
13.995574206645466
12.978093512664568
13.99734805520684
15.660918571752855
14.97037784106988
13.756963270856955
14.197251554556583
15.432704869975588
16.576707916914874
16.226913339325595
