-0.8968312342116963
-2.1385605085520707
-2.1449301167909787
-1.3238225205332497
-0.6742674083763849
0.2835910756032191
1.4705758014613135
-0.11500582749028128
1.138636256268186
0.9986599395978513
-0.33603285041406517
3.103363834769606
2.62095002787729
1.8966562208846927
4.176087375953285
4.591205464763535
3.3588602042957403
4.3899541432329885
3.3796790197928077
5.901782219558309
6.214683546715214
4.047995680333688
6.015149453584461
7.986366692119125
6.81177490089785
7.3991337237572825
7.2780775293285656
9.374921480375093
9.09386372842032
10.855592638970254
11.108961725901825
8.27880780662977
9.573896774701065
8.129406819722071
9.28390386668887
8.922838944782281
10.236740453318513
10.715018854474705
8.605135855299796
9.008669742943882
9.542308039705361
9.530100401824523
9.079867992254893
9.211746397170419
9.2528396369854
9.586006737366061
11.59898863760575
9.486497025211273
10.673957802246402
9.291745104029996
10.20418413197546
9.402784453301361
10.955401382278918
9.812601942223694
11.261307617977538
9.389781016029707
10.789739453073585
11.511649827835381
10.05099354288068
9.949372537155794
10.24752449424369
9.820209564299816
12.697432019405872
10.527715999425357
10.52512338218131
10.591088119820194
10.592398597780567
10.67919880886386
10.725664351574144
12.048372188020945
12.212380281302112
10.598267696707078
11.784834693416165
9.395646472789078
9.959457791644223
11.55911854563808
11.262203719376
13.793650833573329
11.480005400105949
11.34954151901943
11.644953183834721
7.87412074852246
9.269054274192033
10.209594444774378
11.586441550103974
10.866997503040178
12.230234360685989
11.480269481530318
9.844334530212956
10.159618041205256
11.852441061264113
10.681275898619486
10.725723926958425
11.208350657579896
10.640675837941325
9.503647244666697
11.099714145758721
11.16625749365694
10.32037246153946
8.922658198224282
11.959009978557697
11.94432417055727
10.344643997995439
9.797133014218442
10.250625648156833
11.137457423778528
10.570775526453204
11.061582129609489
11.50816372125747
10.005475079896172
10.396935374780371
10.376391664509054
11.397486271883333
10.811370143356063
10.616348515506601
9.875127495895423
10.979680552820094
10.690880162605776
11.251145536572718
10.446498016838062
10.95438297733316
9.08821906277916
11.831445686131394
9.416208944723213
11.219783206489128
12.249262861549052
9.538900400201895
12.008222712934586
10.230384449887236
11.042125942596348
12.421583823978278
11.048322918387843
11.63543839219346
12.745929240098224
12.177782356476374
11.271949726250684
12.530287873455794
11.043975723285278
11.29715286940774
10.511655298503559
11.118003107808448
9.94136449414483
10.826008640343002
10.933145305133596
9.500863000383289
11.37001028836284
11.513278697619674
9.032548257141556
11.739326219421837
12.792625508090573
11.1170870211387
9.959709617455353
10.824412603478724
9.648962883583346
11.956143825859378
12.03330959580082
9.607567689985249
11.865703329889431
9.740402130707903
11.289010204371554
11.67153214529353
10.450121504698064
11.32117305612889
12.224796987940675
11.13066527811694
10.042901657401933
10.003118536951636
10.354949171097891
11.812413632558119
11.389890337866635
12.519113174080214
11.2742897582626
10.723471292327982
12.981719844155027
12.131017407824784
11.58784052175669
12.755072010657443
11.934991513799403
12.36110533791019
11.104986265615977
11.591822641724951
12.000621065840809
13.327470142977138
13.104424439588655
14.117484571009863
14.388334859286669
11.404492641083504
10.474641035516303
12.623011352268467
12.787364308395468
14.61674390500433
12.514309660475595
13.362604667827288
12.26955649608578
13.538837039836292
13.515518163997706
13.226484375637934
12.37779720715819
12.789038716137716
12.226319130474423
12.155620877029516
13.485741892093353
12.27555106544844
13.325442448710698
11.919153817193992
13.046024045193558
11.75454621074864
11.128865146416272
13.379425321523183
12.604803847057994
11.95180302502076
12.321905745817574
10.851626049860949
11.080636326139656
10.988280189218447
13.570222112863089
11.844878641935003
12.426625017747602
12.230083935944794
13.837164501128601
12.647408973762369
11.196338022300937
12.152727237924422
11.332620711346651
9.58475242042054
12.423711793634492
13.359977953087775
11.857932590138677
10.124176126135854
12.219175770979971
12.571940434534442
10.822966150699454
12.032599023641435
11.473038532086667
12.68200588241886
11.976226122884231
11.164687541230151
10.123338237281502
13.006109308910217
13.114683630759112
13.461499422996434
11.452534677593466
12.274397762341632
12.778452527148623
13.675979489276234
13.908569819681247
11.131118879622061
11.53389436690209
11.379944582690026
12.745693711902785
12.727884579821374
13.866994734015227
12.880428273124403
12.624590315005282
12.857787626335675
13.2173903484835
13.74895732353497
12.070770994407983
12.772332946470282
13.56717639697545
13.172444472156627
10.635424547229059
12.574079952741874
13.454314808944725
12.803330526493388
13.046821670721707
13.514505942605577
13.153586528151163
14.90353503885979
12.249995287526112
14.016316604184263
12.376753533755332
13.19016122934921
13.619113223134253
13.415263983219129
13.514289762943104
14.046195971688496
13.959753113934037
12.710487987040098
12.970709561538413
12.841781479009152
13.141939193216965
13.435866421257606
11.92307506569965
13.65122907618969
12.297689945206697
12.43584143014601
14.314527749075925
13.546916950459812
11.915074267285217
12.592203229503308
15.83673736031819
14.112501061049318
13.92535126919476
13.7333593930571
14.747220820989549
14.854941236180471
12.321339882777192
13.143426628496574
15.079996729893566
12.948066628804188
13.05883063701405
12.871008713996522
13.060575313860989
14.294275364361159
13.1794295845722
12.047091055394976
13.895497482833472
13.866249861003459
14.002958792170478
14.434622066446533
12.942943483134254
14.444861796318566
13.614708129161418
12.067521092904585
12.517815552167505
14.908401396699379
13.288556751139733
13.586321279037426
13.776694657628488
14.58448137308389
13.807417299817283
13.298213094800861
13.369157917503415
15.16395308369798
14.393704355236036
16.31391804234884
11.442063888190185
14.524536853971593
14.475029595208388
13.991811154197226
13.164674077072329
14.772106363012876
15.207575945431506
15.394838737853968
15.263184645323463
15.05000908447057
13.341232288343937
13.092079970809982
16.2100088818437
14.594243473393828
17.061204784649064
14.330487796661657
15.26254760499834
13.614922047394208
12.99808220629755
13.833460311986077
14.147369542398758
16.115443262365275
15.284636539047503
14.543852311113744
15.065452717312553
12.342133909867005
14.300379255875459
15.63670927686855
13.946532093367818
13.09778914810796
14.956754555326242
13.661154341185489
13.7468011938678
12.58150673578631
14.835931936572072
12.742423932317053
13.996405619457438
14.675271189383434
15.120193179111135
13.521305421080706
13.903919084581549
15.34848564175716
16.152133920250183
14.936874926175301
14.481442186153435
14.745796777148382
15.70795816659676
15.73173690594162
13.144895216815348
14.921340023427907
15.130245028771308
14.983025052956112
13.243526493333814
15.565131056464741
14.559457624792012
14.43035169836325
14.846067042352434
15.807986669498334
14.62946322409052
16.406924896351022
15.980751552111759
15.882395651744554
14.322133582700406
15.359033473248592
15.867538039418388
12.923314641796793
14.220489792058919
13.811035218536626
16.778329810234162
14.850085138432576
13.575381839951703
15.191859508869722
13.28847701990458
13.7425125729247
14.917672245769547
14.573532943365697
12.979730885005646
15.325439449390478
13.846238429872873
11.757120634885919
15.087629164677072
13.642427371377915
16.077047765206878
15.812536500755126
14.484622594733983
15.1831539126569
13.709204327137646
15.306222900947347
14.12549020565157
15.017921875424918
14.922210528464996
12.46767066556191
13.625229436780293
13.829447475175005
13.53855172265376
13.608536750417608
14.760584058444072
14.859308872492509
14.74824965416828
13.414994986781949
13.19822863336643
14.50033471746072
13.342175933526368
13.896343198860297
13.012624821182044
13.008029677663322
12.572038736068988
11.482488624322366
12.865865798414774
14.18033782673543
14.079842121729476
12.768370412928011
12.904425085004936
13.800714243034372
14.298010854012116
14.85691384839254
15.114624545788809
13.123387669241202
11.882053454411118
12.225625851292923
13.321176763793451
12.89677263833239
12.472436033210451
12.618601655068572
14.962349111210301
12.589896624015351
14.30746737431817
13.626072643368943
12.89414636289278
13.03260520172656
14.555928054904575
14.730105595510931
12.398709405076486
14.693741646924483
13.560495612926857
11.47569228011776
13.315549273745873
12.835036824191164
11.672248933475228
14.043086023247202
14.159492958867414
13.740148463473522
13.146185563020074
11.643672292273816
13.392160695271642
14.518859989399488
14.636874656437215
14.015274177137135
15.259631031987439
16.080213143325796
14.573453515516231
12.959775069339532
16.20663114750468
14.856640136465142
16.044598265485536
16.65195425635613
13.616684393784734
13.777593967199142
16.68455215087121
16.810105224310536
14.209291362262158
15.446462929708488
17.694789729750244
13.890611637035306
14.911289540857819
16.83959210148191
16.50231069893798
14.621494048342376
15.301115129729643
15.918496248830214
15.247009681133122
15.721306585138612
16.326929083090306
14.754243643161669
12.397416843157766
15.373282533331714
14.496525302170275
15.535554840500893
14.936060286361089
16.201494204126938
14.711011397975517
15.301153212714581
13.985979082938305
13.662266126915137
15.292696468049433
12.686504323201934
13.62233165712712
14.629708279323747
13.70520534486244
13.563645284054662
13.916413227222971
13.46402744906823
13.294259512044416
12.470332421111669
12.20357596733892
12.926634568102198
11.452415796122965
13.313615345845857
14.342907636487316
12.96421350522551
14.394918715985142
13.813354545969599
14.358308750350602
14.463227295438429
13.500512496166701
14.48065548580178
14.587976225331975
15.1340804078912
15.628636200409934
16.107377294138814
14.543038779057213
15.653399506229714
14.790329930193
15.383025346264025
15.624739320734903
16.34910048997119
15.77246703691641
16.966772730939656
14.927023474710742
14.831998794234782
16.644141813687167
14.974553176636231
16.61967092705425
14.760827223377913
13.273677550203772
14.784901120351464
15.755979106557742
15.11345277845562
15.777838586649802
15.829837726417306
17.059103407507756
14.79633333157793
17.1418103320155
15.769016601130058
16.752842781479863
14.440465468648796
14.521182031030861
13.981781486178193
16.627763292384607
14.465951422973893
18.137564393247686
14.21966573822194
15.300996637972153
13.91086212849657
14.956098994646277
14.981810373687605
14.626379121960587
16.120520802174266
17.0778169381643
14.999022284757137
14.505416338844324
14.823095037179524
14.174800293900313
15.829831555821794
15.607649943364198
14.414687985361988
13.821785939442615
14.042087675032622
15.081474151243222
14.284903697892224
14.262049878803523
13.84627689593369
16.043391822829015
15.278670383153662
13.70791788147562
15.27057556154252
17.18088649102577
16.53555199034459
15.717442272609395
15.152068447494907
15.850925349629742
16.216324078708748
15.350495277998482
