133.7
135.1
118.96
110.82
109.58
74.44
48.1
44.08
42.47
43.51
45.66
42.47
37.33
36.3
40.21
50.32
46.3
46.0
57.42
52.18
43.28
49.18
47.9
41.08
46.86
47.5
47.46
51.37
51.59
45.78
41.67
49.64
46.13
37.93
41.0
43.51
44.54
49.71
50.87
39.42
33.89
39.36
42.16
40.02
36.19
34.72
35.62
39.35
45.64
42.11
37.24
38.42
37.9
37.84
37.3
40.9
40.88
40.54
45.17
46.3
41.08
37.24
38.38
39.06
36.41
32.68
32.3
30.25
36.67
40.77
35.77
34.33
38.44
37.24
33.98
38.36
37.89
34.53
34.15
34.96
35.63
37.64
38.26
36.12
38.97
36.77
35.29
37.92
35.81
36.59
35.63
32.3
31.71
34.79
38.58
36.79
33.83
32.63
33.27
34.76
34.31
31.89
28.98
28.44
28.12
27.74
26.62
27.72
28.05
26.75
27.71
27.46
25.03
26.74
27.39
22.39
24.14
26.66
25.92
24.49
23.0
21.42
20.06
25.25
28.53
26.85
25.71
23.86
26.77
28.65
24.72
25.38
25.07
23.21
23.54
23.28
24.13
20.38
18.27
19.22
21.76
25.54
25.96
23.43
21.8
21.69
22.85
24.12
22.86
20.45
17.87
16.17
20.87
22.42
20.29
22.08
19.44
19.97
19.91
19.17
21.19
18.58
18.97
19.36
17.58
19.83
18.97
17.13
19.41
18.76
17.1
18.68
17.5
13.24
15.86
19.44
19.94
20.49
17.68
18.82
20.11
17.48
15.22
14.69
19.55
23.87
18.87
17.65
21.93
21.34
17.13
14.56
16.84
17.87
18.16
17.26
15.78
17.58
19.51
20.32
20.49
15.65
11.55
15.28
15.64
13.86
18.89
20.04
23.01
35.35
32.2
21.78
26.02
31.21
30.79
29.47
24.74
16.79
27.22
36.3
37.96
63.97
48.47
17.84
20.08
19.61
19.47
16.55
16.45
17.14
16.94
16.16
24.19
27.53
20.01
16.95
18.12
20.77
19.89
18.03
18.71
17.06
15.86
16.54
16.95
17.57
19.7
21.82
19.43
17.16
23.38
34.01
37.28
27.35
28.67
29.6
20.67
21.66
21.89
22.9
20.07
17.36
17.56
19.14
19.94
22.65
24.38
37.2
41.11
34.78
28.17
16.84
17.25
18.54
18.91
18.92
19.32
18.17
16.46
14.98
15.39
16.56
22.85
23.01
17.12
15.68
15.69
17.12
16.52
18.0
15.74
16.54
26.31
24.3
17.71
19.54
18.01
15.24
16.69
18.06
18.03
16.16
15.01
14.66
15.26
18.16
17.2
18.62
20.24
18.79
20.76
19.78
14.46
15.41
18.1
18.59
19.02
15.81
13.76
12.4
14.44
17.53
16.69
14.31
16.21
17.32
16.22
18.22
16.49
16.38
17.14
17.79
17.42
12.97
12.65
15.76
14.82
14.43
14.01
14.32
14.26
12.9
14.16
12.5
10.55
13.59
21.11
18.45
12.54
12.94
13.29
15.65
16.29
14.32
13.91
13.73
12.17
13.08
14.4
14.65
13.81
13.56
14.25
15.53
17.33
23.1
20.11
16.67
17.05
13.21
13.03
17.11
16.05
10.68
13.11
18.4
18.71
16.29
14.59
14.11
15.32
15.18
13.39
11.07
16.05
15.83
11.37
13.36
13.93
15.14
20.78
23.18
17.08
17.14
17.45
13.48
13.63
16.25
23.34
18.83
15.35
14.59
13.05
15.13
12.15
13.01
14.54
14.47
13.31
8.76
14.13
26.62
20.43
11.76
11.45
11.63
11.89
12.7
14.56
12.83
11.75
12.67
12.73
13.07
14.2
13.1
12.26
12.74
11.46
14.49
16.31
15.12
14.76
15.16
14.23
12.33
13.13
14.03
16.2
18.0
15.18
11.88
13.22
13.04
12.33
11.95
10.85
11.75
13.65
15.35
16.29
15.67
17.34
15.8
15.43
16.87
16.36
15.74
11.96
15.1
19.06
14.07
11.85
15.15
14.51
13.83
13.13
12.61
13.5
12.49
15.05
14.36
15.74
14.6
10.18
11.98
10.53
8.3
9.0
11.26
11.34
12.49
16.73
20.36
17.66
11.22
9.82
10.4
8.83
11.6
11.86
9.77
11.44
10.51
10.81
12.29
16.04
14.22
12.91
16.28
14.92
12.85
14.78
13.1
15.64
16.68
9.88
9.58
10.14
11.3
11.52
15.47
16.61
20.15
26.2
18.07
11.5
13.0
15.44
13.56
14.15
14.22
10.58
10.37
18.76
18.38
10.58
10.85
10.39
18.16
17.26
11.38
12.7
10.9
9.61
10.64
9.52
9.91
10.3
8.2
10.49
11.73
9.99
11.66
14.89
13.62
12.14
15.04
15.81
12.37
10.49
11.46
11.65
13.86
13.3
10.8
10.93
14.4
16.15
11.94
12.56
12.69
10.16
10.08
11.9
12.49
11.04
10.49
11.67
12.71
12.53
12.62
12.98
13.26
12.4
9.54
9.46
10.8
11.16
14.03
14.44
11.67
12.75
13.97
12.95
14.5
16.77
15.0
12.54
12.23
12.0
11.77
12.77
12.8
13.46
12.24
11.64
11.38
10.64
16.28
