59.52
68.4
86.34
86.07
81.86
72.49
53.42
52.58
51.39
46.47
48.24
46.71
51.17
53.22
46.8
44.87
46.31
48.09
46.64
49.79
49.47
48.44
50.5
50.59
46.2
47.7
48.16
45.05
43.36
42.09
47.88
45.12
40.08
45.08
45.12
41.3
40.24
38.32
42.61
45.51
40.76
45.26
47.4
44.02
45.53
48.78
47.9
39.65
39.7
43.27
44.1
40.94
39.78
41.68
39.48
36.12
34.87
35.84
37.28
34.47
34.77
39.55
34.32
30.1
36.43
40.4
41.05
40.71
37.04
35.23
35.56
32.02
33.69
33.94
30.16
29.84
33.85
43.53
39.33
32.97
32.91
31.22
37.06
28.8
20.8
27.08
27.05
27.58
23.9
17.54
19.44
21.9
23.83
23.52
23.73
26.36
25.47
26.56
24.57
24.26
23.52
24.19
24.91
24.59
28.42
29.02
25.13
25.69
24.53
22.03
21.91
21.49
21.94
18.54
18.79
21.81
20.59
17.75
18.9
20.31
22.8
22.1
19.65
20.41
23.44
23.09
20.88
24.25
24.61
21.08
20.73
22.05
21.21
20.89
21.58
21.41
23.5
23.12
19.86
19.31
20.58
19.31
17.53
14.61
14.22
18.43
17.21
18.9
21.07
20.35
25.38
23.82
16.59
15.6
15.6
12.22
13.44
15.48
13.5
14.17
14.89
13.88
14.43
11.8
11.56
13.35
13.25
13.26
14.96
17.36
15.16
15.18
12.76
10.67
10.89
12.6
14.07
13.46
15.15
19.8
18.5
14.54
17.78
17.83
17.14
17.05
24.56
22.42
13.36
14.75
16.1
17.6
17.9
20.79
20.2
24.74
26.02
18.59
19.49
19.93
17.52
18.79
19.85
18.43
21.21
22.97
22.32
21.16
22.68
23.53
19.72
16.88
17.45
19.12
25.87
26.86
17.16
14.06
16.16
17.59
19.43
20.47
23.2
22.18
13.75
12.72
13.87
11.61
16.13
16.28
12.8
14.66
13.36
16.62
18.54
17.43
16.33
14.86
13.18
11.12
12.44
13.88
13.7
14.99
15.06
10.87
9.63
10.71
12.38
12.22
11.27
12.57
13.73
12.22
12.07
12.28
12.94
12.03
12.29
11.76
9.18
12.42
14.11
14.18
13.65
10.46
10.98
13.46
14.96
17.08
17.37
15.67
23.97
24.02
15.71
19.23
21.33
19.64
17.33
14.8
13.22
14.09
14.62
13.81
16.03
18.13
15.45
15.99
18.69
16.82
17.8
22.28
18.8
16.98
18.6
18.87
19.75
19.31
20.23
20.22
23.47
24.15
20.11
18.29
17.74
18.64
15.63
13.6
15.64
14.62
11.58
11.47
14.96
16.18
13.01
13.58
14.82
14.62
15.06
14.36
15.64
17.57
17.65
15.86
15.32
16.51
17.9
19.51
17.9
18.38
18.95
18.52
17.62
16.97
21.21
20.81
18.04
16.62
17.7
17.63
20.11
21.02
18.18
24.31
20.74
17.5
20.12
19.58
16.57
13.39
15.36
16.62
15.3
16.17
14.0
12.34
15.46
13.35
15.92
18.79
16.93
13.1
12.09
12.39
11.55
11.35
10.76
12.88
11.96
11.74
13.12
12.71
13.25
15.02
15.4
12.11
12.33
13.72
15.36
16.95
11.98
8.7
12.02
13.79
11.7
10.75
11.71
14.24
14.32
11.66
12.78
15.47
14.2
11.8
12.42
12.78
12.77
13.23
11.42
14.0
16.11
11.81
9.76
9.24
10.3
12.03
11.67
10.47
9.93
21.56
22.39
10.67
10.14
10.44
8.33
8.25
8.96
8.39
8.24
9.55
10.25
9.29
11.8
9.91
6.6
8.17
8.61
8.17
10.76
9.09
6.43
9.83
10.99
8.26
5.43
6.69
7.95
6.46
7.93
8.18
8.66
8.95
7.83
8.15
6.99
12.6
14.72
10.02
10.64
11.06
11.91
11.1
8.95
6.92
6.75
11.14
11.47
9.03
8.52
8.97
8.6
8.61
8.68
8.82
8.15
6.43
6.93
7.43
7.61
8.03
7.65
5.95
6.71
8.1
9.59
8.96
8.72
11.56
9.9
9.86
10.29
14.88
15.69
10.79
9.18
8.2
9.43
15.4
14.04
7.05
8.09
12.76
12.07
9.85
11.22
9.4
7.87
12.76
14.79
10.05
12.32
12.44
9.91
8.37
7.98
9.01
7.28
9.46
10.52
10.85
9.63
7.58
13.2
14.8
10.84
8.63
12.71
12.92
7.17
9.74
11.25
10.75
14.16
13.37
11.11
14.93
12.98
7.1
7.92
9.55
10.52
10.62
11.07
8.91
8.9
10.66
10.85
9.34
8.23
18.92
20.43
11.78
12.85
12.42
8.74
10.19
12.22
13.68
14.11
11.29
10.0
11.98
14.14
13.52
12.21
16.09
14.26
9.29
10.75
10.71
9.58
9.22
8.92
12.23
10.86
8.07
10.68
10.25
11.05
12.35
10.85
16.8
18.37
13.78
12.22
10.88
18.29
20.84
11.84
9.38
19.97
18.79
13.27
13.23
11.8
10.29
12.94
15.15
12.7
18.07
14.03
12.32
14.86
17.74
23.96
18.63
12.25
17.84
18.74
12.23
