80.68
87.19
61.95
51.77
67.19
50.6
42.15
47.65
54.95
54.3
50.08
53.38
55.3
49.72
45.65
47.88
51.01
54.68
54.48
47.71
46.34
48.55
48.46
47.2
49.9
47.03
44.53
50.22
53.58
49.35
43.6
47.56
44.13
39.64
39.3
43.35
50.24
48.84
46.35
48.51
53.25
48.67
42.73
41.16
39.78
39.73
38.06
40.56
41.53
40.32
38.69
39.2
40.59
37.74
34.8
38.51
45.96
46.33
42.83
44.68
43.91
37.63
37.71
43.76
46.25
42.26
40.37
37.66
35.47
35.66
37.38
34.16
32.9
33.62
33.4
39.33
41.17
38.03
39.03
50.57
51.0
40.2
39.58
44.79
44.36
42.82
43.17
39.32
38.55
41.35
38.59
37.41
37.54
39.63
43.0
39.69
43.65
42.64
37.09
36.18
30.43
33.2
36.25
36.45
38.51
35.47
39.76
41.78
38.07
38.09
42.39
42.29
39.96
36.87
35.91
40.18
39.97
38.26
39.17
42.36
41.31
35.29
32.75
36.94
37.15
40.77
39.65
37.69
43.05
38.55
35.81
40.66
41.57
36.83
37.41
40.02
37.0
36.29
38.29
34.41
33.85
37.97
33.5
34.05
35.34
33.43
39.02
51.66
50.85
38.33
37.45
41.27
40.57
32.56
37.62
36.85
27.49
32.53
39.63
38.23
32.58
36.42
35.91
32.24
32.41
30.2
30.85
33.08
39.52
39.04
31.11
32.69
32.14
34.07
32.24
31.89
34.07
37.77
35.6
26.28
31.03
44.76
46.26
30.85
24.0
31.19
46.65
36.48
28.51
27.5
20.3
39.83
37.03
31.74
41.95
36.1
24.7
21.28
35.26
29.56
18.59
24.95
20.98
9.13
5.97
6.89
6.38
8.81
8.07
7.3
21.4
30.1
23.55
14.15
7.62
7.13
14.7
20.33
21.82
20.33
9.98
7.05
13.68
13.41
8.29
8.32
5.68
6.89
16.61
22.95
19.13
32.71
34.02
12.5
5.15
11.5
14.31
14.62
13.71
7.21
16.65
17.68
9.35
5.24
11.83
13.93
8.32
22.22
36.81
29.3
12.67
4.49
5.29
17.0
17.88
6.88
5.38
7.44
6.15
8.61
9.42
5.53
6.15
7.12
17.45
15.12
6.78
15.6
11.19
8.81
10.45
6.71
11.15
8.84
3.53
3.88
3.12
3.07
3.93
3.65
2.44
1.84
7.72
8.42
4.79
6.05
7.69
7.04
6.7
10.58
14.96
14.31
15.5
19.08
13.33
17.55
17.08
18.58
16.51
4.62
3.82
4.4
5.15
7.73
19.79
17.11
11.44
14.42
22.92
22.12
26.93
22.56
3.52
9.48
9.39
10.48
25.07
18.64
3.24
2.87
3.55
3.77
3.79
4.49
4.58
3.91
8.59
12.49
6.26
6.2
17.76
15.26
6.25
7.67
10.3
7.15
9.57
26.73
19.62
7.12
9.45
12.76
10.72
3.89
4.12
11.62
12.29
4.08
8.6
13.6
8.03
6.33
7.88
4.06
3.2
3.37
2.71
6.34
5.11
1.75
4.05
10.36
9.06
3.61
7.85
12.47
8.54
8.8
8.09
2.94
4.09
6.76
6.41
10.33
10.19
2.64
5.78
5.47
2.94
3.29
7.15
9.15
6.47
8.14
8.43
6.55
3.96
3.01
10.55
19.16
16.76
13.14
10.8
6.79
5.29
4.33
6.31
5.93
6.28
5.3
5.03
5.77
12.76
13.22
2.65
2.41
4.67
4.69
3.85
5.15
4.38
2.38
1.63
4.09
14.77
13.59
8.92
8.25
3.54
6.11
6.63
4.62
3.91
8.29
8.88
12.13
12.45
3.91
3.67
2.92
2.28
13.99
13.49
7.07
13.37
10.96
4.94
5.7
6.56
2.68
1.66
8.46
7.97
5.97
11.29
8.63
10.09
9.81
3.19
4.52
4.05
4.07
11.79
27.31
25.86
8.05
2.95
3.24
6.66
6.42
2.46
2.83
2.78
3.02
5.81
7.29
5.09
2.97
3.23
3.43
2.63
8.29
8.27
7.45
16.24
18.58
11.0
3.43
9.5
10.77
9.44
8.35
2.2
3.5
5.81
9.27
9.16
3.51
5.68
6.7
2.84
8.87
8.64
5.83
11.89
18.29
13.38
12.83
16.49
7.07
3.65
9.75
7.81
5.96
7.03
5.89
6.42
3.67
17.86
23.4
12.81
6.3
1.54
5.27
5.16
5.48
7.39
4.31
8.44
8.17
3.17
3.37
5.2
15.09
13.46
9.93
15.49
18.1
12.88
8.07
15.36
13.06
7.98
8.45
8.06
10.75
8.75
3.51
3.21
2.42
3.13
4.37
3.55
5.12
4.73
5.82
11.1
9.83
8.83
10.63
9.09
8.79
7.66
15.51
13.8
5.27
5.0
3.29
7.26
8.88
13.97
11.28
5.04
5.66
2.56
8.3
14.13
7.92
3.57
6.21
11.19
10.54
6.0
5.4
5.96
18.8
22.19
11.92
8.31
15.14
14.31
4.5
5.67
3.94
12.44
13.88
7.04
10.14
12.37
10.35
3.27
2.95
4.43
6.1
8.43
6.26
5.77
10.91
9.9
5.64
