55.06
92.02
88.34
61.45
70.92
63.46
62.68
58.17
48.25
50.14
51.35
43.41
38.77
44.23
53.8
51.94
48.04
48.75
44.88
41.51
44.88
46.98
42.82
44.35
45.39
44.47
48.49
46.85
43.51
46.92
46.54
41.9
42.44
40.41
39.29
44.29
43.28
37.36
38.01
47.52
49.77
48.31
48.48
43.08
41.45
41.26
41.95
45.49
42.32
39.6
39.83
39.86
41.87
43.96
41.18
35.16
38.58
44.55
42.61
41.48
41.88
39.52
40.2
39.51
39.5
43.64
40.11
37.92
42.32
43.2
42.29
39.77
38.48
41.61
42.16
41.04
38.45
39.74
44.62
43.75
40.18
38.42
40.5
40.22
39.96
41.19
37.73
35.79
35.16
36.3
39.7
34.53
30.78
33.87
36.03
38.34
39.08
35.89
34.95
39.3
39.94
35.78
31.03
33.69
38.77
36.35
33.99
34.42
33.27
34.21
34.48
34.0
36.27
35.85
32.22
29.79
31.35
32.54
34.3
34.54
36.44
35.81
33.89
34.15
34.72
34.68
33.14
33.96
31.28
35.22
34.02
28.9
30.43
31.05
35.03
34.09
29.78
28.26
30.74
34.97
38.14
33.35
35.54
38.74
28.62
31.81
34.99
29.25
26.47
26.68
29.32
30.34
28.49
24.53
26.19
28.14
24.17
24.79
25.73
23.86
22.07
20.73
26.64
26.16
21.23
23.69
24.27
23.1
22.29
22.92
22.92
22.34
23.74
25.52
22.64
17.63
18.83
20.37
19.47
19.74
22.21
22.99
21.33
21.81
22.43
19.61
16.41
17.96
19.05
15.37
18.02
22.01
17.62
11.08
13.84
20.1
20.39
17.12
16.72
16.89
20.96
32.97
29.06
18.22
14.51
14.45
14.46
14.89
15.68
14.1
24.13
23.0
11.96
16.69
21.0
16.15
10.83
11.02
12.99
13.15
10.56
10.63
11.21
9.82
18.11
19.19
13.29
14.47
11.0
16.63
19.16
12.21
11.69
14.23
18.12
17.06
13.43
18.91
18.95
11.03
9.59
10.94
12.64
10.98
11.24
13.1
12.81
12.3
16.2
16.4
11.86
9.95
7.11
7.44
11.56
11.44
8.56
8.4
15.05
13.67
6.37
8.46
9.31
8.6
15.51
16.18
8.95
15.57
13.72
5.75
10.21
9.98
8.95
14.71
13.09
9.97
11.83
10.07
11.28
11.94
8.0
8.68
13.45
11.21
8.12
8.75
9.02
11.36
10.3
9.89
9.25
9.5
14.32
14.48
9.36
8.24
8.85
7.65
6.46
10.54
14.79
12.16
9.15
8.97
9.97
9.92
9.3
7.55
11.45
12.07
6.37
6.45
7.97
10.06
8.98
10.18
13.54
9.63
13.62
15.66
10.62
6.53
4.59
11.99
12.94
5.94
4.4
4.67
3.58
4.33
5.63
4.88
3.98
5.16
7.58
14.73
14.02
7.22
6.97
5.18
5.47
6.35
6.16
5.15
5.17
8.02
7.84
6.78
5.57
6.69
8.65
6.45
7.07
7.41
6.73
6.46
5.72
6.82
6.7
5.13
7.15
10.83
9.15
7.35
7.8
6.81
9.05
9.75
5.91
6.23
5.98
3.66
5.11
5.24
5.27
6.19
5.58
6.84
8.71
7.09
14.3
16.2
8.84
8.1
6.86
6.21
5.3
7.48
8.28
4.43
6.0
8.0
6.6
5.46
6.12
6.85
6.67
5.88
7.45
9.21
6.12
5.2
5.16
5.38
7.16
8.1
5.86
4.29
5.72
8.73
6.59
5.62
8.96
12.24
12.62
8.36
6.24
5.33
4.9
4.62
4.6
5.78
8.68
7.35
4.67
6.38
8.26
7.58
6.33
7.74
6.86
6.81
8.21
8.43
11.5
10.96
6.46
13.22
13.81
6.99
7.73
10.01
10.74
6.74
5.14
8.25
9.17
6.78
7.1
9.05
9.89
8.62
5.64
5.06
6.83
8.55
7.58
10.36
11.54
8.06
6.5
5.29
7.48
8.31
6.32
6.36
7.14
7.3
10.4
11.97
9.75
6.65
8.46
8.88
6.5
10.7
19.67
18.31
11.39
9.92
9.23
9.79
10.42
16.04
12.93
5.61
7.59
9.31
10.6
10.35
9.18
9.87
12.73
12.08
9.01
16.11
16.44
11.45
11.87
11.44
13.79
13.24
12.13
10.25
7.04
9.43
12.86
14.45
12.88
19.94
21.48
13.94
15.95
15.17
12.57
12.23
14.24
15.4
14.26
13.06
12.99
13.45
14.2
15.7
18.29
18.68
16.24
16.82
15.46
17.51
17.68
14.45
16.29
16.41
13.71
14.66
24.67
28.77
21.35
16.76
22.33
21.21
15.44
16.24
17.81
18.1
18.41
19.2
17.49
19.01
20.55
18.95
17.84
20.49
21.31
15.39
19.42
23.56
18.97
16.34
17.33
18.8
14.43
14.69
24.33
24.87
16.29
13.6
19.34
18.89
22.43
23.39
15.14
16.43
18.52
17.5
17.29
17.38
18.58
22.21
21.82
22.44
22.83
23.14
26.32
27.97
22.63
19.57
21.37
19.53
17.39
16.59
17.72
22.75
26.17
22.83
20.98
22.41
20.7
19.24
