-0.6407134163770348
0.857146879353235
3.231860081295492
4.564300155815558
5.639006894997927
7.043039894308163
10.38868930063778
13.417438645179727
15.80204311747176
17.181972064836668
17.92211296424278
19.790146864860887
19.64769358772736
20.673955778929617
22.420169457381363
22.975385991192294
23.401911332541548
23.287816340859425
23.45922241139189
23.724799487417968
23.843686920329304
23.797928700325954
23.71039727700836
23.62224632695362
23.774609546578706
24.110961067862025
24.63789712112073
24.66191728118506
24.49017361936729
24.603786093398377
24.3829103913854
24.267384070506232
24.30211688723588
24.571668426264512
24.002321212519053
23.945377722313307
24.54307958508207
24.386116567585088
24.049570854250742
23.40962904175392
23.435852706591604
23.341782338007715
23.472837971221487
23.89286663346669
23.104049707877543
23.312870690592103
24.0050895426774
24.18933072148101
24.268716784340423
24.504873261364747
24.740171506663035
24.455479545794688
23.875295603616976
23.712450374528046
24.017346702400165
23.88373721521556
24.31557237999433
24.57417745726583
24.27584098552878
24.22850609000956
24.43258672143812
24.42992342154434
24.122758840290462
23.71006037079096
23.99077108689104
24.163181691740057
24.284891471885416
24.52730730607042
23.57258026501389
24.01455557816844
24.956628092436983
24.58519804936075
24.16124067043637
24.21103211015513
24.42794084655522
24.23837636719325
24.469710039305063
24.34161732446037
24.25079546482896
24.416521603480238
24.477977446613377
24.38203140539917
24.113357732262497
24.31161279233751
24.018609713946955
24.121891969199883
24.69451576872273
24.78955809435717
24.33092854081515
23.55996047352333
23.737271592584577
23.404925833704212
23.109065690690457
23.45685644945529
23.542742177046296
23.796923324034918
23.42058915404936
23.25365798904841
23.5202366228521
23.644384603608778
23.96575969588245
23.40802112174101
22.58961511194384
22.506824552664444
22.35098413310932
21.24726652772477
20.871528021219447
21.46762280140984
21.068588013726348
21.23313287846835
21.60464155805049
20.956671931986847
20.71755929525362
20.52263077409995
20.614229359464293
20.158330923634185
19.129963129468845
17.16379267707646
15.964102028134958
15.520610998200446
15.359952801387305
16.281557334768102
16.356270823372338
16.171403035364772
15.519550182491804
14.906695971903812
14.261357909398278
13.521884880221752
14.103890587088806
15.176424989227629
15.254526121812267
14.456339165664394
13.88728447932468
14.873309712477717
14.576539415792944
14.34661650629886
15.435789491287446
15.419953564642649
14.403801276190991
13.293466319481176
13.938673846160386
14.8907570681181
14.241154358257852
14.943648598412594
14.678626752908672
13.456565866490903
13.809234933512757
14.38263937302589
14.97598273110719
13.248056594222136
13.22265059442103
15.094450686026317
15.662435465656948
15.108076726530694
14.849951871345304
15.35295117024627
14.060361692339873
14.09654686430608
15.148895984034873
14.943440574893575
15.013777331931385
15.286914189269757
15.298178454478505
14.86123907038627
14.30460581837729
15.926636817686155
16.82091744044882
15.151208880733089
14.789367378867675
14.125127832130485
14.0616500888265
14.854420225253971
13.83904994650484
12.913217184918066
12.9434743800848
12.416621430421197
13.540335412185437
14.993401690646106
14.668909652453165
15.281301670320328
14.35620648181546
13.355798900385018
13.374188410012245
13.397202467278076
14.778714346547382
14.502730493750237
13.396797375311026
13.54332357817043
12.859866750742473
12.355182833804124
12.207522698396392
13.010911551679769
14.598502855777548
14.105251089968538
13.394966155626287
12.839515821662667
12.96405185335831
13.842765072526168
14.572081618870424
14.454014208337846
15.076580745981014
15.662887171675738
14.724158098849111
14.644793572381689
14.299050893874664
14.315165728759997
15.008766276313592
14.51191809704492
14.744210376298456
14.987275703201648
14.764749614402572
13.801103117104446
13.547790007049583
15.146910057717582
14.095340551925242
12.201972025030706
11.99533788813633
13.090253179115166
12.57448775738915
11.623731418674687
12.623515905808976
12.687692293888835
13.229612566922324
13.758787361906288
14.119852723349588
12.365968340579084
10.497010833633851
13.29592153863533
14.47709996285852
13.31954596417899
12.578132573578666
12.382174313196744
12.529161496613431
12.815954767307304
12.681101118546936
12.507795110809568
13.428831915862206
13.40782171034195
13.37055015102848
13.561518773584435
13.469191888462634
12.99472433289911
12.558497913784649
12.591775968667855
12.896777080877092
12.151006833594357
11.300176146194625
12.290448054256194
12.381066419913289
12.265195234226502
13.172285593437204
12.347740301459451
11.29949169776534
11.623422109970008
11.00265696373319
12.296928755618715
13.9562698437451
14.392229451641152
14.53614596367051
13.730854765355533
13.205507471022631
12.228794018909364
11.571061997350157
11.677095246960024
11.1632767408062
9.391764696726352
8.92945366515323
10.373026137366182
10.406890484773426
9.755417931907116
9.240179372620622
8.950486093961572
8.373960395450103
8.841890666008606
10.766878978730436
10.944599546127556
10.26058435130216
9.63193287398191
9.631954687936268
9.549865357846931
8.730308791877155
8.512885540617326
9.646246626104464
10.730629310080635
9.990201448247449
9.002666386360085
9.042245902159372
8.877978065887504
8.17008936935881
9.710697171384227
9.62623959882968
8.655760129993677
9.18420416074696
9.692798014626344
9.706323857476937
8.341919991647009
7.762403489526146
7.685604502873691
8.585937617202447
8.648140256530182
8.19874113741794
9.0738102315339
8.518332185565377
7.932580281607505
8.597377269519102
7.714706538310737
7.335161955555176
7.457685642236917
7.060821097412743
7.558522778068148
7.382749599229226
8.298363884691701
8.833863698121412
7.861029281214244
7.860679300200006
7.908147663699213
7.994592322921968
8.315807801728422
8.88550694940208
8.474640973425842
8.396003830198627
8.143629520602085
7.192820680351556
7.699282249419887
7.230718812613373
7.097044764484716
7.6827944801875105
7.246314761680545
6.741352632291296
8.169878021411273
8.398284470716366
7.08528669570028
6.581857812647835
7.112150624931405
8.071631332013483
7.650249455590146
7.837707249229107
8.239099978965278
7.402862592012745
7.675258479128535
8.275806229775682
7.881774199662771
7.120084802992874
7.257257853268112
7.125978822649924
7.629786670639537
8.404453847876177
8.3059482925441
7.447562327737586
7.073350283595383
7.985159650763114
7.355854018614529
7.4243172312657855
8.004611193419118
7.762922983758285
7.46478321234037
7.673330432278917
8.219457544050952
8.729690817318131
8.50742648164103
8.47368581879851
8.880437099985842
9.158926228171872
9.359832959909532
8.177287565962363
6.254149692290054
7.042614414220798
7.449241124404164
7.292762820675895
9.132103626501369
8.568665504648706
7.188902551120785
8.338743162740139
8.592933166624432
8.247196729258054
8.73098040193597
8.451728523068263
8.260030827574083
8.618973196147328
8.18665931837414
7.524841726281753
8.040483569799488
7.642743676584998
6.995148564183379
8.438639225167995
9.384400874767396
8.767760369128
8.646121046887759
8.160289535143255
6.871972382528541
6.774206069764842
7.96869670289828
9.295001126133103
8.65872074871448
7.884169879682845
7.755000463716317
7.210923671601222
8.390742362175105
9.06917038473258
7.920036791499562
7.479860885241699
8.081827625116405
8.30957731207795
8.498104399103024
9.33223618115156
8.8328192358024
7.751996729873532
9.522807188261302
10.895457020532012
9.927049879037156
8.977969797357968
7.860829285862311
8.103612229755573
9.454203901162252
10.197851274847473
11.221083327604443
11.344227647427852
10.740667708359592
10.592183614621463
10.466181621721224
9.889362929680525
9.472999805158263
10.118125518933429
10.392854022287615
9.69701321200502
9.82252511214955
10.969452414352654
11.176457576719589
10.279949846751126
9.012062257223144
9.357250378474331
10.04828357512518
9.37100594456494
8.820716805263496
9.055160026582278
9.491787638270624
10.23352215751965
10.365843166182437
10.019573321925789
9.10763489909958
8.539360441530164
9.802988227869632
9.935972373309726
9.433291949869988
10.818002245512776
11.02912400013362
9.721681824511634
10.340125249357088
11.778794402923571
11.681466050085142
11.167946757938394
10.72215423063745
10.132779524476096
11.421366768503209
12.437381919975538
11.00732927849578
10.205422437908048
10.92218993992124
11.737069874401715
11.21200247022674
10.962234416836928
11.184581287837544
11.439984184463542
12.631050211698208
12.364274398712798
11.857414650130451
11.529176326267224
12.405714314289924
13.223964376784387
12.166428836490065
11.523967395282048
12.659210949935424
12.78480370170394
11.509195905618771
10.688403719792497
11.19133428356926
11.81969067727954
11.230378203123452
11.211770093839805
9.797170324589992
9.572253095439027
11.373426619969182
12.500097698883293
12.658580699092708
12.257968812293669
12.844757612365283
13.252197674266636
12.227436864458197
11.60400194919884
11.259765517898709
11.784721589890587
12.664227262330751
12.31562299805551
11.95400245533825
12.068004644284114
11.46927685239948
12.049159088379731
13.305653545086214
12.700666219615542
12.30433536045158
11.989250857137195
11.961545572414144
12.356209366989232
12.945375628131934
12.88258546148993
12.531781385990962
13.073947021443129
13.10968185018573
11.956899473427551
12.06174368139341
13.006775038691565
12.606111620614149
11.190070579820633
11.213328593689637
12.543704854402026
13.042833774096396
13.088161794401378
12.321949569164117
12.20826984415581
11.71873219074758
9.775772734020489
10.84376949957752
13.63976268366394
13.45463542401047
12.491660103885325
12.35779518410246
12.338823112478533
11.999625631329211
11.537278669523545
12.340956021700526
12.33617661897192
10.484170561353933
9.695042534930868
11.161403848140546
12.57681223904434
13.209741958706152
13.254422269522468
12.990476696004238
13.041126139608934
12.16417968937175
12.016929274986794
10.8776519517933
10.848081144166526
12.26387807886389
11.787008146567354
11.820851944940816
12.979664977572796
13.956823576380293
13.696042836823937
13.702119391101451
13.991984437741456
13.774846776976762
14.245220101413407
14.890038041606534
14.50329556129249
14.027507592340289
13.36008291177563
12.576234369119083
13.069604542537023
14.519792732343438
14.242825371466996
13.124277968261968
13.600121256289192
13.918300718841625
13.355561385583062
13.00424940887351
13.897612498930876
14.535045862252014
13.2949820807463
12.773533858750616
13.89725228645062
14.287774765563912
12.814315634196207
13.141023388572178
14.073583339374824
13.541358935039858
14.341621449828777
15.048088732038046
13.861071598996066
13.3103703634182
12.871975072931708
11.903237252580263
12.282130695456294
13.318346375249188
12.98675138423534
12.816685670376769
14.315828144893173
15.398151245909611
13.961259432020212
13.6514869101434
13.830870546637222
13.444013353152036
14.266505031593578
13.818584409280051
13.977814745955085
15.521808344475136
15.584887586799791
14.454599938481046
14.401383088569292
13.36534557624655
