-0.419188435584916
0.145856164496505
1.270944791335478
2.790271429127039
5.930199444122113
10.175286711063968
14.062436690181068
16.210477019448067
16.883346770026133
15.255957832361169
15.18843796200912
17.060064719593864
17.650157760937756
19.016905489920404
20.068030848573883
20.01322769074556
20.20022809337049
21.03836840291988
21.670357476733432
22.264868605503462
22.89505172623165
22.999068254699463
22.853513697306507
23.275114495019736
23.548754915209138
23.577848612390078
23.35790341736572
23.336462843805656
23.6662492758227
23.61427194328224
23.847820796962523
23.814565253827716
23.773322891938378
23.72151573818164
23.762247011724615
23.861681269039337
23.71495054033468
24.14184716942816
24.5316914208592
24.446539381313368
23.688933998946258
23.27173233088747
23.65198930252733
24.312330293653527
24.088274229092605
24.022248984405028
24.492213258495347
24.483940513246043
24.28266658892104
24.38383616298409
24.7667014741093
24.605240993475167
24.273218652171817
24.3334141975718
24.23017580584258
24.123001420768173
24.433062096380503
24.28394578511087
24.28253252954245
24.501130043225768
24.41082823145812
24.479185384402665
24.64599983984589
24.626900903700385
24.498985074763368
24.39278938160804
24.46264951088795
24.69445139942315
24.949437993756035
25.059285465542143
24.51889358648693
24.57091583186163
24.86852712914841
24.68967966854812
24.73822620879901
24.556143044553977
23.800828137831285
23.480568981306163
24.01102668626313
23.85255686819633
23.982719548157387
24.366808651741763
24.66226617502304
25.01323024120625
24.625426181144693
23.45262255076912
23.520458264980363
24.158050638330145
24.315860368876788
24.954596397278625
25.07352862899027
25.173705223549053
25.192831318173926
25.03304048408063
24.96206739283238
24.7900101793566
24.64801970773168
24.60201313703149
24.730800109743384
23.998257919715144
24.20384585227384
24.92056843620195
24.711096983731657
24.32126330082888
24.186064597855477
25.049424818675483
25.34193341998087
25.269315616389555
25.26315475733077
25.29839489460776
24.95085313921063
24.339815683880303
24.145668628602333
24.37084669859195
23.87286025669511
23.84952016062988
24.675118093622565
24.246259104108493
23.88533674949536
24.460572734049947
24.89467148055131
24.816046381251976
24.898882602128648
25.05952236305075
24.76893296518113
24.45077411322822
24.939315258232973
25.10159589973716
24.808685678160387
24.770431772217343
24.78460492437891
24.84072200286749
24.799539858486032
24.657099577114355
24.612430890917736
24.429047618559963
24.1014369135936
24.414595175438503
24.77182848844433
24.637533295080143
24.47599432801958
24.0566140533742
24.18458286916855
24.481011740849976
24.083508209355436
23.289885042171363
22.44637113919089
22.349772426221037
22.112438397114214
22.14285996333844
22.224778045853263
22.19063686306224
22.651343127358587
22.498594465404725
21.9251252843541
22.0538197603277
21.932147546660563
21.92881327938435
22.56934783070502
23.006499139473405
22.36153214079699
21.58469358452888
21.97013664300365
22.362097026715823
21.896058568879106
21.46573953879813
21.671631277113384
21.259797487234504
20.66178884631729
21.701347954389934
22.670833870212785
21.678053758387264
21.91982654994909
23.050893371044804
22.756068002431203
21.728750659136644
21.3439147094395
21.65191246875053
21.39153070787633
20.73717925290378
20.21162949471584
19.31837388733436
18.27511032690392
16.045057905102237
13.762386538005956
13.942465183015962
14.65980170456665
13.407828472337146
13.385242260723802
13.327395068257244
12.79486728539543
13.487255592840116
12.603581548878246
11.094531563005312
11.149314194357498
10.855629931183758
9.284076041734638
8.716411512517153
8.301921987236645
8.551097589226703
10.067856001061516
10.332789017156308
7.980316874552495
5.163322513630885
4.649192557025577
5.50158230343391
4.430939532436937
3.806507315067304
4.159999733184791
4.307745874087253
5.33983423128577
5.019761644849813
5.26920412485042
5.812306386490408
4.713708291602927
4.6047928825441184
4.341779295708886
4.704604871958538
4.926176876477733
3.885206002063843
4.282797391241534
5.855076310872301
5.573429375825957
4.306593665165312
4.128851962602918
4.273772007802823
4.10602708348096
3.64290696704748
3.0231185328624046
2.921394193715736
4.301225621125984
4.845010258733782
4.730160007365057
4.069837921347543
3.246762391907956
3.3992002780334354
3.8034530581852977
4.027509682153155
3.596784485177766
3.6025760502342883
2.935116941754296
2.429926514098625
3.2521072182032627
3.179871171310714
2.8278531263749302
2.983699823412388
3.0467738679578087
2.659704417097424
2.0604327246611582
2.1194251995516677
2.372522407300391
2.370986840363047
2.080143673432303
1.0519102164523633
1.327043846109709
2.435548398790966
2.8648211195722637
2.234339235859395
1.6609677247852
1.7271211038650949
2.4560625064669352
2.992594708166626
2.771591913250705
2.325667814176535
1.7249676785428687
1.3065913759377616
1.1766726803795295
1.4438413562113286
1.5746394822154162
2.0533420596562437
2.141710723164694
2.052973465587335
1.7053204110340516
1.5232281418063678
2.241952928645281
2.7810294474901225
2.0978019953121394
2.124597965515564
2.235322031499869
2.2718310367192838
2.0381074156696286
1.1883797764551942
1.9012163184757096
2.324640258176343
1.6955530517476047
1.5538773439161802
2.532122338991623
2.5103342949143226
1.7716140926838115
1.76150594287089
2.381012491428658
2.4255616051393214
2.3499252531475148
2.3924148704902866
1.7597587724059582
2.019366925449781
2.010262563238825
2.294404337936283
2.6654605697204823
2.241304585388485
2.477355580647889
2.8100086934156194
3.3044590263257545
3.058152510063989
1.969528380146792
1.1156118916164284
1.1817402696393997
1.777953114400199
1.6871902450387304
1.4042984576792907
1.2893178227808328
1.0462175526311774
1.8196440659038549
2.7824598305364128
1.7900403507235882
1.0993981426920554
1.1569592362279035
1.267129455846132
1.3954978558469495
1.2530564666490924
0.8398930567161464
0.7337945386495727
1.1331330906262658
1.264358914795641
1.794004773643206
1.930302075710417
1.3342085510419952
1.1390138619494157
0.5204236904283512
0.4262071721123921
0.6341458208550919
0.9878700219905302
1.7777901495956256
1.7926074440891495
1.8486935846611383
2.348237130082468
2.781520459310176
2.716380827451532
1.996003507741551
1.285760886956843
1.53170142088076
1.4455395616011149
1.031104700008501
1.338787515656261
1.439595899352749
1.0869922233711091
0.7811754169307763
1.271965760984877
1.6705597129194334
1.099865206636769
0.3864521803124323
0.1754990714168945
0.488939865671394
0.7030628184735066
1.366265826122388
0.7220679261138352
0.1845169188100855
0.3450568746564887
-0.3191508714626762
0.3354278953986385
0.6243233603758224
-0.0588392443448369
0.1699682616341336
0.6333997058351936
0.7579064918230113
0.9942276849799776
0.7410912240513409
0.1897841063762199
0.0435785599478372
0.341223763591739
0.635740133240054
0.7762433574701555
0.7381970157440304
0.4873397874539519
0.6355863965748069
1.08681743694116
0.9759819686251544
0.7131257871517245
0.7386047931130111
0.4060443645459873
0.3784775069369975
0.6356535795510762
0.4134691639966778
0.3038243558239945
0.6145575758712313
1.702636220179329
1.2450878149143898
0.8701734403676471
1.3526227318800408
0.9068183766145524
1.3821411702597757
1.8266584042581664
1.0068781505621465
0.2368439158236854
0.5828084807398445
0.6139854153766189
0.6965635059260529
0.7540477915224209
0.854844270799287
0.9560221107240978
0.5775776246207666
0.9546972677287274
1.5002495013730175
1.4015202118999186
0.7969807508047464
0.2101483241463162
0.4309320300826051
0.932361750378878
0.6270968258110083
0.6431469234595562
1.008145279026222
0.4728930688494632
0.3121942995706651
0.7132951420299564
0.8994954336738497
1.0763885003346845
0.659906319352308
0.2434188601043063
0.5854653877177349
0.2328816745640965
-0.274276241299236
0.035428397560519
0.0723387174993568
0.0616668455319706
0.404196620432657
0.2877924672092125
-0.0975405189736472
-0.0797762382234212
0.2539481408170239
0.6024387255109331
0.150073219923258
0.4189290359398166
0.6586046522291404
-0.1378834424476028
-0.295844955055372
0.2532788415945473
0.6091275807341973
0.3049188238001905
0.9542919266689543
1.296645227702524
1.1858519721142464
1.0221224104775726
0.8223604636008522
0.9847170834496912
0.3496180712871407
0.2479894825003454
0.6548633242088521
0.7694870483266754
0.6877967292630734
0.6432924853326734
0.9338071297600088
1.0629572068480924
1.2674603367366553
1.002486592476278
0.9206940530649476
1.160068775775481
1.0980154636906112
1.1773149257913764
1.1373611013057596
1.0113347568150142
1.044817538024092
1.580758965209876
1.1133012254055572
0.0936585181915977
0.2968775681638397
0.6127330091635812
1.1833345216695483
1.2490585013262503
0.4261518923110721
-0.0148265074798376
0.0393833693098249
0.2906141875526462
0.354536564602005
0.4865208237317228
0.4119850286504414
0.3888748491398985
0.8147605854895859
1.1474078444637883
0.5631437841066651
0.4367030663634343
0.8131165248197623
0.889207412605007
1.1198454629999786
1.0236674025419694
0.854622905691599
0.8688998963450328
0.4085026666459999
0.0639230293173466
0.3021485079741361
0.5472712414757902
0.8913061482488048
0.6579870312527006
0.1950134720743257
-0.0644753172629648
0.1360568980841471
0.3001700347940954
0.1570844772764071
0.5603783878054908
1.1182221533218355
0.8474197527660803
0.8000916740434942
0.7977640484888566
0.9316871426465656
1.543575049403474
1.0926966063526595
0.9955894008783172
1.2220209608917671
0.6766514472912377
0.5948534072547464
0.7930086302493755
1.226732395379853
1.28919793738524
1.1638201091688658
1.289143936428489
1.1698310229121045
0.8462531128283695
0.9224381010998992
1.4231318083858733
1.0646172697505736
1.4821437010317562
2.004702094738929
1.455410968148117
1.4148605986474334
1.2517476793605715
1.124359330661365
0.6635133010980511
0.6539541571495283
1.8722491600513504
2.1296740581038343
1.878872492795593
1.2787102966048045
0.969615409524817
1.163106306698473
1.608531401465476
1.502799776284057
1.5176972933928476
2.0783408137008554
1.7355216894072711
1.0249708003733375
0.560256920086092
0.5383997372160008
0.673554654775011
0.4930355591756138
0.9438770885060204
1.6414232610921158
1.321031782393793
1.05721745757968
1.532934757976532
1.23482839680427
0.4912008723330548
0.7005856367569564
0.9414622144497496
1.23506020658586
0.8516414091398378
0.6518723404137688
1.0678412745539316
0.9169122497519672
1.279893138071829
1.676526676249726
1.7459435107863104
0.9867480856938
0.8499152934889059
1.5692664597128532
1.456582360566563
1.154868887349821
1.3049889028866195
1.344134389475186
0.7538369907699777
0.690813230691809
1.4430348057608595
1.9225559752616488
1.8425777196217443
1.5019439312934169
1.5042067139800293
1.7526008300374496
1.7305176568714304
1.714867056565667
1.9500705983003428
1.53229904787721
1.7219343522946258
2.4078125676670337
1.917118133693992
1.5239088444524551
1.2392787274819022
0.915943369900212
1.5018769241562933
1.6825940691269106
1.3061995013354493
1.9878117260816068
1.5568815228862911
0.854701767623267
1.0533610503300848
1.166773884272761
1.0835451268831895
0.9858846955085292
1.0324691757829791
1.5997476288980954
1.964451957626137
1.505920130149634
1.3862946636954014
