34.086666666666666
35.138666666666666
36.254933333333334
36.59528
37.188224
38.457912533333335
40.671663360000004
41.90799735466667
42.54573121706667
43.52258497365333
45.53073464558933
48.32192104980479
49.4602035065105
50.19416280520841
49.39733024416673
47.13986419533338
45.1638913562667
43.489113085013365
43.32395713467736
42.415165707741885
41.92746589952684
42.94397271962148
43.086511509030515
44.055875873891075
45.87003403244619
46.164693892623625
45.52108844743223
45.43820409127911
45.2645632730233
43.9923172850853
43.45385382806825
44.11108306245459
44.213533116630344
44.180159826637606
43.99079452797675
43.10596895571473
42.103441831238456
41.214753464990764
40.90646943865928
40.511175550927426
39.756273774075275
39.514352352593555
39.37081521540818
39.031985505659875
38.17225507119456
36.29847072362232
33.78944324556452
33.78288792978495
35.131643677161286
34.31664827506237
32.80065195338322
31.997188229373247
32.1417505834986
32.386733800132205
30.7907203734391
29.27524296541795
29.69819437233436
29.75588883120082
29.13404439829399
29.576568851968528
30.10258841490815
29.806070731926525
29.358189918874555
29.252551935099643
29.193374881413046
29.191366571797104
28.907093257437683
27.91167460595015
27.268006351426788
26.864405081141427
26.653524064913142
26.512819251930512
25.75692206821108
25.69687098790219
25.939496790321755
25.592264098924073
24.777144612472586
24.10771568997807
24.37017255198246
24.4654713749193
24.509043766602105
25.05856834661502
25.844854677292016
25.63988374183361
24.74324032680023
24.32659226144018
24.643273809152145
25.005285713988382
24.467561904524036
23.6227161902859
23.37817295222872
22.714538361782974
22.24029735609305
22.273571218207774
21.80219030789955
22.11575224631964
22.39726846372238
21.529814770977904
20.895851816782326
20.645348120092525
20.825611829407354
21.59848946352588
22.13545823748737
22.001033256656566
21.16882660532525
20.6170612842602
20.962315694074828
21.41451922192653
21.158948710874554
20.48582563536631
19.959327174959714
19.49346173996777
19.688102725307548
19.90848218024604
19.675452410863496
19.4903619286908
19.525622876285972
19.443831634362112
19.32506530748969
20.38205224599175
21.06897513012673
20.873846770768054
20.577077416614443
20.93766193329155
21.428129546633244
21.69317030397326
22.07786957651194
21.968295661209552
20.913969862300974
20.218509223174113
19.962140711872625
19.502379236164767
19.901236722265146
20.001656044478782
19.389991502249693
18.348659868466424
17.670261228106472
17.808208982485176
18.491233852654805
18.72032041545718
18.221589665699078
18.323271732559263
18.14595071938074
17.97942724217126
17.900208460403675
17.882833434989607
18.092933414658358
17.860346731726683
17.834277385381345
18.18475524163841
18.28380419331073
18.562376687981917
18.605901350385533
18.157387746975093
17.89057686424674
18.469128158064063
19.705969193117912
20.115442021160998
19.776353616928798
19.05241622687637
18.473266314834433
17.931946385200877
17.770890441494036
17.773379019861896
17.92136988255618
18.629762572711613
18.644476724835958
18.4069147132021
19.05686510389501
19.52082541644934
20.006660333159473
20.219994933194243
19.131995946555396
18.834263423910986
19.499410739128788
18.824195257969695
17.724022873042426
17.50521829843394
17.47684130541382
17.642139710997725
17.526378435464846
16.98710274837188
16.6756821986975
16.944545758958
17.2576366071664
17.130109285733123
16.800087428586497
16.192736609535864
15.84818928762869
16.13988476343629
16.421241144082362
17.050326248599223
18.107594332212713
18.49407546577017
18.52459370594947
18.36900829809291
17.78720663847433
17.47643197744613
17.26647891529024
16.84118313223219
16.801613172452416
17.45262387129527
17.23943243036955
16.400212610962306
15.901503422103177
15.295202737682542
15.301495523479366
16.107196418783495
16.68709046836013
16.649005708021438
16.167871233083815
16.248296986467054
16.748637589173644
16.938243404672246
17.303928057071133
17.47580911232357
17.34398062319219
17.132517831887085
16.935347598843
16.584278079074398
16.63808912992619
16.991804637274285
16.750777043152763
16.585288301188875
17.120897307617767
16.83205117942755
15.896307610208703
15.771046088166964
15.643503537200239
15.585469496426859
15.854375597141486
16.49750047771319
17.07066704883722
16.564533639069776
15.718293577922488
15.537301529004656
15.528507889870392
15.51747297856298
15.44664504951705
15.45798270628031
15.589719498357582
15.103775598686065
14.832353812282186
14.895883049825748
15.153373106527264
15.723365151888478
15.994692121510782
16.33508703054196
16.660736291100232
16.43925569954685
15.740071226304151
15.454723647709985
15.547112251501323
15.450356467867726
15.96961850762751
15.830361472768677
15.427622511548273
15.352764675905286
14.984878407390896
15.082569392579385
15.432055514063507
15.938977744584138
15.843848862333978
14.920412423200517
14.822329938560415
15.379197284181666
15.62735782734533
16.151886261876268
16.58417567616768
17.104007207600812
17.16853909941398
16.566831279531186
16.10946502362495
15.930905352233296
15.688057615119968
15.243112758762642
15.968490207010111
16.405458832274757
16.085033732486473
15.893360319322511
16.055354922124675
16.123617271033073
15.729560483493126
16.360981720127835
16.63145204276893
17.017828300881813
17.42426264070545
17.03407677923103
16.98992809005149
16.672609138707855
16.69342064429962
16.78806984877303
16.557789212351754
16.302898036548072
16.27431842923846
16.8247880767241
17.131163794712613
17.320264369103423
17.075544828616074
16.72043586289286
18.06901535698095
19.01121228558476
18.519636495134478
18.04504252944091
18.290034023552728
19.052693885508848
19.220155108407077
19.01212408672566
18.665032602713865
18.27402608217109
17.865220865736873
17.997510025922832
18.93067468740493
19.75187308325728
19.549498466605822
18.59893210661799
18.27981235196106
18.073849881568847
18.176413238588413
18.756463924204063
19.03517113936325
18.6721369114906
18.111042862525817
17.58550095668732
18.085067432016523
18.57805394561322
18.155776489823907
18.422621191859125
18.845430286820633
19.09301089612317
19.146408716898538
18.92512697351883
18.31276824548173
18.06888126305205
18.362438343774972
18.76795067501998
19.129693873349314
19.611755098679453
20.229404078943563
19.994856596488184
19.323885277190545
19.291108221752438
19.400219910735284
19.026842595254895
18.855474076203915
18.865712594296465
18.467236742103836
18.01178939368307
18.02876484827979
18.293678545290497
18.573609502899064
18.242220935652586
17.125776748522068
16.343954732150987
15.760497119054124
15.061731028576633
14.264051489527974
13.71524119162238
13.991526286631236
14.669887695971655
15.245243490110658
15.48552812542186
15.51642250033749
16.01513800026999
16.663443733549325
16.534088320172796
16.233270656138235
16.324616524910585
15.911693219928472
16.106021242609444
17.16148366075422
17.88852026193671
17.966816209549368
17.26678630097283
17.032762374111595
16.83954323262261
16.26896791943142
16.29450766887847
16.457606135102775
16.989418241415553
17.200201259799112
16.728161007839287
16.749862139604762
16.607889711683814
16.038978436013714
15.582516082144304
15.071346199048778
14.952410292572354
15.721928234057884
16.18087592057964
15.847367403130379
15.76656058917097
15.62058180467011
14.915132110402757
14.451439021655538
14.163151217324431
14.02118764052621
13.807616779087637
13.572760089936777
13.688874738616086
14.337766457559537
14.628879832714295
14.212437199504771
14.112616426270485
14.02209314101639
13.982341179479777
14.165872943583823
14.04203168820039
13.550958683893645
13.20810028044825
13.565146891025265
14.086117512820215
13.968227343589504
13.634581874871602
13.847665499897282
13.930132399917824
13.461439253267594
13.109151402614074
13.20932112209126
13.79479023100634
14.492498851471739
14.416665747844059
13.861999264941915
13.297599411953533
13.310079529562826
14.118063623650258
14.67845089892021
15.150094052469498
16.0380752419756
16.51446019358048
16.719568154864387
16.712321190558175
16.391856952446542
16.4341522286239
16.137988449565785
16.14039075965263
16.8023126077221
16.80785008617768
15.998946735608811
15.221824055153718
15.031459244122972
15.160500728631712
15.086400582905371
14.826453799657628
14.341829706392772
14.350130431780885
15.034771012091374
15.412483476339766
15.469986781071812
15.747322758190785
16.396524873219292
16.638553231908766
16.064175918860347
15.844007401754945
15.782539254737287
15.46403140378983
15.621225123031865
15.956980098425491
16.237584078740394
16.40473392965898
16.35112047706052
17.122896381648413
17.255650438652065
16.477853684254985
16.80828294740399
17.355959691256523
17.125434419671887
16.619014202404173
16.980544695256672
17.671102422872007
17.578881938297602
17.87110555063808
18.628217773843797
18.906574219075036
18.975259375260034
19.090207500208027
18.550832666833088
17.9739994667998
18.15519957343984
18.292159658751874
17.624394393668165
16.504848848267866
16.47654574528096
17.135903262891432
17.127389276979816
17.939911421583854
19.17392913726708
19.049809976480333
18.1531813145176
17.15854505161408
16.296169374624597
15.667602166366345
15.576748399759744
16.087398719807794
16.38725230917957
16.269801847343654
16.803174811208258
17.97187318229994
18.540831879173286
17.91799883667196
16.7897324026709
16.625119255470054
17.225428737709375
17.1823429901675
16.823207725467334
17.243232847040534
18.005919610965762
18.05073568877261
18.48125521768475
18.97567084081447
19.143203339318244
19.18522933812126
18.740850137163676
18.914680109730938
18.713077421118083
17.679128603561136
16.96463621618224
16.64437563961246
16.7148338450233
17.048533742685308
17.153493660814913
16.97212826198526
17.06770260958821
17.1534954210039
16.902129670136457
16.881037069442495
16.807496322220665
17.179330391109865
17.50746431288789
17.262638116976976
18.25477716024825
19.28515506153193
19.10745738255888
18.61663257271377
18.151306058171016
18.12571151320348
18.71323587722945
19.035922035116894
19.20473762809351
19.002456769141475
18.449965415313184
18.195972332250548
17.75411119913377
17.41728895930702
17.748497834112282
18.298131600623154
18.986505280498527
19.26720422439882
18.694430046185722
18.130210703615244
17.14950189622553
16.35093485031376
16.554747880251004
16.489798304200807
16.59650531002731
16.72120424802185
15.990296731750815
15.46490405206732
15.641256574987189
16.757671926656418
17.373470874658466
17.258110033060106
17.62382135978142
17.589057087825136
17.139245670260106
17.03272986954142
17.551517228966468
18.11988044983984
18.43857102653854
18.6075234878975
18.40935212365133
18.798815032254396
19.739052025803517
19.877908287309477
19.38099329651425
19.267461303878065
19.535969043102455
19.404108567815296
18.435286854252237
17.760896150068454
17.688716920054762
17.19697353604381
16.918245495501715
17.076596396401374
17.33461045045443
17.851021693696875
18.2948173549575
19.171853883966
19.98614977383947
19.494253152404905
18.457402521923928
17.863255350872475
17.83460428069798
18.33635009122505
19.060413406313373
19.564997391717366
19.435331246707225
18.86826499736578
18.65261199789262
18.6720895983141
